#!ascii label  , from subject colin27_FS vox2ras=TkReg
800
93942  -10.719  3.626  21.712 0.0000000000
93943  -11.505  3.815  21.614 0.0000000000
95210  -9.628  4.513  21.987 0.0000000000
95211  -10.244  4.052  21.780 0.0000000000
95232  -10.057  5.049  21.695 0.0000000000
95233  -10.701  4.623  21.623 0.0000000000
95234  -11.851  4.723  21.656 0.0000000000
96464  -8.014  5.501  22.417 0.0000000000
96465  -8.907  5.382  22.096 0.0000000000
96482  -9.606  5.473  21.761 0.0000000000
96483  -10.322  5.605  21.594 0.0000000000
96484  -11.260  5.609  21.598 0.0000000000
97706  -7.491  6.429  22.391 0.0000000000
97707  -8.618  6.407  21.937 0.0000000000
97708  -9.170  5.910  21.810 0.0000000000
97722  -9.115  6.865  21.705 0.0000000000
97723  -9.622  6.404  21.636 0.0000000000
97724  -10.662  6.447  21.574 0.0000000000
97725  -11.563  6.519  21.794 0.0000000000
98993  -4.941  7.649  22.526 0.0000000000
98994  -5.867  7.467  22.594 0.0000000000
98995  -6.928  7.450  22.470 0.0000000000
98996  -8.013  7.437  22.105 0.0000000000
98997  -8.845  7.374  21.779 0.0000000000
99008  -9.428  7.275  21.655 0.0000000000
99009  -10.153  7.231  21.616 0.0000000000
99010  -10.964  7.222  21.753 0.0000000000
100229  -4.789  8.728  22.570 0.0000000000
100230  -5.428  8.506  22.703 0.0000000000
100231  -6.392  8.465  22.594 0.0000000000
100232  -7.516  8.491  22.321 0.0000000000
100233  -8.816  8.429  21.933 0.0000000000
100234  -9.970  8.785  22.031 0.0000000000
100245  -4.489  8.270  22.220 0.0000000000
100246  -9.191  7.771  21.726 0.0000000000
100247  -9.684  7.943  21.717 0.0000000000
100248  -10.504  7.972  21.842 0.0000000000
100259  -4.346  8.345  21.480 0.0000000000
100270  -4.367  8.388  20.348 0.0000000000
100281  -4.377  8.395  19.101 0.0000000000
100294  -4.320  8.341  17.857 0.0000000000
100309  -4.412  8.176  16.625 0.0000000000
100323  -4.713  8.377  15.729 0.0000000000
100324  -5.464  8.476  15.455 0.0000000000
100325  -6.518  8.543  15.587 0.0000000000
100326  -7.565  8.597  15.588 0.0000000000
100327  -8.269  8.646  15.248 0.0000000000
100336  -8.429  8.695  14.658 0.0000000000
100344  -7.685  8.423  13.473 0.0000000000
100345  -8.184  8.791  13.945 0.0000000000
101493  -4.786  9.396  22.555 0.0000000000
101494  -5.107  9.390  22.796 0.0000000000
101495  -5.888  9.387  22.712 0.0000000000
101496  -6.926  9.459  22.568 0.0000000000
101497  -8.078  9.596  22.345 0.0000000000
101498  -9.292  9.692  22.329 0.0000000000
101511  -4.504  9.248  22.101 0.0000000000
101522  -4.459  9.406  21.000 0.0000000000
101534  -4.431  9.466  19.751 0.0000000000
101545  -4.376  9.433  18.482 0.0000000000
101560  -4.329  9.386  17.264 0.0000000000
101574  -4.433  9.403  16.215 0.0000000000
101581  -4.884  9.482  15.537 0.0000000000
101582  -5.788  9.546  15.486 0.0000000000
101583  -6.882  9.587  15.632 0.0000000000
101584  -7.825  9.614  15.456 0.0000000000
101585  -8.346  9.662  15.021 0.0000000000
101592  -8.340  9.799  14.380 0.0000000000
101599  -7.633  9.420  13.452 0.0000000000
101600  -8.125  9.771  13.856 0.0000000000
102715  -4.828  10.815  23.072 0.0000000000
102716  -5.074  10.748  23.189 0.0000000000
102717  -5.682  10.726  23.185 0.0000000000
102731  -4.820  10.310  22.701 0.0000000000
102732  -5.432  10.144  22.903 0.0000000000
102733  -6.349  10.319  22.846 0.0000000000
102734  -7.380  10.367  22.708 0.0000000000
102735  -8.510  10.742  22.904 0.0000000000
102746  -4.549  10.402  21.719 0.0000000000
102755  -4.518  10.658  20.474 0.0000000000
102763  -4.410  10.526  19.129 0.0000000000
102776  -4.336  10.476  17.910 0.0000000000
102789  -4.301  10.476  16.788 0.0000000000
102798  -4.520  10.541  15.878 0.0000000000
102805  -5.148  10.610  15.389 0.0000000000
102806  -6.155  10.619  15.495 0.0000000000
102807  -7.247  10.591  15.523 0.0000000000
102808  -8.065  10.585  15.278 0.0000000000
102809  -8.367  10.608  14.767 0.0000000000
102817  -8.372  10.666  14.306 0.0000000000
102824  -7.908  10.478  13.573 0.0000000000
102825  -8.290  10.363  13.982 0.0000000000
102837  -7.396  10.197  13.195 0.0000000000
104002  -4.828  11.986  24.379 0.0000000000
104003  -5.797  11.693  24.040 0.0000000000
104004  -6.589  11.659  24.070 0.0000000000
104012  -4.833  11.444  23.297 0.0000000000
104013  -5.381  11.315  23.548 0.0000000000
104014  -6.428  11.135  23.393 0.0000000000
104015  -7.371  11.401  23.614 0.0000000000
104021  -4.601  11.397  22.448 0.0000000000
104022  -6.908  10.741  22.967 0.0000000000
104023  -7.443  11.011  23.062 0.0000000000
104024  -7.952  11.236  23.235 0.0000000000
104031  -4.576  11.508  21.445 0.0000000000
104041  -4.586  11.761  20.602 0.0000000000
104049  -4.524  11.600  19.688 0.0000000000
104060  -4.393  11.531  18.559 0.0000000000
104068  -4.285  11.509  17.432 0.0000000000
104076  -4.315  11.559  16.406 0.0000000000
104082  -4.686  11.773  15.548 0.0000000000
104083  -5.427  11.787  15.279 0.0000000000
104084  -6.584  11.598  15.442 0.0000000000
104085  -7.627  11.518  15.402 0.0000000000
104086  -8.281  11.486  15.044 0.0000000000
104092  -4.774  12.316  15.253 0.0000000000
104093  -4.915  12.114  15.176 0.0000000000
104094  -8.422  11.425  14.421 0.0000000000
104097  -8.043  11.353  13.479 0.0000000000
104098  -8.313  11.102  13.899 0.0000000000
104107  -7.504  11.099  13.071 0.0000000000
105267  -4.569  12.457  23.969 0.0000000000
105271  -4.572  12.426  23.169 0.0000000000
105275  -4.649  12.431  22.196 0.0000000000
105284  -4.731  12.484  21.209 0.0000000000
105294  -4.711  12.577  20.249 0.0000000000
105303  -4.556  12.573  19.208 0.0000000000
105309  -4.373  12.521  18.112 0.0000000000
105312  -4.294  12.520  17.059 0.0000000000
105315  -4.290  12.586  16.108 0.0000000000
105316  -5.395  12.331  15.131 0.0000000000
105317  -5.889  12.598  15.206 0.0000000000
105318  -7.096  12.445  15.388 0.0000000000
105319  -7.998  12.359  15.264 0.0000000000
105322  -4.592  12.720  15.436 0.0000000000
105323  -5.049  12.641  14.976 0.0000000000
105324  -5.410  13.086  14.957 0.0000000000
105325  -8.387  12.359  14.694 0.0000000000
105329  -7.878  11.767  13.264 0.0000000000
105330  -8.336  12.320  13.716 0.0000000000
105347  -7.450  12.334  12.851 0.0000000000
105348  -8.023  13.258  13.149 0.0000000000
106341  -4.435  13.343  24.005 0.0000000000
106351  -4.694  13.533  22.967 0.0000000000
106352  -4.932  14.089  22.364 0.0000000000
106356  -4.889  13.318  21.882 0.0000000000
106357  -5.166  14.077  21.622 0.0000000000
106363  -5.037  13.356  20.935 0.0000000000
106364  -5.238  14.162  20.811 0.0000000000
106369  -4.939  13.691  19.936 0.0000000000
106370  -5.195  14.316  20.345 0.0000000000
106376  -4.574  13.522  18.776 0.0000000000
106379  -4.350  13.485  17.748 0.0000000000
106382  -4.307  13.494  16.755 0.0000000000
106385  -4.344  13.528  15.863 0.0000000000
106386  -6.671  13.310  15.227 0.0000000000
106387  -7.552  13.210  15.253 0.0000000000
106388  -8.208  13.038  15.040 0.0000000000
106393  -4.670  13.541  15.207 0.0000000000
106394  -5.112  13.586  14.853 0.0000000000
106395  -5.789  13.557  15.015 0.0000000000
106396  -7.937  13.630  14.990 0.0000000000
106397  -8.331  13.477  14.466 0.0000000000
106411  -8.305  13.790  13.646 0.0000000000
106426  -7.532  13.612  12.626 0.0000000000
106427  -8.099  14.210  12.963 0.0000000000
107519  -4.551  14.392  23.887 0.0000000000
107532  -4.704  14.697  23.011 0.0000000000
107533  -4.934  14.808  22.199 0.0000000000
107543  -5.181  14.819  21.435 0.0000000000
107548  -5.265  14.817  20.694 0.0000000000
107552  -4.862  14.448  19.285 0.0000000000
107553  -5.166  14.633  20.018 0.0000000000
107557  -4.550  14.418  18.404 0.0000000000
107560  -4.392  14.436  17.437 0.0000000000
107563  -4.352  14.445  16.455 0.0000000000
107567  -4.449  14.436  15.567 0.0000000000
107568  -7.081  13.695  15.226 0.0000000000
107569  -7.417  13.877  15.107 0.0000000000
107575  -4.773  14.425  14.918 0.0000000000
107576  -5.414  14.417  14.750 0.0000000000
107577  -6.566  14.302  15.009 0.0000000000
107578  -7.691  14.449  14.763 0.0000000000
107579  -8.260  14.617  14.112 0.0000000000
107592  -8.318  14.843  13.420 0.0000000000
107596  -7.593  14.673  12.345 0.0000000000
107597  -8.227  15.157  12.771 0.0000000000
108725  -4.574  14.812  24.300 0.0000000000
108746  -4.608  15.467  23.689 0.0000000000
108747  -5.121  15.646  24.095 0.0000000000
108748  -5.809  15.748  23.608 0.0000000000
108749  -6.608  15.389  23.374 0.0000000000
108762  -4.638  15.663  22.674 0.0000000000
108763  -4.917  15.394  21.940 0.0000000000
108764  -6.453  15.950  23.052 0.0000000000
108765  -7.361  15.591  22.641 0.0000000000
108775  -4.765  15.996  21.999 0.0000000000
108776  -5.119  15.609  21.255 0.0000000000
108777  -8.064  15.952  21.908 0.0000000000
108786  -5.207  15.379  20.364 0.0000000000
108791  -4.804  15.236  19.006 0.0000000000
108792  -5.060  15.211  19.651 0.0000000000
108796  -4.572  15.370  18.164 0.0000000000
108800  -4.447  15.410  17.120 0.0000000000
108803  -4.414  15.398  16.089 0.0000000000
108807  -4.519  15.363  15.161 0.0000000000
108812  -4.888  15.333  14.496 0.0000000000
108813  -5.749  15.368  14.522 0.0000000000
108814  -6.858  15.475  14.657 0.0000000000
108815  -7.821  15.530  14.338 0.0000000000
108816  -8.280  15.545  13.780 0.0000000000
108827  -8.428  15.722  13.218 0.0000000000
108830  -7.873  15.588  12.272 0.0000000000
108831  -8.310  16.022  12.644 0.0000000000
109859  -4.498  16.404  23.101 0.0000000000
109860  -4.782  16.490  23.429 0.0000000000
109861  -5.265  16.338  23.529 0.0000000000
109875  -4.565  16.557  22.435 0.0000000000
109876  -5.133  16.893  23.269 0.0000000000
109877  -5.765  16.604  22.954 0.0000000000
109878  -6.654  16.313  22.571 0.0000000000
109890  -4.808  16.604  21.470 0.0000000000
109891  -5.095  16.067  20.694 0.0000000000
109892  -6.393  16.901  22.299 0.0000000000
109893  -7.272  16.531  21.938 0.0000000000
109894  -8.228  16.639  21.392 0.0000000000
109903  -4.896  16.711  20.370 0.0000000000
109904  -5.045  15.901  19.943 0.0000000000
109905  -8.716  17.111  20.920 0.0000000000
109913  -4.797  16.305  19.148 0.0000000000
109914  -4.919  15.664  19.438 0.0000000000
109917  -4.544  16.411  17.858 0.0000000000
109920  -4.482  16.409  16.712 0.0000000000
109923  -4.481  16.371  15.625 0.0000000000
109927  -4.623  16.338  14.673 0.0000000000
109932  -5.121  16.387  14.002 0.0000000000
109933  -6.093  16.334  14.228 0.0000000000
109934  -7.210  16.592  14.200 0.0000000000
109935  -8.084  16.339  13.946 0.0000000000
109936  -8.362  16.176  13.541 0.0000000000
109947  -5.649  16.988  13.843 0.0000000000
109948  -6.372  17.098  13.960 0.0000000000
109949  -6.939  17.266  14.024 0.0000000000
109950  -8.292  16.645  13.572 0.0000000000
109951  -8.470  16.603  13.109 0.0000000000
109955  -8.013  16.273  12.185 0.0000000000
109956  -8.267  16.850  12.418 0.0000000000
109961  -7.856  16.872  11.854 0.0000000000
109962  -8.162  17.185  12.068 0.0000000000
110936  -4.479  16.984  22.814 0.0000000000
110937  -4.544  16.875  23.127 0.0000000000
110952  -4.584  17.406  22.143 0.0000000000
110953  -4.800  17.381  22.842 0.0000000000
110954  -5.265  17.151  22.928 0.0000000000
110965  -4.628  17.604  21.033 0.0000000000
110966  -4.999  17.877  22.583 0.0000000000
110967  -5.553  17.540  22.381 0.0000000000
110968  -6.766  17.529  21.683 0.0000000000
110969  -7.512  17.064  21.490 0.0000000000
110976  -4.738  17.590  19.826 0.0000000000
110977  -7.030  17.974  21.322 0.0000000000
110978  -7.741  17.638  21.098 0.0000000000
110979  -8.793  17.795  20.651 0.0000000000
110980  -9.739  17.798  20.496 0.0000000000
110988  -4.647  17.498  18.573 0.0000000000
110993  -4.556  17.466  17.354 0.0000000000
110997  -4.517  17.418  16.185 0.0000000000
111000  -4.489  17.365  15.074 0.0000000000
111004  -4.702  17.357  14.161 0.0000000000
111009  -5.184  17.504  13.683 0.0000000000
111010  -7.884  16.939  13.899 0.0000000000
111011  -8.156  16.810  13.737 0.0000000000
111022  -5.893  17.682  13.660 0.0000000000
111023  -6.692  17.749  13.820 0.0000000000
111024  -7.481  17.525  13.799 0.0000000000
111025  -8.209  17.293  13.452 0.0000000000
111026  -8.402  17.440  12.813 0.0000000000
111029  -8.280  17.583  12.221 0.0000000000
111032  -7.593  17.581  11.444 0.0000000000
111033  -8.046  17.471  11.827 0.0000000000
112145  -4.703  17.956  22.306 0.0000000000
112146  -4.801  17.927  22.467 0.0000000000
112156  -4.547  18.460  21.607 0.0000000000
112157  -4.995  18.455  22.215 0.0000000000
112158  -5.994  18.502  21.695 0.0000000000
112159  -6.683  18.160  21.464 0.0000000000
112164  -4.520  18.615  20.451 0.0000000000
112165  -6.247  18.993  21.370 0.0000000000
112166  -6.889  18.597  21.148 0.0000000000
112167  -7.954  18.591  20.610 0.0000000000
112168  -9.011  18.599  20.349 0.0000000000
112169  -9.967  18.554  20.243 0.0000000000
112176  -4.589  18.620  19.216 0.0000000000
112181  -4.598  18.562  17.960 0.0000000000
112185  -4.587  18.497  16.739 0.0000000000
112188  -4.528  18.427  15.560 0.0000000000
112192  -4.558  18.371  14.472 0.0000000000
112197  -4.866  18.388  13.652 0.0000000000
112207  -5.528  18.424  13.394 0.0000000000
112208  -6.366  18.412  13.501 0.0000000000
112209  -7.202  18.348  13.599 0.0000000000
112210  -7.970  18.341  13.255 0.0000000000
112211  -8.347  17.887  13.055 0.0000000000
112213  -8.132  18.866  12.781 0.0000000000
112214  -8.288  18.358  12.504 0.0000000000
112219  -7.739  18.081  11.383 0.0000000000
112220  -8.084  18.165  11.680 0.0000000000
112239  -7.802  18.328  11.343 0.0000000000
113397  -4.743  19.291  21.614 0.0000000000
113398  -5.237  19.237  21.744 0.0000000000
113399  -5.771  19.337  21.445 0.0000000000
113405  -4.459  19.511  20.903 0.0000000000
113406  -6.319  19.436  21.109 0.0000000000
113407  -7.106  19.465  20.661 0.0000000000
113408  -8.176  19.592  20.195 0.0000000000
113409  -9.304  19.321  20.040 0.0000000000
113410  -10.314  19.361  20.053 0.0000000000
113416  -4.473  19.666  19.782 0.0000000000
113417  -8.236  20.136  19.960 0.0000000000
113418  -8.738  20.008  19.873 0.0000000000
113419  -9.502  19.890  19.804 0.0000000000
113424  -4.513  19.672  18.524 0.0000000000
113432  -4.587  19.606  17.261 0.0000000000
113441  -4.598  19.517  16.029 0.0000000000
113451  -4.534  19.427  14.848 0.0000000000
113460  -4.667  19.384  13.803 0.0000000000
113469  -5.230  19.490  13.002 0.0000000000
113470  -6.137  19.180  13.150 0.0000000000
113471  -6.995  19.047  13.384 0.0000000000
113472  -7.511  18.788  13.311 0.0000000000
113476  -5.575  20.141  12.679 0.0000000000
113477  -6.067  19.957  12.801 0.0000000000
113478  -6.914  19.816  13.015 0.0000000000
113479  -7.731  19.330  12.890 0.0000000000
113480  -8.221  19.326  12.355 0.0000000000
113489  -8.267  19.136  11.734 0.0000000000
113507  -7.886  18.817  11.239 0.0000000000
114554  -4.932  19.672  21.592 0.0000000000
114555  -5.247  19.813  21.442 0.0000000000
114556  -5.737  19.869  21.201 0.0000000000
114561  -4.770  20.074  21.196 0.0000000000
114562  -5.326  20.347  21.088 0.0000000000
114563  -6.154  20.214  20.753 0.0000000000
114564  -7.111  20.330  20.244 0.0000000000
114565  -7.833  20.288  20.005 0.0000000000
114573  -4.554  20.585  20.240 0.0000000000
114574  -7.439  20.723  19.894 0.0000000000
114575  -8.126  20.603  19.750 0.0000000000
114576  -9.001  20.488  19.588 0.0000000000
114577  -10.056  20.300  19.648 0.0000000000
114592  -4.425  20.748  19.017 0.0000000000
114607  -4.443  20.736  17.752 0.0000000000
114619  -4.571  20.642  16.479 0.0000000000
114630  -4.537  20.518  15.233 0.0000000000
114644  -4.493  20.405  14.054 0.0000000000
114659  -4.741  20.366  13.092 0.0000000000
114669  -5.282  20.536  12.579 0.0000000000
114670  -5.981  20.644  12.529 0.0000000000
114671  -6.763  20.540  12.664 0.0000000000
114672  -7.620  20.421  12.418 0.0000000000
114673  -8.063  19.876  12.400 0.0000000000
114682  -7.976  20.917  11.946 0.0000000000
114683  -8.163  20.272  11.734 0.0000000000
114698  -8.025  19.813  10.991 0.0000000000
115757  -4.902  20.717  20.759 0.0000000000
115758  -5.437  20.913  20.620 0.0000000000
115759  -6.195  20.953  20.292 0.0000000000
115760  -6.846  20.992  19.964 0.0000000000
115776  -4.861  21.293  20.229 0.0000000000
115777  -5.465  21.495  20.122 0.0000000000
115778  -6.226  21.501  19.820 0.0000000000
115779  -7.250  21.359  19.559 0.0000000000
115780  -8.297  21.135  19.371 0.0000000000
115781  -9.240  21.008  19.252 0.0000000000
115782  -10.278  20.997  19.252 0.0000000000
115802  -4.456  21.729  19.349 0.0000000000
115803  -7.702  21.672  19.119 0.0000000000
115804  -8.427  21.595  18.904 0.0000000000
115805  -9.376  21.514  18.749 0.0000000000
115806  -10.398  21.565  18.739 0.0000000000
115807  -11.180  21.807  18.770 0.0000000000
115820  -4.156  21.841  18.159 0.0000000000
115829  -4.339  21.791  16.912 0.0000000000
115838  -4.501  21.656  15.636 0.0000000000
115848  -4.488  21.503  14.378 0.0000000000
115860  -4.586  21.371  13.224 0.0000000000
115875  -4.920  21.267  12.434 0.0000000000
115876  -5.744  21.476  12.133 0.0000000000
115877  -6.661  21.197  12.339 0.0000000000
115878  -7.194  20.939  12.411 0.0000000000
115897  -6.100  22.098  11.834 0.0000000000
115898  -6.673  21.910  11.949 0.0000000000
115899  -7.490  21.427  11.967 0.0000000000
115900  -8.000  21.350  11.420 0.0000000000
115915  -8.019  21.149  10.646 0.0000000000
117000  -4.905  21.885  19.799 0.0000000000
117001  -5.465  22.056  19.621 0.0000000000
117002  -6.282  22.046  19.337 0.0000000000
117003  -7.037  22.033  19.127 0.0000000000
117016  -4.760  22.451  19.239 0.0000000000
117017  -5.457  22.596  19.064 0.0000000000
117018  -6.359  22.572  18.724 0.0000000000
117019  -7.496  22.217  18.641 0.0000000000
117020  -8.481  22.082  18.344 0.0000000000
117021  -9.470  22.031  18.184 0.0000000000
117022  -10.468  22.101  18.148 0.0000000000
117023  -11.557  22.331  18.328 0.0000000000
117034  -3.874  23.366  17.982 0.0000000000
117035  -4.083  22.948  18.356 0.0000000000
117036  -6.839  22.792  18.231 0.0000000000
117037  -7.602  22.667  17.956 0.0000000000
117038  -8.569  22.554  17.700 0.0000000000
117039  -9.580  22.538  17.560 0.0000000000
117040  -10.609  22.616  17.518 0.0000000000
117041  -11.550  22.911  17.571 0.0000000000
117042  -12.206  23.370  17.694 0.0000000000
117051  -3.833  23.457  17.691 0.0000000000
117052  -3.896  22.924  17.274 0.0000000000
117061  -4.191  22.802  16.045 0.0000000000
117070  -4.458  22.666  14.771 0.0000000000
117081  -4.549  22.490  13.471 0.0000000000
117095  -4.774  22.347  12.233 0.0000000000
117096  -5.118  21.816  11.969 0.0000000000
117118  -4.981  22.786  11.564 0.0000000000
117119  -5.547  22.446  11.703 0.0000000000
117120  -6.495  22.555  11.631 0.0000000000
117121  -7.373  22.456  11.467 0.0000000000
117122  -7.801  21.920  11.449 0.0000000000
117141  -7.749  22.884  11.087 0.0000000000
117142  -8.021  22.344  10.887 0.0000000000
117154  -8.042  22.334  10.041 0.0000000000
118246  -4.767  23.010  18.708 0.0000000000
118247  -5.405  23.127  18.448 0.0000000000
118248  -6.117  23.100  18.157 0.0000000000
118259  -3.968  23.590  17.869 0.0000000000
118260  -4.550  23.539  18.041 0.0000000000
118261  -5.446  23.627  17.708 0.0000000000
118262  -6.614  23.294  17.618 0.0000000000
118263  -7.665  23.149  17.279 0.0000000000
118264  -8.694  23.076  17.055 0.0000000000
118265  -9.731  23.082  16.942 0.0000000000
118266  -10.738  23.194  16.904 0.0000000000
118267  -11.641  23.526  17.035 0.0000000000
118268  -12.426  24.076  17.428 0.0000000000
118278  -3.803  23.984  17.412 0.0000000000
118279  -3.711  23.714  17.169 0.0000000000
118280  -5.927  23.883  17.132 0.0000000000
118281  -6.762  23.756  16.838 0.0000000000
118282  -7.807  23.619  16.575 0.0000000000
118283  -8.884  23.640  16.366 0.0000000000
118284  -9.947  23.606  16.359 0.0000000000
118285  -10.905  23.874  16.355 0.0000000000
118286  -11.765  24.202  16.661 0.0000000000
118287  -12.255  24.631  16.931 0.0000000000
118297  -3.694  24.219  16.920 0.0000000000
118298  -3.804  23.835  16.419 0.0000000000
118299  -9.380  23.974  15.934 0.0000000000
118300  -10.099  24.149  15.852 0.0000000000
118301  -10.759  24.435  15.908 0.0000000000
118310  -4.199  23.891  15.247 0.0000000000
118323  -4.486  23.668  13.903 0.0000000000
118336  -4.589  23.537  12.578 0.0000000000
118355  -4.776  23.400  11.600 0.0000000000
118356  -5.337  23.259  11.333 0.0000000000
118357  -6.285  23.344  11.312 0.0000000000
118358  -6.912  22.974  11.435 0.0000000000
118379  -6.831  23.873  11.020 0.0000000000
118380  -7.321  23.383  11.098 0.0000000000
118381  -7.870  23.238  10.739 0.0000000000
118395  -7.828  23.325  9.488 0.0000000000
118396  -8.073  23.229  10.199 0.0000000000
119473  -4.085  24.049  17.613 0.0000000000
119474  -4.582  24.167  17.410 0.0000000000
119475  -5.233  24.232  17.125 0.0000000000
119476  -12.649  24.940  17.529 0.0000000000
119485  -3.931  24.646  17.059 0.0000000000
119486  -4.667  24.695  16.792 0.0000000000
119487  -5.740  24.559  16.437 0.0000000000
119488  -6.978  24.250  16.170 0.0000000000
119489  -7.981  24.134  15.967 0.0000000000
119490  -8.747  24.157  15.819 0.0000000000
119491  -11.300  24.465  16.184 0.0000000000
119492  -11.862  24.949  16.325 0.0000000000
119493  -12.365  25.174  16.884 0.0000000000
119504  -3.728  24.678  16.406 0.0000000000
119505  -3.817  24.481  15.839 0.0000000000
119506  -6.404  24.868  15.760 0.0000000000
119507  -7.312  24.722  15.585 0.0000000000
119508  -8.272  24.651  15.476 0.0000000000
119509  -9.299  24.585  15.498 0.0000000000
119510  -10.297  24.843  15.512 0.0000000000
119511  -11.202  25.020  15.781 0.0000000000
119512  -11.642  25.262  15.985 0.0000000000
119522  -3.712  24.961  15.836 0.0000000000
119523  -3.936  24.858  15.274 0.0000000000
119534  -4.319  24.754  14.364 0.0000000000
119542  -4.539  24.703  13.088 0.0000000000
119563  -4.552  24.782  11.513 0.0000000000
119564  -5.167  23.990  11.018 0.0000000000
119565  -5.690  23.736  11.157 0.0000000000
119583  -4.704  25.266  10.664 0.0000000000
119584  -5.216  24.858  10.657 0.0000000000
119585  -6.185  24.333  10.866 0.0000000000
119586  -7.326  24.246  10.556 0.0000000000
119587  -7.651  23.679  10.706 0.0000000000
119599  -7.791  24.265  9.770 0.0000000000
119600  -7.853  23.764  10.401 0.0000000000
119610  -7.555  24.423  8.867 0.0000000000
120647  -12.610  25.738  17.364 0.0000000000
120654  -3.814  25.008  16.539 0.0000000000
120655  -4.145  25.182  16.454 0.0000000000
120656  -4.800  25.155  16.176 0.0000000000
120657  -11.853  25.407  16.110 0.0000000000
120658  -12.202  25.742  16.428 0.0000000000
120667  -3.831  25.219  16.105 0.0000000000
120668  -4.372  25.596  15.634 0.0000000000
120669  -5.464  25.511  15.462 0.0000000000
120670  -6.671  25.366  15.240 0.0000000000
120671  -7.688  25.258  15.091 0.0000000000
120672  -8.692  25.230  15.042 0.0000000000
120673  -9.694  25.351  15.074 0.0000000000
120674  -10.718  25.743  15.198 0.0000000000
120675  -11.635  25.764  15.788 0.0000000000
120676  -12.016  26.087  16.036 0.0000000000
120684  -3.942  25.288  15.561 0.0000000000
120685  -4.184  25.580  14.847 0.0000000000
120686  -6.172  25.969  14.852 0.0000000000
120687  -7.119  25.892  14.727 0.0000000000
120688  -8.139  25.847  14.657 0.0000000000
120689  -9.132  25.886  14.667 0.0000000000
120690  -10.026  26.035  14.767 0.0000000000
120691  -10.507  26.189  14.869 0.0000000000
120701  -4.428  25.692  13.754 0.0000000000
120718  -4.465  25.807  12.539 0.0000000000
120735  -4.383  26.000  11.548 0.0000000000
120743  -4.441  25.907  10.708 0.0000000000
120744  -5.152  25.783  10.227 0.0000000000
120745  -6.103  25.352  10.383 0.0000000000
120746  -6.810  25.002  10.404 0.0000000000
120749  -4.642  26.277  10.126 0.0000000000
120750  -4.987  26.326  9.931 0.0000000000
120751  -6.767  25.582  10.129 0.0000000000
120752  -7.327  25.330  9.850 0.0000000000
120755  -7.664  25.416  9.081 0.0000000000
120762  -7.429  25.566  8.363 0.0000000000
121689  -12.466  26.511  17.021 0.0000000000
121700  -12.165  26.509  16.281 0.0000000000
121713  -4.542  26.086  14.936 0.0000000000
121714  -4.831  26.012  15.190 0.0000000000
121715  -10.825  26.375  14.918 0.0000000000
121716  -11.358  26.635  15.240 0.0000000000
121717  -11.846  26.417  15.823 0.0000000000
121729  -4.554  26.311  14.276 0.0000000000
121730  -5.270  26.556  14.533 0.0000000000
121731  -6.540  26.551  14.424 0.0000000000
121732  -7.611  26.502  14.331 0.0000000000
121733  -8.638  26.502  14.322 0.0000000000
121734  -9.602  26.564  14.409 0.0000000000
121735  -10.463  26.641  14.610 0.0000000000
121736  -10.960  26.758  14.793 0.0000000000
121751  -4.508  26.838  13.325 0.0000000000
121752  -4.656  26.908  14.096 0.0000000000
121765  -4.423  26.803  12.094 0.0000000000
121768  -4.241  26.777  11.101 0.0000000000
121771  -4.334  26.788  10.300 0.0000000000
121772  -6.046  25.991  10.103 0.0000000000
121773  -6.465  25.812  10.099 0.0000000000
121775  -4.781  26.795  9.812 0.0000000000
121776  -5.634  26.619  9.865 0.0000000000
121777  -6.756  26.290  9.762 0.0000000000
121778  -7.442  26.349  9.195 0.0000000000
121781  -7.518  26.481  8.468 0.0000000000
121786  -7.271  26.469  7.797 0.0000000000
122641  -11.620  27.535  15.210 0.0000000000
122642  -11.944  27.158  15.856 0.0000000000
122650  -5.482  27.248  14.041 0.0000000000
122651  -6.103  27.176  14.064 0.0000000000
122652  -7.116  27.158  14.002 0.0000000000
122653  -8.162  27.128  13.918 0.0000000000
122654  -9.182  27.164  13.979 0.0000000000
122655  -10.140  27.229  14.120 0.0000000000
122656  -11.065  27.446  14.520 0.0000000000
122665  -4.666  27.717  13.219 0.0000000000
122666  -4.992  27.459  13.765 0.0000000000
122667  -5.762  27.733  13.726 0.0000000000
122668  -6.655  27.797  13.698 0.0000000000
122669  -7.679  27.808  13.587 0.0000000000
122670  -8.745  27.818  13.530 0.0000000000
122671  -9.751  27.853  13.634 0.0000000000
122672  -10.556  27.927  13.865 0.0000000000
122677  -4.516  27.695  12.544 0.0000000000
122680  -4.341  27.682  11.564 0.0000000000
122683  -4.212  27.631  10.615 0.0000000000
122685  -4.430  27.559  9.819 0.0000000000
122686  -5.243  27.492  9.515 0.0000000000
122687  -6.473  27.508  9.326 0.0000000000
122688  -7.146  26.957  9.299 0.0000000000
122691  -6.936  28.097  8.868 0.0000000000
122692  -7.328  27.523  8.663 0.0000000000
122695  -7.071  27.155  7.322 0.0000000000
122696  -7.427  27.530  7.746 0.0000000000
122704  -7.128  27.823  7.092 0.0000000000
123578  -11.668  28.390  14.848 0.0000000000
123585  -4.899  27.985  13.323 0.0000000000
123586  -5.344  28.269  13.315 0.0000000000
123587  -6.196  28.373  13.384 0.0000000000
123588  -7.152  28.456  13.301 0.0000000000
123589  -8.257  28.576  13.170 0.0000000000
123590  -9.371  28.590  13.198 0.0000000000
123591  -10.322  28.603  13.437 0.0000000000
123592  -11.182  28.693  13.929 0.0000000000
123598  -4.781  28.426  12.874 0.0000000000
123599  -5.295  28.946  12.882 0.0000000000
123600  -8.901  29.045  12.894 0.0000000000
123601  -9.475  29.242  12.885 0.0000000000
123606  -4.478  28.595  12.017 0.0000000000
123611  -4.285  28.593  11.047 0.0000000000
123614  -4.249  28.521  10.058 0.0000000000
123615  -4.746  28.399  9.275 0.0000000000
123616  -5.635  28.183  9.219 0.0000000000
123619  -5.369  28.760  8.899 0.0000000000
123620  -6.303  28.627  8.847 0.0000000000
123621  -7.137  28.643  8.473 0.0000000000
123624  -7.495  28.552  7.881 0.0000000000
123629  -6.778  28.367  6.630 0.0000000000
123630  -7.378  28.686  7.064 0.0000000000
124546  -11.658  29.475  14.496 0.0000000000
124552  -5.825  28.852  13.059 0.0000000000
124553  -6.591  29.018  12.973 0.0000000000
124554  -7.562  29.121  12.887 0.0000000000
124555  -8.351  29.230  12.803 0.0000000000
124556  -10.020  29.139  13.060 0.0000000000
124557  -10.750  29.572  13.227 0.0000000000
124558  -11.403  29.716  13.740 0.0000000000
124563  -4.897  29.487  12.353 0.0000000000
124564  -5.900  29.601  12.626 0.0000000000
124565  -7.018  29.732  12.593 0.0000000000
124566  -8.016  29.758  12.537 0.0000000000
124567  -9.000  29.694  12.599 0.0000000000
124568  -10.010  29.800  12.770 0.0000000000
124569  -10.551  30.031  12.883 0.0000000000
124573  -4.472  29.560  11.502 0.0000000000
124577  -4.319  29.576  10.505 0.0000000000
124581  -4.406  29.487  9.413 0.0000000000
124582  -4.821  29.152  8.849 0.0000000000
124585  -4.699  29.807  8.706 0.0000000000
124586  -5.533  29.573  8.590 0.0000000000
124587  -6.659  29.541  8.374 0.0000000000
124588  -7.366  29.414  7.977 0.0000000000
124590  -7.490  29.503  7.388 0.0000000000
124594  -6.957  29.234  6.360 0.0000000000
124595  -7.396  29.875  6.636 0.0000000000
124607  -7.009  30.050  6.053 0.0000000000
124608  -7.283  30.357  6.224 0.0000000000
125510  -10.845  30.234  12.949 0.0000000000
125511  -11.247  30.449  13.250 0.0000000000
125516  -4.769  30.265  11.782 0.0000000000
125517  -5.450  30.592  12.022 0.0000000000
125518  -6.532  30.451  12.239 0.0000000000
125519  -7.574  30.432  12.243 0.0000000000
125520  -8.584  30.429  12.239 0.0000000000
125521  -9.580  30.499  12.361 0.0000000000
125522  -10.480  30.551  12.654 0.0000000000
125523  -10.962  30.613  12.856 0.0000000000
125527  -4.547  30.728  11.070 0.0000000000
125528  -4.894  30.807  11.663 0.0000000000
125531  -4.448  30.556  9.928 0.0000000000
125534  -4.513  30.540  8.955 0.0000000000
125537  -4.986  30.474  8.317 0.0000000000
125538  -6.037  30.643  8.126 0.0000000000
125539  -7.088  30.226  7.889 0.0000000000
125540  -7.413  29.898  7.600 0.0000000000
125543  -6.241  31.304  7.797 0.0000000000
125544  -6.836  31.057  7.653 0.0000000000
125545  -7.422  30.593  7.161 0.0000000000
125549  -7.413  30.777  6.354 0.0000000000
125568  -7.177  30.730  5.855 0.0000000000
126474  -5.669  31.255  11.733 0.0000000000
126475  -6.231  31.162  11.856 0.0000000000
126476  -7.158  31.106  11.891 0.0000000000
126477  -8.147  31.102  11.882 0.0000000000
126478  -9.131  31.160  11.917 0.0000000000
126479  -10.132  31.447  12.162 0.0000000000
126480  -11.029  31.268  12.732 0.0000000000
126484  -4.746  31.755  10.950 0.0000000000
126485  -5.183  31.487  11.481 0.0000000000
126486  -5.950  31.794  11.634 0.0000000000
126487  -6.779  31.776  11.616 0.0000000000
126488  -7.717  31.768  11.580 0.0000000000
126489  -8.672  31.813  11.599 0.0000000000
126490  -9.479  31.893  11.730 0.0000000000
126493  -4.617  31.559  10.276 0.0000000000
126496  -4.579  31.477  9.350 0.0000000000
126498  -4.742  31.526  8.330 0.0000000000
126499  -5.210  31.048  8.016 0.0000000000
126503  -4.874  32.082  7.822 0.0000000000
126504  -5.524  31.701  7.789 0.0000000000
126505  -6.460  31.793  7.524 0.0000000000
126506  -7.152  31.684  7.145 0.0000000000
126519  -7.411  31.619  6.465 0.0000000000
126541  -6.862  31.300  5.336 0.0000000000
126542  -7.351  31.495  5.812 0.0000000000
126560  -6.791  32.049  4.951 0.0000000000
127381  -10.797  32.336  12.316 0.0000000000
127384  -5.044  32.289  11.110 0.0000000000
127385  -5.673  32.498  11.286 0.0000000000
127386  -6.420  32.408  11.388 0.0000000000
127387  -7.280  32.421  11.327 0.0000000000
127388  -8.242  32.490  11.325 0.0000000000
127389  -9.203  32.586  11.419 0.0000000000
127390  -10.083  32.528  11.732 0.0000000000
127393  -4.866  32.546  10.472 0.0000000000
127394  -5.279  32.921  10.900 0.0000000000
127401  -4.706  32.275  9.746 0.0000000000
127415  -4.701  32.460  8.934 0.0000000000
127434  -4.737  32.626  8.081 0.0000000000
127435  -5.122  32.646  7.534 0.0000000000
127436  -6.014  32.616  7.381 0.0000000000
127437  -6.763  32.337  7.188 0.0000000000
127462  -6.618  32.899  6.996 0.0000000000
127463  -7.190  32.614  6.611 0.0000000000
127486  -7.175  32.027  5.316 0.0000000000
127487  -7.430  32.587  5.677 0.0000000000
127502  -6.457  32.730  4.446 0.0000000000
127503  -7.180  32.750  4.886 0.0000000000
127504  -7.430  33.097  5.138 0.0000000000
127520  -6.289  33.232  4.092 0.0000000000
128387  -6.196  32.872  11.189 0.0000000000
128388  -6.799  32.993  11.056 0.0000000000
128389  -7.761  33.122  11.028 0.0000000000
128390  -8.757  33.282  11.110 0.0000000000
128391  -9.782  33.598  11.301 0.0000000000
128392  -10.623  33.408  11.935 0.0000000000
128395  -5.218  33.536  10.373 0.0000000000
128396  -6.044  33.487  10.815 0.0000000000
128397  -7.226  33.733  10.714 0.0000000000
128398  -8.265  33.887  10.779 0.0000000000
128399  -9.180  34.057  10.962 0.0000000000
128400  -9.669  34.169  11.092 0.0000000000
128415  -4.890  33.340  9.619 0.0000000000
128432  -4.841  33.577  8.561 0.0000000000
128451  -4.940  33.577  7.648 0.0000000000
128452  -5.483  33.484  7.115 0.0000000000
128453  -6.164  33.295  7.025 0.0000000000
128472  -5.960  33.799  6.810 0.0000000000
128473  -6.696  33.598  6.577 0.0000000000
128474  -7.367  33.508  5.975 0.0000000000
128486  -7.506  33.635  5.250 0.0000000000
128492  -6.518  33.387  4.124 0.0000000000
128493  -6.982  33.553  4.299 0.0000000000
128494  -7.364  33.436  4.785 0.0000000000
128504  -6.308  33.721  3.818 0.0000000000
128505  -6.661  33.717  3.992 0.0000000000
129325  -9.925  34.262  11.163 0.0000000000
129326  -10.335  34.567  11.487 0.0000000000
129328  -5.115  34.110  9.882 0.0000000000
129329  -5.636  34.616  10.124 0.0000000000
129330  -6.756  34.488  10.389 0.0000000000
129331  -7.820  34.537  10.457 0.0000000000
129332  -8.800  34.669  10.598 0.0000000000
129333  -9.708  34.718  10.913 0.0000000000
129334  -10.123  35.065  11.095 0.0000000000
129348  -5.110  34.818  9.159 0.0000000000
129349  -5.411  35.238  9.636 0.0000000000
129367  -4.976  34.702  7.969 0.0000000000
129388  -5.199  34.561  6.961 0.0000000000
129389  -5.582  34.062  6.792 0.0000000000
129405  -5.547  35.037  6.511 0.0000000000
129406  -6.034  34.511  6.468 0.0000000000
129407  -7.037  34.479  5.884 0.0000000000
129408  -7.426  34.053  5.577 0.0000000000
129412  -7.255  34.996  5.426 0.0000000000
129413  -7.486  34.580  5.173 0.0000000000
129417  -7.151  34.081  4.141 0.0000000000
129418  -7.389  34.206  4.484 0.0000000000
129424  -6.178  34.647  3.311 0.0000000000
129425  -6.836  34.270  3.823 0.0000000000
129426  -7.205  34.350  4.066 0.0000000000
130213  -5.829  35.420  9.736 0.0000000000
130214  -6.531  35.278  9.966 0.0000000000
130215  -7.494  35.219  10.107 0.0000000000
130216  -8.406  35.254  10.227 0.0000000000
130217  -9.317  35.593  10.374 0.0000000000
130218  -9.953  35.410  10.825 0.0000000000
130228  -5.018  35.757  8.931 0.0000000000
130229  -5.446  35.983  9.278 0.0000000000
130230  -6.398  35.912  9.508 0.0000000000
130231  -7.324  35.851  9.612 0.0000000000
130232  -8.206  35.789  9.789 0.0000000000
130233  -8.747  35.712  10.023 0.0000000000
130246  -4.931  35.973  8.266 0.0000000000
130247  -5.009  36.184  8.811 0.0000000000
130261  -4.978  35.744  7.234 0.0000000000
130279  -5.305  35.602  6.565 0.0000000000
130280  -5.925  35.515  6.092 0.0000000000
130281  -6.455  34.986  5.990 0.0000000000
130298  -6.835  35.469  5.563 0.0000000000
130299  -7.387  35.421  5.052 0.0000000000
130312  -7.458  35.221  4.430 0.0000000000
130317  -7.264  34.876  3.901 0.0000000000
