#!ascii label  , from subject colin27_FS vox2ras=TkReg
642
118712  -6.386  23.705  -29.038 0.0000000000
119967  -5.996  24.930  -28.369 0.0000000000
119973  -6.029  24.310  -28.633 0.0000000000
119974  -6.417  24.864  -29.221 0.0000000000
121073  -5.859  25.478  -27.892 0.0000000000
121081  -6.095  25.528  -28.606 0.0000000000
121088  -6.324  25.750  -29.185 0.0000000000
121097  -6.654  25.653  -29.749 0.0000000000
122042  -5.670  25.930  -27.560 0.0000000000
122047  -5.498  26.452  -27.734 0.0000000000
122048  -5.816  26.024  -28.141 0.0000000000
122052  -5.315  27.069  -28.064 0.0000000000
122053  -5.641  26.608  -28.360 0.0000000000
122054  -6.014  26.217  -28.781 0.0000000000
122060  -5.492  27.098  -28.561 0.0000000000
122061  -5.806  26.893  -28.881 0.0000000000
122062  -6.361  26.597  -29.479 0.0000000000
122988  -4.987  27.707  -27.812 0.0000000000
122991  -5.324  27.718  -28.612 0.0000000000
122992  -5.505  28.094  -29.040 0.0000000000
122998  -5.582  27.314  -28.830 0.0000000000
122999  -5.872  27.645  -29.215 0.0000000000
123000  -6.536  27.610  -29.827 0.0000000000
123917  -4.656  28.526  -27.571 0.0000000000
123921  -4.901  28.453  -28.366 0.0000000000
123922  -5.236  28.522  -28.972 0.0000000000
123926  -5.689  28.557  -29.369 0.0000000000
123927  -6.904  29.726  -30.624 0.0000000000
123928  -7.326  29.919  -30.964 0.0000000000
124904  -4.217  29.989  -27.588 0.0000000000
124905  -4.382  29.591  -27.322 0.0000000000
124909  -3.577  30.838  -28.928 0.0000000000
124910  -4.537  29.314  -28.309 0.0000000000
124911  -4.888  29.041  -28.883 0.0000000000
124913  -3.692  30.666  -29.718 0.0000000000
124914  -3.902  30.257  -30.360 0.0000000000
124915  -4.155  30.153  -30.733 0.0000000000
124916  -5.960  29.842  -30.624 0.0000000000
124917  -6.912  29.918  -30.883 0.0000000000
124919  -3.739  30.399  -30.184 0.0000000000
124920  -4.016  30.247  -30.673 0.0000000000
124921  -4.274  29.869  -31.011 0.0000000000
124922  -7.282  30.120  -31.286 0.0000000000
124925  -4.355  30.237  -31.044 0.0000000000
124926  -4.645  30.142  -31.360 0.0000000000
125858  -3.542  31.607  -28.576 0.0000000000
125863  -3.567  31.256  -29.124 0.0000000000
125865  -3.714  30.973  -29.751 0.0000000000
125866  -3.910  31.073  -30.114 0.0000000000
125867  -5.348  29.676  -30.877 0.0000000000
125868  -6.284  30.113  -30.897 0.0000000000
125869  -6.973  30.582  -30.567 0.0000000000
125872  -3.876  30.595  -30.284 0.0000000000
125873  -4.198  30.742  -30.663 0.0000000000
125874  -4.830  30.068  -31.574 0.0000000000
125875  -5.316  30.231  -31.772 0.0000000000
125876  -5.664  30.209  -32.133 0.0000000000
125880  -4.601  30.558  -31.250 0.0000000000
125881  -5.088  30.399  -31.584 0.0000000000
125882  -5.822  30.513  -32.025 0.0000000000
126794  -3.469  32.374  -27.664 0.0000000000
126799  -3.474  31.988  -28.471 0.0000000000
126804  -3.605  31.703  -29.143 0.0000000000
126808  -3.850  31.842  -29.854 0.0000000000
126809  -4.093  31.625  -30.215 0.0000000000
126810  -6.915  30.933  -30.187 0.0000000000
126811  -7.067  30.891  -30.333 0.0000000000
126816  -4.658  31.474  -30.995 0.0000000000
126817  -5.119  31.921  -31.203 0.0000000000
126818  -6.551  31.010  -30.290 0.0000000000
126819  -6.880  31.230  -30.382 0.0000000000
126823  -5.096  31.101  -31.494 0.0000000000
126824  -5.439  31.376  -31.620 0.0000000000
127781  -3.476  32.959  -26.953 0.0000000000
127786  -3.466  32.710  -27.756 0.0000000000
127789  -3.580  32.579  -28.624 0.0000000000
127790  -3.698  33.035  -28.845 0.0000000000
127793  -3.660  32.088  -29.234 0.0000000000
127794  -3.858  32.550  -29.450 0.0000000000
127798  -4.382  32.496  -30.255 0.0000000000
127799  -4.946  32.521  -30.811 0.0000000000
127802  -5.452  32.503  -31.352 0.0000000000
127803  -6.076  32.417  -32.015 0.0000000000
128701  -3.497  33.566  -26.493 0.0000000000
128705  -3.515  33.268  -27.168 0.0000000000
128708  -3.530  33.312  -27.755 0.0000000000
128709  -3.634  33.482  -28.340 0.0000000000
128712  -3.841  33.579  -28.927 0.0000000000
128715  -4.221  33.487  -29.622 0.0000000000
128716  -4.677  33.473  -30.300 0.0000000000
128718  -5.240  33.488  -30.889 0.0000000000
128719  -5.859  33.486  -31.583 0.0000000000
129574  -3.581  34.334  -26.069 0.0000000000
129575  -3.714  34.691  -26.509 0.0000000000
129578  -3.607  33.986  -26.999 0.0000000000
129579  -3.788  34.658  -27.178 0.0000000000
129582  -3.616  33.974  -27.685 0.0000000000
129583  -3.824  34.441  -28.136 0.0000000000
129586  -4.108  34.463  -29.012 0.0000000000
129589  -4.468  34.414  -29.745 0.0000000000
129590  -4.880  34.457  -30.386 0.0000000000
129593  -5.444  34.545  -31.061 0.0000000000
129594  -6.160  34.553  -31.873 0.0000000000
130465  -4.023  35.747  -24.981 0.0000000000
130468  -3.755  35.027  -25.365 0.0000000000
130469  -4.103  35.649  -25.504 0.0000000000
130473  -3.776  35.042  -25.956 0.0000000000
130474  -4.088  35.433  -26.375 0.0000000000
130480  -4.149  35.404  -27.353 0.0000000000
130487  -4.198  35.367  -28.288 0.0000000000
130492  -4.374  35.401  -29.175 0.0000000000
130493  -4.529  35.851  -29.662 0.0000000000
130498  -4.596  35.160  -29.891 0.0000000000
130499  -4.894  35.605  -30.401 0.0000000000
130502  -5.560  35.620  -31.331 0.0000000000
130503  -6.129  35.501  -32.333 0.0000000000
131349  -4.313  36.466  -24.918 0.0000000000
131352  -4.455  36.364  -25.636 0.0000000000
131361  -4.582  36.318  -26.557 0.0000000000
131362  -4.888  36.784  -26.972 0.0000000000
131370  -4.536  36.161  -27.547 0.0000000000
131371  -4.947  36.850  -27.676 0.0000000000
131379  -4.505  36.186  -28.400 0.0000000000
131380  -4.846  36.882  -28.572 0.0000000000
131387  -4.506  36.244  -29.094 0.0000000000
131388  -4.661  36.730  -29.616 0.0000000000
131394  -5.063  36.730  -30.674 0.0000000000
131399  -5.653  36.670  -31.821 0.0000000000
132321  -4.475  37.315  -24.356 0.0000000000
132324  -4.680  37.339  -24.921 0.0000000000
132325  -4.967  37.742  -25.184 0.0000000000
132331  -4.804  37.095  -25.718 0.0000000000
132332  -5.165  37.737  -25.769 0.0000000000
132342  -4.958  37.093  -26.345 0.0000000000
132343  -5.361  37.527  -26.733 0.0000000000
132352  -5.540  37.558  -27.790 0.0000000000
132353  -5.903  37.932  -28.215 0.0000000000
132362  -5.309  37.466  -28.827 0.0000000000
132363  -5.974  37.938  -28.953 0.0000000000
132371  -5.263  37.550  -29.797 0.0000000000
132372  -5.936  38.047  -29.872 0.0000000000
132379  -5.330  37.966  -30.882 0.0000000000
132380  -5.934  38.259  -30.375 0.0000000000
133361  -4.865  38.376  -24.112 0.0000000000
133362  -5.163  38.986  -24.245 0.0000000000
133365  -4.976  38.016  -24.760 0.0000000000
133366  -5.272  38.520  -24.877 0.0000000000
133374  -5.568  38.487  -25.868 0.0000000000
133383  -6.044  38.486  -26.839 0.0000000000
133384  -6.487  39.105  -26.928 0.0000000000
133393  -6.047  38.131  -27.664 0.0000000000
133394  -6.689  38.637  -27.841 0.0000000000
133395  -7.334  39.199  -28.051 0.0000000000
133406  -6.661  38.355  -29.161 0.0000000000
133407  -7.315  38.934  -28.665 0.0000000000
133413  -6.539  38.349  -30.079 0.0000000000
133414  -7.276  38.750  -29.615 0.0000000000
133419  -5.706  38.443  -31.161 0.0000000000
133420  -6.140  38.504  -30.780 0.0000000000
133421  -7.036  38.836  -30.537 0.0000000000
133428  -5.997  38.766  -31.346 0.0000000000
133429  -6.609  38.968  -31.143 0.0000000000
134383  -4.779  39.536  -23.511 0.0000000000
134384  -5.099  39.529  -23.829 0.0000000000
134389  -5.388  39.551  -24.337 0.0000000000
134398  -5.698  39.460  -25.124 0.0000000000
134399  -5.937  39.861  -25.585 0.0000000000
134406  -5.883  39.198  -25.935 0.0000000000
134407  -6.244  39.688  -26.284 0.0000000000
134420  -6.748  39.776  -26.956 0.0000000000
134421  -7.276  39.786  -27.597 0.0000000000
134432  -7.758  39.728  -28.309 0.0000000000
134433  -8.253  39.947  -28.806 0.0000000000
134439  -7.879  39.334  -29.144 0.0000000000
134440  -8.458  39.813  -29.497 0.0000000000
134446  -7.879  39.237  -30.115 0.0000000000
134447  -8.472  39.827  -30.424 0.0000000000
135354  -4.967  40.398  -23.362 0.0000000000
135355  -5.337  40.398  -23.767 0.0000000000
135361  -5.679  40.451  -24.411 0.0000000000
135362  -5.943  40.845  -24.800 0.0000000000
135370  -5.897  40.253  -25.066 0.0000000000
135371  -6.091  40.688  -25.521 0.0000000000
135378  -6.460  40.770  -26.365 0.0000000000
135392  -6.979  40.840  -27.095 0.0000000000
135393  -7.695  40.800  -27.816 0.0000000000
135394  -8.304  41.052  -28.270 0.0000000000
135406  -8.159  40.422  -28.397 0.0000000000
135407  -8.771  40.663  -28.877 0.0000000000
135408  -9.274  40.994  -29.435 0.0000000000
135419  -8.996  40.356  -29.799 0.0000000000
135420  -9.389  40.949  -30.112 0.0000000000
136285  -4.833  41.382  -22.966 0.0000000000
136286  -5.191  41.737  -23.133 0.0000000000
136293  -5.172  41.071  -23.335 0.0000000000
136294  -5.587  41.448  -23.666 0.0000000000
136295  -6.007  41.838  -24.052 0.0000000000
136301  -5.893  41.231  -24.308 0.0000000000
136302  -6.160  41.627  -24.779 0.0000000000
136310  -6.266  41.757  -25.739 0.0000000000
136319  -6.543  41.878  -26.623 0.0000000000
136332  -7.209  42.033  -27.332 0.0000000000
136333  -8.060  41.833  -28.008 0.0000000000
136334  -8.795  41.615  -28.416 0.0000000000
136347  -9.300  41.576  -28.943 0.0000000000
136348  -9.582  41.649  -29.642 0.0000000000
137214  -5.007  42.336  -22.790 0.0000000000
137215  -5.428  42.443  -23.119 0.0000000000
137221  -5.875  42.478  -23.598 0.0000000000
137222  -6.283  42.511  -24.175 0.0000000000
137228  -6.488  42.611  -25.002 0.0000000000
137235  -6.394  42.976  -26.017 0.0000000000
137244  -6.439  42.956  -26.995 0.0000000000
137258  -6.989  43.095  -27.408 0.0000000000
137259  -7.770  42.834  -27.722 0.0000000000
137260  -8.898  42.652  -28.157 0.0000000000
137261  -9.505  43.137  -28.414 0.0000000000
137274  -9.255  42.090  -28.575 0.0000000000
137275  -9.785  42.657  -29.048 0.0000000000
137276  -10.136  43.259  -29.524 0.0000000000
138117  -5.219  43.314  -22.676 0.0000000000
138118  -5.739  43.348  -23.137 0.0000000000
138125  -6.215  43.295  -23.659 0.0000000000
138126  -6.553  43.358  -24.266 0.0000000000
138133  -6.725  43.647  -25.063 0.0000000000
138140  -6.584  44.048  -25.822 0.0000000000
138152  -6.282  44.078  -26.660 0.0000000000
138167  -6.574  43.895  -27.253 0.0000000000
138168  -7.363  43.784  -27.529 0.0000000000
138169  -8.356  43.656  -27.781 0.0000000000
138170  -9.256  43.671  -28.094 0.0000000000
138186  -9.832  43.685  -28.625 0.0000000000
138187  -10.167  43.709  -29.264 0.0000000000
139120  -5.195  44.294  -22.375 0.0000000000
139127  -5.573  44.229  -22.706 0.0000000000
139128  -6.192  44.326  -23.309 0.0000000000
139129  -6.550  44.892  -23.606 0.0000000000
139135  -6.467  43.828  -23.796 0.0000000000
139136  -6.761  44.382  -24.139 0.0000000000
139143  -6.990  44.706  -25.138 0.0000000000
139144  -7.095  45.213  -25.242 0.0000000000
139153  -6.565  44.956  -26.086 0.0000000000
139154  -6.924  45.087  -25.499 0.0000000000
139166  -6.076  45.023  -26.798 0.0000000000
139180  -6.206  44.814  -27.184 0.0000000000
139181  -6.904  44.697  -27.447 0.0000000000
139182  -7.901  44.585  -27.584 0.0000000000
139183  -8.911  44.513  -27.794 0.0000000000
139202  -9.702  44.514  -28.266 0.0000000000
139203  -10.228  44.520  -28.907 0.0000000000
140114  -5.344  45.373  -22.089 0.0000000000
140115  -5.653  45.764  -22.218 0.0000000000
140123  -5.437  44.798  -22.395 0.0000000000
140124  -5.832  45.283  -22.568 0.0000000000
140125  -6.389  45.397  -23.197 0.0000000000
140132  -6.885  45.469  -23.876 0.0000000000
140133  -7.206  46.027  -24.171 0.0000000000
140139  -7.012  45.023  -24.462 0.0000000000
140140  -7.217  45.588  -24.804 0.0000000000
140149  -6.599  45.664  -26.151 0.0000000000
140150  -6.957  45.528  -25.598 0.0000000000
140165  -6.173  45.662  -26.631 0.0000000000
140179  -5.954  45.658  -27.113 0.0000000000
140180  -6.477  45.601  -27.400 0.0000000000
140181  -7.431  45.523  -27.515 0.0000000000
140182  -8.504  45.405  -27.634 0.0000000000
140200  -9.418  45.374  -27.951 0.0000000000
140201  -10.146  45.425  -28.515 0.0000000000
141128  -5.723  46.427  -21.977 0.0000000000
141129  -6.118  46.903  -22.078 0.0000000000
141139  -5.868  45.973  -22.317 0.0000000000
141140  -6.345  46.437  -22.643 0.0000000000
141141  -6.790  47.011  -23.011 0.0000000000
141150  -6.651  45.965  -23.303 0.0000000000
141151  -7.004  46.560  -23.587 0.0000000000
141160  -7.366  46.567  -24.569 0.0000000000
141171  -6.839  45.952  -25.925 0.0000000000
141172  -7.140  46.340  -25.551 0.0000000000
141191  -6.536  46.325  -26.374 0.0000000000
141192  -6.880  47.067  -26.141 0.0000000000
141203  -5.905  46.454  -26.923 0.0000000000
141204  -6.158  46.489  -27.287 0.0000000000
141205  -6.935  46.467  -27.462 0.0000000000
141206  -8.144  46.423  -27.538 0.0000000000
141207  -9.071  46.733  -27.644 0.0000000000
141220  -9.042  46.056  -27.722 0.0000000000
141221  -9.824  46.396  -28.049 0.0000000000
141230  -10.641  46.444  -28.843 0.0000000000
142104  -6.219  47.461  -21.885 0.0000000000
142114  -6.370  47.428  -22.120 0.0000000000
142115  -6.719  47.498  -22.637 0.0000000000
142124  -7.097  47.552  -23.260 0.0000000000
142134  -7.428  47.501  -24.124 0.0000000000
142148  -7.402  47.496  -25.306 0.0000000000
142165  -6.177  47.278  -26.701 0.0000000000
142166  -6.731  47.992  -26.284 0.0000000000
142173  -5.951  47.425  -27.140 0.0000000000
142174  -6.452  47.421  -27.405 0.0000000000
142175  -7.429  47.391  -27.480 0.0000000000
142176  -8.531  47.425  -27.537 0.0000000000
142177  -9.518  47.422  -27.738 0.0000000000
142191  -10.396  47.435  -28.272 0.0000000000
142192  -10.890  47.876  -28.676 0.0000000000
142203  -10.870  47.293  -28.871 0.0000000000
143043  -5.846  48.107  -21.329 0.0000000000
143044  -6.299  48.172  -21.684 0.0000000000
143055  -6.677  48.244  -22.170 0.0000000000
143056  -7.058  48.321  -22.761 0.0000000000
143067  -7.484  48.434  -23.558 0.0000000000
143077  -7.650  48.475  -24.594 0.0000000000
143086  -7.310  48.678  -25.581 0.0000000000
143095  -5.229  49.050  -27.199 0.0000000000
143096  -5.604  48.549  -26.909 0.0000000000
143097  -6.616  49.052  -26.299 0.0000000000
143104  -5.353  49.045  -27.310 0.0000000000
143105  -5.903  48.513  -27.372 0.0000000000
143106  -6.819  48.339  -27.543 0.0000000000
143107  -7.894  48.296  -27.480 0.0000000000
143108  -8.969  48.291  -27.523 0.0000000000
143109  -9.937  48.311  -27.771 0.0000000000
143124  -10.647  48.409  -28.243 0.0000000000
143125  -11.168  48.529  -28.740 0.0000000000
143945  -5.967  49.986  -20.345 0.0000000000
143951  -6.077  49.284  -20.815 0.0000000000
143952  -6.566  49.707  -21.003 0.0000000000
143956  -6.208  48.694  -21.335 0.0000000000
143957  -6.703  49.259  -21.662 0.0000000000
143958  -7.213  49.882  -22.056 0.0000000000
143963  -6.934  48.808  -22.325 0.0000000000
143964  -7.432  49.370  -22.724 0.0000000000
143969  -7.924  49.426  -24.002 0.0000000000
143974  -7.749  49.372  -25.009 0.0000000000
143978  -6.683  50.306  -26.087 0.0000000000
143979  -7.074  49.759  -25.818 0.0000000000
143987  -4.982  50.013  -27.447 0.0000000000
143988  -5.217  49.655  -27.318 0.0000000000
143989  -6.122  49.899  -26.550 0.0000000000
143990  -6.619  49.558  -26.227 0.0000000000
143998  -5.070  49.989  -27.522 0.0000000000
143999  -5.447  49.570  -27.544 0.0000000000
144000  -6.279  49.302  -27.621 0.0000000000
144001  -7.277  49.183  -27.544 0.0000000000
144002  -8.331  49.144  -27.422 0.0000000000
144003  -9.364  49.151  -27.458 0.0000000000
144004  -10.388  49.245  -27.699 0.0000000000
144005  -11.098  49.718  -27.892 0.0000000000
144022  -11.004  49.061  -28.226 0.0000000000
144023  -11.459  49.515  -28.661 0.0000000000
144754  -6.180  50.650  -19.974 0.0000000000
144755  -6.496  50.983  -20.003 0.0000000000
144759  -6.173  50.088  -20.420 0.0000000000
144760  -6.642  50.463  -20.594 0.0000000000
144761  -7.154  50.945  -20.912 0.0000000000
144764  -6.803  49.942  -21.137 0.0000000000
144765  -7.188  50.447  -21.480 0.0000000000
144769  -7.653  50.416  -22.373 0.0000000000
144773  -8.122  50.508  -23.422 0.0000000000
144774  -8.338  51.120  -23.730 0.0000000000
144778  -7.908  50.589  -24.859 0.0000000000
144779  -8.266  50.914  -24.067 0.0000000000
144783  -6.502  50.871  -26.316 0.0000000000
144784  -7.101  50.642  -25.780 0.0000000000
144794  -5.023  50.221  -27.526 0.0000000000
144795  -5.228  50.513  -26.940 0.0000000000
144796  -5.892  50.684  -26.655 0.0000000000
144797  -7.945  50.741  -27.108 0.0000000000
144798  -8.955  50.712  -26.852 0.0000000000
144799  -9.978  50.771  -26.804 0.0000000000
144800  -10.877  50.989  -26.988 0.0000000000
144801  -11.317  51.227  -27.168 0.0000000000
144808  -5.237  50.237  -27.630 0.0000000000
144809  -5.896  50.120  -27.626 0.0000000000
144810  -6.746  50.047  -27.574 0.0000000000
144811  -7.692  49.977  -27.404 0.0000000000
144812  -8.680  49.948  -27.221 0.0000000000
144813  -9.702  49.972  -27.163 0.0000000000
144814  -10.663  50.203  -27.327 0.0000000000
144815  -11.583  50.772  -27.803 0.0000000000
144816  -12.116  51.456  -28.025 0.0000000000
144837  -11.899  50.392  -28.996 0.0000000000
144838  -12.161  51.231  -28.631 0.0000000000
145539  -6.973  51.836  -19.857 0.0000000000
145544  -6.731  51.273  -20.065 0.0000000000
145545  -7.139  51.526  -20.494 0.0000000000
145549  -7.495  51.463  -21.245 0.0000000000
145553  -7.786  51.302  -22.046 0.0000000000
145554  -8.199  51.583  -22.565 0.0000000000
145558  -8.086  51.034  -22.694 0.0000000000
145559  -8.315  51.485  -23.302 0.0000000000
145563  -7.795  51.543  -24.930 0.0000000000
145564  -8.176  51.563  -24.243 0.0000000000
145574  -6.488  51.454  -26.263 0.0000000000
145575  -7.161  51.529  -25.684 0.0000000000
145585  -4.973  50.420  -27.694 0.0000000000
145586  -5.449  50.381  -27.574 0.0000000000
145587  -5.998  51.273  -26.875 0.0000000000
145588  -7.081  51.454  -27.064 0.0000000000
145589  -8.186  51.501  -26.732 0.0000000000
145590  -9.248  51.485  -26.542 0.0000000000
145591  -10.253  51.538  -26.518 0.0000000000
145592  -11.138  51.705  -26.714 0.0000000000
145593  -11.701  52.030  -26.879 0.0000000000
145597  -5.189  50.487  -27.668 0.0000000000
145598  -5.597  50.647  -27.585 0.0000000000
145599  -6.365  50.776  -27.399 0.0000000000
145600  -7.146  50.670  -27.383 0.0000000000
145601  -11.571  51.510  -27.207 0.0000000000
145602  -12.046  51.869  -27.482 0.0000000000
145623  -12.418  52.119  -28.304 0.0000000000
146310  -7.314  52.488  -20.094 0.0000000000
146320  -7.629  52.323  -20.883 0.0000000000
146326  -8.008  52.282  -21.757 0.0000000000
146327  -8.195  52.842  -22.206 0.0000000000
146332  -8.119  51.862  -22.245 0.0000000000
146333  -8.279  52.333  -22.749 0.0000000000
146339  -7.987  52.794  -24.086 0.0000000000
146340  -8.219  52.254  -23.846 0.0000000000
146352  -7.754  52.394  -24.747 0.0000000000
146353  -8.104  52.097  -24.287 0.0000000000
146365  -6.555  51.858  -26.220 0.0000000000
146366  -7.078  52.570  -25.823 0.0000000000
146367  -7.866  52.879  -25.955 0.0000000000
146368  -8.928  52.856  -25.858 0.0000000000
146369  -9.957  52.806  -25.735 0.0000000000
146370  -10.828  52.909  -25.792 0.0000000000
146377  -6.752  51.981  -26.549 0.0000000000
146378  -7.515  52.175  -26.468 0.0000000000
146379  -8.531  52.223  -26.334 0.0000000000
146380  -9.583  52.191  -26.184 0.0000000000
146381  -10.556  52.266  -26.181 0.0000000000
146382  -11.436  52.606  -26.332 0.0000000000
146383  -12.103  52.641  -26.817 0.0000000000
146386  -12.491  52.794  -27.516 0.0000000000
146405  -12.702  53.017  -28.239 0.0000000000
147078  -7.857  53.358  -20.597 0.0000000000
147079  -8.208  53.856  -21.051 0.0000000000
147085  -7.971  52.836  -21.198 0.0000000000
147086  -8.220  53.416  -21.669 0.0000000000
147094  -8.189  53.333  -22.680 0.0000000000
147109  -7.632  53.482  -24.206 0.0000000000
147110  -8.124  53.015  -23.498 0.0000000000
147123  -6.535  53.995  -25.129 0.0000000000
147124  -7.135  53.403  -25.042 0.0000000000
147125  -9.774  54.014  -25.024 0.0000000000
147126  -10.762  54.057  -25.006 0.0000000000
147127  -11.326  54.183  -25.097 0.0000000000
147134  -6.667  54.213  -25.434 0.0000000000
147135  -7.205  53.732  -25.526 0.0000000000
147136  -8.344  53.591  -25.551 0.0000000000
147137  -9.387  53.453  -25.445 0.0000000000
147138  -10.410  53.434  -25.363 0.0000000000
147139  -11.624  53.646  -25.627 0.0000000000
147140  -12.342  54.043  -25.887 0.0000000000
147143  -11.987  53.113  -26.313 0.0000000000
147144  -12.591  53.706  -26.628 0.0000000000
147145  -13.033  54.366  -26.911 0.0000000000
147148  -12.845  53.588  -27.729 0.0000000000
147149  -13.053  54.208  -27.428 0.0000000000
147838  -7.850  54.256  -19.973 0.0000000000
147839  -8.155  54.289  -20.645 0.0000000000
147849  -8.249  54.402  -21.402 0.0000000000
147861  -7.573  54.814  -23.070 0.0000000000
147862  -8.013  54.492  -22.582 0.0000000000
147873  -6.573  54.764  -24.065 0.0000000000
147874  -7.191  54.596  -23.716 0.0000000000
147875  -7.931  53.822  -23.373 0.0000000000
147878  -6.477  54.620  -24.501 0.0000000000
147879  -6.922  54.008  -24.551 0.0000000000
147880  -8.480  54.839  -24.936 0.0000000000
147881  -9.026  54.655  -24.857 0.0000000000
147882  -10.128  54.634  -24.648 0.0000000000
147883  -11.141  54.703  -24.718 0.0000000000
147884  -11.882  54.930  -24.846 0.0000000000
147888  -6.456  54.614  -25.182 0.0000000000
147889  -6.930  54.524  -25.414 0.0000000000
147890  -7.982  54.554  -25.202 0.0000000000
147891  -8.904  54.059  -25.230 0.0000000000
147892  -11.678  54.397  -25.128 0.0000000000
147893  -12.302  54.607  -25.439 0.0000000000
147894  -12.777  54.905  -25.808 0.0000000000
147898  -12.628  54.389  -26.024 0.0000000000
147899  -12.999  54.782  -26.430 0.0000000000
147902  -13.212  54.897  -27.219 0.0000000000
148602  -8.135  55.568  -20.325 0.0000000000
148610  -8.097  54.737  -20.272 0.0000000000
148611  -8.210  55.139  -20.758 0.0000000000
148619  -7.687  55.731  -22.022 0.0000000000
148620  -8.098  55.137  -21.731 0.0000000000
148627  -7.360  55.281  -22.866 0.0000000000
148628  -7.851  55.187  -22.306 0.0000000000
148631  -5.569  55.990  -24.106 0.0000000000
148632  -6.360  55.273  -23.930 0.0000000000
148633  -6.869  55.182  -23.438 0.0000000000
148634  -9.849  55.888  -24.024 0.0000000000
148635  -10.768  55.914  -23.894 0.0000000000
148636  -11.299  56.005  -23.890 0.0000000000
148640  -5.687  56.192  -24.460 0.0000000000
148641  -6.334  55.523  -24.758 0.0000000000
148642  -7.400  55.663  -24.804 0.0000000000
148643  -8.401  55.315  -24.739 0.0000000000
148644  -9.492  55.274  -24.442 0.0000000000
148645  -10.498  55.310  -24.293 0.0000000000
148646  -11.534  55.568  -24.286 0.0000000000
148647  -12.538  55.559  -24.898 0.0000000000
148648  -13.117  56.064  -25.051 0.0000000000
148652  -6.623  54.939  -25.267 0.0000000000
148653  -7.107  55.080  -25.199 0.0000000000
148654  -7.698  55.163  -25.053 0.0000000000
148655  -12.712  55.167  -25.460 0.0000000000
148656  -13.197  55.620  -25.694 0.0000000000
148659  -13.451  55.670  -26.741 0.0000000000
149383  -8.058  55.916  -20.706 0.0000000000
149386  -7.614  56.430  -21.357 0.0000000000
149387  -8.001  55.695  -21.312 0.0000000000
149391  -5.271  57.050  -23.177 0.0000000000
149392  -5.720  56.893  -23.038 0.0000000000
149393  -6.781  56.443  -22.485 0.0000000000
149396  -4.570  57.005  -23.739 0.0000000000
149397  -5.069  56.875  -23.577 0.0000000000
149398  -6.028  56.212  -23.447 0.0000000000
149399  -6.689  55.685  -23.262 0.0000000000
149400  -8.549  56.815  -23.947 0.0000000000
149401  -9.108  56.560  -23.847 0.0000000000
149402  -10.194  56.444  -23.578 0.0000000000
149403  -11.160  56.429  -23.567 0.0000000000
149404  -11.953  56.583  -23.592 0.0000000000
149405  -12.595  56.765  -23.790 0.0000000000
149408  -4.606  56.947  -24.050 0.0000000000
149409  -5.188  56.722  -24.255 0.0000000000
149410  -5.906  56.614  -24.557 0.0000000000
149411  -6.910  56.486  -24.545 0.0000000000
149412  -8.149  56.497  -24.303 0.0000000000
149413  -9.010  55.911  -24.277 0.0000000000
149414  -11.658  56.147  -23.887 0.0000000000
149415  -12.245  56.180  -24.140 0.0000000000
149416  -13.040  56.528  -24.433 0.0000000000
149419  -13.597  56.607  -25.207 0.0000000000
149420  -14.039  57.093  -25.609 0.0000000000
149422  -13.819  56.563  -26.179 0.0000000000
149423  -14.148  57.321  -26.088 0.0000000000
150138  -6.441  57.650  -21.864 0.0000000000
150139  -6.981  57.143  -21.636 0.0000000000
150149  -4.594  57.768  -23.012 0.0000000000
150150  -5.201  57.423  -22.896 0.0000000000
150151  -6.090  57.283  -22.461 0.0000000000
150152  -6.571  57.125  -22.091 0.0000000000
150153  -8.779  58.102  -22.999 0.0000000000
150154  -9.437  57.769  -22.958 0.0000000000
150155  -10.207  57.502  -22.906 0.0000000000
150156  -10.997  57.528  -22.710 0.0000000000
150157  -11.925  57.569  -22.667 0.0000000000
150158  -12.746  57.727  -22.825 0.0000000000
150168  -4.570  57.499  -23.618 0.0000000000
150169  -4.773  57.377  -23.280 0.0000000000
150170  -6.690  57.881  -24.120 0.0000000000
150171  -7.167  57.761  -23.994 0.0000000000
150172  -8.371  57.385  -23.671 0.0000000000
150173  -9.650  57.080  -23.304 0.0000000000
150174  -10.628  56.986  -23.173 0.0000000000
150175  -11.518  57.026  -23.138 0.0000000000
150176  -12.358  57.160  -23.244 0.0000000000
150177  -13.263  57.434  -23.568 0.0000000000
150178  -13.976  57.745  -23.901 0.0000000000
150187  -4.748  57.406  -24.205 0.0000000000
150188  -5.376  57.317  -24.370 0.0000000000
150189  -6.367  57.518  -24.303 0.0000000000
150190  -7.499  57.132  -24.221 0.0000000000
150191  -8.015  57.016  -24.098 0.0000000000
150192  -13.723  57.223  -24.453 0.0000000000
150193  -14.254  57.844  -24.572 0.0000000000
150200  -14.042  57.288  -25.065 0.0000000000
150201  -14.301  57.835  -25.512 0.0000000000
150967  -5.588  58.801  -21.879 0.0000000000
150970  -9.761  58.907  -21.921 0.0000000000
150971  -10.797  58.776  -21.769 0.0000000000
150972  -11.838  58.738  -21.666 0.0000000000
150973  -12.829  58.853  -21.758 0.0000000000
150974  -13.392  59.020  -21.875 0.0000000000
150982  -4.349  58.455  -23.066 0.0000000000
150983  -5.001  58.303  -22.589 0.0000000000
150984  -5.737  57.991  -22.212 0.0000000000
150985  -7.717  58.815  -22.882 0.0000000000
150986  -8.522  58.634  -22.647 0.0000000000
150987  -9.302  58.428  -22.518 0.0000000000
150988  -10.285  58.159  -22.438 0.0000000000
150989  -11.384  58.115  -22.191 0.0000000000
150990  -12.419  58.185  -22.218 0.0000000000
150991  -13.604  58.484  -22.590 0.0000000000
150992  -14.369  58.942  -22.893 0.0000000000
150999  -4.766  58.280  -23.861 0.0000000000
151000  -5.631  58.516  -23.859 0.0000000000
151001  -6.550  58.287  -23.877 0.0000000000
151002  -7.506  58.249  -23.507 0.0000000000
151003  -8.200  58.261  -23.171 0.0000000000
151004  -13.868  58.000  -23.399 0.0000000000
151005  -14.438  58.525  -23.664 0.0000000000
151015  -4.994  57.757  -24.271 0.0000000000
151016  -5.461  57.949  -24.225 0.0000000000
151017  -5.978  58.112  -24.152 0.0000000000
151018  -14.579  58.701  -24.879 0.0000000000
151760  -9.220  60.085  -21.048 0.0000000000
151761  -9.702  60.071  -20.948 0.0000000000
151773  -7.261  60.034  -22.097 0.0000000000
151774  -7.752  59.877  -21.876 0.0000000000
151775  -8.971  59.732  -21.455 0.0000000000
151776  -10.211  59.476  -21.336 0.0000000000
151777  -11.260  59.407  -21.248 0.0000000000
151778  -12.252  59.434  -21.247 0.0000000000
151779  -13.260  59.614  -21.341 0.0000000000
151780  -14.017  59.747  -21.581 0.0000000000
151788  -4.258  59.085  -22.942 0.0000000000
151789  -5.044  59.293  -22.494 0.0000000000
151790  -5.811  59.640  -22.775 0.0000000000
151791  -6.984  59.676  -22.525 0.0000000000
151792  -8.152  59.280  -22.247 0.0000000000
151793  -8.952  58.987  -22.145 0.0000000000
151794  -13.767  59.247  -21.911 0.0000000000
151795  -14.408  59.525  -22.287 0.0000000000
151796  -14.959  59.978  -22.689 0.0000000000
151802  -4.518  58.978  -23.293 0.0000000000
151803  -5.195  59.096  -23.364 0.0000000000
151804  -6.152  59.107  -23.365 0.0000000000
151805  -6.976  58.852  -23.258 0.0000000000
151806  -14.776  59.442  -23.171 0.0000000000
151807  -15.180  60.167  -23.332 0.0000000000
151817  -14.995  59.713  -24.220 0.0000000000
151818  -15.294  60.432  -23.924 0.0000000000
152558  -7.035  60.470  -21.782 0.0000000000
152559  -8.220  60.258  -21.348 0.0000000000
152560  -8.726  60.149  -21.185 0.0000000000
152561  -13.852  60.201  -21.135 0.0000000000
152562  -14.521  60.439  -21.509 0.0000000000
152563  -15.062  60.732  -21.855 0.0000000000
152568  -5.650  60.079  -22.249 0.0000000000
152569  -6.325  60.171  -22.314 0.0000000000
152570  -6.764  60.133  -22.247 0.0000000000
152571  -14.894  60.238  -22.159 0.0000000000
152572  -15.291  60.695  -22.553 0.0000000000
152575  -15.480  60.913  -23.424 0.0000000000
152580  -15.210  60.442  -24.345 0.0000000000
153335  -14.956  60.999  -21.470 0.0000000000
153341  -15.771  61.560  -22.756 0.0000000000
