#!ascii label  , from subject colin27_FS vox2ras=TkReg
2039
131359  -47.463  36.388  -26.106 0.0000000000
131360  -48.098  36.731  -26.320 0.0000000000
131368  -47.601  36.648  -26.628 0.0000000000
131369  -48.238  36.951  -26.613 0.0000000000
132340  -48.113  36.998  -25.835 0.0000000000
132341  -48.520  37.271  -26.396 0.0000000000
132348  -46.091  37.308  -27.273 0.0000000000
132349  -46.736  36.882  -27.123 0.0000000000
132350  -47.948  37.204  -26.927 0.0000000000
132351  -48.587  37.403  -26.805 0.0000000000
133382  -48.681  37.866  -25.976 0.0000000000
133388  -46.349  37.950  -27.111 0.0000000000
133389  -47.399  37.924  -27.085 0.0000000000
133390  -48.559  38.080  -27.238 0.0000000000
133391  -49.249  38.118  -26.753 0.0000000000
133392  -49.902  38.581  -26.876 0.0000000000
133402  -45.620  37.865  -27.378 0.0000000000
133403  -48.938  38.595  -27.529 0.0000000000
133404  -49.322  38.529  -27.392 0.0000000000
133405  -49.829  38.587  -27.198 0.0000000000
134405  -49.100  38.824  -26.260 0.0000000000
134412  -44.067  39.566  -27.415 0.0000000000
134413  -44.458  39.450  -27.302 0.0000000000
134414  -45.448  38.960  -27.145 0.0000000000
134415  -46.657  38.983  -27.055 0.0000000000
134416  -47.724  38.913  -27.234 0.0000000000
134417  -49.781  38.955  -26.619 0.0000000000
134418  -50.147  39.180  -27.064 0.0000000000
134419  -50.181  39.678  -27.415 0.0000000000
134426  -44.739  38.709  -27.538 0.0000000000
134427  -45.188  38.358  -27.405 0.0000000000
134428  -48.506  39.022  -27.481 0.0000000000
134429  -49.041  39.170  -27.691 0.0000000000
134430  -49.725  39.305  -27.605 0.0000000000
134431  -50.006  39.919  -27.710 0.0000000000
135377  -49.484  39.755  -26.398 0.0000000000
135384  -43.879  40.038  -27.248 0.0000000000
135385  -44.797  40.170  -27.026 0.0000000000
135386  -45.871  40.154  -26.988 0.0000000000
135387  -47.047  40.108  -27.165 0.0000000000
135388  -47.900  39.671  -27.454 0.0000000000
135389  -50.022  39.851  -26.712 0.0000000000
135390  -50.328  40.077  -27.083 0.0000000000
135391  -50.269  40.299  -27.521 0.0000000000
135401  -47.693  40.427  -27.551 0.0000000000
135402  -48.431  40.053  -27.763 0.0000000000
135403  -49.044  40.050  -27.953 0.0000000000
135404  -49.613  40.132  -27.907 0.0000000000
135405  -50.032  40.465  -27.955 0.0000000000
135416  -49.297  40.506  -28.210 0.0000000000
135417  -49.666  40.665  -28.199 0.0000000000
135418  -50.222  40.777  -28.106 0.0000000000
136325  -44.126  41.083  -27.019 0.0000000000
136326  -45.121  41.257  -26.926 0.0000000000
136327  -46.209  41.398  -27.069 0.0000000000
136328  -47.147  41.226  -27.490 0.0000000000
136329  -49.753  40.650  -26.519 0.0000000000
136330  -50.176  40.854  -26.795 0.0000000000
136331  -50.406  40.981  -27.213 0.0000000000
136340  -41.972  41.947  -28.059 0.0000000000
136341  -42.708  41.280  -27.768 0.0000000000
136342  -43.377  40.870  -27.353 0.0000000000
136343  -47.906  41.142  -27.921 0.0000000000
136344  -48.647  41.060  -28.387 0.0000000000
136345  -48.719  40.618  -28.399 0.0000000000
136346  -50.312  40.949  -27.748 0.0000000000
136358  -48.933  41.537  -28.812 0.0000000000
136359  -49.302  41.136  -28.565 0.0000000000
136360  -49.847  41.102  -28.316 0.0000000000
136361  -50.111  40.910  -28.099 0.0000000000
137250  -43.342  42.865  -27.009 0.0000000000
137251  -44.343  42.295  -26.879 0.0000000000
137252  -45.467  42.334  -26.897 0.0000000000
137253  -46.156  42.423  -27.118 0.0000000000
137254  -46.699  42.198  -27.464 0.0000000000
137268  -41.855  42.930  -27.754 0.0000000000
137269  -42.596  42.375  -27.426 0.0000000000
137270  -43.376  41.798  -27.150 0.0000000000
137271  -47.354  42.061  -27.972 0.0000000000
137272  -47.963  41.985  -28.533 0.0000000000
137273  -50.479  41.772  -27.530 0.0000000000
137286  -41.376  42.531  -28.531 0.0000000000
137287  -48.595  42.078  -28.930 0.0000000000
137288  -49.220  42.014  -28.994 0.0000000000
137289  -49.808  41.821  -28.580 0.0000000000
137290  -50.223  41.460  -28.120 0.0000000000
138160  -43.288  43.838  -27.008 0.0000000000
138161  -44.092  43.433  -26.885 0.0000000000
138162  -45.008  43.222  -26.858 0.0000000000
138163  -45.985  43.307  -27.153 0.0000000000
138164  -46.434  42.802  -27.388 0.0000000000
138179  -40.944  44.303  -27.890 0.0000000000
138180  -41.733  43.929  -27.506 0.0000000000
138181  -42.545  43.427  -27.230 0.0000000000
138182  -46.307  43.792  -27.600 0.0000000000
138183  -46.910  43.230  -28.004 0.0000000000
138184  -47.552  42.614  -28.404 0.0000000000
138197  -40.565  43.863  -28.635 0.0000000000
138198  -41.150  43.410  -28.158 0.0000000000
138199  -47.276  43.702  -28.722 0.0000000000
138200  -47.915  43.204  -29.096 0.0000000000
138201  -48.871  42.770  -29.471 0.0000000000
138202  -49.726  43.002  -28.955 0.0000000000
138203  -50.346  42.390  -28.119 0.0000000000
138211  -48.071  43.836  -30.190 0.0000000000
138212  -48.576  43.431  -29.970 0.0000000000
138213  -49.161  43.499  -29.854 0.0000000000
138216  -48.247  44.107  -30.611 0.0000000000
138217  -48.568  43.891  -30.461 0.0000000000
138218  -48.885  43.690  -30.296 0.0000000000
139174  -43.331  44.409  -27.058 0.0000000000
139175  -43.903  44.259  -27.006 0.0000000000
139176  -44.777  44.062  -26.947 0.0000000000
139177  -45.393  43.806  -27.046 0.0000000000
139193  -40.709  45.175  -27.803 0.0000000000
139194  -41.529  44.941  -27.440 0.0000000000
139195  -42.623  44.617  -27.146 0.0000000000
139196  -43.548  44.916  -27.143 0.0000000000
139197  -44.467  44.856  -27.220 0.0000000000
139198  -45.754  44.520  -27.554 0.0000000000
139199  -46.522  44.050  -27.884 0.0000000000
139210  -40.351  44.643  -28.364 0.0000000000
139211  -46.158  45.045  -28.280 0.0000000000
139212  -46.869  44.496  -28.679 0.0000000000
139213  -47.393  43.917  -29.080 0.0000000000
139214  -50.091  44.017  -28.732 0.0000000000
139215  -50.513  43.620  -27.926 0.0000000000
139219  -47.180  44.808  -29.508 0.0000000000
139220  -47.500  44.328  -29.729 0.0000000000
139221  -49.617  44.116  -29.495 0.0000000000
139225  -47.866  44.530  -30.775 0.0000000000
139226  -48.492  44.380  -30.770 0.0000000000
139227  -49.118  44.272  -30.418 0.0000000000
139233  -47.937  45.032  -31.276 0.0000000000
139234  -48.334  44.928  -31.135 0.0000000000
139235  -48.790  44.826  -30.891 0.0000000000
140190  -39.646  46.032  -28.128 0.0000000000
140191  -40.321  45.975  -27.759 0.0000000000
140192  -41.145  45.877  -27.448 0.0000000000
140193  -42.076  45.746  -27.237 0.0000000000
140194  -43.049  45.687  -27.240 0.0000000000
140195  -43.951  45.631  -27.416 0.0000000000
140196  -44.847  45.566  -27.697 0.0000000000
140197  -50.273  45.135  -27.950 0.0000000000
140204  -40.009  45.365  -28.211 0.0000000000
140205  -45.637  45.567  -28.198 0.0000000000
140206  -46.303  45.520  -28.804 0.0000000000
140207  -49.984  44.963  -28.840 0.0000000000
140208  -50.310  44.487  -28.138 0.0000000000
140213  -46.871  45.410  -29.745 0.0000000000
140214  -47.243  44.893  -29.877 0.0000000000
140215  -49.506  45.089  -29.849 0.0000000000
140222  -46.948  45.676  -30.812 0.0000000000
140223  -47.330  45.029  -30.399 0.0000000000
140224  -49.146  45.213  -30.669 0.0000000000
140237  -47.040  45.793  -31.333 0.0000000000
140238  -47.469  45.402  -31.274 0.0000000000
140239  -48.115  45.561  -31.590 0.0000000000
140240  -48.728  45.489  -31.203 0.0000000000
140259  -47.131  45.967  -31.667 0.0000000000
140260  -47.527  45.987  -31.970 0.0000000000
140261  -48.019  46.199  -32.157 0.0000000000
141210  -39.759  46.720  -27.768 0.0000000000
141211  -40.656  46.741  -27.503 0.0000000000
141212  -41.584  46.694  -27.372 0.0000000000
141213  -42.542  46.621  -27.378 0.0000000000
141214  -43.533  46.533  -27.566 0.0000000000
141215  -44.292  46.216  -27.747 0.0000000000
141216  -49.979  45.701  -28.215 0.0000000000
141225  -44.179  46.827  -27.901 0.0000000000
141226  -44.964  46.508  -28.274 0.0000000000
141227  -45.776  46.158  -28.710 0.0000000000
141228  -49.193  46.530  -29.350 0.0000000000
141229  -49.472  46.146  -29.087 0.0000000000
141237  -45.612  46.814  -29.033 0.0000000000
141238  -46.213  46.231  -29.405 0.0000000000
141239  -49.095  46.504  -29.748 0.0000000000
141240  -49.254  45.877  -30.209 0.0000000000
141249  -45.979  46.921  -29.764 0.0000000000
141250  -46.452  46.409  -30.425 0.0000000000
141251  -48.936  46.461  -30.625 0.0000000000
141252  -49.043  45.855  -31.019 0.0000000000
141265  -46.738  46.290  -31.406 0.0000000000
141266  -48.608  46.283  -31.573 0.0000000000
141267  -48.827  45.860  -31.308 0.0000000000
141279  -46.933  46.490  -32.229 0.0000000000
141280  -47.504  46.614  -32.522 0.0000000000
141281  -48.060  46.910  -32.584 0.0000000000
141296  -46.992  46.939  -32.907 0.0000000000
141297  -47.412  47.207  -33.138 0.0000000000
141298  -47.744  47.521  -33.131 0.0000000000
142178  -37.444  47.623  -28.384 0.0000000000
142179  -38.001  47.317  -28.305 0.0000000000
142180  -39.050  47.495  -27.773 0.0000000000
142181  -40.053  47.589  -27.508 0.0000000000
142182  -41.031  47.599  -27.469 0.0000000000
142183  -41.998  47.556  -27.478 0.0000000000
142184  -42.987  47.492  -27.649 0.0000000000
142185  -43.725  47.248  -27.845 0.0000000000
142186  -49.982  46.528  -27.939 0.0000000000
142198  -43.573  47.818  -27.968 0.0000000000
142199  -44.282  47.540  -28.348 0.0000000000
142200  -45.062  47.298  -28.758 0.0000000000
142201  -49.002  46.906  -29.225 0.0000000000
142202  -49.389  47.227  -28.455 0.0000000000
142212  -44.822  47.872  -28.925 0.0000000000
142213  -45.403  47.584  -29.498 0.0000000000
142214  -48.639  47.090  -29.943 0.0000000000
142225  -45.919  47.429  -30.500 0.0000000000
142226  -46.358  46.947  -31.179 0.0000000000
142227  -48.556  47.142  -30.982 0.0000000000
142240  -45.977  47.563  -31.511 0.0000000000
142241  -46.392  46.967  -31.943 0.0000000000
142242  -48.373  47.307  -31.990 0.0000000000
142253  -46.002  47.569  -32.374 0.0000000000
142254  -46.502  47.175  -32.711 0.0000000000
142255  -48.022  47.629  -32.756 0.0000000000
142268  -46.116  47.667  -33.071 0.0000000000
142269  -46.668  47.582  -33.511 0.0000000000
142270  -47.305  47.940  -33.701 0.0000000000
142271  -47.754  47.967  -33.258 0.0000000000
142286  -46.813  48.028  -34.097 0.0000000000
142287  -47.010  48.268  -34.218 0.0000000000
143110  -35.617  48.881  -28.186 0.0000000000
143111  -36.084  48.752  -28.149 0.0000000000
143112  -37.159  48.230  -28.132 0.0000000000
143113  -38.291  48.375  -27.713 0.0000000000
143114  -39.368  48.477  -27.461 0.0000000000
143115  -40.420  48.518  -27.449 0.0000000000
143116  -41.411  48.474  -27.577 0.0000000000
143117  -42.378  48.419  -27.753 0.0000000000
143118  -43.121  48.222  -27.892 0.0000000000
143131  -35.403  48.543  -28.457 0.0000000000
143132  -36.475  48.085  -28.473 0.0000000000
143133  -36.945  47.879  -28.437 0.0000000000
143134  -42.909  48.758  -28.044 0.0000000000
143135  -43.636  48.527  -28.382 0.0000000000
143136  -44.348  48.254  -28.798 0.0000000000
143137  -48.095  48.529  -29.068 0.0000000000
143138  -48.485  48.013  -28.950 0.0000000000
143147  -44.162  48.803  -28.960 0.0000000000
143148  -44.787  48.482  -29.490 0.0000000000
143149  -45.390  48.123  -30.131 0.0000000000
143150  -47.907  48.563  -29.512 0.0000000000
143151  -48.170  47.818  -30.196 0.0000000000
143164  -45.105  48.670  -30.269 0.0000000000
143165  -45.516  48.316  -30.964 0.0000000000
143166  -47.657  48.524  -30.551 0.0000000000
143167  -48.100  47.861  -31.307 0.0000000000
143179  -45.609  48.183  -31.951 0.0000000000
143180  -47.644  48.495  -31.674 0.0000000000
143181  -48.006  47.989  -32.271 0.0000000000
143190  -45.664  48.124  -32.813 0.0000000000
143191  -47.663  48.543  -32.654 0.0000000000
143192  -47.881  48.137  -32.994 0.0000000000
143201  -45.873  48.084  -33.695 0.0000000000
143202  -46.385  48.077  -34.112 0.0000000000
143203  -47.556  48.465  -33.456 0.0000000000
143204  -47.721  48.197  -33.241 0.0000000000
143218  -46.011  48.435  -34.349 0.0000000000
143219  -46.581  48.564  -34.418 0.0000000000
143220  -47.145  48.696  -34.230 0.0000000000
144006  -32.773  49.954  -27.906 0.0000000000
144007  -33.237  49.893  -27.943 0.0000000000
144008  -34.213  49.736  -27.997 0.0000000000
144009  -35.336  49.336  -28.012 0.0000000000
144010  -36.444  49.395  -27.784 0.0000000000
144011  -37.542  49.358  -27.621 0.0000000000
144012  -38.643  49.418  -27.466 0.0000000000
144013  -39.759  49.501  -27.441 0.0000000000
144014  -40.837  49.440  -27.614 0.0000000000
144015  -41.779  49.295  -27.879 0.0000000000
144016  -42.435  49.111  -28.034 0.0000000000
144032  -32.439  49.583  -28.204 0.0000000000
144033  -33.650  49.185  -28.357 0.0000000000
144034  -34.676  49.010  -28.314 0.0000000000
144035  -35.154  48.972  -28.255 0.0000000000
144036  -42.222  49.630  -28.211 0.0000000000
144037  -42.913  49.423  -28.412 0.0000000000
144038  -43.679  49.319  -28.867 0.0000000000
144056  -44.206  49.327  -29.464 0.0000000000
144057  -44.709  49.096  -30.030 0.0000000000
144059  -47.304  49.567  -29.717 0.0000000000
144071  -44.343  49.660  -30.234 0.0000000000
144072  -44.913  49.155  -30.826 0.0000000000
144073  -45.245  48.798  -31.575 0.0000000000
144074  -46.840  49.891  -30.463 0.0000000000
144075  -47.173  49.159  -30.994 0.0000000000
144080  -44.384  49.776  -31.018 0.0000000000
144081  -44.747  49.406  -31.769 0.0000000000
144082  -45.256  48.763  -32.341 0.0000000000
144083  -46.718  49.713  -31.516 0.0000000000
144084  -47.208  49.077  -32.133 0.0000000000
144089  -44.856  49.295  -32.645 0.0000000000
144090  -45.323  48.704  -33.214 0.0000000000
144091  -46.823  49.696  -32.644 0.0000000000
144092  -47.382  49.148  -33.162 0.0000000000
144098  -44.957  49.362  -33.500 0.0000000000
144099  -45.496  48.812  -34.062 0.0000000000
144100  -46.966  49.769  -33.725 0.0000000000
144101  -47.283  49.133  -34.053 0.0000000000
144112  -45.093  49.500  -34.373 0.0000000000
144113  -45.844  49.145  -34.753 0.0000000000
144114  -46.673  49.545  -34.715 0.0000000000
144115  -47.105  49.105  -34.411 0.0000000000
144127  -45.181  49.753  -35.063 0.0000000000
144128  -45.726  49.895  -35.361 0.0000000000
144129  -46.137  50.255  -35.421 0.0000000000
144818  -24.806  50.821  -27.865 0.0000000000
144819  -25.770  50.822  -27.749 0.0000000000
144820  -26.770  50.794  -27.689 0.0000000000
144821  -27.786  50.769  -27.712 0.0000000000
144822  -28.809  50.719  -27.712 0.0000000000
144823  -29.837  50.688  -27.699 0.0000000000
144824  -30.831  50.707  -27.675 0.0000000000
144825  -31.734  50.718  -27.700 0.0000000000
144826  -32.645  50.446  -27.752 0.0000000000
144827  -33.656  50.537  -27.762 0.0000000000
144828  -34.676  50.432  -27.760 0.0000000000
144829  -35.731  50.351  -27.703 0.0000000000
144830  -36.807  50.366  -27.587 0.0000000000
144831  -37.908  50.373  -27.560 0.0000000000
144832  -39.006  50.407  -27.629 0.0000000000
144833  -40.224  50.621  -27.924 0.0000000000
144834  -41.333  50.100  -28.049 0.0000000000
144835  -41.862  49.866  -28.180 0.0000000000
144843  -25.361  50.303  -28.311 0.0000000000
144844  -26.320  50.243  -28.209 0.0000000000
144845  -27.316  50.179  -28.183 0.0000000000
144846  -28.331  50.087  -28.187 0.0000000000
144847  -29.376  49.955  -28.172 0.0000000000
144848  -30.440  49.900  -28.037 0.0000000000
144849  -31.456  50.034  -27.915 0.0000000000
144850  -32.078  50.188  -27.849 0.0000000000
144851  -40.516  51.175  -28.493 0.0000000000
144852  -41.089  50.786  -28.468 0.0000000000
144853  -42.132  50.409  -28.722 0.0000000000
144854  -43.241  49.988  -29.037 0.0000000000
144855  -43.749  49.692  -29.226 0.0000000000
144869  -42.302  50.887  -29.391 0.0000000000
144870  -42.960  50.690  -29.730 0.0000000000
144871  -43.783  50.020  -29.660 0.0000000000
144878  -43.165  50.843  -30.932 0.0000000000
144879  -43.796  50.246  -30.543 0.0000000000
144880  -46.403  50.474  -30.915 0.0000000000
144884  -43.178  50.921  -32.015 0.0000000000
144885  -43.998  50.202  -31.767 0.0000000000
144886  -44.512  49.709  -32.234 0.0000000000
144887  -45.897  50.981  -32.442 0.0000000000
144888  -46.315  50.345  -32.005 0.0000000000
144892  -43.147  50.992  -32.597 0.0000000000
144893  -43.694  50.610  -32.924 0.0000000000
144894  -44.437  49.892  -32.794 0.0000000000
144895  -46.023  51.017  -33.493 0.0000000000
144896  -46.432  50.375  -33.119 0.0000000000
144901  -43.883  50.566  -34.123 0.0000000000
144902  -44.482  50.042  -33.747 0.0000000000
144903  -46.152  51.081  -34.079 0.0000000000
144904  -46.469  50.576  -34.235 0.0000000000
144912  -44.086  50.588  -34.966 0.0000000000
144913  -44.574  50.124  -34.695 0.0000000000
144914  -46.379  50.559  -35.122 0.0000000000
144924  -43.968  50.864  -35.406 0.0000000000
144925  -44.723  50.489  -35.543 0.0000000000
144926  -45.560  50.634  -35.719 0.0000000000
144927  -45.983  50.767  -35.563 0.0000000000
145605  -24.234  51.512  -27.672 0.0000000000
145606  -25.200  51.530  -27.544 0.0000000000
145607  -26.200  51.529  -27.461 0.0000000000
145608  -27.217  51.524  -27.471 0.0000000000
145609  -28.233  51.512  -27.513 0.0000000000
145610  -29.247  51.501  -27.531 0.0000000000
145611  -30.247  51.495  -27.546 0.0000000000
145612  -31.204  51.498  -27.613 0.0000000000
145613  -32.127  51.429  -27.645 0.0000000000
145614  -33.072  51.370  -27.660 0.0000000000
145615  -34.053  51.345  -27.697 0.0000000000
145616  -35.053  51.288  -27.740 0.0000000000
145617  -36.067  51.273  -27.760 0.0000000000
145618  -37.159  51.384  -27.766 0.0000000000
145619  -38.278  51.205  -27.884 0.0000000000
145620  -39.210  51.221  -28.049 0.0000000000
145627  -37.726  51.918  -28.305 0.0000000000
145628  -38.647  51.806  -28.498 0.0000000000
145629  -39.836  51.814  -28.845 0.0000000000
145630  -40.900  51.382  -28.963 0.0000000000
145631  -41.461  50.973  -28.887 0.0000000000
145641  -39.913  52.154  -29.735 0.0000000000
145642  -40.621  51.885  -29.960 0.0000000000
145643  -41.749  51.263  -29.521 0.0000000000
145644  -42.366  51.068  -29.707 0.0000000000
145653  -39.990  51.951  -31.549 0.0000000000
145654  -40.745  51.825  -31.137 0.0000000000
145655  -41.595  51.586  -30.658 0.0000000000
145656  -42.412  51.228  -30.288 0.0000000000
145662  -38.268  52.180  -32.512 0.0000000000
145663  -39.045  52.085  -32.407 0.0000000000
145664  -39.802  51.897  -32.331 0.0000000000
145665  -40.640  51.774  -32.128 0.0000000000
145666  -41.561  51.598  -31.792 0.0000000000
145667  -42.423  51.307  -31.367 0.0000000000
145668  -45.601  51.760  -31.828 0.0000000000
145669  -46.014  51.130  -31.414 0.0000000000
145673  -38.116  52.382  -32.846 0.0000000000
145674  -38.798  52.296  -32.794 0.0000000000
145675  -39.546  52.020  -32.925 0.0000000000
145676  -40.430  51.806  -33.014 0.0000000000
145677  -41.446  51.638  -32.905 0.0000000000
145678  -42.549  51.276  -32.606 0.0000000000
145679  -43.141  51.005  -32.901 0.0000000000
145680  -45.041  52.125  -33.233 0.0000000000
145681  -45.435  51.591  -32.868 0.0000000000
145686  -38.118  52.563  -32.977 0.0000000000
145687  -38.596  52.518  -32.966 0.0000000000
145688  -39.342  52.413  -33.166 0.0000000000
145689  -40.169  52.193  -33.508 0.0000000000
145690  -41.275  52.011  -34.003 0.0000000000
145691  -42.357  51.477  -33.827 0.0000000000
145692  -43.161  51.017  -33.521 0.0000000000
145693  -45.105  52.122  -33.790 0.0000000000
145694  -45.612  51.563  -34.121 0.0000000000
145695  -46.187  51.092  -34.349 0.0000000000
145703  -41.678  52.216  -34.781 0.0000000000
145704  -42.441  51.888  -35.111 0.0000000000
145705  -43.377  51.116  -34.747 0.0000000000
145706  -45.770  51.578  -35.206 0.0000000000
145707  -46.208  51.112  -34.797 0.0000000000
145716  -42.957  52.062  -35.927 0.0000000000
145717  -43.796  51.527  -36.039 0.0000000000
145718  -44.960  51.142  -36.154 0.0000000000
145719  -45.607  51.345  -35.895 0.0000000000
145720  -46.071  51.076  -35.394 0.0000000000
145731  -44.305  52.126  -36.467 0.0000000000
145732  -44.716  51.796  -36.351 0.0000000000
145733  -45.158  51.533  -36.237 0.0000000000
146388  -23.594  52.245  -27.743 0.0000000000
146389  -24.625  52.288  -27.566 0.0000000000
146390  -25.624  52.309  -27.462 0.0000000000
146391  -26.635  52.313  -27.451 0.0000000000
146392  -27.647  52.308  -27.491 0.0000000000
146393  -28.652  52.301  -27.542 0.0000000000
146394  -29.653  52.303  -27.551 0.0000000000
146395  -30.635  52.296  -27.616 0.0000000000
146396  -31.584  52.316  -27.722 0.0000000000
146397  -32.495  52.210  -27.717 0.0000000000
146398  -33.424  52.221  -27.778 0.0000000000
146399  -34.406  52.165  -27.893 0.0000000000
146400  -35.367  52.095  -27.998 0.0000000000
146401  -36.282  52.094  -28.058 0.0000000000
146402  -36.990  52.165  -28.219 0.0000000000
146408  -23.323  53.039  -27.994 0.0000000000
146409  -32.007  52.813  -27.928 0.0000000000
146410  -32.705  52.996  -28.121 0.0000000000
146411  -33.735  53.002  -28.308 0.0000000000
146412  -34.732  52.805  -28.453 0.0000000000
146413  -35.631  52.720  -28.613 0.0000000000
146414  -36.464  52.584  -28.696 0.0000000000
146415  -37.214  52.434  -28.883 0.0000000000
146416  -38.010  52.280  -29.063 0.0000000000
146417  -38.801  52.202  -29.221 0.0000000000
146423  -35.982  52.988  -29.243 0.0000000000
146424  -36.636  52.764  -29.526 0.0000000000
146425  -37.387  52.569  -29.792 0.0000000000
146426  -38.232  52.416  -29.969 0.0000000000
146427  -39.225  52.291  -29.993 0.0000000000
146428  -39.861  52.170  -30.299 0.0000000000
146438  -36.022  53.013  -30.121 0.0000000000
146439  -36.695  52.737  -30.534 0.0000000000
146440  -37.511  52.500  -30.837 0.0000000000
146441  -38.444  52.335  -30.963 0.0000000000
146442  -39.380  52.182  -31.051 0.0000000000
146443  -40.121  52.047  -30.794 0.0000000000
146453  -35.932  52.844  -31.178 0.0000000000
146454  -36.671  52.501  -31.649 0.0000000000
146455  -37.652  52.229  -31.954 0.0000000000
146456  -38.668  52.126  -31.825 0.0000000000
146457  -39.353  52.022  -31.850 0.0000000000
146464  -35.341  52.692  -32.909 0.0000000000
146465  -35.679  52.660  -32.461 0.0000000000
146466  -36.674  52.317  -32.672 0.0000000000
146467  -37.504  52.258  -32.837 0.0000000000
146468  -44.773  52.644  -32.911 0.0000000000
146469  -45.157  52.584  -32.241 0.0000000000
146476  -35.403  52.691  -33.170 0.0000000000
146477  -35.943  52.591  -33.344 0.0000000000
146478  -36.798  52.589  -33.292 0.0000000000
146479  -37.647  52.619  -33.116 0.0000000000
146480  -38.284  52.759  -33.066 0.0000000000
146481  -39.063  52.844  -33.184 0.0000000000
146482  -39.991  52.832  -33.670 0.0000000000
146483  -40.655  52.492  -34.026 0.0000000000
146484  -44.698  52.609  -33.616 0.0000000000
146485  -45.078  52.222  -34.211 0.0000000000
146492  -40.674  52.940  -34.216 0.0000000000
146493  -41.230  52.695  -34.695 0.0000000000
146494  -41.899  52.463  -35.209 0.0000000000
146495  -44.701  52.709  -34.555 0.0000000000
146496  -45.275  52.168  -34.923 0.0000000000
146505  -41.802  53.017  -35.374 0.0000000000
146506  -42.509  52.708  -35.930 0.0000000000
146507  -43.246  52.346  -36.277 0.0000000000
146508  -44.830  52.755  -35.444 0.0000000000
146509  -45.337  52.108  -35.739 0.0000000000
146522  -43.170  52.942  -36.535 0.0000000000
146523  -43.873  52.639  -36.542 0.0000000000
146524  -44.682  52.660  -36.251 0.0000000000
146525  -45.169  51.896  -36.180 0.0000000000
147150  -24.118  53.030  -27.826 0.0000000000
147151  -25.069  53.064  -27.712 0.0000000000
147152  -26.056  53.079  -27.681 0.0000000000
147153  -27.053  53.083  -27.699 0.0000000000
147154  -28.047  53.063  -27.766 0.0000000000
147155  -29.039  53.057  -27.806 0.0000000000
147156  -30.042  53.077  -27.796 0.0000000000
147157  -30.996  53.003  -27.906 0.0000000000
147158  -31.567  52.936  -27.929 0.0000000000
147165  -23.656  53.648  -28.305 0.0000000000
147166  -24.557  53.694  -28.216 0.0000000000
147167  -25.499  53.723  -28.190 0.0000000000
147168  -26.460  53.747  -28.199 0.0000000000
147169  -27.426  53.729  -28.257 0.0000000000
147170  -28.395  53.694  -28.331 0.0000000000
147171  -29.387  53.713  -28.337 0.0000000000
147172  -30.424  53.679  -28.370 0.0000000000
147173  -31.629  53.518  -28.407 0.0000000000
147174  -32.857  53.948  -29.038 0.0000000000
147175  -34.162  53.492  -29.118 0.0000000000
147176  -35.042  53.146  -29.122 0.0000000000
147177  -35.534  53.073  -29.115 0.0000000000
147184  -32.850  54.306  -29.914 0.0000000000
147185  -33.678  54.081  -30.255 0.0000000000
147186  -34.744  53.507  -29.931 0.0000000000
147187  -35.455  53.204  -29.666 0.0000000000
147194  -33.953  53.970  -31.615 0.0000000000
147195  -34.655  53.606  -31.001 0.0000000000
147196  -35.371  53.271  -30.587 0.0000000000
147206  -34.165  53.714  -32.707 0.0000000000
147207  -34.728  53.418  -32.040 0.0000000000
147208  -35.277  53.153  -31.618 0.0000000000
147217  -34.415  53.553  -33.684 0.0000000000
147218  -34.969  52.988  -32.932 0.0000000000
147219  -35.166  53.019  -32.290 0.0000000000
147220  -37.287  53.674  -33.022 0.0000000000
147221  -38.108  53.755  -32.753 0.0000000000
147222  -38.951  53.985  -32.770 0.0000000000
147223  -39.415  54.151  -32.908 0.0000000000
147224  -44.586  53.413  -32.747 0.0000000000
147225  -45.043  53.336  -32.038 0.0000000000
147234  -34.535  53.695  -34.496 0.0000000000
147235  -35.186  53.044  -33.922 0.0000000000
147236  -36.032  53.211  -33.852 0.0000000000
147237  -37.032  53.077  -33.443 0.0000000000
147238  -37.820  53.128  -33.148 0.0000000000
147239  -38.628  53.289  -33.024 0.0000000000
147240  -39.608  53.670  -33.202 0.0000000000
147241  -40.724  53.697  -33.979 0.0000000000
147242  -41.248  54.190  -34.433 0.0000000000
147243  -43.959  54.023  -34.558 0.0000000000
147244  -44.236  53.364  -33.979 0.0000000000
147250  -34.556  53.921  -34.883 0.0000000000
147251  -34.978  53.596  -34.628 0.0000000000
147252  -35.370  53.397  -34.261 0.0000000000
147253  -41.002  53.222  -34.472 0.0000000000
147254  -41.482  53.706  -34.910 0.0000000000
147255  -44.139  53.962  -35.380 0.0000000000
147256  -44.349  53.368  -35.003 0.0000000000
147263  -42.197  53.685  -35.822 0.0000000000
147264  -42.845  53.619  -36.447 0.0000000000
147265  -44.269  53.979  -35.777 0.0000000000
147266  -44.505  53.533  -35.855 0.0000000000
147278  -43.554  53.561  -36.621 0.0000000000
147279  -44.188  53.436  -36.499 0.0000000000
147280  -44.450  53.399  -36.261 0.0000000000
147907  -23.187  54.164  -28.727 0.0000000000
147908  -24.049  54.291  -28.699 0.0000000000
147909  -24.969  54.270  -28.787 0.0000000000
147910  -25.891  54.234  -28.894 0.0000000000
147911  -26.810  54.244  -28.947 0.0000000000
147912  -27.734  54.246  -28.987 0.0000000000
147913  -28.681  54.280  -29.004 0.0000000000
147914  -29.675  54.259  -29.036 0.0000000000
147915  -30.708  54.226  -29.091 0.0000000000
147916  -31.641  54.224  -29.258 0.0000000000
147926  -23.478  54.867  -29.149 0.0000000000
147927  -24.455  54.881  -29.273 0.0000000000
147928  -25.370  54.729  -29.481 0.0000000000
147929  -26.248  54.654  -29.717 0.0000000000
147930  -27.101  54.568  -29.757 0.0000000000
147931  -27.962  54.522  -29.852 0.0000000000
147932  -28.889  54.493  -29.895 0.0000000000
147933  -29.867  54.525  -29.924 0.0000000000
147934  -30.887  54.602  -29.972 0.0000000000
147935  -32.027  54.526  -30.058 0.0000000000
147936  -32.726  54.413  -30.509 0.0000000000
147949  -26.637  54.812  -30.269 0.0000000000
147950  -27.264  54.722  -30.632 0.0000000000
147951  -28.141  54.590  -30.736 0.0000000000
147952  -29.025  54.620  -30.807 0.0000000000
147953  -29.987  54.710  -30.854 0.0000000000
147954  -31.017  54.845  -30.945 0.0000000000
147955  -32.024  54.666  -31.153 0.0000000000
147956  -32.996  54.403  -31.336 0.0000000000
147968  -27.661  54.738  -31.290 0.0000000000
147969  -28.255  54.694  -31.599 0.0000000000
147970  -29.138  54.740  -31.646 0.0000000000
147971  -30.053  54.821  -31.795 0.0000000000
147972  -31.100  54.900  -31.997 0.0000000000
147973  -32.213  54.720  -32.215 0.0000000000
147974  -33.270  54.325  -32.440 0.0000000000
147975  -36.823  54.814  -32.312 0.0000000000
147976  -37.163  54.819  -32.192 0.0000000000
147977  -37.803  54.895  -32.007 0.0000000000
147978  -44.963  54.888  -31.777 0.0000000000
147988  -28.566  54.828  -32.145 0.0000000000
147989  -29.198  54.906  -32.338 0.0000000000
147990  -30.108  55.043  -32.713 0.0000000000
147991  -31.323  54.954  -33.067 0.0000000000
147992  -32.522  54.663  -33.346 0.0000000000
147993  -33.593  54.153  -33.498 0.0000000000
147994  -36.299  54.250  -33.329 0.0000000000
147995  -36.713  54.458  -32.712 0.0000000000
147996  -37.577  54.319  -32.460 0.0000000000
147997  -38.461  54.622  -32.294 0.0000000000
147998  -39.466  54.743  -32.578 0.0000000000
147999  -40.058  55.428  -32.661 0.0000000000
148000  -44.678  54.606  -32.258 0.0000000000
148001  -45.053  53.895  -31.944 0.0000000000
148008  -30.616  55.321  -33.515 0.0000000000
148009  -31.697  55.052  -34.351 0.0000000000
148010  -33.069  54.549  -34.419 0.0000000000
148011  -33.920  53.977  -34.325 0.0000000000
148012  -35.978  54.050  -33.868 0.0000000000
148013  -36.558  53.725  -33.439 0.0000000000
148014  -39.705  54.290  -32.974 0.0000000000
148015  -40.328  54.727  -33.221 0.0000000000
148016  -41.085  54.763  -34.103 0.0000000000
148017  -43.885  54.656  -34.396 0.0000000000
148018  -44.056  54.417  -33.535 0.0000000000
148025  -31.854  55.253  -35.178 0.0000000000
148026  -32.601  54.979  -35.535 0.0000000000
148027  -33.904  54.238  -35.246 0.0000000000
148028  -34.702  54.256  -35.040 0.0000000000
148029  -35.375  53.858  -34.491 0.0000000000
148030  -41.590  54.744  -34.816 0.0000000000
148031  -43.910  54.524  -35.007 0.0000000000
148039  -32.864  55.298  -36.268 0.0000000000
148040  -33.525  55.007  -36.246 0.0000000000
148041  -34.340  54.866  -35.804 0.0000000000
148042  -42.109  54.628  -35.567 0.0000000000
148043  -42.687  54.484  -36.241 0.0000000000
148044  -44.032  54.404  -35.747 0.0000000000
148045  -44.334  53.945  -36.014 0.0000000000
148057  -43.278  54.320  -36.525 0.0000000000
148058  -43.819  54.300  -36.332 0.0000000000
148059  -44.273  53.843  -36.215 0.0000000000
148685  -23.931  55.743  -29.629 0.0000000000
148686  -24.967  55.412  -29.757 0.0000000000
148687  -25.783  55.126  -30.072 0.0000000000
148688  -26.245  54.933  -30.265 0.0000000000
148703  -24.153  56.320  -29.785 0.0000000000
148704  -24.693  56.110  -29.890 0.0000000000
148705  -25.525  55.800  -30.160 0.0000000000
148706  -26.485  55.331  -30.576 0.0000000000
148707  -27.290  55.146  -31.260 0.0000000000
148708  -35.765  56.352  -30.919 0.0000000000
148709  -36.398  55.998  -31.087 0.0000000000
148710  -37.234  55.785  -31.185 0.0000000000
148711  -37.778  55.718  -31.290 0.0000000000
148712  -43.759  56.089  -30.729 0.0000000000
148723  -27.677  54.908  -31.745 0.0000000000
148724  -27.996  54.986  -32.201 0.0000000000
148725  -34.801  56.228  -32.258 0.0000000000
148726  -35.476  55.892  -31.824 0.0000000000
148727  -36.590  55.145  -32.021 0.0000000000
148728  -37.483  55.284  -31.664 0.0000000000
148729  -38.316  55.553  -31.609 0.0000000000
148730  -39.061  55.937  -31.724 0.0000000000
148731  -44.701  55.415  -31.756 0.0000000000
148741  -28.566  55.136  -32.467 0.0000000000
148742  -29.166  55.273  -32.708 0.0000000000
148743  -29.840  55.557  -32.975 0.0000000000
148744  -34.879  55.835  -32.899 0.0000000000
148745  -35.815  54.863  -33.022 0.0000000000
148746  -36.368  54.802  -32.580 0.0000000000
148747  -38.992  55.309  -32.044 0.0000000000
148748  -39.616  55.818  -32.183 0.0000000000
148749  -40.168  56.112  -32.538 0.0000000000
148750  -44.278  55.518  -33.043 0.0000000000
148759  -30.298  55.769  -33.484 0.0000000000
148760  -30.860  55.667  -34.128 0.0000000000
148761  -34.937  55.352  -33.807 0.0000000000
148762  -35.307  54.593  -34.213 0.0000000000
148763  -40.542  55.893  -33.018 0.0000000000
148764  -40.987  55.725  -33.740 0.0000000000
148765  -43.846  54.931  -34.691 0.0000000000
148766  -43.937  55.348  -34.207 0.0000000000
148775  -31.408  55.633  -34.985 0.0000000000
148776  -31.928  55.464  -35.557 0.0000000000
148777  -34.615  55.375  -34.898 0.0000000000
148778  -35.036  54.451  -34.764 0.0000000000
148779  -41.486  55.677  -34.544 0.0000000000
148780  -43.814  55.140  -35.066 0.0000000000
148781  -43.892  56.022  -34.842 0.0000000000
148787  -31.703  55.878  -35.602 0.0000000000
148788  -32.294  55.790  -36.194 0.0000000000
148789  -33.174  55.818  -36.549 0.0000000000
148790  -34.020  56.185  -36.074 0.0000000000
148791  -42.050  55.621  -35.274 0.0000000000
148792  -42.731  55.527  -35.925 0.0000000000
148793  -43.544  55.515  -35.721 0.0000000000
148794  -43.792  56.480  -35.184 0.0000000000
148807  -32.809  56.418  -36.500 0.0000000000
148808  -33.381  56.670  -36.481 0.0000000000
148809  -33.742  57.109  -36.252 0.0000000000
148810  -43.167  54.980  -36.310 0.0000000000
148811  -43.488  54.796  -36.320 0.0000000000
149454  -23.337  56.047  -29.761 0.0000000000
149455  -25.871  56.928  -29.865 0.0000000000
149456  -26.720  56.726  -29.966 0.0000000000
149457  -27.716  56.767  -30.093 0.0000000000
149458  -28.315  56.920  -30.085 0.0000000000
149459  -40.681  57.575  -29.134 0.0000000000
149460  -41.254  57.099  -29.341 0.0000000000
149461  -42.336  56.561  -29.818 0.0000000000
149462  -43.055  56.243  -30.136 0.0000000000
149470  -23.578  56.642  -29.856 0.0000000000
149471  -24.438  56.775  -29.819 0.0000000000
149472  -25.214  56.650  -29.939 0.0000000000
149473  -26.146  56.220  -30.304 0.0000000000
149474  -27.256  56.006  -31.008 0.0000000000
149475  -28.523  56.582  -30.835 0.0000000000
149476  -29.255  56.738  -31.018 0.0000000000
149477  -34.765  57.131  -30.746 0.0000000000
149478  -35.542  56.906  -30.438 0.0000000000
149479  -36.326  56.742  -30.451 0.0000000000
149480  -37.140  56.563  -30.618 0.0000000000
149481  -38.000  56.376  -30.958 0.0000000000
149482  -42.689  57.070  -30.589 0.0000000000
149483  -43.345  56.680  -30.841 0.0000000000
149484  -43.883  56.267  -31.050 0.0000000000
149492  -27.652  55.319  -31.751 0.0000000000
149493  -28.285  55.728  -32.060 0.0000000000
149494  -29.349  56.473  -31.838 0.0000000000
149495  -29.999  56.639  -32.187 0.0000000000
149496  -34.634  56.712  -31.709 0.0000000000
149497  -35.207  56.540  -31.077 0.0000000000
149498  -38.787  56.543  -31.380 0.0000000000
149499  -39.409  56.653  -31.813 0.0000000000
149500  -43.731  57.144  -31.545 0.0000000000
149501  -44.135  56.640  -31.677 0.0000000000
149506  -28.697  55.447  -32.581 0.0000000000
149507  -29.084  55.798  -32.674 0.0000000000
149508  -29.927  56.251  -32.869 0.0000000000
149509  -34.407  56.714  -32.755 0.0000000000
149510  -39.942  56.741  -32.298 0.0000000000
149511  -40.444  56.785  -32.812 0.0000000000
149512  -44.416  56.597  -32.755 0.0000000000
149521  -30.579  56.223  -33.639 0.0000000000
149522  -31.081  56.227  -34.380 0.0000000000
149523  -34.397  56.537  -33.911 0.0000000000
149524  -40.876  56.730  -33.480 0.0000000000
149525  -41.355  56.676  -34.245 0.0000000000
149526  -44.263  56.541  -33.935 0.0000000000
149534  -31.502  56.272  -35.091 0.0000000000
149535  -34.231  57.212  -34.971 0.0000000000
149536  -41.867  56.586  -34.985 0.0000000000
149537  -44.136  56.882  -34.798 0.0000000000
149542  -31.954  56.435  -35.645 0.0000000000
149543  -32.451  56.739  -36.077 0.0000000000
149544  -33.426  58.038  -35.543 0.0000000000
149545  -33.875  57.650  -35.657 0.0000000000
149546  -42.472  56.547  -35.521 0.0000000000
149547  -43.154  56.603  -35.695 0.0000000000
149548  -43.667  56.793  -35.373 0.0000000000
149549  -43.955  56.957  -35.153 0.0000000000
149562  -32.927  57.119  -36.333 0.0000000000
149563  -33.384  57.404  -36.218 0.0000000000
149564  -33.667  57.590  -36.056 0.0000000000
150232  -39.573  58.006  -27.895 0.0000000000
150233  -40.102  57.879  -28.651 0.0000000000
150241  -24.772  58.003  -29.688 0.0000000000
150242  -25.201  57.636  -29.674 0.0000000000
150243  -26.220  57.552  -29.489 0.0000000000
150244  -27.212  57.439  -29.421 0.0000000000
150245  -28.232  57.443  -29.521 0.0000000000
150246  -29.154  57.687  -29.554 0.0000000000
150247  -29.870  57.864  -29.865 0.0000000000
150248  -34.582  58.367  -29.909 0.0000000000
150249  -34.943  58.268  -29.772 0.0000000000
150250  -35.669  58.168  -29.735 0.0000000000
150251  -40.519  58.149  -29.289 0.0000000000
150252  -41.047  57.923  -29.724 0.0000000000
150253  -41.653  57.428  -29.977 0.0000000000
150264  -24.276  57.785  -29.862 0.0000000000
150265  -24.763  57.197  -29.794 0.0000000000
150266  -28.742  57.106  -30.035 0.0000000000
150267  -29.381  57.170  -30.388 0.0000000000
150268  -30.228  57.563  -30.605 0.0000000000
150269  -33.897  58.288  -30.798 0.0000000000
150270  -34.280  58.076  -30.371 0.0000000000
150271  -35.190  57.598  -30.036 0.0000000000
150272  -36.156  57.598  -29.975 0.0000000000
150273  -36.965  57.450  -30.218 0.0000000000
150274  -37.764  57.447  -30.593 0.0000000000
150275  -41.569  58.077  -30.243 0.0000000000
150276  -42.235  57.728  -30.636 0.0000000000
150277  -42.877  57.436  -31.033 0.0000000000
150284  -29.737  56.963  -31.062 0.0000000000
150285  -30.358  57.136  -31.579 0.0000000000
150286  -30.827  57.302  -32.034 0.0000000000
150287  -33.858  58.148  -31.181 0.0000000000
150288  -34.175  57.526  -31.333 0.0000000000
150289  -38.537  57.427  -31.066 0.0000000000
150290  -39.178  57.446  -31.544 0.0000000000
150291  -42.785  58.076  -31.303 0.0000000000
150292  -43.429  57.796  -31.654 0.0000000000
150293  -43.966  57.488  -31.955 0.0000000000
150301  -30.432  56.848  -32.401 0.0000000000
150302  -30.960  57.204  -32.651 0.0000000000
150303  -33.888  58.018  -31.894 0.0000000000
150304  -34.090  57.495  -32.323 0.0000000000
150305  -39.685  57.510  -32.053 0.0000000000
150306  -40.185  57.610  -32.589 0.0000000000
150307  -43.986  58.113  -32.259 0.0000000000
150308  -44.374  57.699  -32.606 0.0000000000
150318  -30.589  56.657  -33.047 0.0000000000
150319  -31.192  56.921  -33.575 0.0000000000
150320  -31.629  57.201  -34.018 0.0000000000
150321  -33.898  58.506  -32.736 0.0000000000
150322  -34.090  57.783  -33.446 0.0000000000
150323  -40.649  57.660  -33.230 0.0000000000
150324  -41.138  57.677  -33.950 0.0000000000
150325  -44.618  57.579  -33.501 0.0000000000
150329  -31.530  56.780  -34.456 0.0000000000
150330  -31.999  57.501  -34.479 0.0000000000
150331  -34.144  57.809  -34.253 0.0000000000
150332  -41.720  57.683  -34.758 0.0000000000
150333  -42.299  58.023  -35.231 0.0000000000
150334  -44.486  57.587  -34.359 0.0000000000
150342  -31.815  56.823  -35.066 0.0000000000
150343  -32.282  57.210  -35.379 0.0000000000
150344  -32.775  58.453  -34.837 0.0000000000
150345  -33.728  59.676  -34.254 0.0000000000
150346  -42.214  57.291  -35.275 0.0000000000
150347  -42.848  57.563  -35.494 0.0000000000
150348  -43.539  57.481  -35.405 0.0000000000
150349  -44.097  57.572  -35.052 0.0000000000
150362  -32.691  57.448  -35.790 0.0000000000
150363  -33.026  57.750  -35.891 0.0000000000
151045  -38.533  59.036  -26.543 0.0000000000
151056  -38.562  59.284  -27.054 0.0000000000
151057  -38.935  58.717  -27.420 0.0000000000
151064  -27.233  59.097  -28.696 0.0000000000
151065  -28.141  59.063  -28.597 0.0000000000
151066  -28.998  59.195  -28.670 0.0000000000
151067  -29.474  59.421  -28.847 0.0000000000
151068  -39.586  58.747  -28.381 0.0000000000
151069  -40.224  58.804  -29.104 0.0000000000
151077  -24.912  58.608  -29.743 0.0000000000
151078  -25.788  58.488  -29.379 0.0000000000
151079  -26.724  58.336  -29.077 0.0000000000
151080  -27.704  58.229  -28.938 0.0000000000
151081  -28.688  58.323  -28.948 0.0000000000
151082  -29.693  58.761  -29.225 0.0000000000
151083  -30.510  58.509  -30.060 0.0000000000
151084  -34.562  58.878  -29.756 0.0000000000
151085  -35.505  58.870  -29.535 0.0000000000
151086  -36.480  58.693  -29.788 0.0000000000
151087  -37.070  59.138  -30.056 0.0000000000
151088  -40.779  58.747  -29.647 0.0000000000
151089  -41.273  58.712  -30.093 0.0000000000
151098  -24.347  58.687  -30.055 0.0000000000
151099  -31.059  58.161  -31.128 0.0000000000
151100  -31.420  58.489  -31.807 0.0000000000
151101  -33.781  58.777  -30.994 0.0000000000
151102  -34.039  58.705  -30.243 0.0000000000
151103  -36.782  58.045  -29.997 0.0000000000
151104  -37.389  58.537  -30.301 0.0000000000
151105  -38.271  58.439  -30.911 0.0000000000
151106  -41.848  58.748  -30.599 0.0000000000
151107  -42.501  58.768  -31.150 0.0000000000
151113  -30.927  57.594  -31.651 0.0000000000
151114  -31.283  57.847  -32.056 0.0000000000
151115  -33.821  58.582  -31.851 0.0000000000
151116  -38.942  58.351  -31.456 0.0000000000
151117  -39.438  58.193  -31.861 0.0000000000
151118  -43.162  58.796  -31.669 0.0000000000
151119  -43.777  58.793  -32.195 0.0000000000
151128  -31.452  57.645  -32.855 0.0000000000
151129  -39.836  58.414  -32.380 0.0000000000
151130  -40.360  58.542  -32.972 0.0000000000
151131  -44.369  58.744  -32.675 0.0000000000
151132  -44.749  58.551  -33.313 0.0000000000
151137  -31.749  57.712  -33.548 0.0000000000
151138  -40.875  58.622  -33.624 0.0000000000
151139  -41.445  58.685  -34.286 0.0000000000
151140  -44.854  58.308  -34.004 0.0000000000
151144  -42.049  58.781  -34.904 0.0000000000
151145  -42.902  58.679  -35.156 0.0000000000
151146  -43.753  58.771  -35.039 0.0000000000
151147  -44.433  58.510  -34.698 0.0000000000
151157  -43.413  58.144  -35.342 0.0000000000
151158  -43.964  58.121  -35.192 0.0000000000
151159  -44.204  58.085  -35.014 0.0000000000
151835  -38.337  59.708  -25.928 0.0000000000
151843  -38.434  59.790  -26.736 0.0000000000
151844  -38.695  59.724  -27.404 0.0000000000
151848  -26.884  59.854  -28.513 0.0000000000
151849  -27.661  59.828  -28.349 0.0000000000
151850  -28.523  59.878  -28.404 0.0000000000
151851  -29.273  59.941  -28.623 0.0000000000
151852  -39.201  59.639  -28.101 0.0000000000
151853  -39.854  59.642  -28.857 0.0000000000
151861  -25.003  59.282  -29.832 0.0000000000
151862  -25.461  59.469  -29.529 0.0000000000
151863  -26.309  59.386  -28.994 0.0000000000
151864  -29.863  59.831  -29.030 0.0000000000
151865  -30.478  59.590  -29.662 0.0000000000
151866  -33.619  60.279  -30.090 0.0000000000
151867  -34.296  59.968  -29.497 0.0000000000
151868  -35.200  59.765  -29.298 0.0000000000
151869  -36.118  59.688  -29.483 0.0000000000
151870  -36.880  59.711  -29.876 0.0000000000
151871  -40.631  59.777  -29.706 0.0000000000
151872  -41.016  59.209  -29.966 0.0000000000
151879  -25.066  59.545  -29.866 0.0000000000
151880  -31.079  59.378  -30.550 0.0000000000
151881  -31.454  59.210  -31.551 0.0000000000
151882  -33.608  59.881  -31.124 0.0000000000
151883  -33.840  59.345  -30.177 0.0000000000
151884  -37.436  59.658  -30.358 0.0000000000
151885  -38.064  59.507  -30.863 0.0000000000
151886  -41.061  60.176  -30.272 0.0000000000
151887  -41.416  59.639  -30.403 0.0000000000
151888  -42.202  59.620  -30.991 0.0000000000
151899  -31.784  58.679  -32.634 0.0000000000
151900  -33.806  59.491  -32.361 0.0000000000
151901  -38.713  59.358  -31.455 0.0000000000
151902  -39.369  59.205  -32.079 0.0000000000
151903  -42.900  59.658  -31.548 0.0000000000
151904  -43.560  59.629  -32.075 0.0000000000
151914  -39.982  59.416  -32.777 0.0000000000
151915  -40.573  59.522  -33.346 0.0000000000
151916  -44.152  59.589  -32.579 0.0000000000
151917  -44.655  59.522  -33.145 0.0000000000
151922  -41.220  59.630  -33.872 0.0000000000
151923  -41.857  59.660  -34.389 0.0000000000
151924  -44.921  59.259  -33.981 0.0000000000
151933  -42.606  59.649  -34.656 0.0000000000
151934  -43.431  59.563  -34.712 0.0000000000
151935  -44.168  59.378  -34.634 0.0000000000
151936  -44.566  59.252  -34.406 0.0000000000
152585  -38.327  60.545  -25.357 0.0000000000
152588  -38.392  60.567  -26.288 0.0000000000
152592  -38.614  60.505  -27.074 0.0000000000
152593  -38.979  60.492  -27.727 0.0000000000
152598  -25.679  60.789  -28.797 0.0000000000
152599  -26.160  60.485  -28.664 0.0000000000
152600  -27.130  60.595  -28.190 0.0000000000
152601  -28.068  60.652  -28.137 0.0000000000
152602  -28.921  60.709  -28.402 0.0000000000
152603  -34.150  61.344  -29.008 0.0000000000
152604  -34.399  61.318  -28.964 0.0000000000
152605  -39.534  60.605  -28.540 0.0000000000
152606  -40.040  60.352  -29.235 0.0000000000
152615  -25.029  60.779  -29.689 0.0000000000
152616  -25.370  60.573  -29.297 0.0000000000
152617  -25.859  59.987  -29.141 0.0000000000
152618  -29.651  60.710  -28.839 0.0000000000
152619  -30.292  60.630  -29.458 0.0000000000
152620  -33.501  60.945  -30.049 0.0000000000
152621  -33.927  61.036  -29.334 0.0000000000
152622  -34.871  60.823  -29.029 0.0000000000
152623  -35.824  60.652  -29.262 0.0000000000
152624  -36.624  60.606  -29.692 0.0000000000
152625  -39.914  61.004  -29.260 0.0000000000
152626  -40.370  60.784  -29.740 0.0000000000
152632  -25.176  59.917  -29.887 0.0000000000
152633  -30.872  60.498  -30.260 0.0000000000
152634  -31.309  60.329  -31.200 0.0000000000
152635  -33.385  60.866  -30.870 0.0000000000
152636  -37.272  60.575  -30.243 0.0000000000
152637  -37.878  60.532  -30.801 0.0000000000
152638  -40.835  60.692  -30.256 0.0000000000
152639  -41.387  60.634  -30.721 0.0000000000
152640  -41.888  60.267  -30.951 0.0000000000
152651  -31.688  60.166  -32.250 0.0000000000
152652  -33.642  60.702  -32.200 0.0000000000
152653  -38.559  60.528  -31.456 0.0000000000
152654  -39.071  60.123  -31.955 0.0000000000
152655  -41.885  60.852  -31.198 0.0000000000
152656  -42.513  60.581  -31.490 0.0000000000
152657  -43.291  60.446  -32.032 0.0000000000
152663  -32.342  59.923  -33.514 0.0000000000
152664  -39.091  60.956  -32.100 0.0000000000
152665  -39.648  60.580  -32.660 0.0000000000
152666  -40.240  60.246  -33.156 0.0000000000
152667  -43.817  60.316  -32.505 0.0000000000
152668  -44.299  60.288  -32.951 0.0000000000
152676  -32.897  60.187  -34.351 0.0000000000
152677  -40.289  61.040  -33.249 0.0000000000
152678  -40.871  60.657  -33.606 0.0000000000
152679  -41.682  60.587  -33.996 0.0000000000
152680  -43.321  60.842  -33.912 0.0000000000
152681  -43.651  60.720  -33.876 0.0000000000
152682  -44.343  60.314  -33.620 0.0000000000
152692  -42.370  60.461  -34.213 0.0000000000
152693  -43.118  60.537  -34.184 0.0000000000
152694  -43.950  60.147  -34.310 0.0000000000
152695  -44.497  59.742  -34.248 0.0000000000
153346  -39.583  61.548  -23.646 0.0000000000
153350  -38.600  61.487  -24.755 0.0000000000
153351  -38.974  61.652  -24.130 0.0000000000
153354  -38.494  61.368  -25.779 0.0000000000
153358  -38.747  61.420  -26.762 0.0000000000
153359  -38.966  61.980  -27.140 0.0000000000
153364  -38.859  60.984  -27.344 0.0000000000
153365  -39.128  61.499  -27.779 0.0000000000
153371  -24.719  61.845  -28.862 0.0000000000
153372  -25.569  61.392  -28.599 0.0000000000
153373  -26.578  61.450  -28.185 0.0000000000
153374  -27.571  61.506  -28.088 0.0000000000
153375  -28.474  61.548  -28.308 0.0000000000
153376  -29.275  61.582  -28.706 0.0000000000
153377  -33.627  62.184  -29.308 0.0000000000
153378  -34.118  61.782  -28.943 0.0000000000
153379  -34.836  61.751  -28.840 0.0000000000
153380  -39.504  61.634  -28.887 0.0000000000
153388  -25.068  61.233  -29.052 0.0000000000
153389  -29.963  61.581  -29.301 0.0000000000
153390  -30.580  61.558  -30.072 0.0000000000
153391  -33.307  61.725  -30.081 0.0000000000
153392  -33.694  61.648  -29.349 0.0000000000
153393  -35.587  61.623  -29.057 0.0000000000
153394  -36.370  61.558  -29.487 0.0000000000
153395  -37.075  61.543  -30.079 0.0000000000
153396  -39.995  61.658  -30.007 0.0000000000
153397  -40.534  61.174  -30.240 0.0000000000
153406  -31.114  61.453  -30.958 0.0000000000
153407  -31.406  61.192  -31.812 0.0000000000
153408  -33.347  61.870  -31.730 0.0000000000
153409  -37.659  61.463  -30.675 0.0000000000
153410  -38.200  61.503  -31.215 0.0000000000
153411  -40.291  62.149  -30.656 0.0000000000
153412  -40.943  61.631  -30.980 0.0000000000
153413  -41.565  61.171  -31.154 0.0000000000
153423  -31.830  61.559  -32.730 0.0000000000
153424  -33.656  61.534  -32.680 0.0000000000
153425  -38.766  61.734  -31.879 0.0000000000
153426  -41.574  62.190  -31.652 0.0000000000
153427  -42.049  61.610  -31.650 0.0000000000
153428  -43.043  61.393  -32.318 0.0000000000
153429  -43.528  60.806  -32.455 0.0000000000
153433  -32.511  61.821  -33.996 0.0000000000
153434  -39.366  61.821  -32.575 0.0000000000
153435  -39.988  61.842  -33.190 0.0000000000
153436  -43.299  61.610  -33.114 0.0000000000
153437  -43.835  60.917  -32.892 0.0000000000
153438  -44.183  60.593  -33.180 0.0000000000
153446  -33.097  60.838  -34.477 0.0000000000
153447  -40.684  61.811  -33.626 0.0000000000
153448  -41.455  61.631  -33.859 0.0000000000
153449  -42.350  61.324  -33.893 0.0000000000
153450  -43.132  61.153  -33.692 0.0000000000
153451  -43.747  60.933  -33.400 0.0000000000
153452  -44.038  60.760  -33.292 0.0000000000
153462  -42.653  60.847  -34.024 0.0000000000
153463  -42.815  60.989  -33.910 0.0000000000
154124  -33.715  62.658  -19.877 0.0000000000
154143  -33.108  62.391  -20.423 0.0000000000
154144  -33.903  62.630  -20.544 0.0000000000
154156  -31.551  62.389  -20.837 0.0000000000
154157  -32.340  62.326  -21.093 0.0000000000
154158  -33.191  62.457  -21.272 0.0000000000
154159  -34.024  62.700  -21.377 0.0000000000
154166  -30.925  62.632  -21.311 0.0000000000
154167  -31.525  62.525  -21.686 0.0000000000
154168  -32.397  62.517  -21.964 0.0000000000
154169  -33.310  62.673  -22.087 0.0000000000
154170  -34.072  62.925  -22.088 0.0000000000
154176  -39.575  62.137  -23.815 0.0000000000
154177  -40.129  62.347  -23.632 0.0000000000
154181  -38.787  62.032  -24.826 0.0000000000
154182  -39.249  62.345  -24.399 0.0000000000
154183  -39.801  62.763  -24.081 0.0000000000
154186  -38.816  62.087  -25.396 0.0000000000
154187  -39.304  62.724  -25.464 0.0000000000
154191  -38.747  61.860  -26.105 0.0000000000
154192  -39.097  62.447  -26.476 0.0000000000
154198  -39.073  62.484  -27.500 0.0000000000
154206  -24.270  62.804  -28.744 0.0000000000
154207  -25.116  62.561  -28.409 0.0000000000
154208  -26.076  62.439  -28.154 0.0000000000
154209  -27.095  62.438  -28.135 0.0000000000
154210  -28.028  62.414  -28.285 0.0000000000
154211  -28.811  62.442  -28.668 0.0000000000
154212  -33.661  62.617  -29.268 0.0000000000
154213  -33.977  62.663  -29.002 0.0000000000
154214  -34.574  62.530  -28.852 0.0000000000
154215  -38.904  63.123  -28.651 0.0000000000
154216  -39.148  62.398  -28.357 0.0000000000
154222  -29.520  62.473  -29.201 0.0000000000
154223  -30.192  62.518  -29.863 0.0000000000
154224  -32.983  63.323  -30.262 0.0000000000
154225  -33.327  62.804  -29.660 0.0000000000
154226  -33.713  62.861  -29.241 0.0000000000
154227  -35.323  62.569  -28.921 0.0000000000
154228  -36.108  62.501  -29.274 0.0000000000
154229  -36.791  62.505  -29.852 0.0000000000
154230  -38.912  63.254  -29.139 0.0000000000
154231  -39.250  62.704  -29.439 0.0000000000
154240  -30.787  62.627  -30.854 0.0000000000
154241  -31.256  62.406  -31.815 0.0000000000
154242  -33.073  62.805  -30.845 0.0000000000
154243  -37.543  62.617  -30.678 0.0000000000
154244  -37.928  62.068  -31.024 0.0000000000
154245  -39.813  62.685  -30.483 0.0000000000
154246  -40.461  62.722  -31.129 0.0000000000
154251  -30.977  63.005  -31.552 0.0000000000
154252  -37.864  63.251  -31.200 0.0000000000
154253  -38.264  62.727  -31.538 0.0000000000
154254  -41.184  62.757  -31.698 0.0000000000
154255  -41.968  62.684  -32.277 0.0000000000
154256  -42.492  62.096  -32.273 0.0000000000
154261  -38.955  62.860  -32.482 0.0000000000
154262  -39.632  62.892  -33.191 0.0000000000
154263  -42.216  62.999  -32.792 0.0000000000
154264  -42.644  62.470  -32.821 0.0000000000
154274  -33.243  61.461  -34.490 0.0000000000
154275  -40.404  62.830  -33.589 0.0000000000
154276  -41.170  62.694  -33.793 0.0000000000
154277  -41.952  62.432  -33.733 0.0000000000
154278  -42.641  62.057  -33.436 0.0000000000
154287  -33.586  61.321  -34.435 0.0000000000
154298  -33.385  62.334  -34.335 0.0000000000
154299  -33.697  61.577  -34.251 0.0000000000
154973  -34.495  63.053  -19.673 0.0000000000
154974  -35.403  63.579  -19.800 0.0000000000
154975  -35.948  63.887  -20.178 0.0000000000
154995  -34.731  62.965  -20.609 0.0000000000
154996  -35.466  63.402  -20.769 0.0000000000
154997  -36.206  63.811  -20.876 0.0000000000
155013  -30.315  63.026  -21.188 0.0000000000
155014  -34.774  63.067  -21.529 0.0000000000
155015  -35.523  63.510  -21.698 0.0000000000
155016  -36.299  63.904  -21.822 0.0000000000
155022  -30.576  62.954  -22.093 0.0000000000
155023  -31.515  62.832  -22.581 0.0000000000
155024  -32.536  62.921  -22.769 0.0000000000
155025  -33.537  63.131  -22.765 0.0000000000
155026  -34.613  63.415  -22.523 0.0000000000
155027  -35.596  63.926  -22.596 0.0000000000
155028  -36.314  64.229  -22.476 0.0000000000
155035  -30.617  63.439  -23.069 0.0000000000
155036  -31.690  63.436  -23.431 0.0000000000
155037  -32.796  63.477  -23.424 0.0000000000
155038  -33.827  63.770  -23.449 0.0000000000
155039  -34.799  64.073  -23.263 0.0000000000
155040  -35.465  64.404  -23.223 0.0000000000
155047  -32.224  63.864  -23.884 0.0000000000
155048  -32.982  64.033  -24.018 0.0000000000
155049  -33.671  64.340  -24.013 0.0000000000
155050  -39.746  62.908  -24.367 0.0000000000
155051  -40.346  63.231  -24.123 0.0000000000
155052  -41.197  63.961  -24.372 0.0000000000
155055  -39.747  63.165  -24.932 0.0000000000
155056  -40.541  63.829  -25.277 0.0000000000
155057  -41.325  64.341  -25.236 0.0000000000
155061  -39.787  63.426  -26.094 0.0000000000
155062  -40.485  64.099  -26.159 0.0000000000
155070  -38.817  63.897  -27.722 0.0000000000
155071  -39.179  63.584  -27.319 0.0000000000
155078  -24.639  63.572  -28.421 0.0000000000
155079  -25.601  63.483  -28.242 0.0000000000
155080  -26.622  63.437  -28.272 0.0000000000
155081  -27.640  63.397  -28.452 0.0000000000
155082  -28.383  63.115  -28.623 0.0000000000
155083  -34.062  63.014  -28.989 0.0000000000
155084  -34.299  63.006  -28.933 0.0000000000
155085  -38.736  63.731  -28.112 0.0000000000
155086  -38.934  63.031  -27.960 0.0000000000
155093  -28.267  63.767  -28.808 0.0000000000
155094  -29.010  63.519  -29.178 0.0000000000
155095  -29.747  63.211  -29.659 0.0000000000
155096  -32.889  63.726  -30.253 0.0000000000
155097  -33.164  63.659  -29.763 0.0000000000
155098  -33.884  63.392  -29.180 0.0000000000
155099  -34.801  63.465  -28.978 0.0000000000
155100  -35.834  63.574  -29.212 0.0000000000
155101  -36.468  63.231  -29.598 0.0000000000
155102  -38.667  63.808  -28.992 0.0000000000
155103  -38.948  63.495  -29.525 0.0000000000
155112  -29.618  63.924  -29.824 0.0000000000
155113  -30.216  63.593  -30.406 0.0000000000
155114  -32.873  63.718  -30.980 0.0000000000
155115  -36.458  63.962  -29.683 0.0000000000
155116  -36.992  63.642  -30.215 0.0000000000
155117  -38.798  64.109  -29.705 0.0000000000
155118  -39.325  63.765  -30.369 0.0000000000
155119  -40.024  63.422  -30.997 0.0000000000
155123  -30.725  63.723  -31.585 0.0000000000
155124  -37.620  63.816  -30.955 0.0000000000
155125  -38.074  63.894  -31.599 0.0000000000
155126  -39.942  64.189  -31.186 0.0000000000
155127  -40.682  63.850  -31.716 0.0000000000
155128  -41.384  63.435  -32.245 0.0000000000
155133  -30.822  64.443  -32.259 0.0000000000
155134  -38.570  63.905  -32.336 0.0000000000
155135  -39.286  64.096  -33.117 0.0000000000
155136  -41.177  64.166  -32.418 0.0000000000
155137  -41.765  63.591  -32.882 0.0000000000
155138  -42.263  63.066  -33.030 0.0000000000
155148  -40.116  63.887  -33.540 0.0000000000
155149  -40.874  63.666  -33.681 0.0000000000
155150  -41.526  63.422  -33.490 0.0000000000
155151  -42.200  62.920  -33.263 0.0000000000
155173  -33.508  62.481  -33.283 0.0000000000
155816  -35.962  64.113  -19.656 0.0000000000
155817  -36.776  64.480  -19.805 0.0000000000
155818  -37.574  64.905  -19.899 0.0000000000
155831  -36.963  64.230  -21.118 0.0000000000
155832  -37.784  64.759  -20.646 0.0000000000
155833  -38.402  65.007  -20.989 0.0000000000
155848  -36.918  64.340  -22.063 0.0000000000
155849  -37.558  64.576  -21.608 0.0000000000
155850  -38.173  64.881  -21.511 0.0000000000
155857  -36.020  64.393  -22.956 0.0000000000
155858  -36.692  64.735  -22.889 0.0000000000
155859  -37.463  64.806  -22.326 0.0000000000
155860  -37.890  64.823  -21.977 0.0000000000
155867  -30.761  64.021  -23.819 0.0000000000
155868  -31.566  64.035  -24.022 0.0000000000
155869  -34.264  64.380  -23.760 0.0000000000
155870  -34.942  64.864  -23.770 0.0000000000
155871  -35.933  64.926  -23.404 0.0000000000
155872  -36.455  65.103  -23.308 0.0000000000
155881  -31.100  64.536  -24.419 0.0000000000
155882  -32.154  64.479  -24.399 0.0000000000
155883  -33.169  64.736  -24.422 0.0000000000
155884  -34.083  64.939  -24.227 0.0000000000
155885  -34.577  65.210  -24.169 0.0000000000
155886  -41.977  64.532  -24.674 0.0000000000
155887  -42.929  65.151  -25.032 0.0000000000
155891  -41.064  64.363  -25.851 0.0000000000
155892  -41.920  64.940  -25.817 0.0000000000
155893  -42.655  65.294  -25.730 0.0000000000
155897  -39.874  64.399  -26.740 0.0000000000
155898  -40.933  64.800  -26.436 0.0000000000
155899  -41.536  65.235  -26.335 0.0000000000
155908  -38.643  64.456  -27.785 0.0000000000
155909  -39.101  64.582  -27.194 0.0000000000
155914  -24.092  64.520  -28.528 0.0000000000
155915  -25.088  64.483  -28.372 0.0000000000
155916  -26.119  64.460  -28.424 0.0000000000
155917  -27.133  64.410  -28.604 0.0000000000
155918  -27.830  64.190  -28.766 0.0000000000
155919  -38.516  64.465  -28.550 0.0000000000
155928  -27.666  64.779  -28.911 0.0000000000
155929  -28.325  64.571  -29.230 0.0000000000
155930  -29.118  64.564  -29.773 0.0000000000
155931  -32.871  64.249  -30.184 0.0000000000
155932  -33.468  64.474  -29.595 0.0000000000
155933  -34.326  64.564  -29.231 0.0000000000
155934  -35.293  64.597  -29.230 0.0000000000
155935  -36.139  64.689  -29.526 0.0000000000
155936  -38.549  64.778  -29.347 0.0000000000
155944  -29.704  64.612  -30.406 0.0000000000
155945  -30.252  64.382  -30.996 0.0000000000
155946  -32.667  64.734  -30.969 0.0000000000
155947  -36.765  64.714  -30.076 0.0000000000
155948  -37.342  64.726  -30.713 0.0000000000
155949  -38.982  64.894  -30.221 0.0000000000
155950  -39.585  64.976  -31.005 0.0000000000
155954  -29.980  65.047  -31.039 0.0000000000
155955  -30.424  64.864  -31.684 0.0000000000
155956  -37.838  64.813  -31.422 0.0000000000
155957  -38.361  64.898  -32.095 0.0000000000
155958  -40.277  65.021  -31.628 0.0000000000
155959  -40.786  64.982  -32.229 0.0000000000
155963  -30.636  65.061  -32.351 0.0000000000
155964  -30.908  64.845  -32.756 0.0000000000
155965  -38.879  64.999  -32.778 0.0000000000
155966  -39.413  65.170  -33.191 0.0000000000
155967  -41.064  64.784  -32.862 0.0000000000
155968  -41.301  64.183  -33.279 0.0000000000
155981  -39.918  64.909  -33.458 0.0000000000
155982  -40.690  64.731  -33.370 0.0000000000
155983  -41.149  64.064  -33.525 0.0000000000
156572  -38.009  65.174  -19.964 0.0000000000
156573  -38.584  65.359  -20.449 0.0000000000
156574  -39.538  65.850  -20.634 0.0000000000
156575  -40.230  66.126  -21.110 0.0000000000
156592  -38.919  65.318  -21.425 0.0000000000
156593  -39.753  65.801  -21.589 0.0000000000
156594  -40.279  66.137  -21.751 0.0000000000
156601  -36.804  65.279  -23.255 0.0000000000
156602  -37.396  65.254  -22.966 0.0000000000
156603  -38.266  65.265  -22.398 0.0000000000
156604  -39.349  65.791  -22.396 0.0000000000
156605  -40.003  66.052  -22.152 0.0000000000
156612  -34.898  65.442  -24.149 0.0000000000
156613  -35.552  65.605  -23.922 0.0000000000
156614  -36.338  65.575  -23.567 0.0000000000
156615  -37.084  65.825  -23.445 0.0000000000
156616  -37.934  65.879  -23.255 0.0000000000
156617  -38.741  65.936  -23.023 0.0000000000
156626  -30.515  65.207  -24.759 0.0000000000
156627  -31.547  65.131  -24.900 0.0000000000
156628  -32.551  65.248  -24.852 0.0000000000
156629  -33.535  65.580  -24.716 0.0000000000
156630  -34.393  65.655  -24.456 0.0000000000
156631  -35.024  65.944  -24.316 0.0000000000
156632  -43.629  65.529  -25.358 0.0000000000
156640  -30.067  65.890  -25.062 0.0000000000
156641  -31.026  65.820  -25.213 0.0000000000
156642  -32.011  65.827  -25.261 0.0000000000
156643  -32.865  65.934  -25.123 0.0000000000
156644  -42.570  65.493  -26.050 0.0000000000
156645  -43.234  65.557  -25.876 0.0000000000
156646  -44.099  65.790  -25.880 0.0000000000
156647  -44.913  66.032  -25.557 0.0000000000
156648  -45.496  66.194  -25.252 0.0000000000
156652  -39.207  65.828  -26.781 0.0000000000
156653  -40.074  65.524  -26.596 0.0000000000
156654  -41.138  65.677  -26.450 0.0000000000
156655  -42.070  65.719  -26.344 0.0000000000
156656  -43.014  65.906  -26.395 0.0000000000
156657  -43.677  65.905  -26.316 0.0000000000
156667  -38.661  65.516  -27.339 0.0000000000
156668  -39.335  65.125  -26.883 0.0000000000
156673  -24.544  65.467  -28.514 0.0000000000
156674  -25.556  65.430  -28.570 0.0000000000
156675  -26.656  65.516  -28.798 0.0000000000
156676  -27.294  65.083  -28.854 0.0000000000
156677  -38.397  65.692  -28.648 0.0000000000
156686  -27.005  66.126  -29.227 0.0000000000
156687  -27.606  65.575  -29.323 0.0000000000
156688  -28.620  65.561  -30.026 0.0000000000
156689  -29.221  65.098  -30.218 0.0000000000
156690  -32.968  65.178  -30.060 0.0000000000
156691  -33.740  65.773  -29.591 0.0000000000
156692  -34.848  65.664  -29.344 0.0000000000
156693  -35.780  65.647  -29.507 0.0000000000
156694  -36.529  65.645  -29.963 0.0000000000
156695  -38.787  65.870  -29.948 0.0000000000
156699  -28.863  66.063  -30.547 0.0000000000
156700  -29.398  65.646  -30.730 0.0000000000
156701  -32.710  65.879  -30.705 0.0000000000
156702  -33.057  65.896  -30.009 0.0000000000
156703  -37.113  65.662  -30.575 0.0000000000
156704  -37.615  65.729  -31.256 0.0000000000
156705  -39.499  65.956  -30.726 0.0000000000
156706  -40.119  66.008  -31.373 0.0000000000
156710  -30.003  65.684  -31.481 0.0000000000
156711  -30.379  65.628  -32.147 0.0000000000
156712  -32.614  65.351  -31.632 0.0000000000
156713  -38.134  65.828  -31.912 0.0000000000
156714  -38.673  65.909  -32.531 0.0000000000
156715  -40.616  65.986  -31.975 0.0000000000
156716  -40.726  65.844  -32.606 0.0000000000
156720  -30.689  65.502  -32.832 0.0000000000
156721  -30.847  65.169  -32.961 0.0000000000
156722  -33.015  64.095  -32.291 0.0000000000
156723  -39.285  65.925  -32.993 0.0000000000
156724  -39.816  65.781  -33.319 0.0000000000
156725  -40.730  65.633  -33.099 0.0000000000
156736  -30.800  65.617  -33.225 0.0000000000
156737  -31.000  65.133  -33.155 0.0000000000
156738  -33.156  63.849  -33.216 0.0000000000
156739  -40.296  65.555  -33.355 0.0000000000
156740  -40.562  65.514  -33.272 0.0000000000
157299  -40.796  66.406  -21.554 0.0000000000
157300  -41.502  66.762  -21.374 0.0000000000
157306  -39.981  66.292  -22.622 0.0000000000
157307  -40.597  66.422  -22.293 0.0000000000
157308  -41.352  66.641  -22.097 0.0000000000
157309  -42.075  66.904  -22.023 0.0000000000
157315  -36.026  66.006  -23.887 0.0000000000
157316  -36.538  66.300  -23.817 0.0000000000
157317  -37.462  66.739  -23.763 0.0000000000
157318  -38.501  66.627  -23.487 0.0000000000
157319  -39.495  66.528  -23.180 0.0000000000
157320  -40.468  66.749  -23.015 0.0000000000
157321  -41.318  66.855  -22.731 0.0000000000
157322  -41.796  66.897  -22.460 0.0000000000
157329  -34.039  66.064  -24.769 0.0000000000
157330  -34.571  66.525  -24.692 0.0000000000
157331  -35.691  66.562  -24.257 0.0000000000
157332  -36.677  67.069  -24.133 0.0000000000
157333  -37.194  67.297  -24.081 0.0000000000
157334  -45.840  66.397  -25.230 0.0000000000
157335  -46.250  66.681  -25.032 0.0000000000
157340  -29.610  66.516  -25.323 0.0000000000
157341  -30.542  66.489  -25.501 0.0000000000
157342  -31.520  66.487  -25.581 0.0000000000
157343  -32.535  66.553  -25.501 0.0000000000
157344  -33.654  66.543  -25.150 0.0000000000
157345  -34.258  66.905  -25.043 0.0000000000
157346  -44.087  66.093  -26.332 0.0000000000
157347  -44.626  66.314  -26.212 0.0000000000
157348  -45.591  66.750  -25.819 0.0000000000
157349  -46.091  67.056  -25.526 0.0000000000
157353  -38.780  66.587  -26.963 0.0000000000
157354  -39.559  66.598  -26.500 0.0000000000
157355  -40.562  66.548  -26.286 0.0000000000
157356  -41.609  66.515  -26.342 0.0000000000
157357  -42.629  66.599  -26.461 0.0000000000
157358  -43.804  66.621  -26.498 0.0000000000
157359  -44.882  67.056  -26.441 0.0000000000
157360  -45.389  67.257  -26.219 0.0000000000
157370  -38.384  66.687  -27.827 0.0000000000
157374  -23.982  66.450  -28.580 0.0000000000
157375  -25.035  66.478  -28.698 0.0000000000
157376  -25.882  66.204  -28.811 0.0000000000
157377  -38.486  67.011  -28.801 0.0000000000
157386  -25.683  66.882  -28.980 0.0000000000
157387  -26.416  66.667  -29.247 0.0000000000
157388  -27.242  66.673  -29.696 0.0000000000
157389  -27.950  66.293  -29.924 0.0000000000
157390  -33.823  66.927  -29.681 0.0000000000
157391  -34.540  66.735  -29.489 0.0000000000
157392  -35.460  66.660  -29.560 0.0000000000
157393  -36.347  66.630  -29.925 0.0000000000
157394  -38.864  66.922  -29.768 0.0000000000
157399  -27.759  66.928  -30.165 0.0000000000
157400  -28.412  66.668  -30.550 0.0000000000
157401  -29.023  66.386  -30.892 0.0000000000
157402  -32.692  66.841  -30.849 0.0000000000
157403  -33.141  66.688  -30.107 0.0000000000
157404  -37.008  66.561  -30.477 0.0000000000
157405  -37.532  66.608  -31.090 0.0000000000
157406  -39.467  66.893  -30.647 0.0000000000
157407  -40.008  66.890  -31.236 0.0000000000
157411  -28.852  66.938  -31.214 0.0000000000
157412  -29.491  66.546  -31.544 0.0000000000
157413  -30.058  66.222  -31.965 0.0000000000
157414  -32.523  66.389  -31.589 0.0000000000
157415  -38.065  66.699  -31.703 0.0000000000
157416  -38.575  66.781  -32.274 0.0000000000
157417  -40.454  66.875  -31.822 0.0000000000
157418  -40.572  66.746  -32.395 0.0000000000
157422  -29.881  66.746  -32.189 0.0000000000
157423  -30.301  66.360  -32.608 0.0000000000
157424  -32.589  65.652  -32.469 0.0000000000
157425  -39.193  66.795  -32.739 0.0000000000
157426  -39.828  66.657  -33.136 0.0000000000
157427  -40.477  66.554  -32.993 0.0000000000
157440  -30.640  66.134  -33.257 0.0000000000
157441  -30.907  65.661  -33.480 0.0000000000
157442  -32.790  64.808  -33.127 0.0000000000
157443  -40.205  66.161  -33.269 0.0000000000
157444  -40.481  65.941  -33.232 0.0000000000
157456  -30.880  66.086  -33.707 0.0000000000
157457  -31.371  65.307  -33.699 0.0000000000
157458  -32.545  64.127  -33.771 0.0000000000
157959  -42.925  67.298  -21.871 0.0000000000
157960  -43.886  67.703  -22.332 0.0000000000
157968  -37.570  67.498  -24.071 0.0000000000
157969  -38.223  67.433  -23.890 0.0000000000
157970  -39.143  67.377  -23.715 0.0000000000
157971  -40.137  67.373  -23.542 0.0000000000
157972  -41.229  67.388  -23.436 0.0000000000
157973  -42.486  67.298  -22.918 0.0000000000
157974  -44.012  67.855  -23.298 0.0000000000
157975  -45.211  68.179  -23.541 0.0000000000
157982  -34.520  67.097  -24.936 0.0000000000
157983  -35.069  67.420  -24.783 0.0000000000
157984  -36.097  67.664  -24.510 0.0000000000
157985  -37.052  67.908  -24.284 0.0000000000
157986  -41.984  67.794  -23.753 0.0000000000
157987  -42.965  67.986  -23.949 0.0000000000
157988  -44.247  68.254  -24.217 0.0000000000
157989  -45.354  68.301  -24.451 0.0000000000
157990  -46.124  68.022  -24.769 0.0000000000
157991  -46.427  67.335  -24.852 0.0000000000
157996  -29.139  67.183  -25.718 0.0000000000
157997  -30.031  67.106  -25.877 0.0000000000
157998  -30.999  67.080  -25.995 0.0000000000
157999  -32.010  67.148  -26.011 0.0000000000
158000  -33.123  67.407  -25.858 0.0000000000
158001  -34.251  67.507  -25.359 0.0000000000
158002  -34.943  68.116  -25.247 0.0000000000
158003  -40.429  68.309  -25.841 0.0000000000
158004  -40.879  68.234  -25.841 0.0000000000
158005  -41.736  68.166  -26.068 0.0000000000
158006  -42.466  68.158  -26.278 0.0000000000
158007  -45.503  67.985  -25.873 0.0000000000
158008  -45.867  67.668  -25.591 0.0000000000
158009  -46.265  67.186  -25.312 0.0000000000
158014  -28.697  67.745  -26.051 0.0000000000
158015  -29.432  67.707  -26.323 0.0000000000
158016  -30.442  67.650  -26.442 0.0000000000
158017  -31.440  67.687  -26.474 0.0000000000
158018  -32.387  67.848  -26.427 0.0000000000
158019  -33.125  68.149  -26.384 0.0000000000
158020  -39.064  67.438  -26.572 0.0000000000
158021  -40.013  67.859  -26.006 0.0000000000
158022  -41.145  67.403  -26.050 0.0000000000
158023  -42.114  67.394  -26.324 0.0000000000
158024  -43.133  67.657  -26.442 0.0000000000
158025  -44.197  67.728  -26.455 0.0000000000
158026  -45.186  67.875  -26.184 0.0000000000
158027  -45.587  67.387  -26.029 0.0000000000
158037  -38.514  67.649  -27.239 0.0000000000
158042  -24.365  67.424  -28.784 0.0000000000
158043  -25.183  67.462  -28.999 0.0000000000
158044  -38.414  67.838  -28.339 0.0000000000
158054  -25.818  67.543  -29.341 0.0000000000
158055  -26.615  67.768  -29.847 0.0000000000
158056  -27.333  67.389  -30.127 0.0000000000
158057  -34.296  67.696  -29.662 0.0000000000
158058  -35.165  67.679  -29.574 0.0000000000
158059  -36.150  67.638  -29.796 0.0000000000
158060  -37.223  67.652  -30.503 0.0000000000
158061  -37.906  68.215  -31.033 0.0000000000
158062  -38.889  67.976  -29.583 0.0000000000
158067  -27.217  67.981  -30.369 0.0000000000
158068  -27.789  67.586  -30.609 0.0000000000
158069  -28.362  67.552  -31.146 0.0000000000
158070  -32.983  67.657  -30.630 0.0000000000
158071  -33.556  67.709  -29.980 0.0000000000
158072  -37.477  67.156  -30.897 0.0000000000
158073  -38.326  67.722  -31.411 0.0000000000
158074  -39.644  67.948  -30.949 0.0000000000
158075  -39.908  67.433  -31.160 0.0000000000
158079  -29.042  67.581  -31.897 0.0000000000
158080  -29.593  67.095  -32.088 0.0000000000
158081  -32.612  67.492  -31.443 0.0000000000
158082  -38.530  67.283  -31.983 0.0000000000
158083  -39.276  67.661  -32.322 0.0000000000
158084  -40.281  67.687  -31.881 0.0000000000
158085  -40.480  67.340  -32.331 0.0000000000
158089  -29.251  68.016  -32.481 0.0000000000
158090  -29.851  67.407  -32.789 0.0000000000
158091  -30.362  66.724  -33.083 0.0000000000
158092  -32.452  67.048  -32.385 0.0000000000
158093  -39.683  67.382  -32.811 0.0000000000
158094  -40.140  67.301  -32.961 0.0000000000
158095  -40.409  67.288  -32.666 0.0000000000
158106  -30.223  67.641  -33.478 0.0000000000
158107  -30.566  66.922  -33.593 0.0000000000
158108  -32.459  66.170  -33.358 0.0000000000
158119  -31.095  66.395  -34.039 0.0000000000
158120  -31.741  65.960  -34.238 0.0000000000
158121  -32.253  66.122  -34.096 0.0000000000
158597  -37.903  68.181  -24.164 0.0000000000
158598  -38.781  68.234  -24.055 0.0000000000
158599  -39.756  68.204  -23.975 0.0000000000
158600  -40.777  68.103  -23.915 0.0000000000
158601  -41.432  67.954  -23.904 0.0000000000
158605  -35.626  68.297  -24.973 0.0000000000
158606  -36.507  68.720  -24.723 0.0000000000
158607  -37.445  68.931  -24.335 0.0000000000
158608  -38.371  69.116  -24.132 0.0000000000
158609  -39.350  69.178  -24.054 0.0000000000
158610  -40.413  69.120  -24.074 0.0000000000
158611  -41.743  68.752  -24.182 0.0000000000
158612  -43.174  68.872  -24.609 0.0000000000
158613  -44.486  68.761  -25.119 0.0000000000
158614  -45.532  68.323  -25.157 0.0000000000
158615  -45.884  68.084  -25.291 0.0000000000
158621  -33.827  68.197  -26.082 0.0000000000
158622  -34.564  68.451  -25.747 0.0000000000
158623  -35.283  68.851  -25.536 0.0000000000
158624  -35.922  68.988  -25.198 0.0000000000
158625  -40.565  68.876  -25.762 0.0000000000
158626  -41.503  68.950  -25.807 0.0000000000
158627  -42.333  68.886  -26.061 0.0000000000
158628  -43.016  68.657  -26.297 0.0000000000
158629  -44.555  68.848  -25.789 0.0000000000
158630  -45.275  68.316  -25.693 0.0000000000
158631  -45.694  68.131  -25.470 0.0000000000
158643  -28.516  68.546  -26.717 0.0000000000
158644  -29.829  68.233  -26.949 0.0000000000
158645  -30.904  68.203  -26.973 0.0000000000
158646  -31.863  68.301  -26.916 0.0000000000
158647  -32.713  68.498  -26.832 0.0000000000
158648  -33.562  68.819  -26.738 0.0000000000
158649  -34.312  68.903  -26.361 0.0000000000
158650  -34.859  69.066  -26.052 0.0000000000
158651  -38.938  68.668  -26.523 0.0000000000
158652  -39.751  69.045  -25.913 0.0000000000
158653  -43.651  68.480  -26.339 0.0000000000
158654  -44.350  68.603  -26.211 0.0000000000
158655  -44.913  68.495  -26.043 0.0000000000
158663  -28.710  69.040  -27.394 0.0000000000
158664  -29.325  68.850  -27.498 0.0000000000
158665  -30.405  68.717  -27.540 0.0000000000
158666  -31.418  68.735  -27.475 0.0000000000
158667  -32.311  68.846  -27.354 0.0000000000
158668  -33.046  69.005  -27.236 0.0000000000
158669  -38.435  68.842  -27.715 0.0000000000
158676  -23.830  68.309  -28.835 0.0000000000
158677  -24.766  68.415  -29.120 0.0000000000
158678  -25.363  67.990  -29.274 0.0000000000
158679  -38.811  68.942  -29.058 0.0000000000
158689  -25.091  69.047  -29.453 0.0000000000
158690  -25.680  68.535  -29.610 0.0000000000
158691  -26.315  68.731  -30.058 0.0000000000
158692  -34.011  68.407  -29.905 0.0000000000
158693  -34.782  68.723  -29.721 0.0000000000
158694  -35.842  68.641  -29.678 0.0000000000
158695  -36.870  68.598  -30.045 0.0000000000
158696  -37.722  68.683  -30.699 0.0000000000
158697  -39.567  69.061  -30.507 0.0000000000
158698  -40.116  69.512  -30.954 0.0000000000
158702  -26.845  68.620  -30.392 0.0000000000
158703  -27.473  68.544  -30.897 0.0000000000
158704  -27.937  68.041  -31.058 0.0000000000
158705  -32.859  68.338  -31.177 0.0000000000
158706  -33.485  68.743  -30.557 0.0000000000
158707  -34.152  69.086  -30.098 0.0000000000
158708  -38.472  68.718  -31.266 0.0000000000
158709  -39.451  68.744  -31.506 0.0000000000
158710  -40.037  69.252  -31.281 0.0000000000
158713  -27.621  68.960  -31.337 0.0000000000
158714  -28.134  68.494  -31.584 0.0000000000
158715  -32.602  68.566  -32.076 0.0000000000
158716  -33.041  69.085  -31.371 0.0000000000
158717  -39.858  67.129  -32.813 0.0000000000
158718  -40.346  67.321  -32.721 0.0000000000
158719  -40.366  67.512  -32.563 0.0000000000
158723  -28.760  68.525  -32.350 0.0000000000
158724  -29.275  68.467  -32.900 0.0000000000
158725  -32.372  67.924  -33.076 0.0000000000
158726  -39.643  67.614  -32.714 0.0000000000
158727  -39.966  67.559  -32.833 0.0000000000
158728  -40.248  67.543  -32.781 0.0000000000
158740  -29.844  68.323  -33.438 0.0000000000
158741  -30.654  67.886  -33.858 0.0000000000
158742  -31.469  67.843  -33.965 0.0000000000
158743  -32.106  67.331  -33.853 0.0000000000
158755  -30.883  67.058  -34.024 0.0000000000
158756  -31.293  67.014  -34.187 0.0000000000
158757  -31.814  66.881  -34.240 0.0000000000
159188  -39.689  70.763  -23.770 0.0000000000
159189  -40.268  70.859  -23.761 0.0000000000
159190  -40.647  71.049  -23.839 0.0000000000
159195  -37.079  69.694  -24.713 0.0000000000
159196  -37.916  69.924  -24.326 0.0000000000
159197  -38.952  70.226  -23.946 0.0000000000
159198  -39.933  70.092  -23.844 0.0000000000
159199  -40.965  70.318  -24.085 0.0000000000
159200  -42.197  69.903  -24.610 0.0000000000
159201  -43.268  69.537  -25.321 0.0000000000
159202  -44.085  69.153  -25.557 0.0000000000
159207  -35.843  69.505  -25.672 0.0000000000
159208  -36.416  69.552  -25.211 0.0000000000
159209  -40.317  69.954  -25.653 0.0000000000
159210  -41.278  69.815  -25.625 0.0000000000
159211  -42.128  69.659  -25.748 0.0000000000
159212  -43.058  69.482  -25.968 0.0000000000
159213  -43.917  69.268  -25.906 0.0000000000
159224  -28.376  69.204  -27.324 0.0000000000
159225  -34.171  69.342  -26.851 0.0000000000
159226  -34.859  69.639  -26.628 0.0000000000
159227  -35.343  69.455  -26.062 0.0000000000
159228  -38.623  70.060  -27.067 0.0000000000
159229  -39.362  69.969  -26.123 0.0000000000
159230  -43.384  68.987  -26.259 0.0000000000
159231  -43.708  69.047  -26.203 0.0000000000
159236  -28.656  69.605  -28.052 0.0000000000
159237  -29.945  69.235  -28.186 0.0000000000
159238  -31.022  69.213  -28.088 0.0000000000
159239  -31.987  69.287  -27.915 0.0000000000
159240  -32.829  69.389  -27.683 0.0000000000
159241  -33.760  69.646  -27.453 0.0000000000
159242  -34.395  69.725  -27.093 0.0000000000
159243  -38.670  69.962  -28.431 0.0000000000
159253  -24.128  68.926  -28.939 0.0000000000
159254  -28.906  69.997  -28.795 0.0000000000
159255  -29.671  69.848  -28.966 0.0000000000
159256  -30.686  69.642  -28.714 0.0000000000
159257  -31.699  69.807  -28.673 0.0000000000
159258  -32.659  69.788  -28.252 0.0000000000
159259  -33.239  69.803  -27.934 0.0000000000
159260  -39.182  69.929  -29.692 0.0000000000
159267  -23.789  70.042  -29.024 0.0000000000
159268  -24.444  69.590  -29.250 0.0000000000
159269  -25.476  69.666  -29.837 0.0000000000
159270  -25.989  69.136  -29.980 0.0000000000
159271  -30.100  70.164  -29.437 0.0000000000
159272  -30.636  70.028  -29.255 0.0000000000
159273  -31.174  69.946  -29.044 0.0000000000
159274  -34.612  69.875  -30.073 0.0000000000
159275  -35.530  69.681  -29.747 0.0000000000
159276  -36.608  69.576  -29.822 0.0000000000
159277  -37.592  69.456  -30.295 0.0000000000
159278  -39.710  69.873  -30.659 0.0000000000
159279  -40.029  69.774  -31.303 0.0000000000
159283  -25.827  70.132  -30.284 0.0000000000
159284  -26.425  69.603  -30.497 0.0000000000
159285  -27.010  69.096  -30.710 0.0000000000
159286  -33.529  69.919  -31.083 0.0000000000
159287  -33.969  69.684  -30.463 0.0000000000
159288  -38.389  69.377  -30.917 0.0000000000
159289  -39.131  69.374  -31.400 0.0000000000
159290  -39.736  69.416  -31.516 0.0000000000
159294  -26.754  69.881  -30.957 0.0000000000
159295  -27.175  69.558  -31.189 0.0000000000
159296  -27.734  69.268  -31.657 0.0000000000
159297  -32.671  69.268  -32.309 0.0000000000
159298  -32.951  69.760  -32.049 0.0000000000
159303  -27.564  69.832  -31.863 0.0000000000
159304  -28.166  69.485  -32.308 0.0000000000
159305  -28.767  69.113  -32.815 0.0000000000
159306  -32.523  69.431  -32.745 0.0000000000
159307  -32.782  70.082  -32.579 0.0000000000
159319  -28.563  69.749  -32.954 0.0000000000
159320  -29.200  69.383  -33.332 0.0000000000
159321  -30.062  69.206  -33.713 0.0000000000
159322  -30.937  69.064  -33.702 0.0000000000
159323  -31.849  68.925  -33.485 0.0000000000
159754  -39.946  71.219  -23.706 0.0000000000
159755  -40.392  71.490  -23.777 0.0000000000
159756  -40.914  71.321  -23.977 0.0000000000
159761  -37.539  70.442  -24.703 0.0000000000
159762  -38.274  71.105  -24.411 0.0000000000
159763  -39.402  71.332  -23.902 0.0000000000
159764  -39.992  71.542  -23.790 0.0000000000
159765  -41.497  70.957  -24.483 0.0000000000
159766  -42.227  70.503  -25.103 0.0000000000
159767  -42.775  69.943  -25.485 0.0000000000
159774  -36.274  69.939  -25.676 0.0000000000
159775  -36.931  70.509  -25.390 0.0000000000
159776  -37.633  70.966  -24.898 0.0000000000
159777  -40.032  71.171  -25.664 0.0000000000
159778  -41.106  70.783  -25.391 0.0000000000
159779  -41.867  70.389  -25.422 0.0000000000
159780  -42.459  70.051  -25.532 0.0000000000
159789  -35.162  70.083  -26.800 0.0000000000
159790  -35.858  70.302  -26.389 0.0000000000
159791  -36.683  70.856  -26.018 0.0000000000
159792  -38.749  71.076  -27.036 0.0000000000
159793  -39.067  70.971  -26.403 0.0000000000
159799  -28.025  70.278  -28.208 0.0000000000
159800  -34.074  70.142  -27.715 0.0000000000
159801  -34.774  70.367  -27.367 0.0000000000
159802  -35.590  70.775  -27.067 0.0000000000
159803  -38.743  71.007  -27.891 0.0000000000
159812  -28.397  70.494  -28.837 0.0000000000
159813  -29.043  70.253  -29.198 0.0000000000
159814  -31.930  70.160  -28.984 0.0000000000
159815  -32.433  70.241  -28.819 0.0000000000
159816  -33.688  70.493  -28.301 0.0000000000
159817  -34.503  70.880  -28.031 0.0000000000
159818  -38.858  70.967  -29.057 0.0000000000
159826  -23.994  70.630  -29.326 0.0000000000
159827  -24.765  70.554  -29.737 0.0000000000
159828  -28.810  70.682  -29.492 0.0000000000
159829  -29.602  70.512  -29.726 0.0000000000
159830  -30.551  70.412  -29.759 0.0000000000
159831  -31.678  70.467  -29.484 0.0000000000
159832  -32.944  70.865  -29.211 0.0000000000
159833  -33.552  71.118  -28.966 0.0000000000
159834  -34.667  70.441  -30.267 0.0000000000
159835  -35.189  70.704  -30.099 0.0000000000
159836  -36.237  70.581  -29.806 0.0000000000
159837  -37.518  70.527  -29.960 0.0000000000
159838  -38.850  70.591  -30.173 0.0000000000
159839  -39.533  70.087  -31.027 0.0000000000
159843  -25.399  70.628  -30.222 0.0000000000
159844  -25.966  70.609  -30.670 0.0000000000
159845  -30.264  70.772  -30.279 0.0000000000
159846  -31.082  70.823  -30.268 0.0000000000
159847  -31.589  70.964  -30.139 0.0000000000
159848  -33.749  70.503  -31.091 0.0000000000
159849  -34.261  70.757  -30.731 0.0000000000
159850  -34.957  71.268  -30.462 0.0000000000
159851  -38.340  69.947  -30.453 0.0000000000
159852  -38.991  69.949  -31.038 0.0000000000
159853  -39.553  69.777  -31.397 0.0000000000
159857  -26.622  70.461  -31.235 0.0000000000
159858  -27.176  70.267  -31.734 0.0000000000
159859  -33.632  70.773  -31.577 0.0000000000
159860  -34.006  71.213  -31.336 0.0000000000
159865  -26.921  70.882  -31.983 0.0000000000
159866  -27.533  70.548  -32.440 0.0000000000
159867  -28.150  70.231  -32.832 0.0000000000
159868  -32.686  70.241  -32.833 0.0000000000
159869  -33.082  70.826  -32.623 0.0000000000
159880  -27.899  70.815  -33.073 0.0000000000
159881  -28.570  70.518  -33.344 0.0000000000
159882  -29.453  70.351  -33.705 0.0000000000
159883  -30.341  70.258  -33.817 0.0000000000
159884  -31.266  70.334  -33.650 0.0000000000
159885  -32.324  70.607  -33.276 0.0000000000
159886  -32.842  71.381  -33.125 0.0000000000
160318  -40.390  71.803  -23.849 0.0000000000
160319  -40.632  71.778  -23.887 0.0000000000
160326  -38.347  71.721  -24.635 0.0000000000
160327  -38.926  72.195  -24.402 0.0000000000
160328  -40.169  72.040  -23.995 0.0000000000
160329  -41.021  71.913  -24.347 0.0000000000
160330  -41.518  71.339  -24.842 0.0000000000
160335  -37.089  71.163  -25.785 0.0000000000
160336  -37.892  71.800  -25.263 0.0000000000
160337  -38.636  72.629  -24.923 0.0000000000
160338  -40.211  72.291  -25.540 0.0000000000
160339  -41.087  71.922  -25.122 0.0000000000
160340  -41.644  71.080  -25.147 0.0000000000
160342  -36.007  71.013  -26.895 0.0000000000
160343  -36.821  71.581  -26.483 0.0000000000
160344  -37.626  72.183  -26.032 0.0000000000
160345  -38.944  71.507  -26.723 0.0000000000
160346  -39.392  72.068  -26.356 0.0000000000
160349  -34.904  71.095  -27.880 0.0000000000
160350  -35.728  71.543  -27.579 0.0000000000
160351  -36.548  72.029  -27.224 0.0000000000
160352  -38.931  71.903  -27.260 0.0000000000
160353  -39.121  72.378  -26.910 0.0000000000
160360  -33.887  71.287  -28.825 0.0000000000
160361  -34.648  71.689  -28.541 0.0000000000
160362  -35.435  72.104  -28.271 0.0000000000
160363  -39.090  72.056  -28.386 0.0000000000
160364  -39.255  72.718  -28.895 0.0000000000
160372  -24.318  71.565  -29.787 0.0000000000
160373  -24.938  71.239  -30.146 0.0000000000
160375  -28.253  71.370  -29.545 0.0000000000
160376  -28.941  71.029  -29.996 0.0000000000
160377  -31.870  71.068  -30.064 0.0000000000
160378  -32.461  71.338  -29.896 0.0000000000
160379  -33.658  71.928  -29.492 0.0000000000
160380  -34.406  72.301  -29.173 0.0000000000
160381  -35.899  71.223  -29.951 0.0000000000
160382  -36.683  71.778  -29.930 0.0000000000
160383  -37.959  71.768  -29.804 0.0000000000
160384  -38.905  72.152  -29.446 0.0000000000
160385  -39.143  72.887  -29.235 0.0000000000
160389  -24.814  71.892  -30.302 0.0000000000
160390  -25.422  71.576  -30.722 0.0000000000
160391  -26.037  71.221  -31.167 0.0000000000
160392  -28.685  71.666  -30.441 0.0000000000
160393  -29.573  71.229  -30.558 0.0000000000
160394  -30.588  71.305  -30.809 0.0000000000
160395  -31.710  71.654  -30.699 0.0000000000
160396  -32.830  72.234  -30.366 0.0000000000
160397  -33.386  72.601  -30.133 0.0000000000
160398  -34.885  71.831  -30.789 0.0000000000
160399  -35.585  71.819  -30.323 0.0000000000
160400  -36.150  72.437  -30.227 0.0000000000
160405  -25.776  71.879  -31.428 0.0000000000
160406  -26.362  71.558  -31.849 0.0000000000
160407  -29.145  71.889  -31.091 0.0000000000
160408  -29.963  71.848  -31.295 0.0000000000
160409  -30.916  72.010  -31.343 0.0000000000
160410  -31.447  72.199  -31.283 0.0000000000
160411  -33.934  71.401  -31.636 0.0000000000
160412  -34.351  71.888  -31.491 0.0000000000
160416  -26.947  71.580  -32.624 0.0000000000
160417  -27.497  71.286  -32.999 0.0000000000
160418  -33.802  71.744  -32.147 0.0000000000
160419  -34.194  72.384  -32.041 0.0000000000
160430  -27.285  71.928  -33.235 0.0000000000
160431  -27.941  71.603  -33.497 0.0000000000
160432  -28.868  71.521  -33.820 0.0000000000
160433  -29.746  71.260  -34.005 0.0000000000
160434  -30.626  71.358  -33.999 0.0000000000
160435  -31.596  71.776  -33.808 0.0000000000
160436  -32.527  71.979  -33.430 0.0000000000
160437  -33.254  72.145  -32.930 0.0000000000
160448  -29.320  72.028  -34.075 0.0000000000
160449  -29.980  72.182  -34.196 0.0000000000
160450  -30.817  72.414  -34.195 0.0000000000
160451  -31.432  72.771  -34.100 0.0000000000
160895  -39.137  73.140  -24.771 0.0000000000
160896  -39.857  73.060  -24.465 0.0000000000
160897  -40.546  72.565  -24.426 0.0000000000
160900  -37.972  72.517  -25.818 0.0000000000
160901  -38.598  73.099  -25.513 0.0000000000
160902  -40.459  72.877  -25.000 0.0000000000
160903  -40.833  72.401  -24.681 0.0000000000
160906  -36.942  72.316  -27.012 0.0000000000
160907  -37.727  72.892  -26.588 0.0000000000
160908  -38.575  73.758  -26.208 0.0000000000
160909  -39.766  73.013  -25.814 0.0000000000
160913  -35.838  72.331  -28.115 0.0000000000
160914  -36.625  72.838  -27.729 0.0000000000
160915  -37.570  73.696  -27.439 0.0000000000
160916  -39.134  72.454  -27.182 0.0000000000
160917  -39.259  72.992  -26.921 0.0000000000
160921  -34.764  72.522  -29.014 0.0000000000
160922  -35.499  72.994  -28.733 0.0000000000
160923  -36.399  73.832  -28.510 0.0000000000
160924  -39.167  72.518  -27.603 0.0000000000
160925  -39.266  73.129  -28.100 0.0000000000
160936  -33.749  72.998  -30.015 0.0000000000
160937  -34.509  73.170  -29.556 0.0000000000
160938  -35.257  74.034  -29.516 0.0000000000
160939  -37.409  72.633  -29.849 0.0000000000
160940  -38.160  72.891  -29.675 0.0000000000
160941  -38.813  73.231  -29.379 0.0000000000
160942  -39.228  73.424  -28.891 0.0000000000
160946  -24.963  72.553  -30.708 0.0000000000
160947  -25.405  72.559  -31.297 0.0000000000
160950  -31.739  72.356  -31.255 0.0000000000
160951  -32.326  72.800  -31.176 0.0000000000
160952  -33.246  73.289  -30.643 0.0000000000
160953  -35.314  72.366  -30.731 0.0000000000
160954  -35.774  72.960  -30.641 0.0000000000
160955  -36.644  73.139  -30.188 0.0000000000
160961  -25.819  72.574  -32.027 0.0000000000
160962  -26.398  72.278  -32.516 0.0000000000
160964  -28.393  72.541  -31.113 0.0000000000
160965  -29.356  72.582  -31.684 0.0000000000
160966  -30.314  72.586  -31.791 0.0000000000
160967  -31.395  72.899  -31.767 0.0000000000
160968  -32.181  73.560  -31.731 0.0000000000
160969  -35.089  72.853  -31.223 0.0000000000
160970  -35.532  73.784  -31.104 0.0000000000
160977  -26.158  73.067  -32.828 0.0000000000
160978  -26.731  72.607  -33.244 0.0000000000
160979  -29.793  73.071  -32.129 0.0000000000
160980  -30.474  73.319  -32.301 0.0000000000
160981  -31.148  73.674  -32.375 0.0000000000
160982  -33.919  72.929  -32.448 0.0000000000
160983  -34.532  73.036  -31.897 0.0000000000
160993  -27.422  72.606  -33.709 0.0000000000
160994  -28.264  72.657  -34.046 0.0000000000
160995  -28.890  72.279  -34.057 0.0000000000
160996  -32.087  72.953  -33.798 0.0000000000
160997  -32.872  73.003  -33.362 0.0000000000
160998  -33.390  73.194  -32.927 0.0000000000
161007  -28.543  73.376  -34.271 0.0000000000
161008  -29.204  72.956  -34.262 0.0000000000
161009  -30.210  73.138  -34.382 0.0000000000
161010  -30.988  73.290  -34.305 0.0000000000
161011  -31.545  73.393  -34.094 0.0000000000
161455  -39.236  73.629  -25.089 0.0000000000
161456  -39.520  73.469  -24.817 0.0000000000
161474  -39.117  73.975  -25.672 0.0000000000
161475  -39.694  73.547  -25.227 0.0000000000
161490  -38.258  74.011  -26.958 0.0000000000
161491  -38.957  74.248  -26.569 0.0000000000
161492  -39.393  73.762  -26.220 0.0000000000
161502  -37.137  74.060  -28.127 0.0000000000
161503  -37.906  74.494  -27.776 0.0000000000
161504  -38.666  74.393  -27.419 0.0000000000
161505  -39.269  74.054  -27.406 0.0000000000
161512  -35.959  74.453  -29.167 0.0000000000
161513  -36.734  74.622  -28.698 0.0000000000
161514  -37.387  74.642  -28.431 0.0000000000
161515  -39.061  74.202  -28.593 0.0000000000
161516  -39.246  73.950  -28.302 0.0000000000
161527  -34.017  73.921  -30.378 0.0000000000
161528  -34.744  74.557  -30.110 0.0000000000
161529  -35.419  74.793  -29.745 0.0000000000
161530  -37.455  73.550  -29.835 0.0000000000
161531  -38.129  73.946  -29.489 0.0000000000
161532  -38.839  74.016  -29.011 0.0000000000
161533  -39.135  73.913  -28.734 0.0000000000
161543  -32.825  73.861  -31.405 0.0000000000
161544  -33.545  74.444  -31.104 0.0000000000
161545  -34.179  74.807  -30.697 0.0000000000
161546  -36.095  74.175  -30.635 0.0000000000
161547  -36.891  74.231  -30.142 0.0000000000
161548  -37.407  74.305  -29.717 0.0000000000
161557  -28.743  73.307  -31.922 0.0000000000
161558  -29.346  73.188  -32.087 0.0000000000
161559  -31.776  73.862  -32.192 0.0000000000
161560  -32.465  74.277  -32.042 0.0000000000
161561  -33.084  74.505  -31.706 0.0000000000
161562  -34.972  74.097  -31.572 0.0000000000
161563  -35.516  74.534  -31.120 0.0000000000
161571  -26.450  73.323  -33.379 0.0000000000
161573  -28.391  74.203  -32.333 0.0000000000
161574  -29.524  73.825  -32.564 0.0000000000
161575  -30.595  74.025  -32.776 0.0000000000
161576  -31.388  74.172  -32.709 0.0000000000
161577  -31.998  74.302  -32.543 0.0000000000
161578  -33.691  73.889  -32.649 0.0000000000
161579  -34.303  73.988  -32.185 0.0000000000
161590  -26.950  73.741  -33.930 0.0000000000
161591  -27.601  73.200  -34.053 0.0000000000
161592  -31.864  73.847  -33.856 0.0000000000
161593  -32.528  73.754  -33.514 0.0000000000
161594  -33.158  73.837  -33.133 0.0000000000
161602  -27.442  74.288  -34.238 0.0000000000
161603  -27.953  73.863  -34.280 0.0000000000
161604  -28.849  74.009  -34.346 0.0000000000
161605  -29.702  73.975  -34.400 0.0000000000
161606  -30.526  73.953  -34.346 0.0000000000
161607  -31.217  73.942  -34.148 0.0000000000
162077  -38.461  74.625  -28.009 0.0000000000
162078  -38.958  74.492  -27.909 0.0000000000
162079  -39.191  74.283  -27.975 0.0000000000
162091  -36.498  75.009  -29.210 0.0000000000
162092  -37.156  74.993  -28.942 0.0000000000
162093  -37.941  74.773  -28.559 0.0000000000
162094  -38.699  74.502  -28.487 0.0000000000
162095  -39.093  74.360  -28.267 0.0000000000
162113  -35.283  75.109  -30.217 0.0000000000
162114  -35.975  75.196  -29.788 0.0000000000
162115  -36.763  75.033  -29.546 0.0000000000
162116  -37.555  74.737  -29.325 0.0000000000
162117  -38.302  74.535  -29.030 0.0000000000
162130  -34.066  75.060  -31.252 0.0000000000
162131  -34.761  75.198  -30.850 0.0000000000
162132  -35.619  75.033  -30.626 0.0000000000
162133  -36.434  74.922  -30.165 0.0000000000
162134  -37.033  74.769  -29.818 0.0000000000
162142  -33.011  74.558  -32.194 0.0000000000
162143  -33.622  74.771  -31.856 0.0000000000
162144  -34.439  74.897  -31.730 0.0000000000
162145  -35.138  74.989  -31.310 0.0000000000
162154  -28.850  74.977  -33.209 0.0000000000
162155  -29.983  74.501  -33.335 0.0000000000
162156  -30.932  74.341  -33.269 0.0000000000
162157  -31.741  74.393  -33.062 0.0000000000
162158  -32.510  74.396  -32.711 0.0000000000
162159  -33.258  74.399  -32.585 0.0000000000
162160  -33.892  74.528  -32.263 0.0000000000
162171  -28.970  75.445  -33.691 0.0000000000
162172  -29.502  75.170  -33.899 0.0000000000
162173  -30.455  74.620  -33.799 0.0000000000
162174  -31.309  74.270  -33.663 0.0000000000
162175  -32.146  74.228  -33.347 0.0000000000
162176  -32.758  74.236  -33.114 0.0000000000
162182  -27.209  74.708  -34.204 0.0000000000
162183  -27.770  74.781  -34.318 0.0000000000
162184  -28.466  74.780  -34.381 0.0000000000
162185  -29.247  74.855  -34.332 0.0000000000
162186  -30.091  74.624  -34.245 0.0000000000
162187  -30.765  74.387  -34.098 0.0000000000
162623  -28.628  75.537  -33.522 0.0000000000
162634  -28.642  75.637  -33.873 0.0000000000
162635  -29.084  75.368  -34.187 0.0000000000
162641  -28.148  75.424  -34.230 0.0000000000
162642  -28.760  75.331  -34.304 0.0000000000
166251  -32.209  58.440  -33.795 0.0000000000
166252  -33.827  60.249  -33.093 0.0000000000
166253  -33.827  60.975  -33.207 0.0000000000
166254  -33.106  63.014  -31.910 0.0000000000
166255  -32.993  63.276  -31.357 0.0000000000
166256  -32.887  62.498  -34.504 0.0000000000
166257  -31.083  63.211  -31.966 0.0000000000
166258  -33.000  63.546  -31.660 0.0000000000
166259  -33.321  63.496  -33.009 0.0000000000
166260  -31.468  63.692  -32.784 0.0000000000
