#!ascii label  , from subject colin27_FS vox2ras=TkReg
1074
119729  -35.173  24.641  -4.765 0.0000000000
120856  -34.577  25.908  -3.757 0.0000000000
120857  -35.110  25.990  -3.861 0.0000000000
120873  -35.059  25.504  -4.292 0.0000000000
120874  -36.107  25.547  -5.133 0.0000000000
120875  -36.756  25.988  -5.332 0.0000000000
120887  -36.463  25.111  -5.986 0.0000000000
120888  -36.779  25.656  -5.821 0.0000000000
121855  -34.698  26.964  -2.709 0.0000000000
121856  -35.264  27.076  -2.764 0.0000000000
121865  -34.237  26.393  -3.216 0.0000000000
121866  -35.390  26.551  -3.398 0.0000000000
121867  -36.546  26.718  -3.718 0.0000000000
121868  -37.138  26.855  -3.855 0.0000000000
121875  -35.388  26.027  -3.943 0.0000000000
121876  -35.947  26.129  -4.200 0.0000000000
121877  -37.125  26.534  -4.655 0.0000000000
121878  -38.300  26.783  -4.867 0.0000000000
121879  -38.747  26.819  -4.921 0.0000000000
121886  -37.130  26.131  -5.540 0.0000000000
121887  -37.788  26.381  -5.514 0.0000000000
121888  -38.784  26.639  -5.434 0.0000000000
121889  -39.645  26.684  -5.810 0.0000000000
121890  -40.361  26.752  -5.966 0.0000000000
121898  -37.345  25.931  -6.141 0.0000000000
121899  -38.058  26.198  -6.320 0.0000000000
121900  -38.877  26.385  -6.541 0.0000000000
121901  -39.736  26.505  -6.710 0.0000000000
121902  -40.639  26.652  -6.679 0.0000000000
121910  -37.575  25.734  -6.766 0.0000000000
121911  -38.127  25.956  -7.295 0.0000000000
121912  -38.998  26.242  -7.519 0.0000000000
121913  -39.894  26.366  -7.654 0.0000000000
121914  -40.902  26.554  -7.672 0.0000000000
121915  -41.531  26.612  -8.048 0.0000000000
121926  -40.881  26.422  -8.750 0.0000000000
121927  -41.671  26.623  -8.784 0.0000000000
122767  -33.716  28.015  -1.727 0.0000000000
122768  -34.528  28.056  -1.743 0.0000000000
122775  -34.215  27.466  -2.167 0.0000000000
122776  -35.230  27.635  -2.206 0.0000000000
122777  -36.142  27.744  -2.404 0.0000000000
122778  -36.927  27.799  -2.586 0.0000000000
122779  -37.626  27.870  -2.744 0.0000000000
122785  -35.683  27.231  -2.760 0.0000000000
122786  -36.327  27.213  -3.026 0.0000000000
122787  -37.199  27.282  -3.280 0.0000000000
122788  -38.127  27.583  -3.264 0.0000000000
122789  -38.924  27.647  -3.627 0.0000000000
122790  -39.610  27.808  -3.849 0.0000000000
122795  -37.584  27.038  -3.819 0.0000000000
122796  -38.215  27.085  -4.106 0.0000000000
122797  -39.082  27.109  -4.496 0.0000000000
122798  -40.138  27.598  -4.414 0.0000000000
122799  -40.904  27.676  -4.741 0.0000000000
122805  -39.634  26.977  -5.047 0.0000000000
122806  -40.352  27.120  -5.229 0.0000000000
122807  -41.226  27.282  -5.570 0.0000000000
122808  -41.972  27.515  -5.853 0.0000000000
122815  -41.513  26.982  -6.575 0.0000000000
122816  -42.369  27.359  -6.516 0.0000000000
122817  -43.108  27.499  -6.851 0.0000000000
122818  -43.719  27.729  -7.044 0.0000000000
122825  -41.761  26.832  -7.289 0.0000000000
122826  -42.358  26.894  -7.701 0.0000000000
122827  -43.215  27.244  -7.806 0.0000000000
122828  -44.034  27.634  -7.772 0.0000000000
122839  -42.501  26.884  -8.763 0.0000000000
122840  -43.365  27.208  -8.783 0.0000000000
122841  -44.343  27.576  -8.781 0.0000000000
122842  -44.915  27.869  -9.211 0.0000000000
123666  -58.075  28.673  3.261 0.0000000000
123667  -59.145  28.896  3.089 0.0000000000
123668  -59.741  29.082  2.894 0.0000000000
123681  -56.926  28.529  2.598 0.0000000000
123682  -58.316  29.036  2.376 0.0000000000
123683  -59.337  29.148  2.594 0.0000000000
123684  -59.765  29.228  2.629 0.0000000000
123687  -55.886  28.756  1.432 0.0000000000
123688  -57.231  29.137  1.813 0.0000000000
123689  -57.953  29.291  1.743 0.0000000000
123692  -55.553  29.083  0.496 0.0000000000
123698  -33.214  28.653  -1.508 0.0000000000
123699  -34.164  28.743  -1.415 0.0000000000
123700  -35.227  28.686  -1.579 0.0000000000
123701  -36.114  28.908  -1.722 0.0000000000
123707  -35.900  28.262  -1.946 0.0000000000
123708  -36.664  28.512  -2.090 0.0000000000
123709  -37.414  28.512  -2.363 0.0000000000
123710  -38.226  28.529  -2.675 0.0000000000
123711  -38.921  28.826  -2.922 0.0000000000
123712  -54.462  28.600  -2.978 0.0000000000
123715  -38.772  28.183  -3.099 0.0000000000
123716  -39.433  28.520  -3.331 0.0000000000
123717  -40.164  28.496  -3.772 0.0000000000
123718  -54.308  28.665  -3.859 0.0000000000
123721  -40.829  28.456  -4.240 0.0000000000
123722  -41.577  28.343  -4.735 0.0000000000
123723  -42.115  28.588  -5.091 0.0000000000
123724  -53.580  29.139  -5.048 0.0000000000
123725  -53.909  28.703  -4.766 0.0000000000
123728  -41.950  27.948  -5.286 0.0000000000
123729  -42.540  28.249  -5.542 0.0000000000
123730  -43.079  28.692  -5.776 0.0000000000
123731  -52.909  29.311  -5.977 0.0000000000
123732  -53.422  28.760  -5.602 0.0000000000
123733  -53.785  28.451  -5.208 0.0000000000
123736  -43.019  27.963  -6.097 0.0000000000
123737  -43.581  28.403  -6.289 0.0000000000
123738  -44.248  28.417  -6.848 0.0000000000
123739  -52.775  29.064  -6.405 0.0000000000
123743  -44.825  28.379  -7.621 0.0000000000
123744  -45.395  28.746  -7.992 0.0000000000
123750  -45.076  28.149  -8.474 0.0000000000
123751  -45.611  28.547  -8.933 0.0000000000
123752  -46.138  28.929  -9.445 0.0000000000
124626  -57.859  29.502  4.345 0.0000000000
124627  -58.778  29.467  4.335 0.0000000000
124628  -59.728  29.611  4.269 0.0000000000
124629  -60.410  29.859  4.036 0.0000000000
124642  -57.946  28.891  3.949 0.0000000000
124643  -59.032  28.938  3.811 0.0000000000
124644  -60.052  29.238  3.430 0.0000000000
124645  -60.698  29.837  3.462 0.0000000000
124656  -59.129  29.375  2.059 0.0000000000
124657  -59.714  29.431  2.251 0.0000000000
124658  -60.124  29.383  2.625 0.0000000000
124659  -60.547  29.760  2.801 0.0000000000
124662  -56.809  29.432  1.092 0.0000000000
124663  -57.686  29.554  1.189 0.0000000000
124664  -58.577  29.577  1.484 0.0000000000
124665  -59.532  29.879  1.430 0.0000000000
124666  -60.163  29.772  1.964 0.0000000000
124667  -60.404  29.774  2.346 0.0000000000
124670  -55.492  29.327  -0.071 0.0000000000
124671  -56.248  29.521  0.321 0.0000000000
124672  -57.280  29.857  0.416 0.0000000000
124673  -58.344  30.094  0.458 0.0000000000
124674  -58.973  30.030  0.982 0.0000000000
124677  -33.025  30.073  -0.943 0.0000000000
124678  -33.814  30.217  -0.970 0.0000000000
124679  -34.258  30.422  -1.084 0.0000000000
124680  -55.196  29.361  -0.835 0.0000000000
124681  -56.012  29.798  -0.671 0.0000000000
124682  -57.046  30.222  -0.595 0.0000000000
124683  -57.724  30.188  -0.101 0.0000000000
124687  -32.669  29.330  -1.294 0.0000000000
124688  -33.594  29.448  -1.170 0.0000000000
124689  -34.637  29.813  -1.211 0.0000000000
124690  -35.814  29.683  -1.515 0.0000000000
124691  -36.792  29.534  -1.903 0.0000000000
124692  -37.209  29.944  -2.118 0.0000000000
124693  -54.966  29.356  -1.819 0.0000000000
124694  -55.878  30.118  -1.715 0.0000000000
124695  -56.456  30.208  -1.179 0.0000000000
124700  -37.168  29.007  -2.113 0.0000000000
124701  -37.683  29.513  -2.338 0.0000000000
124702  -38.623  29.486  -2.781 0.0000000000
124703  -39.265  29.467  -3.166 0.0000000000
124704  -54.778  29.335  -2.695 0.0000000000
124705  -55.340  29.973  -2.613 0.0000000000
124709  -39.901  29.407  -3.540 0.0000000000
124710  -40.531  29.385  -3.986 0.0000000000
124711  -54.625  29.660  -3.615 0.0000000000
124712  -55.014  29.896  -3.124 0.0000000000
124716  -41.195  29.380  -4.432 0.0000000000
124717  -41.948  29.448  -4.922 0.0000000000
124718  -42.373  28.941  -5.186 0.0000000000
124719  -53.819  29.576  -4.748 0.0000000000
124720  -54.137  29.385  -4.262 0.0000000000
124724  -42.222  30.044  -5.279 0.0000000000
124725  -42.668  29.443  -5.449 0.0000000000
124726  -43.301  29.427  -5.873 0.0000000000
124727  -53.039  29.756  -5.704 0.0000000000
124728  -53.477  29.672  -5.242 0.0000000000
124731  -43.918  29.442  -6.308 0.0000000000
124732  -44.582  29.434  -6.838 0.0000000000
124733  -51.978  30.066  -6.713 0.0000000000
124734  -52.519  29.807  -6.269 0.0000000000
124737  -45.159  29.496  -7.387 0.0000000000
124738  -45.730  29.529  -7.962 0.0000000000
124739  -51.105  30.102  -7.884 0.0000000000
124740  -51.572  29.895  -7.304 0.0000000000
124741  -52.225  29.468  -6.893 0.0000000000
124745  -46.217  29.569  -8.664 0.0000000000
124746  -46.612  29.618  -9.431 0.0000000000
125563  -59.929  31.139  6.274 0.0000000000
125564  -60.108  31.336  6.483 0.0000000000
125579  -58.149  30.520  4.975 0.0000000000
125580  -58.806  30.592  5.268 0.0000000000
125581  -59.663  30.778  5.672 0.0000000000
125582  -60.209  31.133  5.989 0.0000000000
125594  -57.648  30.171  4.624 0.0000000000
125595  -58.469  30.069  4.687 0.0000000000
125596  -59.350  30.165  4.835 0.0000000000
125597  -60.321  30.512  4.906 0.0000000000
125612  -60.849  30.450  3.905 0.0000000000
125620  -60.877  30.402  2.949 0.0000000000
125622  -59.843  30.294  0.892 0.0000000000
125623  -60.153  30.269  1.252 0.0000000000
125624  -60.584  30.343  1.930 0.0000000000
125626  -58.826  30.517  -0.099 0.0000000000
125627  -59.387  30.421  0.401 0.0000000000
125628  -60.083  30.594  0.474 0.0000000000
125629  -60.421  30.771  0.812 0.0000000000
125632  -31.875  30.741  -0.922 0.0000000000
125633  -32.562  30.746  -0.831 0.0000000000
125634  -33.318  30.779  -0.849 0.0000000000
125635  -33.971  30.869  -0.984 0.0000000000
125636  -57.635  30.568  -1.253 0.0000000000
125637  -58.260  30.569  -0.696 0.0000000000
125638  -59.218  30.820  -0.570 0.0000000000
125639  -59.919  30.923  -0.397 0.0000000000
125640  -60.310  30.977  0.049 0.0000000000
125645  -32.195  30.085  -1.078 0.0000000000
125646  -34.599  30.830  -1.223 0.0000000000
125647  -35.427  30.640  -1.453 0.0000000000
125648  -36.467  30.599  -1.833 0.0000000000
125649  -36.974  30.163  -2.000 0.0000000000
125650  -56.509  30.490  -2.264 0.0000000000
125651  -57.053  30.537  -1.797 0.0000000000
125652  -58.138  30.952  -1.856 0.0000000000
125653  -58.964  31.136  -1.402 0.0000000000
125654  -59.566  31.199  -1.037 0.0000000000
125658  -36.843  31.088  -2.210 0.0000000000
125659  -37.321  30.566  -2.338 0.0000000000
125660  -38.392  30.503  -2.976 0.0000000000
125661  -38.966  30.001  -3.110 0.0000000000
125662  -56.157  30.491  -2.759 0.0000000000
125663  -57.012  30.694  -2.774 0.0000000000
125664  -57.767  30.965  -2.635 0.0000000000
125668  -38.737  30.937  -3.575 0.0000000000
125669  -39.430  30.460  -3.734 0.0000000000
125670  -40.146  29.958  -3.894 0.0000000000
125671  -54.954  30.328  -4.032 0.0000000000
125672  -55.530  30.532  -3.624 0.0000000000
125673  -56.726  31.042  -3.505 0.0000000000
125674  -57.535  31.184  -3.291 0.0000000000
125678  -39.838  30.912  -4.390 0.0000000000
125679  -40.550  30.449  -4.530 0.0000000000
125680  -41.335  29.988  -4.754 0.0000000000
125681  -53.887  30.208  -5.056 0.0000000000
125682  -54.519  30.341  -4.585 0.0000000000
125683  -55.223  30.692  -4.339 0.0000000000
125688  -40.913  30.995  -5.111 0.0000000000
125689  -41.575  30.566  -5.220 0.0000000000
125690  -42.529  30.523  -5.768 0.0000000000
125691  -42.963  29.999  -5.763 0.0000000000
125692  -52.887  30.446  -6.055 0.0000000000
125693  -53.576  30.636  -5.639 0.0000000000
125694  -54.232  30.724  -5.258 0.0000000000
125699  -42.833  30.764  -6.088 0.0000000000
125700  -43.243  30.434  -6.149 0.0000000000
125701  -44.032  30.406  -6.604 0.0000000000
125702  -51.805  30.546  -7.056 0.0000000000
125703  -52.384  30.759  -6.633 0.0000000000
125704  -53.119  31.240  -6.282 0.0000000000
125708  -44.639  30.422  -7.047 0.0000000000
125709  -45.282  30.505  -7.480 0.0000000000
125710  -50.842  30.636  -8.209 0.0000000000
125711  -51.339  30.860  -7.612 0.0000000000
125716  -45.956  30.533  -8.019 0.0000000000
125717  -46.545  30.584  -8.723 0.0000000000
125718  -46.930  31.017  -9.127 0.0000000000
125719  -50.368  30.709  -8.858 0.0000000000
125724  -46.961  30.327  -9.422 0.0000000000
125725  -47.465  30.741  -9.709 0.0000000000
125726  -48.106  31.064  -9.967 0.0000000000
125727  -48.813  31.089  -10.052 0.0000000000
125728  -49.656  30.639  -9.793 0.0000000000
126501  -60.206  32.032  8.026 0.0000000000
126502  -60.211  32.163  8.088 0.0000000000
126515  -58.721  31.551  6.929 0.0000000000
126516  -59.338  31.628  7.307 0.0000000000
126517  -60.026  31.758  7.600 0.0000000000
126518  -60.320  32.038  7.712 0.0000000000
126536  -58.519  31.371  6.282 0.0000000000
126537  -59.213  31.355  6.604 0.0000000000
126538  -59.844  31.418  6.792 0.0000000000
126539  -60.323  31.716  6.777 0.0000000000
126551  -57.981  31.073  5.478 0.0000000000
126552  -59.008  31.066  5.927 0.0000000000
126553  -59.588  31.154  6.265 0.0000000000
126554  -60.569  31.505  5.605 0.0000000000
126572  -57.749  30.649  4.948 0.0000000000
126573  -60.788  31.266  4.439 0.0000000000
126587  -60.951  31.162  3.316 0.0000000000
126589  -60.803  31.087  2.210 0.0000000000
126591  -60.626  31.148  1.120 0.0000000000
126593  -60.411  31.278  0.181 0.0000000000
126597  -31.267  31.225  -0.984 0.0000000000
126598  -32.079  31.381  -0.789 0.0000000000
126599  -32.922  31.492  -0.797 0.0000000000
126600  -33.585  31.336  -0.897 0.0000000000
126601  -50.648  31.952  -0.973 0.0000000000
126602  -51.061  31.874  -0.919 0.0000000000
126603  -51.860  31.852  -0.895 0.0000000000
126604  -59.828  31.392  -0.975 0.0000000000
126605  -60.115  31.395  -0.526 0.0000000000
126610  -33.495  31.871  -0.944 0.0000000000
126611  -34.170  31.671  -1.159 0.0000000000
126612  -35.083  31.599  -1.574 0.0000000000
126613  -35.824  31.301  -1.765 0.0000000000
126614  -50.056  31.831  -1.693 0.0000000000
126615  -50.483  31.820  -1.417 0.0000000000
126616  -51.458  31.642  -1.544 0.0000000000
126617  -52.540  31.707  -1.484 0.0000000000
126618  -53.544  31.816  -1.803 0.0000000000
126619  -54.329  31.975  -2.001 0.0000000000
126620  -58.262  31.247  -2.557 0.0000000000
126621  -58.722  31.507  -2.357 0.0000000000
126622  -59.411  31.570  -1.577 0.0000000000
126626  -35.659  31.914  -1.965 0.0000000000
126627  -36.371  31.690  -2.267 0.0000000000
126628  -37.099  31.433  -2.605 0.0000000000
126629  -37.713  31.212  -2.924 0.0000000000
126630  -50.109  31.680  -2.201 0.0000000000
126631  -50.965  31.508  -2.287 0.0000000000
126632  -51.936  31.507  -2.378 0.0000000000
126633  -52.951  31.631  -2.544 0.0000000000
126634  -53.903  31.878  -2.676 0.0000000000
126635  -54.785  32.096  -2.679 0.0000000000
126636  -58.185  31.427  -3.123 0.0000000000
126637  -58.603  31.824  -3.267 0.0000000000
126641  -36.792  32.009  -2.871 0.0000000000
126642  -37.351  31.866  -3.285 0.0000000000
126643  -38.218  31.526  -3.649 0.0000000000
126644  -38.869  31.223  -3.970 0.0000000000
126645  -50.565  31.580  -3.115 0.0000000000
126646  -51.424  31.536  -3.155 0.0000000000
126647  -52.354  31.659  -3.311 0.0000000000
126648  -53.402  31.961  -3.637 0.0000000000
126649  -54.427  32.170  -3.424 0.0000000000
126650  -55.057  32.244  -3.283 0.0000000000
126651  -55.616  30.999  -4.331 0.0000000000
126652  -56.238  31.372  -4.259 0.0000000000
126653  -57.615  31.735  -4.045 0.0000000000
126654  -58.333  31.983  -3.720 0.0000000000
126657  -38.615  31.693  -4.279 0.0000000000
126658  -39.346  31.471  -4.549 0.0000000000
126659  -40.004  31.199  -4.752 0.0000000000
126660  -51.045  31.734  -3.802 0.0000000000
126661  -51.827  31.824  -3.966 0.0000000000
126662  -52.666  32.018  -4.122 0.0000000000
126663  -53.161  32.179  -4.239 0.0000000000
126664  -54.655  30.980  -5.157 0.0000000000
126665  -55.323  31.323  -4.907 0.0000000000
126666  -56.422  32.033  -5.005 0.0000000000
126667  -57.108  32.123  -4.535 0.0000000000
126670  -39.879  31.650  -5.058 0.0000000000
126671  -40.431  31.421  -5.138 0.0000000000
126672  -41.129  31.470  -5.485 0.0000000000
126673  -41.949  31.373  -5.931 0.0000000000
126674  -53.696  31.395  -6.014 0.0000000000
126675  -54.395  31.502  -5.693 0.0000000000
126676  -55.212  32.245  -5.556 0.0000000000
126677  -55.776  32.338  -5.254 0.0000000000
126681  -42.782  31.232  -6.281 0.0000000000
126682  -43.518  31.300  -6.688 0.0000000000
126683  -44.115  31.066  -6.957 0.0000000000
126684  -51.934  31.242  -7.172 0.0000000000
126685  -52.539  31.990  -6.981 0.0000000000
126686  -53.616  32.078  -6.394 0.0000000000
126687  -54.442  32.400  -6.101 0.0000000000
126688  -54.744  32.564  -5.923 0.0000000000
126692  -43.949  31.627  -7.061 0.0000000000
126693  -44.547  31.372  -7.298 0.0000000000
126694  -45.349  31.463  -7.733 0.0000000000
126695  -50.712  31.620  -8.270 0.0000000000
126696  -51.615  32.033  -7.565 0.0000000000
126697  -52.117  32.485  -7.389 0.0000000000
126702  -46.092  31.447  -8.206 0.0000000000
126703  -46.588  31.538  -8.671 0.0000000000
126704  -47.207  31.737  -9.065 0.0000000000
126705  -47.832  32.110  -9.190 0.0000000000
126706  -49.421  32.082  -9.215 0.0000000000
126707  -49.830  31.662  -9.076 0.0000000000
126713  -47.800  31.511  -9.487 0.0000000000
126714  -48.437  31.738  -9.471 0.0000000000
126715  -49.209  31.630  -9.436 0.0000000000
126716  -49.571  31.330  -9.429 0.0000000000
127411  -57.140  33.061  9.230 0.0000000000
127412  -57.604  32.974  9.208 0.0000000000
127413  -58.540  32.799  9.157 0.0000000000
127414  -59.295  32.696  9.010 0.0000000000
127428  -56.199  33.095  8.675 0.0000000000
127429  -56.807  32.967  8.849 0.0000000000
127430  -57.923  32.563  8.594 0.0000000000
127431  -58.993  32.346  8.543 0.0000000000
127432  -59.886  32.366  8.396 0.0000000000
127433  -60.278  32.413  7.997 0.0000000000
127456  -55.818  33.008  8.118 0.0000000000
127457  -57.038  32.516  7.817 0.0000000000
127458  -58.380  32.004  7.615 0.0000000000
127459  -59.519  31.978  7.982 0.0000000000
127460  -60.026  31.957  8.090 0.0000000000
127461  -60.443  32.356  7.322 0.0000000000
127482  -57.202  32.042  6.740 0.0000000000
127483  -58.030  31.629  6.634 0.0000000000
127484  -60.084  32.878  6.167 0.0000000000
127485  -60.416  32.462  6.320 0.0000000000
127495  -57.399  31.620  5.939 0.0000000000
127496  -57.994  31.449  6.083 0.0000000000
127497  -58.983  33.085  5.282 0.0000000000
127498  -59.712  32.827  5.431 0.0000000000
127499  -60.456  32.117  4.952 0.0000000000
127511  -56.530  33.330  4.063 0.0000000000
127512  -57.160  33.132  4.168 0.0000000000
127513  -58.527  32.910  4.482 0.0000000000
127514  -59.782  32.539  4.098 0.0000000000
127515  -60.564  31.912  3.719 0.0000000000
127521  -55.470  33.269  3.235 0.0000000000
127522  -56.227  33.166  3.437 0.0000000000
127523  -57.467  32.801  3.323 0.0000000000
127524  -58.744  32.544  3.175 0.0000000000
127525  -59.845  32.281  2.871 0.0000000000
127526  -60.533  31.747  2.543 0.0000000000
127528  -54.402  33.090  2.362 0.0000000000
127529  -55.184  33.007  2.593 0.0000000000
127530  -56.462  32.816  2.381 0.0000000000
127531  -57.716  32.580  2.206 0.0000000000
127532  -58.926  32.414  1.969 0.0000000000
127533  -59.903  32.156  1.685 0.0000000000
127534  -60.450  31.678  1.398 0.0000000000
127536  -51.457  33.148  1.140 0.0000000000
127537  -51.975  33.025  1.172 0.0000000000
127538  -52.934  32.941  1.279 0.0000000000
127539  -54.153  32.874  1.648 0.0000000000
127540  -55.479  32.690  1.478 0.0000000000
127541  -56.732  32.608  1.277 0.0000000000
127542  -57.961  32.439  1.053 0.0000000000
127543  -59.106  32.317  0.790 0.0000000000
127544  -59.996  32.149  0.541 0.0000000000
127545  -60.365  31.672  0.347 0.0000000000
127547  -49.542  33.108  0.203 0.0000000000
127548  -50.067  32.891  0.288 0.0000000000
127549  -51.153  32.743  0.610 0.0000000000
127550  -52.292  32.519  0.527 0.0000000000
127551  -53.422  32.520  0.550 0.0000000000
127552  -54.605  32.507  0.549 0.0000000000
127553  -55.808  32.531  0.372 0.0000000000
127554  -57.032  32.550  0.139 0.0000000000
127555  -58.236  32.407  -0.114 0.0000000000
127556  -59.300  32.333  -0.349 0.0000000000
127557  -60.030  32.062  -0.484 0.0000000000
127558  -60.179  31.616  -0.437 0.0000000000
127561  -31.011  31.718  -0.987 0.0000000000
127562  -31.564  31.971  -0.869 0.0000000000
127563  -32.369  32.116  -0.868 0.0000000000
127564  -33.044  32.185  -0.966 0.0000000000
127565  -48.582  32.949  -0.555 0.0000000000
127566  -49.270  32.749  -0.370 0.0000000000
127567  -50.435  32.208  -0.608 0.0000000000
127568  -51.571  32.118  -0.228 0.0000000000
127569  -52.700  32.064  -0.379 0.0000000000
127570  -53.865  32.233  -0.322 0.0000000000
127571  -54.959  32.354  -0.504 0.0000000000
127572  -56.138  32.520  -0.775 0.0000000000
127573  -57.370  32.542  -1.024 0.0000000000
127574  -58.503  32.413  -1.253 0.0000000000
127575  -59.359  32.188  -1.375 0.0000000000
127576  -59.765  31.710  -1.142 0.0000000000
127577  -60.068  31.593  -0.727 0.0000000000
127581  -30.904  32.521  -1.114 0.0000000000
127582  -31.902  32.771  -1.098 0.0000000000
127583  -32.765  32.758  -1.234 0.0000000000
127584  -33.648  32.552  -1.360 0.0000000000
127585  -34.586  32.488  -1.763 0.0000000000
127586  -35.217  32.281  -1.984 0.0000000000
127587  -47.671  32.818  -1.506 0.0000000000
127588  -48.362  32.634  -1.236 0.0000000000
127589  -49.639  32.050  -1.479 0.0000000000
127590  -50.174  32.019  -1.168 0.0000000000
127591  -53.362  31.958  -1.022 0.0000000000
127592  -54.197  32.110  -1.217 0.0000000000
127593  -55.233  32.265  -1.719 0.0000000000
127594  -56.534  32.505  -1.960 0.0000000000
127595  -57.710  32.445  -2.154 0.0000000000
127596  -58.626  32.253  -2.289 0.0000000000
127597  -59.069  31.885  -2.271 0.0000000000
127598  -59.493  31.785  -1.710 0.0000000000
127603  -35.020  32.742  -2.275 0.0000000000
127604  -35.667  32.544  -2.533 0.0000000000
127605  -36.341  32.359  -2.828 0.0000000000
127606  -45.996  32.713  -2.965 0.0000000000
127607  -46.551  32.659  -2.767 0.0000000000
127608  -47.541  32.527  -2.258 0.0000000000
127609  -48.695  32.115  -2.332 0.0000000000
127610  -49.463  31.841  -2.460 0.0000000000
127611  -55.755  32.367  -2.972 0.0000000000
127612  -56.991  32.495  -3.063 0.0000000000
127613  -57.965  32.321  -3.121 0.0000000000
127614  -58.579  32.133  -3.124 0.0000000000
127615  -58.749  31.952  -3.133 0.0000000000
127619  -36.054  32.798  -3.123 0.0000000000
127620  -36.696  32.555  -3.458 0.0000000000
127621  -37.639  32.493  -4.077 0.0000000000
127622  -38.228  32.000  -4.236 0.0000000000
127623  -45.379  32.702  -4.081 0.0000000000
127624  -46.187  32.554  -3.703 0.0000000000
127625  -47.199  32.369  -3.518 0.0000000000
127626  -48.223  32.144  -3.365 0.0000000000
127627  -49.199  31.896  -3.286 0.0000000000
127628  -49.863  31.690  -3.045 0.0000000000
127629  -53.553  32.342  -4.379 0.0000000000
127630  -54.236  32.390  -4.235 0.0000000000
127631  -55.241  32.403  -3.981 0.0000000000
127632  -56.362  32.468  -3.946 0.0000000000
127633  -57.341  32.414  -3.878 0.0000000000
127634  -58.077  32.122  -3.747 0.0000000000
127635  -58.570  32.035  -3.493 0.0000000000
127639  -38.017  32.866  -4.447 0.0000000000
127640  -38.615  32.400  -4.614 0.0000000000
127641  -39.742  32.320  -5.129 0.0000000000
127642  -40.269  32.585  -5.295 0.0000000000
127643  -45.339  32.712  -4.666 0.0000000000
127644  -45.947  32.611  -4.889 0.0000000000
127645  -46.956  32.483  -4.594 0.0000000000
127646  -47.964  32.349  -4.443 0.0000000000
127647  -49.007  32.127  -4.336 0.0000000000
127648  -50.200  31.910  -4.125 0.0000000000
127649  -51.350  32.107  -4.559 0.0000000000
127650  -52.262  32.278  -4.710 0.0000000000
127651  -53.113  32.468  -4.757 0.0000000000
127652  -53.944  32.674  -4.916 0.0000000000
127653  -54.845  32.634  -4.864 0.0000000000
127654  -55.804  32.534  -4.699 0.0000000000
127655  -56.702  32.336  -4.549 0.0000000000
127656  -57.411  32.160  -4.205 0.0000000000
127660  -40.083  31.875  -5.348 0.0000000000
127661  -40.544  32.165  -5.491 0.0000000000
127662  -41.499  32.152  -5.778 0.0000000000
127663  -42.602  32.196  -6.300 0.0000000000
127664  -43.223  32.559  -6.478 0.0000000000
127665  -46.212  32.818  -5.610 0.0000000000
127666  -46.823  32.728  -5.517 0.0000000000
127667  -47.765  32.659  -5.411 0.0000000000
127668  -48.791  32.576  -5.320 0.0000000000
127669  -49.869  32.501  -5.231 0.0000000000
127670  -50.948  32.516  -5.253 0.0000000000
127671  -51.928  32.639  -5.330 0.0000000000
127672  -52.785  32.745  -5.378 0.0000000000
127673  -53.554  32.854  -5.440 0.0000000000
127674  -54.340  32.837  -5.590 0.0000000000
127675  -55.280  32.508  -5.280 0.0000000000
127676  -56.041  32.396  -5.014 0.0000000000
127680  -43.084  31.790  -6.618 0.0000000000
127681  -43.629  32.248  -6.909 0.0000000000
127682  -44.113  32.607  -7.172 0.0000000000
127683  -52.955  32.874  -6.862 0.0000000000
127684  -53.778  32.777  -6.340 0.0000000000
127685  -54.384  32.780  -6.021 0.0000000000
127686  -54.798  32.594  -5.719 0.0000000000
127690  -44.110  31.928  -7.257 0.0000000000
127691  -44.535  32.269  -7.468 0.0000000000
127692  -45.717  32.369  -8.011 0.0000000000
127693  -46.525  32.948  -8.265 0.0000000000
127694  -46.996  33.176  -8.376 0.0000000000
127695  -50.895  32.826  -8.046 0.0000000000
127696  -51.764  32.861  -7.520 0.0000000000
127697  -52.370  32.778  -7.286 0.0000000000
127701  -46.240  31.955  -8.354 0.0000000000
127702  -46.585  32.267  -8.529 0.0000000000
127703  -47.317  32.727  -8.714 0.0000000000
127704  -48.453  32.583  -9.051 0.0000000000
127705  -49.459  32.629  -9.020 0.0000000000
127706  -50.205  32.443  -8.616 0.0000000000
127712  -48.810  32.092  -9.328 0.0000000000
127713  -49.094  32.260  -9.263 0.0000000000
128408  -53.495  34.116  10.491 0.0000000000
128409  -53.974  34.095  10.485 0.0000000000
128410  -54.859  34.003  10.582 0.0000000000
128411  -55.806  33.968  10.437 0.0000000000
128412  -56.761  33.852  10.265 0.0000000000
128413  -57.703  33.703  10.156 0.0000000000
128414  -58.445  33.659  9.896 0.0000000000
128425  -53.961  33.655  10.058 0.0000000000
128426  -54.925  33.660  9.965 0.0000000000
128427  -55.907  33.557  9.780 0.0000000000
128428  -56.965  33.285  9.517 0.0000000000
128429  -58.088  33.253  9.632 0.0000000000
128430  -58.984  33.206  9.480 0.0000000000
128431  -59.642  32.974  9.038 0.0000000000
128446  -55.049  33.437  9.237 0.0000000000
128447  -56.003  33.209  8.972 0.0000000000
128448  -56.584  33.151  9.141 0.0000000000
128449  -60.064  32.985  8.392 0.0000000000
128450  -60.341  32.780  7.720 0.0000000000
128466  -55.207  33.259  8.569 0.0000000000
128467  -55.658  33.196  8.569 0.0000000000
128468  -58.438  34.090  7.299 0.0000000000
128469  -59.012  33.896  7.345 0.0000000000
128470  -59.897  33.356  7.567 0.0000000000
128471  -60.378  32.807  7.078 0.0000000000
128481  -57.412  33.883  6.244 0.0000000000
128482  -58.317  33.791  6.731 0.0000000000
128483  -59.450  33.476  6.720 0.0000000000
128484  -60.165  33.032  6.678 0.0000000000
128485  -60.364  32.767  6.718 0.0000000000
128487  -56.212  34.096  5.217 0.0000000000
128488  -57.044  33.691  5.527 0.0000000000
128489  -57.983  33.463  5.816 0.0000000000
128490  -59.005  33.287  5.927 0.0000000000
128491  -59.758  33.117  6.188 0.0000000000
128495  -55.046  34.155  4.188 0.0000000000
128496  -55.811  33.892  4.446 0.0000000000
128497  -56.630  33.542  4.638 0.0000000000
128498  -57.638  33.300  4.995 0.0000000000
128499  -58.455  33.207  5.303 0.0000000000
128506  -53.893  33.971  3.338 0.0000000000
128507  -54.678  33.819  3.530 0.0000000000
128508  -55.472  33.585  3.723 0.0000000000
128509  -56.128  33.504  4.048 0.0000000000
128513  -52.003  34.066  2.204 0.0000000000
128514  -52.764  33.794  2.476 0.0000000000
128515  -53.543  33.601  2.708 0.0000000000
128516  -54.363  33.395  2.881 0.0000000000
128517  -55.020  33.377  3.205 0.0000000000
128519  -50.871  33.919  1.444 0.0000000000
128520  -51.589  33.588  1.569 0.0000000000
128521  -52.423  33.416  1.803 0.0000000000
128522  -53.286  33.269  2.046 0.0000000000
128523  -53.941  33.216  2.327 0.0000000000
128525  -49.113  34.063  0.356 0.0000000000
128526  -49.713  33.622  0.612 0.0000000000
128527  -50.493  33.407  0.931 0.0000000000
128528  -51.106  33.327  1.167 0.0000000000
128530  -48.007  33.860  -0.419 0.0000000000
128531  -48.664  33.477  -0.153 0.0000000000
128532  -49.225  33.364  0.164 0.0000000000
128534  -30.343  33.646  -1.466 0.0000000000
128535  -31.460  33.629  -1.320 0.0000000000
128536  -32.431  33.557  -1.457 0.0000000000
128537  -33.274  33.373  -1.656 0.0000000000
128538  -34.135  33.357  -2.123 0.0000000000
128539  -34.680  33.003  -2.245 0.0000000000
128540  -46.237  33.724  -1.546 0.0000000000
128541  -46.956  33.575  -1.283 0.0000000000
128542  -47.638  33.264  -1.008 0.0000000000
128543  -48.206  33.190  -0.637 0.0000000000
128548  -34.341  33.729  -2.668 0.0000000000
128549  -34.966  33.371  -2.880 0.0000000000
128550  -35.646  33.041  -3.065 0.0000000000
128551  -43.288  33.677  -2.915 0.0000000000
128552  -44.170  33.461  -2.707 0.0000000000
128553  -45.018  33.293  -2.499 0.0000000000
128554  -45.879  33.087  -2.327 0.0000000000
128555  -46.694  33.030  -1.921 0.0000000000
128556  -47.259  32.990  -1.568 0.0000000000
128560  -35.225  33.744  -3.501 0.0000000000
128561  -35.916  33.427  -3.671 0.0000000000
128562  -36.938  33.050  -4.041 0.0000000000
128563  -37.341  32.931  -4.236 0.0000000000
128564  -40.005  33.800  -4.132 0.0000000000
128565  -40.963  33.741  -4.146 0.0000000000
128566  -41.922  33.634  -4.046 0.0000000000
128567  -42.890  33.450  -3.918 0.0000000000
128568  -43.857  33.182  -3.728 0.0000000000
128569  -44.729  32.951  -3.440 0.0000000000
128570  -45.493  32.801  -3.142 0.0000000000
128573  -36.191  33.961  -4.074 0.0000000000
128574  -36.722  33.721  -4.070 0.0000000000
128575  -37.541  33.322  -4.259 0.0000000000
128576  -38.435  33.294  -4.417 0.0000000000
128577  -39.338  33.178  -4.667 0.0000000000
128578  -40.382  33.090  -4.959 0.0000000000
128579  -41.439  33.247  -4.887 0.0000000000
128580  -42.472  33.194  -4.895 0.0000000000
128581  -43.545  33.055  -4.849 0.0000000000
128582  -44.732  32.852  -4.680 0.0000000000
128583  -45.365  32.731  -5.015 0.0000000000
128586  -40.533  32.663  -5.343 0.0000000000
128587  -41.044  32.693  -5.361 0.0000000000
128588  -42.013  32.752  -5.561 0.0000000000
128589  -43.184  32.882  -5.977 0.0000000000
128590  -44.346  32.957  -5.843 0.0000000000
128591  -45.546  32.916  -5.768 0.0000000000
128592  -46.593  33.039  -6.191 0.0000000000
128593  -47.560  33.061  -6.221 0.0000000000
128594  -48.583  33.063  -6.153 0.0000000000
128595  -49.636  33.080  -6.056 0.0000000000
128596  -50.683  33.092  -5.985 0.0000000000
128597  -51.670  33.111  -5.943 0.0000000000
128598  -52.554  33.106  -5.904 0.0000000000
128599  -53.301  33.077  -5.855 0.0000000000
128600  -53.785  33.048  -5.793 0.0000000000
128603  -43.503  32.703  -6.592 0.0000000000
128604  -44.097  32.876  -6.804 0.0000000000
128605  -45.127  33.119  -6.763 0.0000000000
128606  -46.216  33.230  -6.894 0.0000000000
128607  -47.285  33.367  -6.992 0.0000000000
128608  -48.345  33.395  -6.949 0.0000000000
128609  -49.407  33.397  -6.870 0.0000000000
128610  -50.454  33.404  -6.763 0.0000000000
128611  -51.448  33.389  -6.648 0.0000000000
128612  -52.358  33.246  -6.521 0.0000000000
128613  -53.167  33.081  -6.313 0.0000000000
128614  -53.844  33.051  -6.063 0.0000000000
128617  -44.359  32.743  -7.283 0.0000000000
128618  -44.894  32.882  -7.412 0.0000000000
128619  -45.876  33.094  -7.588 0.0000000000
128620  -46.979  33.370  -7.878 0.0000000000
128621  -48.071  33.442  -7.753 0.0000000000
128622  -49.135  33.407  -7.671 0.0000000000
128623  -50.194  33.368  -7.549 0.0000000000
128624  -51.195  33.320  -7.350 0.0000000000
128625  -52.095  33.241  -7.139 0.0000000000
128628  -47.271  33.208  -8.391 0.0000000000
128629  -47.818  33.204  -8.427 0.0000000000
128630  -48.820  33.213  -8.445 0.0000000000
128631  -49.845  33.138  -8.316 0.0000000000
129341  -53.267  34.240  10.404 0.0000000000
129342  -53.963  34.680  10.498 0.0000000000
129343  -54.837  34.672  10.741 0.0000000000
129344  -55.760  34.621  10.739 0.0000000000
129345  -56.637  34.479  10.655 0.0000000000
129346  -57.459  34.326  10.548 0.0000000000
129347  -58.228  34.217  10.271 0.0000000000
129363  -52.636  34.368  10.184 0.0000000000
129364  -53.397  34.634  10.324 0.0000000000
129365  -58.954  33.981  9.603 0.0000000000
129366  -59.318  33.373  9.295 0.0000000000
129385  -58.572  34.727  8.480 0.0000000000
129386  -59.211  34.147  8.844 0.0000000000
129387  -59.555  33.479  8.986 0.0000000000
129401  -57.540  34.983  7.501 0.0000000000
129402  -58.360  34.437  7.761 0.0000000000
129403  -59.205  34.051  8.073 0.0000000000
129404  -59.652  33.577  8.405 0.0000000000
129409  -56.353  35.109  6.400 0.0000000000
129410  -57.232  34.503  6.838 0.0000000000
129411  -57.955  34.311  7.286 0.0000000000
129414  -55.216  35.224  5.213 0.0000000000
129415  -55.862  34.767  5.674 0.0000000000
129416  -56.641  34.314  6.029 0.0000000000
129419  -54.058  35.202  4.192 0.0000000000
129420  -54.713  34.818  4.579 0.0000000000
129421  -55.440  34.472  4.909 0.0000000000
129427  -52.831  35.059  3.334 0.0000000000
129428  -53.556  34.715  3.658 0.0000000000
129429  -54.304  34.432  3.916 0.0000000000
129435  -51.758  34.942  2.381 0.0000000000
129436  -52.408  34.553  2.763 0.0000000000
129437  -53.108  34.214  3.109 0.0000000000
129439  -50.119  35.099  1.180 0.0000000000
129440  -50.693  34.783  1.536 0.0000000000
129441  -51.326  34.420  1.881 0.0000000000
129443  -49.087  34.957  0.483 0.0000000000
129444  -49.608  34.594  0.821 0.0000000000
129445  -50.194  34.210  1.178 0.0000000000
129447  -47.256  35.015  -0.677 0.0000000000
129448  -47.888  34.782  -0.309 0.0000000000
129449  -48.522  34.432  0.074 0.0000000000
129451  -30.409  34.739  -1.748 0.0000000000
129452  -31.138  34.498  -1.601 0.0000000000
129453  -32.126  34.579  -1.825 0.0000000000
129454  -33.056  34.096  -1.935 0.0000000000
129455  -33.579  33.792  -2.075 0.0000000000
129456  -45.206  34.789  -1.574 0.0000000000
129457  -46.005  34.638  -1.331 0.0000000000
129458  -46.723  34.417  -1.045 0.0000000000
129459  -47.362  34.134  -0.735 0.0000000000
129464  -32.439  35.048  -2.354 0.0000000000
129465  -32.941  34.704  -2.369 0.0000000000
129466  -33.824  34.247  -2.719 0.0000000000
129467  -34.453  33.905  -2.968 0.0000000000
129468  -41.217  34.924  -2.821 0.0000000000
129469  -42.081  34.721  -2.624 0.0000000000
129470  -42.957  34.495  -2.402 0.0000000000
129471  -43.815  34.270  -2.202 0.0000000000
129472  -44.637  34.057  -1.984 0.0000000000
129473  -45.453  33.880  -1.787 0.0000000000
129477  -34.067  34.559  -3.382 0.0000000000
129478  -34.703  34.248  -3.592 0.0000000000
129479  -35.359  33.931  -3.762 0.0000000000
129480  -37.995  34.902  -3.618 0.0000000000
129481  -38.867  34.756  -3.567 0.0000000000
129482  -39.748  34.563  -3.512 0.0000000000
129483  -40.623  34.371  -3.454 0.0000000000
129484  -41.501  34.168  -3.309 0.0000000000
129485  -42.386  33.920  -3.110 0.0000000000
129490  -35.069  34.716  -4.196 0.0000000000
129491  -35.701  34.389  -4.065 0.0000000000
129492  -36.573  34.433  -3.949 0.0000000000
129493  -37.346  34.231  -3.929 0.0000000000
129494  -38.191  34.046  -3.962 0.0000000000
129495  -39.078  33.930  -4.059 0.0000000000
130222  -54.320  35.283  10.362 0.0000000000
130223  -54.807  35.300  10.604 0.0000000000
130224  -55.764  35.559  10.665 0.0000000000
130225  -56.619  35.224  10.758 0.0000000000
130226  -57.303  34.972  10.717 0.0000000000
130227  -57.878  34.876  10.506 0.0000000000
130240  -51.512  34.852  9.408 0.0000000000
130241  -52.462  34.984  9.660 0.0000000000
130242  -53.758  35.432  9.857 0.0000000000
130243  -54.800  35.807  10.206 0.0000000000
130244  -55.281  35.787  10.460 0.0000000000
130245  -58.337  34.881  9.962 0.0000000000
130256  -51.456  35.252  8.859 0.0000000000
130257  -52.490  35.652  8.833 0.0000000000
130258  -53.117  35.598  9.309 0.0000000000
130259  -58.219  35.673  8.697 0.0000000000
130260  -58.664  34.892  9.238 0.0000000000
130274  -50.404  35.555  7.767 0.0000000000
130275  -51.398  35.600  8.167 0.0000000000
130276  -51.992  35.673  8.395 0.0000000000
130277  -57.385  35.937  7.437 0.0000000000
130278  -57.916  35.370  8.015 0.0000000000
130292  -48.387  35.563  6.717 0.0000000000
130293  -49.322  35.630  7.126 0.0000000000
130294  -49.855  35.626  7.372 0.0000000000
130295  -56.350  36.045  6.356 0.0000000000
130296  -56.872  35.544  7.002 0.0000000000
130302  -41.440  35.573  5.845 0.0000000000
130303  -42.403  35.403  5.947 0.0000000000
130304  -43.391  35.326  5.965 0.0000000000
130305  -44.368  35.336  5.973 0.0000000000
130306  -45.327  35.376  6.013 0.0000000000
130307  -46.263  35.447  6.087 0.0000000000
130308  -47.180  35.556  6.170 0.0000000000
130309  -47.793  35.586  6.302 0.0000000000
130310  -55.250  36.065  5.236 0.0000000000
130311  -55.764  35.647  5.823 0.0000000000
130313  -54.014  36.069  4.292 0.0000000000
130314  -54.611  35.662  4.752 0.0000000000
130319  -53.392  35.608  3.825 0.0000000000
130332  -50.185  35.572  1.040 0.0000000000
130333  -50.641  35.720  1.298 0.0000000000
130334  -51.212  35.372  1.885 0.0000000000
130336  -49.174  35.470  0.423 0.0000000000
130337  -49.728  35.639  0.721 0.0000000000
130338  -50.255  35.824  0.976 0.0000000000
130340  -47.252  35.516  -0.730 0.0000000000
130341  -47.744  35.751  -0.467 0.0000000000
130342  -48.657  35.514  0.123 0.0000000000
130343  -49.239  35.752  0.377 0.0000000000
130345  -30.559  35.264  -1.971 0.0000000000
130346  -31.055  35.183  -1.903 0.0000000000
130347  -31.540  34.998  -1.908 0.0000000000
130348  -44.305  35.821  -1.746 0.0000000000
130349  -45.025  35.663  -1.591 0.0000000000
130350  -45.832  35.580  -1.354 0.0000000000
130351  -46.751  35.484  -0.969 0.0000000000
130352  -47.275  35.807  -0.749 0.0000000000
130357  -30.884  35.650  -2.256 0.0000000000
130358  -31.856  35.574  -2.556 0.0000000000
130359  -32.838  35.226  -2.809 0.0000000000
130360  -33.302  34.818  -2.821 0.0000000000
130361  -40.333  35.831  -2.790 0.0000000000
130362  -41.002  35.736  -2.606 0.0000000000
130363  -41.858  35.605  -2.429 0.0000000000
130364  -42.769  35.454  -2.190 0.0000000000
130365  -43.622  35.214  -1.936 0.0000000000
130366  -44.409  34.959  -1.749 0.0000000000
130371  -32.746  35.882  -3.586 0.0000000000
130372  -33.595  35.013  -3.469 0.0000000000
130373  -34.183  34.720  -3.713 0.0000000000
130374  -37.173  35.765  -3.712 0.0000000000
130375  -37.823  35.738  -3.545 0.0000000000
130376  -38.668  35.662  -3.355 0.0000000000
130377  -39.616  35.527  -3.127 0.0000000000
130378  -40.406  35.145  -2.999 0.0000000000
130384  -33.560  35.668  -4.289 0.0000000000
130385  -34.470  35.136  -4.289 0.0000000000
130386  -35.537  35.334  -4.307 0.0000000000
130387  -36.467  35.351  -3.971 0.0000000000
130388  -37.184  35.057  -3.654 0.0000000000
131111  -56.252  36.252  10.455 0.0000000000
131112  -56.747  36.063  10.600 0.0000000000
131113  -57.349  35.637  10.602 0.0000000000
131114  -57.652  35.273  10.609 0.0000000000
131123  -54.213  36.300  9.320 0.0000000000
131124  -54.882  36.619  9.510 0.0000000000
131125  -55.736  36.482  10.123 0.0000000000
131126  -56.664  36.800  10.171 0.0000000000
131127  -57.542  36.516  9.963 0.0000000000
131128  -57.907  35.532  10.291 0.0000000000
131136  -53.005  36.298  8.399 0.0000000000
131137  -53.741  36.472  8.757 0.0000000000
131138  -54.449  36.733  9.067 0.0000000000
131139  -57.990  36.649  8.908 0.0000000000
131140  -58.206  35.743  9.567 0.0000000000
131145  -50.945  36.037  7.107 0.0000000000
131146  -51.481  36.105  7.401 0.0000000000
131147  -52.552  36.404  7.770 0.0000000000
131148  -53.285  36.636  8.148 0.0000000000
131149  -57.423  36.467  7.285 0.0000000000
131150  -57.736  36.486  7.829 0.0000000000
131155  -48.928  36.047  5.946 0.0000000000
131156  -49.485  36.056  6.303 0.0000000000
131157  -50.354  36.064  6.770 0.0000000000
131158  -51.482  36.613  6.593 0.0000000000
131159  -52.063  36.571  7.056 0.0000000000
131160  -56.503  36.518  6.172 0.0000000000
131161  -56.989  36.611  6.690 0.0000000000
131162  -57.455  36.743  7.181 0.0000000000
131170  -41.334  36.133  5.008 0.0000000000
131171  -42.275  35.959  5.053 0.0000000000
131172  -43.251  35.916  5.118 0.0000000000
131173  -44.234  35.885  5.134 0.0000000000
131174  -45.208  35.903  5.189 0.0000000000
131175  -46.158  35.940  5.289 0.0000000000
131176  -47.084  35.999  5.400 0.0000000000
131177  -48.241  36.283  5.447 0.0000000000
131178  -49.445  36.629  5.551 0.0000000000
131179  -50.342  36.675  5.877 0.0000000000
131180  -50.908  36.633  6.206 0.0000000000
131181  -55.427  36.499  5.075 0.0000000000
131182  -56.023  36.616  5.567 0.0000000000
131183  -56.592  36.756  6.058 0.0000000000
131188  -41.192  36.865  4.437 0.0000000000
131189  -42.127  36.725  4.470 0.0000000000
131190  -43.080  36.675  4.509 0.0000000000
131191  -44.055  36.644  4.505 0.0000000000
131192  -45.024  36.680  4.594 0.0000000000
131193  -45.977  36.714  4.723 0.0000000000
131194  -46.910  36.663  4.835 0.0000000000
131195  -47.553  36.540  4.990 0.0000000000
131197  -54.881  36.623  4.542 0.0000000000
131198  -55.553  36.742  4.962 0.0000000000
131216  -50.890  36.255  1.191 0.0000000000
131222  -49.951  36.247  0.530 0.0000000000
131223  -50.500  36.323  0.819 0.0000000000
131226  -47.943  36.354  -0.595 0.0000000000
131227  -48.541  36.425  -0.369 0.0000000000
131228  -49.448  36.341  0.188 0.0000000000
131229  -50.150  36.617  0.364 0.0000000000
131231  -44.347  36.340  -1.847 0.0000000000
131232  -44.836  36.341  -1.730 0.0000000000
131233  -45.616  36.460  -1.597 0.0000000000
131234  -46.489  36.413  -1.300 0.0000000000
131235  -47.412  36.430  -0.884 0.0000000000
131236  -48.129  36.725  -0.767 0.0000000000
131243  -40.022  36.248  -2.881 0.0000000000
131244  -40.716  36.513  -2.687 0.0000000000
131245  -41.628  36.450  -2.508 0.0000000000
131246  -42.578  36.381  -2.328 0.0000000000
131247  -43.692  36.348  -2.038 0.0000000000
131257  -36.897  36.137  -3.898 0.0000000000
131258  -37.558  36.466  -3.709 0.0000000000
131259  -38.411  36.505  -3.467 0.0000000000
131260  -39.378  36.528  -3.154 0.0000000000
131261  -40.140  36.806  -2.946 0.0000000000
131268  -34.246  35.947  -4.920 0.0000000000
131269  -35.243  36.142  -4.767 0.0000000000
131270  -36.306  36.298  -4.305 0.0000000000
131271  -37.055  36.672  -4.056 0.0000000000
131991  -55.324  37.369  9.211 0.0000000000
131992  -55.715  37.308  9.503 0.0000000000
131993  -56.412  37.546  9.595 0.0000000000
131994  -57.054  37.497  9.630 0.0000000000
132001  -54.234  37.321  8.314 0.0000000000
132002  -54.892  37.589  8.675 0.0000000000
132003  -55.705  37.856  9.082 0.0000000000
132004  -56.066  37.797  9.341 0.0000000000
132005  -57.553  37.533  9.060 0.0000000000
132013  -53.116  37.167  7.244 0.0000000000
132014  -53.793  37.461  7.699 0.0000000000
132015  -54.462  37.750  8.114 0.0000000000
132016  -57.707  37.483  8.084 0.0000000000
132020  -51.914  37.184  6.197 0.0000000000
132021  -52.631  37.357  6.578 0.0000000000
132022  -53.373  37.580  7.013 0.0000000000
132023  -57.148  37.205  6.375 0.0000000000
132024  -57.467  37.347  6.951 0.0000000000
132031  -48.559  37.176  4.792 0.0000000000
132032  -49.201  37.251  4.924 0.0000000000
132033  -50.306  37.688  5.071 0.0000000000
132034  -51.375  37.351  5.747 0.0000000000
132035  -52.106  37.532  5.991 0.0000000000
132036  -56.347  37.174  5.236 0.0000000000
132037  -56.771  37.211  5.799 0.0000000000
132038  -57.224  37.584  6.105 0.0000000000
132047  -41.956  37.501  4.050 0.0000000000
132048  -42.872  37.458  4.094 0.0000000000
132049  -43.834  37.479  4.093 0.0000000000
132050  -44.784  37.561  4.260 0.0000000000
132051  -45.716  37.613  4.424 0.0000000000
132052  -46.695  37.604  4.506 0.0000000000
132053  -47.832  37.404  4.595 0.0000000000
132054  -48.821  37.914  4.571 0.0000000000
132055  -49.588  38.096  4.656 0.0000000000
132057  -55.858  37.200  4.671 0.0000000000
132058  -56.642  37.570  4.924 0.0000000000
132059  -57.140  37.837  5.365 0.0000000000
132950  -56.667  38.032  9.310 0.0000000000
132951  -56.817  37.881  9.442 0.0000000000
132957  -55.266  38.491  8.310 0.0000000000
132958  -55.731  38.566  8.603 0.0000000000
132959  -56.324  38.269  9.041 0.0000000000
132960  -57.000  38.281  9.081 0.0000000000
132968  -54.220  38.434  7.354 0.0000000000
132969  -54.796  38.630  7.837 0.0000000000
132970  -55.465  39.049  8.168 0.0000000000
132971  -57.402  38.330  8.325 0.0000000000
132977  -53.010  38.288  6.216 0.0000000000
132978  -53.684  38.531  6.755 0.0000000000
132979  -54.389  39.110  7.251 0.0000000000
132980  -57.506  38.302  7.324 0.0000000000
132984  -50.660  38.529  4.894 0.0000000000
132985  -51.251  38.576  5.128 0.0000000000
132986  -52.348  38.416  5.708 0.0000000000
132987  -53.130  38.972  6.118 0.0000000000
132988  -57.398  38.235  6.106 0.0000000000
132997  -41.839  38.182  3.759 0.0000000000
132998  -42.631  38.191  3.792 0.0000000000
132999  -43.537  38.245  3.838 0.0000000000
133000  -44.528  38.488  4.035 0.0000000000
133001  -45.393  38.476  4.271 0.0000000000
133002  -46.309  38.577  4.366 0.0000000000
133003  -47.321  38.609  4.381 0.0000000000
133004  -48.327  38.721  4.416 0.0000000000
133005  -49.260  38.869  4.516 0.0000000000
133006  -50.194  38.849  4.673 0.0000000000
133007  -50.823  39.047  4.866 0.0000000000
133016  -42.290  38.887  3.662 0.0000000000
133017  -43.206  38.938  3.691 0.0000000000
133018  -44.007  38.986  3.817 0.0000000000
133998  -56.189  38.873  8.645 0.0000000000
133999  -56.558  38.913  8.583 0.0000000000
134000  -57.025  38.908  8.428 0.0000000000
134008  -55.362  39.728  7.767 0.0000000000
134009  -56.015  39.540  8.243 0.0000000000
134010  -56.688  39.471  8.093 0.0000000000
134011  -57.181  39.154  7.726 0.0000000000
134020  -54.272  39.906  6.874 0.0000000000
134021  -54.842  39.833  7.386 0.0000000000
134022  -57.256  39.062  6.682 0.0000000000
134029  -51.265  40.524  5.184 0.0000000000
134030  -51.772  39.834  5.282 0.0000000000
134031  -52.810  39.784  5.835 0.0000000000
134032  -53.552  39.844  6.366 0.0000000000
134038  -45.140  39.029  4.200 0.0000000000
134039  -45.797  39.480  4.280 0.0000000000
134040  -46.852  39.559  4.358 0.0000000000
134041  -47.834  39.673  4.442 0.0000000000
134042  -48.803  39.754  4.536 0.0000000000
134043  -49.742  39.812  4.650 0.0000000000
134044  -50.751  39.924  4.894 0.0000000000
134045  -51.161  39.350  5.006 0.0000000000
134054  -41.875  39.637  3.567 0.0000000000
134055  -42.860  39.657  3.599 0.0000000000
134056  -43.809  39.655  3.693 0.0000000000
134057  -44.815  39.581  4.035 0.0000000000
134058  -45.460  39.968  4.181 0.0000000000
135014  -55.173  40.419  7.452 0.0000000000
135015  -55.658  40.516  7.508 0.0000000000
135016  -56.376  40.224  7.587 0.0000000000
135017  -56.814  39.717  7.696 0.0000000000
135023  -53.916  41.023  6.623 0.0000000000
135024  -54.755  40.819  7.134 0.0000000000
135025  -55.232  40.848  7.322 0.0000000000
135027  -56.911  39.778  7.156 0.0000000000
135035  -50.832  41.140  5.177 0.0000000000
135036  -51.705  41.104  5.482 0.0000000000
135037  -52.535  40.869  5.814 0.0000000000
135038  -53.221  40.663  6.181 0.0000000000
135047  -45.865  40.211  4.195 0.0000000000
135048  -46.471  40.249  4.263 0.0000000000
135049  -47.319  40.615  4.354 0.0000000000
135050  -48.354  40.604  4.541 0.0000000000
135051  -49.304  40.675  4.683 0.0000000000
135052  -50.111  40.652  4.854 0.0000000000
135063  -43.437  40.364  3.447 0.0000000000
135064  -44.402  40.367  3.628 0.0000000000
135065  -45.369  40.462  3.888 0.0000000000
135066  -46.206  40.717  4.005 0.0000000000
135067  -46.725  40.765  4.164 0.0000000000
136014  -55.966  40.691  7.429 0.0000000000
136041  -47.479  41.202  4.143 0.0000000000
136042  -48.009  41.228  4.314 0.0000000000
136043  -48.919  41.503  4.454 0.0000000000
136044  -49.962  41.570  4.920 0.0000000000
