#!ascii label  , from subject colin27_FS vox2ras=TkReg
1606
122610  -11.599  27.923  19.380 0.0000000000
122614  -11.734  28.041  18.798 0.0000000000
122615  -12.166  27.500  18.651 0.0000000000
122619  -12.315  27.304  17.559 0.0000000000
122631  -12.237  27.202  16.664 0.0000000000
123529  -4.649  29.130  20.939 0.0000000000
123530  -5.277  28.952  20.904 0.0000000000
123531  -6.336  28.833  20.769 0.0000000000
123532  -7.471  28.850  20.615 0.0000000000
123533  -8.803  28.863  20.279 0.0000000000
123539  -9.261  29.191  19.602 0.0000000000
123540  -10.055  28.951  19.431 0.0000000000
123541  -10.837  28.272  19.835 0.0000000000
123545  -10.549  29.153  18.719 0.0000000000
123546  -11.271  28.641  18.613 0.0000000000
123547  -11.807  28.068  18.516 0.0000000000
123553  -11.660  28.668  17.388 0.0000000000
123554  -11.956  28.053  17.974 0.0000000000
123565  -11.786  28.492  16.452 0.0000000000
123566  -12.031  27.918  17.058 0.0000000000
123571  -11.843  28.093  15.702 0.0000000000
123572  -12.012  27.773  16.336 0.0000000000
124485  -3.950  29.284  21.484 0.0000000000
124489  -3.912  29.850  21.277 0.0000000000
124490  -4.180  29.429  20.900 0.0000000000
124491  -4.879  29.361  20.497 0.0000000000
124492  -5.838  29.309  20.313 0.0000000000
124493  -6.936  29.332  20.190 0.0000000000
124494  -7.921  29.326  20.075 0.0000000000
124500  -3.901  30.025  20.626 0.0000000000
124501  -4.337  29.828  20.180 0.0000000000
124502  -5.237  29.729  19.863 0.0000000000
124503  -6.341  29.787  19.722 0.0000000000
124504  -7.542  29.825  19.535 0.0000000000
124505  -8.641  29.508  19.495 0.0000000000
124506  -9.442  29.461  19.189 0.0000000000
124512  -8.288  30.056  19.029 0.0000000000
124513  -9.077  29.980  18.822 0.0000000000
124514  -10.036  29.682  18.556 0.0000000000
124515  -10.726  29.349  18.258 0.0000000000
124527  -10.546  29.824  17.846 0.0000000000
124528  -11.101  29.456  17.530 0.0000000000
124538  -11.473  29.345  16.657 0.0000000000
124542  -11.695  29.225  15.606 0.0000000000
125432  -4.455  30.388  21.743 0.0000000000
125445  -3.946  30.575  20.842 0.0000000000
125452  -3.970  30.620  20.019 0.0000000000
125453  -4.632  30.303  19.546 0.0000000000
125454  -5.653  30.268  19.289 0.0000000000
125455  -6.776  30.325  19.152 0.0000000000
125456  -7.669  30.326  18.929 0.0000000000
125469  -4.190  30.903  19.289 0.0000000000
125470  -4.943  30.855  18.907 0.0000000000
125471  -6.095  30.826  18.681 0.0000000000
125472  -7.241  30.787  18.574 0.0000000000
125473  -8.377  30.687  18.357 0.0000000000
125474  -9.471  30.410  18.174 0.0000000000
125475  -10.138  30.236  17.843 0.0000000000
125487  -9.125  30.958  17.779 0.0000000000
125488  -9.836  30.765  17.499 0.0000000000
125489  -10.615  30.427  17.039 0.0000000000
125490  -11.159  29.900  16.847 0.0000000000
125494  -10.847  30.841  16.398 0.0000000000
125495  -11.279  30.350  16.147 0.0000000000
125499  -11.627  30.412  15.015 0.0000000000
125504  -11.634  30.469  14.033 0.0000000000
126372  -4.335  31.079  21.014 0.0000000000
126373  -5.178  31.147  21.303 0.0000000000
126394  -4.024  31.483  20.251 0.0000000000
126395  -4.797  31.631  20.691 0.0000000000
126396  -5.869  31.634  20.793 0.0000000000
126411  -3.596  32.075  18.989 0.0000000000
126412  -3.877  31.472  19.468 0.0000000000
126424  -3.718  32.116  18.601 0.0000000000
126425  -4.134  31.569  18.682 0.0000000000
126426  -5.336  31.645  18.241 0.0000000000
126427  -6.686  31.384  18.183 0.0000000000
126428  -7.731  31.202  18.109 0.0000000000
126429  -8.187  31.096  18.060 0.0000000000
126433  -5.518  32.187  17.792 0.0000000000
126434  -6.272  32.049  17.747 0.0000000000
126435  -7.366  31.830  17.702 0.0000000000
126436  -8.403  31.431  17.716 0.0000000000
126437  -9.445  31.537  17.151 0.0000000000
126438  -10.093  31.055  16.997 0.0000000000
126443  -9.698  32.045  16.657 0.0000000000
126444  -10.452  31.577  16.380 0.0000000000
126445  -10.971  31.054  16.081 0.0000000000
126452  -10.836  32.051  15.738 0.0000000000
126453  -11.224  31.485  15.464 0.0000000000
126461  -11.571  31.407  14.384 0.0000000000
126468  -11.479  31.350  13.494 0.0000000000
127315  -3.977  32.137  20.024 0.0000000000
127316  -4.476  32.133  20.219 0.0000000000
127317  -5.428  32.164  20.322 0.0000000000
127318  -6.576  32.110  20.295 0.0000000000
127325  -3.483  32.590  19.081 0.0000000000
127326  -3.757  32.253  19.537 0.0000000000
127327  -4.188  32.559  19.785 0.0000000000
127328  -5.005  32.659  19.856 0.0000000000
127329  -6.089  32.666  19.836 0.0000000000
127330  -7.260  32.597  19.779 0.0000000000
127335  -3.535  32.703  18.535 0.0000000000
127336  -3.978  32.245  18.260 0.0000000000
127337  -4.499  31.972  18.242 0.0000000000
127342  -3.482  33.159  18.148 0.0000000000
127343  -3.763  32.880  17.898 0.0000000000
127344  -4.729  32.500  17.777 0.0000000000
127345  -5.766  32.647  17.475 0.0000000000
127346  -6.924  32.742  17.207 0.0000000000
127347  -8.076  32.241  17.267 0.0000000000
127348  -8.747  31.934  17.251 0.0000000000
127356  -7.273  33.283  16.799 0.0000000000
127357  -7.903  32.960  16.798 0.0000000000
127358  -8.952  32.483  16.764 0.0000000000
127359  -9.827  32.580  16.279 0.0000000000
127367  -10.471  32.577  15.785 0.0000000000
127368  -10.976  32.521  15.274 0.0000000000
127374  -11.347  32.380  14.588 0.0000000000
127378  -11.488  32.266  13.759 0.0000000000
127382  -11.338  32.231  12.971 0.0000000000
128323  -3.572  32.740  19.260 0.0000000000
128324  -3.831  32.962  19.412 0.0000000000
128325  -4.543  33.203  19.493 0.0000000000
128326  -5.571  33.279  19.447 0.0000000000
128327  -6.742  33.234  19.351 0.0000000000
128328  -7.980  33.153  19.306 0.0000000000
128334  -3.510  33.209  18.946 0.0000000000
128335  -4.055  33.718  19.086 0.0000000000
128336  -4.996  33.936  19.071 0.0000000000
128337  -6.157  33.909  18.935 0.0000000000
128338  -7.373  33.857  18.876 0.0000000000
128339  -8.587  33.834  18.883 0.0000000000
128347  -3.477  33.515  18.345 0.0000000000
128348  -3.571  33.620  17.849 0.0000000000
128349  -4.189  33.513  17.427 0.0000000000
128350  -5.138  33.268  17.280 0.0000000000
128351  -5.990  33.227  17.084 0.0000000000
128359  -4.724  33.903  17.072 0.0000000000
128360  -5.480  33.859  16.829 0.0000000000
128361  -6.582  33.693  16.693 0.0000000000
128362  -7.606  33.751  16.466 0.0000000000
128363  -8.491  33.374  16.389 0.0000000000
128364  -9.237  33.171  16.218 0.0000000000
128370  -8.215  34.015  16.141 0.0000000000
128371  -8.911  33.884  15.921 0.0000000000
128372  -9.873  33.502  15.642 0.0000000000
128373  -10.597  33.165  15.308 0.0000000000
128377  -10.436  33.771  15.058 0.0000000000
128378  -10.972  33.360  14.677 0.0000000000
128381  -11.358  33.143  13.947 0.0000000000
128384  -11.120  33.143  12.632 0.0000000000
128385  -11.363  33.028  13.249 0.0000000000
129273  -3.683  34.110  18.552 0.0000000000
129274  -4.358  34.720  18.660 0.0000000000
129275  -5.556  34.706  18.624 0.0000000000
129276  -6.771  34.611  18.537 0.0000000000
129277  -7.961  34.540  18.475 0.0000000000
129278  -9.080  34.538  18.466 0.0000000000
129288  -3.445  34.354  18.008 0.0000000000
129289  -3.693  34.419  17.413 0.0000000000
129290  -4.201  34.244  17.093 0.0000000000
129297  -3.941  34.792  16.941 0.0000000000
129298  -4.695  34.638  16.704 0.0000000000
129299  -5.793  34.576  16.382 0.0000000000
129300  -6.905  34.553  16.223 0.0000000000
129301  -7.714  34.381  16.112 0.0000000000
129306  -7.469  34.880  15.872 0.0000000000
129307  -8.255  34.686  15.729 0.0000000000
129308  -9.287  34.584  15.393 0.0000000000
129309  -10.017  34.256  15.119 0.0000000000
129313  -9.803  34.847  14.898 0.0000000000
129314  -10.476  34.480  14.445 0.0000000000
129315  -11.096  33.900  14.010 0.0000000000
129318  -10.886  34.562  13.519 0.0000000000
129319  -11.206  33.758  13.364 0.0000000000
129322  -10.895  34.262  12.591 0.0000000000
129323  -11.216  33.559  12.937 0.0000000000
130142  -3.636  35.142  18.219 0.0000000000
130143  -4.115  35.588  18.380 0.0000000000
130144  -5.008  35.653  18.311 0.0000000000
130145  -6.209  35.403  18.244 0.0000000000
130146  -7.365  35.280  18.134 0.0000000000
130147  -8.512  35.193  18.030 0.0000000000
130148  -9.628  35.234  18.074 0.0000000000
130160  -3.454  35.289  17.611 0.0000000000
130161  -3.617  35.175  17.128 0.0000000000
130162  -5.819  36.114  17.980 0.0000000000
130163  -6.787  36.015  17.821 0.0000000000
130164  -7.913  35.923  17.666 0.0000000000
130165  -9.054  35.837  17.568 0.0000000000
130166  -10.089  35.918  17.710 0.0000000000
130167  -10.567  36.117  17.932 0.0000000000
130177  -3.456  35.768  17.105 0.0000000000
130178  -3.945  35.584  16.645 0.0000000000
130179  -5.035  35.608  16.198 0.0000000000
130180  -6.124  35.280  15.959 0.0000000000
130181  -6.907  35.237  15.837 0.0000000000
130188  -5.684  35.991  15.807 0.0000000000
130189  -6.474  35.894  15.616 0.0000000000
130190  -7.515  35.616  15.500 0.0000000000
130191  -8.610  35.533  15.210 0.0000000000
130192  -9.350  35.298  15.004 0.0000000000
130197  -9.095  35.827  14.813 0.0000000000
130198  -9.751  35.569  14.435 0.0000000000
130199  -10.398  35.416  13.718 0.0000000000
130203  -10.669  35.398  12.973 0.0000000000
130207  -10.562  35.641  12.026 0.0000000000
130210  -10.279  35.556  11.226 0.0000000000
131031  -3.453  35.727  17.896 0.0000000000
131032  -3.717  36.022  18.107 0.0000000000
131033  -4.307  36.201  18.199 0.0000000000
131044  -3.554  36.317  17.479 0.0000000000
131045  -4.049  36.787  17.861 0.0000000000
131046  -5.017  36.696  17.881 0.0000000000
131047  -6.176  36.783  17.675 0.0000000000
131048  -7.283  36.699  17.492 0.0000000000
131049  -8.468  36.692  17.242 0.0000000000
131050  -9.628  36.478  17.263 0.0000000000
131051  -10.666  36.672  17.534 0.0000000000
131052  -11.215  37.034  17.810 0.0000000000
131064  -3.563  36.430  16.838 0.0000000000
131065  -4.191  36.779  16.214 0.0000000000
131066  -5.072  36.461  15.867 0.0000000000
131067  -9.263  37.043  16.904 0.0000000000
131068  -10.098  37.012  16.968 0.0000000000
131069  -10.560  37.102  17.141 0.0000000000
131077  -4.877  37.132  15.696 0.0000000000
131078  -5.766  36.765  15.474 0.0000000000
131079  -6.862  36.578  15.230 0.0000000000
131080  -7.960  36.529  14.907 0.0000000000
131081  -8.670  36.112  14.848 0.0000000000
131088  -8.284  37.085  14.451 0.0000000000
131089  -8.982  36.556  14.396 0.0000000000
131090  -9.881  36.450  13.599 0.0000000000
131091  -10.377  35.947  13.270 0.0000000000
131096  -10.009  36.913  13.108 0.0000000000
131097  -10.355  36.475  12.767 0.0000000000
131101  -10.503  36.718  11.945 0.0000000000
131104  -10.398  36.455  11.256 0.0000000000
131107  -9.679  36.582  10.030 0.0000000000
131108  -10.033  36.132  10.662 0.0000000000
131119  -8.963  36.245  9.762 0.0000000000
131912  -3.560  36.862  17.081 0.0000000000
131913  -3.868  37.440  17.220 0.0000000000
131914  -4.571  37.514  17.537 0.0000000000
131915  -5.518  37.644  17.457 0.0000000000
131916  -6.679  37.455  17.334 0.0000000000
131917  -7.626  37.309  17.149 0.0000000000
131918  -10.786  37.194  17.213 0.0000000000
131919  -11.196  37.514  17.384 0.0000000000
131929  -3.717  37.122  16.769 0.0000000000
131930  -3.950  37.926  16.519 0.0000000000
131931  -6.224  38.151  17.140 0.0000000000
131932  -7.205  38.028  16.887 0.0000000000
131933  -8.438  37.659  16.720 0.0000000000
131934  -9.625  37.582  16.559 0.0000000000
131935  -10.629  37.571  16.806 0.0000000000
131936  -11.159  37.917  16.902 0.0000000000
131948  -4.460  37.892  15.810 0.0000000000
131949  -5.261  37.744  15.340 0.0000000000
131950  -6.310  37.604  14.924 0.0000000000
131951  -7.153  37.072  14.880 0.0000000000
131958  -6.701  38.167  14.528 0.0000000000
131959  -7.513  37.617  14.474 0.0000000000
131960  -8.639  37.615  13.923 0.0000000000
131961  -9.299  37.062  13.800 0.0000000000
131968  -8.963  38.053  13.446 0.0000000000
131969  -9.584  37.573  13.164 0.0000000000
131970  -10.079  37.125  12.857 0.0000000000
131975  -9.824  37.974  12.598 0.0000000000
131976  -10.193  37.508  12.347 0.0000000000
131979  -10.395  37.440  11.351 0.0000000000
131982  -9.866  37.099  9.831 0.0000000000
131983  -10.183  37.183  10.356 0.0000000000
131987  -9.376  37.248  9.308 0.0000000000
131988  -9.930  37.405  9.743 0.0000000000
132865  -4.065  38.307  16.959 0.0000000000
132866  -4.430  38.206  17.255 0.0000000000
132867  -4.893  38.053  17.375 0.0000000000
132868  -11.475  38.342  17.128 0.0000000000
132875  -4.155  38.755  16.663 0.0000000000
132876  -4.366  38.867  17.022 0.0000000000
132877  -5.259  38.653  17.103 0.0000000000
132878  -6.496  38.840  16.768 0.0000000000
132879  -7.806  38.825  16.378 0.0000000000
132880  -9.053  38.329  16.174 0.0000000000
132881  -10.139  38.215  16.198 0.0000000000
132882  -11.071  38.453  16.458 0.0000000000
132892  -4.312  38.764  16.123 0.0000000000
132893  -5.015  38.815  15.386 0.0000000000
132894  -5.552  38.232  15.028 0.0000000000
132895  -8.063  39.330  16.016 0.0000000000
132896  -8.654  39.126  15.897 0.0000000000
132897  -9.658  38.905  15.801 0.0000000000
132898  -10.545  38.863  15.898 0.0000000000
132909  -5.347  39.348  14.969 0.0000000000
132910  -5.930  38.764  14.679 0.0000000000
132911  -7.165  38.743  14.146 0.0000000000
132912  -7.946  38.184  14.025 0.0000000000
132920  -7.560  39.221  13.677 0.0000000000
132921  -8.414  38.725  13.411 0.0000000000
132922  -9.133  38.262  13.171 0.0000000000
132929  -8.845  39.093  12.780 0.0000000000
132930  -9.453  38.634  12.537 0.0000000000
132931  -9.955  38.160  12.305 0.0000000000
132936  -9.784  38.979  11.865 0.0000000000
132937  -10.137  38.458  11.669 0.0000000000
132942  -10.309  38.251  10.583 0.0000000000
132946  -9.707  37.922  9.009 0.0000000000
132947  -10.071  38.065  9.543 0.0000000000
132953  -9.225  38.061  8.479 0.0000000000
132954  -9.857  38.361  8.824 0.0000000000
133905  -4.348  39.103  16.740 0.0000000000
133906  -4.787  39.367  16.661 0.0000000000
133907  -5.738  39.525  16.606 0.0000000000
133908  -6.834  39.673  16.336 0.0000000000
133909  -7.642  39.547  16.089 0.0000000000
133910  -11.768  39.113  16.748 0.0000000000
133911  -12.216  39.925  16.384 0.0000000000
133918  -4.428  39.144  16.480 0.0000000000
133919  -4.739  39.644  15.976 0.0000000000
133920  -7.370  40.030  15.949 0.0000000000
133921  -8.144  39.838  15.718 0.0000000000
133922  -9.196  39.652  15.466 0.0000000000
133923  -10.263  39.462  15.427 0.0000000000
133924  -11.365  39.511  15.816 0.0000000000
133925  -12.087  40.246  15.692 0.0000000000
133933  -5.241  39.878  15.277 0.0000000000
133934  -5.642  39.849  14.638 0.0000000000
133935  -6.317  39.431  14.273 0.0000000000
133946  -6.135  40.083  14.153 0.0000000000
133947  -6.885  39.743  13.760 0.0000000000
133948  -7.745  39.655  13.294 0.0000000000
133958  -8.452  39.637  12.742 0.0000000000
133959  -9.020  39.368  12.389 0.0000000000
133968  -8.837  39.897  12.088 0.0000000000
133969  -9.422  39.538  11.738 0.0000000000
133970  -9.912  39.202  11.435 0.0000000000
133979  -9.755  39.667  11.087 0.0000000000
133980  -10.160  39.256  10.751 0.0000000000
133988  -10.344  39.038  9.866 0.0000000000
133993  -9.741  38.697  8.452 0.0000000000
133994  -10.125  39.100  8.814 0.0000000000
134003  -9.502  39.253  7.805 0.0000000000
134004  -9.986  39.574  8.292 0.0000000000
134017  -9.336  39.931  7.208 0.0000000000
134935  -5.288  39.957  16.244 0.0000000000
134936  -6.057  40.257  16.156 0.0000000000
134937  -6.820  40.368  16.010 0.0000000000
134938  -12.490  40.797  16.040 0.0000000000
134948  -5.553  40.622  15.597 0.0000000000
134949  -6.469  40.969  15.749 0.0000000000
134950  -7.503  40.690  15.607 0.0000000000
134951  -8.665  40.582  15.178 0.0000000000
134952  -9.802  40.165  15.003 0.0000000000
134953  -10.831  40.079  15.039 0.0000000000
134954  -11.674  40.369  15.157 0.0000000000
134955  -12.315  40.920  15.214 0.0000000000
134960  -5.420  40.835  14.845 0.0000000000
134961  -5.709  40.553  14.294 0.0000000000
134962  -9.464  40.830  14.645 0.0000000000
134963  -10.386  40.636  14.534 0.0000000000
134964  -11.279  40.687  14.575 0.0000000000
134965  -11.964  40.936  14.646 0.0000000000
134966  -12.288  41.226  14.728 0.0000000000
134971  -5.549  41.217  14.149 0.0000000000
134972  -6.200  40.765  13.581 0.0000000000
134973  -7.165  40.333  13.133 0.0000000000
134974  -7.850  40.156  12.805 0.0000000000
134980  -6.805  41.038  12.788 0.0000000000
134981  -7.541  40.666  12.532 0.0000000000
134982  -8.250  40.421  12.207 0.0000000000
134986  -8.957  40.481  11.325 0.0000000000
134987  -9.484  40.014  11.142 0.0000000000
134990  -9.124  40.870  10.679 0.0000000000
134991  -9.676  40.319  10.402 0.0000000000
134992  -10.169  39.635  10.131 0.0000000000
134997  -9.855  40.660  9.198 0.0000000000
134998  -10.147  39.819  9.497 0.0000000000
135003  -9.851  40.687  8.243 0.0000000000
135004  -10.076  39.983  8.656 0.0000000000
135009  -9.593  40.423  7.433 0.0000000000
135010  -9.977  39.976  8.011 0.0000000000
135020  -9.170  40.367  6.812 0.0000000000
135904  -12.740  41.616  16.466 0.0000000000
135915  -12.725  41.607  15.545 0.0000000000
135927  -5.506  41.500  15.125 0.0000000000
135928  -6.007  41.808  15.406 0.0000000000
135929  -7.184  41.684  15.218 0.0000000000
135930  -7.972  41.176  15.165 0.0000000000
135931  -12.571  41.578  14.805 0.0000000000
135938  -5.356  42.033  14.522 0.0000000000
135939  -5.540  42.031  15.095 0.0000000000
135940  -7.591  42.022  14.711 0.0000000000
135941  -8.554  41.646  14.480 0.0000000000
135942  -9.937  41.219  14.101 0.0000000000
135943  -10.938  41.085  14.026 0.0000000000
135944  -11.692  41.201  14.134 0.0000000000
135945  -12.249  41.528  14.231 0.0000000000
135948  -5.606  41.880  13.324 0.0000000000
135949  -6.222  41.384  13.013 0.0000000000
135950  -8.985  42.112  13.755 0.0000000000
135951  -9.666  41.803  13.635 0.0000000000
135952  -10.665  41.592  13.518 0.0000000000
135953  -11.534  41.585  13.613 0.0000000000
135954  -11.996  41.590  13.802 0.0000000000
135963  -5.732  42.208  12.594 0.0000000000
135964  -6.414  41.866  12.292 0.0000000000
135965  -7.359  41.242  12.142 0.0000000000
135966  -7.826  40.867  12.145 0.0000000000
135975  -6.745  42.199  11.625 0.0000000000
135976  -7.415  41.874  11.375 0.0000000000
135977  -8.098  41.109  11.663 0.0000000000
135986  -7.840  42.053  10.753 0.0000000000
135987  -8.530  41.551  10.605 0.0000000000
135988  -9.195  41.066  10.363 0.0000000000
135997  -8.768  41.854  9.920 0.0000000000
135998  -9.261  41.420  9.739 0.0000000000
136005  -9.571  41.508  8.651 0.0000000000
136010  -9.576  41.459  7.623 0.0000000000
136016  -9.235  41.284  6.563 0.0000000000
136026  -8.916  41.727  5.827 0.0000000000
136826  -12.782  42.562  16.917 0.0000000000
136835  -13.011  42.645  15.791 0.0000000000
136836  -13.145  43.219  15.376 0.0000000000
136845  -6.261  42.336  15.171 0.0000000000
136846  -6.551  42.145  15.199 0.0000000000
136847  -12.938  42.251  14.928 0.0000000000
136848  -13.147  43.002  14.952 0.0000000000
136864  -5.101  43.116  14.516 0.0000000000
136865  -5.785  42.608  14.989 0.0000000000
136866  -6.948  42.544  14.688 0.0000000000
136867  -7.810  42.214  14.406 0.0000000000
136868  -12.701  42.116  14.216 0.0000000000
136869  -13.005  42.754  14.261 0.0000000000
136889  -4.868  42.867  13.695 0.0000000000
136890  -7.346  42.943  14.048 0.0000000000
136891  -8.235  42.641  13.683 0.0000000000
136892  -9.462  42.343  13.186 0.0000000000
136893  -10.452  42.137  12.977 0.0000000000
136894  -11.392  42.035  13.029 0.0000000000
136895  -12.302  42.266  13.374 0.0000000000
136896  -12.783  42.553  13.802 0.0000000000
136913  -5.322  42.804  12.486 0.0000000000
136914  -5.873  42.379  12.230 0.0000000000
136915  -8.630  43.068  12.918 0.0000000000
136916  -9.224  42.800  12.788 0.0000000000
136917  -10.210  42.694  12.398 0.0000000000
136918  -11.266  42.610  12.339 0.0000000000
136919  -11.874  42.458  12.716 0.0000000000
136931  -5.503  43.130  11.780 0.0000000000
136932  -6.217  42.710  11.519 0.0000000000
136933  -6.940  42.358  11.297 0.0000000000
136934  -10.585  42.935  11.974 0.0000000000
136935  -10.818  42.807  12.079 0.0000000000
136943  -6.600  43.018  10.814 0.0000000000
136944  -7.321  42.594  10.612 0.0000000000
136945  -8.031  42.177  10.437 0.0000000000
136949  -7.684  42.820  9.933 0.0000000000
136950  -8.321  42.440  9.761 0.0000000000
136951  -8.885  41.981  9.620 0.0000000000
136955  -8.663  42.808  8.644 0.0000000000
136956  -9.084  42.162  9.091 0.0000000000
136959  -8.792  42.947  8.076 0.0000000000
136960  -9.202  42.435  8.023 0.0000000000
136962  -9.281  42.254  7.017 0.0000000000
136969  -8.808  42.410  5.343 0.0000000000
136970  -9.073  42.330  6.160 0.0000000000
137719  -12.890  43.469  16.327 0.0000000000
137720  -13.068  43.572  15.671 0.0000000000
137737  -13.203  43.696  15.046 0.0000000000
137760  -5.236  43.714  14.418 0.0000000000
137761  -5.735  43.416  14.612 0.0000000000
137762  -6.261  43.053  14.698 0.0000000000
137763  -13.241  43.535  14.277 0.0000000000
137786  -4.885  43.902  13.886 0.0000000000
137787  -5.712  44.118  14.040 0.0000000000
137788  -6.752  43.414  14.068 0.0000000000
137789  -7.550  43.157  13.676 0.0000000000
137790  -12.643  42.938  12.941 0.0000000000
137791  -12.964  43.170  13.406 0.0000000000
137800  -4.622  44.359  12.275 0.0000000000
137801  -4.671  43.699  12.905 0.0000000000
137802  -6.106  44.479  13.485 0.0000000000
137803  -6.695  44.116  13.371 0.0000000000
137804  -7.918  43.626  12.858 0.0000000000
137805  -9.121  43.253  12.397 0.0000000000
137806  -9.680  42.978  12.326 0.0000000000
137807  -11.657  43.046  11.959 0.0000000000
137808  -12.298  43.131  12.313 0.0000000000
137809  -12.780  43.298  12.763 0.0000000000
137818  -4.683  44.346  11.819 0.0000000000
137819  -5.074  43.822  11.695 0.0000000000
137820  -5.687  43.320  11.431 0.0000000000
137821  -8.311  44.076  12.076 0.0000000000
137822  -9.050  43.832  11.753 0.0000000000
137823  -10.101  43.232  11.814 0.0000000000
137824  -11.104  43.073  11.703 0.0000000000
137825  -11.792  43.430  11.563 0.0000000000
137833  -5.331  44.077  10.981 0.0000000000
137834  -6.040  43.624  10.660 0.0000000000
137835  -6.803  43.135  10.464 0.0000000000
137836  -9.459  44.095  11.149 0.0000000000
137837  -10.017  43.798  11.135 0.0000000000
137838  -10.874  43.533  11.128 0.0000000000
137839  -11.412  43.514  11.273 0.0000000000
137846  -6.538  44.049  9.364 0.0000000000
137847  -7.195  43.274  9.768 0.0000000000
137848  -7.817  42.937  9.617 0.0000000000
137851  -6.769  44.239  8.717 0.0000000000
137852  -7.294  43.865  8.560 0.0000000000
137853  -7.986  43.187  9.049 0.0000000000
137856  -7.630  43.988  7.914 0.0000000000
137857  -8.314  43.504  7.888 0.0000000000
137858  -8.851  42.979  7.811 0.0000000000
137860  -8.629  43.599  6.789 0.0000000000
137861  -8.954  42.976  7.333 0.0000000000
137864  -8.771  43.340  5.814 0.0000000000
137865  -8.989  42.909  6.594 0.0000000000
137872  -8.612  43.298  4.824 0.0000000000
138683  -12.899  43.985  15.943 0.0000000000
138700  -12.980  44.436  15.442 0.0000000000
138718  -13.252  44.438  14.501 0.0000000000
138733  -4.989  44.451  13.640 0.0000000000
138734  -5.181  44.356  13.854 0.0000000000
138735  -13.314  44.251  13.523 0.0000000000
138749  -4.580  44.898  12.303 0.0000000000
138750  -4.786  44.590  13.021 0.0000000000
138751  -5.507  44.710  13.363 0.0000000000
138752  -6.567  44.682  12.804 0.0000000000
138753  -7.216  44.257  12.764 0.0000000000
138754  -12.664  43.809  11.920 0.0000000000
138755  -13.033  44.001  12.456 0.0000000000
138764  -4.541  44.807  11.663 0.0000000000
138765  -4.758  44.407  11.550 0.0000000000
138766  -6.901  44.940  12.297 0.0000000000
138767  -7.679  44.604  12.025 0.0000000000
138768  -8.495  44.244  11.723 0.0000000000
138769  -12.333  43.823  11.477 0.0000000000
138770  -12.812  44.315  11.506 0.0000000000
138778  -4.506  44.982  11.183 0.0000000000
138779  -4.869  44.640  10.921 0.0000000000
138780  -5.441  44.236  10.622 0.0000000000
138781  -7.987  45.042  11.120 0.0000000000
138782  -8.816  44.480  11.112 0.0000000000
138783  -9.785  44.243  10.648 0.0000000000
138784  -10.666  44.028  10.550 0.0000000000
138785  -11.722  44.008  10.743 0.0000000000
138786  -12.469  44.284  10.937 0.0000000000
138795  -4.975  44.997  10.269 0.0000000000
138796  -5.595  44.624  9.941 0.0000000000
138797  -7.919  45.343  10.653 0.0000000000
138798  -8.455  45.076  10.446 0.0000000000
138799  -9.321  44.722  10.175 0.0000000000
138800  -10.254  44.478  9.965 0.0000000000
138801  -11.133  44.396  10.000 0.0000000000
138808  -6.350  44.749  8.682 0.0000000000
138809  -6.889  44.348  8.388 0.0000000000
138813  -6.473  45.093  8.057 0.0000000000
138814  -7.124  44.578  7.715 0.0000000000
138815  -7.775  44.058  7.623 0.0000000000
138818  -7.589  44.840  6.634 0.0000000000
138819  -8.007  44.213  7.117 0.0000000000
138823  -7.802  44.894  6.080 0.0000000000
138824  -8.246  44.398  6.081 0.0000000000
138827  -8.203  44.643  4.454 0.0000000000
138828  -8.382  44.246  5.139 0.0000000000
138835  -8.386  43.979  4.385 0.0000000000
139701  -12.838  45.048  15.433 0.0000000000
139719  -12.970  45.406  14.868 0.0000000000
139730  -13.281  45.315  13.806 0.0000000000
139743  -4.734  45.214  12.461 0.0000000000
139744  -5.160  45.304  12.714 0.0000000000
139745  -6.016  45.266  12.641 0.0000000000
139746  -6.573  45.094  12.444 0.0000000000
139747  -13.402  45.166  12.756 0.0000000000
139755  -4.590  45.459  11.867 0.0000000000
139756  -4.831  45.723  12.188 0.0000000000
139757  -5.557  45.900  12.011 0.0000000000
139758  -6.744  45.356  11.924 0.0000000000
139759  -7.470  45.149  11.519 0.0000000000
139760  -13.265  45.079  11.676 0.0000000000
139769  -4.470  45.427  11.181 0.0000000000
139770  -4.538  45.137  10.936 0.0000000000
139771  -5.613  46.318  11.491 0.0000000000
139772  -6.271  46.079  11.251 0.0000000000
139773  -7.311  45.528  11.003 0.0000000000
139774  -12.331  44.483  10.458 0.0000000000
139775  -12.879  44.875  10.641 0.0000000000
139785  -4.351  45.903  10.831 0.0000000000
139786  -4.540  45.522  10.424 0.0000000000
139787  -5.025  45.236  9.842 0.0000000000
139788  -6.896  46.090  10.573 0.0000000000
139789  -7.774  45.736  10.105 0.0000000000
139790  -8.790  45.318  9.720 0.0000000000
139791  -9.711  45.005  9.425 0.0000000000
139792  -10.756  44.842  9.339 0.0000000000
139793  -12.044  44.835  9.637 0.0000000000
139794  -12.916  45.519  9.911 0.0000000000
139804  -4.720  45.761  9.526 0.0000000000
139805  -5.418  45.324  9.158 0.0000000000
139806  -8.326  45.912  9.399 0.0000000000
139807  -9.046  45.664  9.005 0.0000000000
139808  -10.050  45.449  8.765 0.0000000000
139809  -11.121  45.389  8.735 0.0000000000
139810  -11.977  45.558  8.764 0.0000000000
139819  -5.032  45.948  8.876 0.0000000000
139820  -5.838  45.695  8.256 0.0000000000
139821  -6.535  45.378  7.691 0.0000000000
139825  -6.281  45.980  7.580 0.0000000000
139826  -6.932  45.611  7.022 0.0000000000
139830  -7.576  45.498  6.077 0.0000000000
139831  -7.912  44.927  5.719 0.0000000000
139834  -8.006  45.268  5.132 0.0000000000
139835  -8.125  44.699  5.477 0.0000000000
139837  -8.038  45.366  4.071 0.0000000000
140726  -12.970  46.368  14.076 0.0000000000
140743  -13.310  46.247  13.109 0.0000000000
140755  -4.673  45.890  11.789 0.0000000000
140756  -4.857  46.183  11.724 0.0000000000
140757  -5.226  46.419  11.539 0.0000000000
140758  -13.441  46.184  12.054 0.0000000000
140767  -4.514  46.170  11.196 0.0000000000
140768  -4.795  46.712  11.128 0.0000000000
140769  -5.524  46.767  11.010 0.0000000000
140770  -6.310  46.541  10.665 0.0000000000
140771  -13.300  46.073  10.804 0.0000000000
140781  -4.187  46.477  10.425 0.0000000000
140782  -4.285  46.202  9.874 0.0000000000
140783  -6.030  47.063  10.499 0.0000000000
140784  -6.814  46.677  9.965 0.0000000000
140785  -7.709  46.348  9.489 0.0000000000
140786  -12.590  45.663  9.213 0.0000000000
140787  -13.202  46.403  9.512 0.0000000000
140799  -3.975  46.791  9.814 0.0000000000
140800  -4.388  46.551  9.219 0.0000000000
140801  -7.318  46.891  9.265 0.0000000000
140802  -8.187  46.560  8.799 0.0000000000
140803  -9.272  46.155  8.364 0.0000000000
140804  -10.296  45.997  8.133 0.0000000000
140805  -11.363  46.004  8.125 0.0000000000
140806  -12.486  46.163  8.396 0.0000000000
140807  -13.270  46.873  8.534 0.0000000000
140821  -4.973  46.572  8.470 0.0000000000
140822  -5.629  46.636  7.816 0.0000000000
140823  -8.656  46.839  8.128 0.0000000000
140824  -9.425  46.748  7.752 0.0000000000
140825  -10.490  46.647  7.542 0.0000000000
140826  -11.611  46.617  7.551 0.0000000000
140827  -12.610  46.822  7.688 0.0000000000
140828  -13.281  47.211  7.857 0.0000000000
140835  -6.380  46.637  7.225 0.0000000000
140836  -7.095  46.505  6.527 0.0000000000
140839  -7.687  46.494  5.646 0.0000000000
140840  -8.066  47.031  5.131 0.0000000000
140843  -8.021  46.242  4.675 0.0000000000
140844  -8.258  47.028  4.398 0.0000000000
140847  -7.999  46.318  3.740 0.0000000000
140848  -8.257  47.165  3.615 0.0000000000
140854  -7.772  46.805  2.857 0.0000000000
140855  -8.234  47.364  3.108 0.0000000000
141690  -12.967  47.044  13.384 0.0000000000
141705  -13.089  47.296  12.553 0.0000000000
141717  -13.262  47.217  11.513 0.0000000000
141724  -3.861  47.744  10.521 0.0000000000
141725  -4.151  47.330  10.568 0.0000000000
141726  -4.739  47.491  10.711 0.0000000000
141727  -5.447  47.421  10.592 0.0000000000
141728  -13.423  47.327  10.469 0.0000000000
141734  -3.738  47.738  10.341 0.0000000000
141735  -3.792  47.297  10.139 0.0000000000
141736  -5.087  47.921  10.445 0.0000000000
141737  -5.901  47.692  10.014 0.0000000000
141738  -6.722  47.363  9.468 0.0000000000
141739  -13.603  47.495  9.438 0.0000000000
141746  -3.547  47.850  10.013 0.0000000000
141747  -3.775  47.533  9.404 0.0000000000
141748  -4.333  47.191  8.755 0.0000000000
141749  -6.357  47.956  9.377 0.0000000000
141750  -7.157  47.637  8.799 0.0000000000
141751  -8.029  47.315  8.306 0.0000000000
141752  -13.682  47.644  8.516 0.0000000000
141766  -3.968  47.809  8.666 0.0000000000
141767  -4.719  47.522  8.125 0.0000000000
141768  -5.603  47.518  7.462 0.0000000000
141769  -7.651  47.955  8.181 0.0000000000
141770  -8.464  47.650  7.750 0.0000000000
141771  -9.527  47.632  7.233 0.0000000000
141772  -10.734  47.321  7.048 0.0000000000
141773  -11.812  47.257  7.043 0.0000000000
141774  -12.751  47.418  7.222 0.0000000000
141775  -13.556  47.768  7.601 0.0000000000
141792  -6.449  47.556  6.838 0.0000000000
141793  -7.224  47.260  6.271 0.0000000000
141794  -10.001  48.142  6.743 0.0000000000
141795  -11.007  47.954  6.647 0.0000000000
141796  -12.030  47.866  6.632 0.0000000000
141797  -12.985  47.955  6.856 0.0000000000
141798  -13.542  48.106  7.140 0.0000000000
141801  -6.875  48.004  6.353 0.0000000000
141802  -7.569  47.722  5.727 0.0000000000
141803  -8.122  47.782  4.968 0.0000000000
141805  -8.346  47.808  4.219 0.0000000000
141807  -8.447  47.870  3.466 0.0000000000
141812  -8.214  47.737  2.569 0.0000000000
142660  -12.951  48.020  11.974 0.0000000000
142674  -13.219  48.385  11.276 0.0000000000
142681  -3.792  47.949  10.478 0.0000000000
142682  -4.051  48.019  10.607 0.0000000000
142683  -4.506  48.159  10.471 0.0000000000
142684  -13.645  48.418  10.264 0.0000000000
142691  -3.680  48.241  10.238 0.0000000000
142692  -4.053  48.638  10.330 0.0000000000
142693  -4.915  48.594  10.011 0.0000000000
142694  -5.764  48.396  9.602 0.0000000000
142695  -14.007  48.443  9.297 0.0000000000
142696  -14.346  48.832  8.864 0.0000000000
142704  -3.449  48.394  9.652 0.0000000000
142705  -3.496  48.416  8.957 0.0000000000
142706  -5.394  48.954  9.485 0.0000000000
142707  -6.176  48.684  9.046 0.0000000000
142708  -6.954  48.622  8.379 0.0000000000
142709  -14.075  48.262  8.351 0.0000000000
142710  -14.503  48.848  8.206 0.0000000000
142724  -3.938  48.473  8.302 0.0000000000
142725  -4.673  48.472  7.572 0.0000000000
142726  -5.589  48.227  7.125 0.0000000000
142727  -7.650  48.623  7.831 0.0000000000
142728  -8.498  48.685  7.337 0.0000000000
142729  -9.257  48.504  6.985 0.0000000000
142730  -14.021  48.321  7.527 0.0000000000
142731  -14.453  48.891  7.337 0.0000000000
142750  -5.107  48.875  7.063 0.0000000000
142751  -5.965  48.639  6.624 0.0000000000
142752  -8.872  49.111  6.997 0.0000000000
142753  -9.442  48.961  6.696 0.0000000000
142754  -10.256  48.753  6.433 0.0000000000
142755  -11.239  48.571  6.309 0.0000000000
142756  -12.296  48.463  6.327 0.0000000000
142757  -13.503  48.535  6.638 0.0000000000
142758  -14.232  49.094  6.602 0.0000000000
142766  -6.767  48.707  6.001 0.0000000000
142767  -7.485  48.679  5.268 0.0000000000
142768  -8.067  48.391  4.679 0.0000000000
142770  -7.752  48.968  4.693 0.0000000000
142771  -8.238  48.684  4.092 0.0000000000
142773  -8.502  48.636  3.224 0.0000000000
142778  -8.496  48.679  2.367 0.0000000000
143571  -13.496  49.443  10.957 0.0000000000
143579  -14.014  49.453  10.068 0.0000000000
143580  -14.400  49.813  9.591 0.0000000000
143587  -3.605  48.976  9.852 0.0000000000
143588  -4.120  49.312  9.860 0.0000000000
143589  -4.755  49.420  9.537 0.0000000000
143590  -14.302  49.203  9.378 0.0000000000
143591  -14.657  49.540  8.939 0.0000000000
143598  -3.305  49.220  9.218 0.0000000000
143599  -3.441  49.077  8.630 0.0000000000
143600  -5.366  49.560  9.153 0.0000000000
143601  -6.179  49.615  8.595 0.0000000000
143602  -6.953  49.275  8.034 0.0000000000
143603  -14.928  49.619  8.053 0.0000000000
143604  -15.137  50.100  7.582 0.0000000000
143618  -3.239  49.621  8.691 0.0000000000
143619  -3.661  49.473  7.990 0.0000000000
143620  -4.415  49.307  7.312 0.0000000000
143621  -6.661  49.943  8.073 0.0000000000
143622  -7.498  49.648  7.645 0.0000000000
143623  -8.319  49.681  7.204 0.0000000000
143624  -14.818  49.539  7.102 0.0000000000
143625  -15.148  50.173  6.903 0.0000000000
143640  -3.947  49.976  7.323 0.0000000000
143641  -4.846  49.645  6.661 0.0000000000
143642  -5.904  49.346  6.203 0.0000000000
143643  -8.882  49.702  6.823 0.0000000000
143644  -9.550  49.597  6.441 0.0000000000
143645  -10.425  49.389  6.048 0.0000000000
143646  -11.468  49.086  5.924 0.0000000000
143647  -12.508  49.012  5.910 0.0000000000
143648  -13.534  49.179  5.949 0.0000000000
143649  -14.532  49.705  6.121 0.0000000000
143650  -15.058  50.376  6.299 0.0000000000
143659  -5.405  49.974  6.059 0.0000000000
143660  -6.388  49.657  5.534 0.0000000000
143661  -7.217  49.391  4.969 0.0000000000
143662  -10.828  49.622  5.636 0.0000000000
143663  -11.597  49.575  5.398 0.0000000000
143664  -12.644  49.477  5.368 0.0000000000
143665  -13.601  49.696  5.282 0.0000000000
143666  -14.341  50.045  5.400 0.0000000000
143671  -6.759  49.947  4.890 0.0000000000
143672  -7.509  49.662  4.333 0.0000000000
143673  -8.168  49.313  3.713 0.0000000000
143674  -11.979  49.822  4.968 0.0000000000
143675  -12.667  49.866  4.794 0.0000000000
143676  -13.339  50.050  4.684 0.0000000000
143679  -7.806  49.896  3.672 0.0000000000
143680  -8.304  49.569  3.030 0.0000000000
143686  -8.505  49.532  2.141 0.0000000000
143706  -8.420  49.641  1.423 0.0000000000
144420  -13.767  50.446  10.716 0.0000000000
144428  -14.249  50.481  10.024 0.0000000000
144429  -14.645  50.439  9.365 0.0000000000
144437  -3.600  49.757  9.454 0.0000000000
144438  -4.243  50.010  9.394 0.0000000000
144439  -4.782  49.927  9.256 0.0000000000
144440  -14.927  50.261  8.741 0.0000000000
144450  -3.237  49.972  9.052 0.0000000000
144451  -3.666  50.640  8.991 0.0000000000
144452  -4.945  50.542  8.851 0.0000000000
144453  -6.049  50.434  8.383 0.0000000000
144454  -15.136  50.553  8.190 0.0000000000
144455  -15.289  50.768  7.518 0.0000000000
144469  -3.369  50.132  8.564 0.0000000000
144470  -3.573  50.650  7.982 0.0000000000
144471  -5.698  51.118  8.276 0.0000000000
144472  -6.689  50.702  7.834 0.0000000000
144473  -7.688  50.574  7.281 0.0000000000
144474  -8.348  50.255  6.960 0.0000000000
144475  -15.334  50.897  6.781 0.0000000000
144489  -3.912  50.771  6.881 0.0000000000
144490  -4.656  50.429  6.235 0.0000000000
144491  -8.076  50.729  6.859 0.0000000000
144492  -8.706  50.519  6.516 0.0000000000
144493  -9.606  50.199  6.063 0.0000000000
144494  -10.213  50.027  5.711 0.0000000000
144495  -14.782  50.323  5.757 0.0000000000
144496  -15.237  50.958  5.915 0.0000000000
144507  -4.247  51.081  6.111 0.0000000000
144508  -5.188  50.677  5.559 0.0000000000
144509  -6.095  50.376  5.088 0.0000000000
144510  -9.042  50.848  5.973 0.0000000000
144511  -9.643  50.682  5.493 0.0000000000
144512  -10.588  50.194  5.228 0.0000000000
144513  -11.305  50.094  4.915 0.0000000000
144514  -13.954  50.132  4.912 0.0000000000
144515  -14.643  50.653  5.020 0.0000000000
144516  -15.152  51.321  5.288 0.0000000000
144524  -5.603  50.915  4.923 0.0000000000
144525  -6.466  50.624  4.438 0.0000000000
144526  -7.276  50.340  3.927 0.0000000000
144527  -9.982  50.804  4.917 0.0000000000
144528  -10.667  50.626  4.521 0.0000000000
144529  -11.749  50.287  4.438 0.0000000000
144530  -12.712  50.276  4.215 0.0000000000
144531  -13.711  50.495  4.290 0.0000000000
144532  -14.400  51.115  4.224 0.0000000000
144535  -6.832  50.856  3.784 0.0000000000
144536  -7.566  50.552  3.239 0.0000000000
144537  -8.169  50.182  2.615 0.0000000000
144538  -11.097  50.773  3.968 0.0000000000
144539  -11.888  50.676  3.699 0.0000000000
144540  -12.933  50.700  3.589 0.0000000000
144541  -13.774  51.047  3.660 0.0000000000
144542  -14.295  51.468  3.698 0.0000000000
144545  -7.835  50.737  2.558 0.0000000000
144546  -8.291  50.418  1.974 0.0000000000
144549  -8.379  50.293  1.171 0.0000000000
144551  -8.145  50.422  0.492 0.0000000000
144554  -7.927  50.748  -0.109 0.0000000000
145200  -14.022  51.396  10.438 0.0000000000
145201  -14.477  51.353  9.725 0.0000000000
145210  -14.909  51.227  8.892 0.0000000000
145221  -3.864  51.317  8.410 0.0000000000
145222  -4.196  51.206  8.787 0.0000000000
145223  -15.200  51.413  8.087 0.0000000000
145224  -15.352  51.546  7.365 0.0000000000
145235  -3.883  51.761  7.609 0.0000000000
145236  -4.687  51.742  8.291 0.0000000000
145237  -6.138  51.795  7.610 0.0000000000
145238  -7.038  51.194  7.388 0.0000000000
145239  -15.413  51.688  6.585 0.0000000000
145254  -3.835  51.810  6.575 0.0000000000
145255  -6.511  52.156  6.985 0.0000000000
145256  -7.549  51.544  6.633 0.0000000000
145257  -8.502  51.138  6.169 0.0000000000
145258  -15.349  51.818  5.795 0.0000000000
145268  -4.326  51.747  5.471 0.0000000000
145269  -5.064  51.257  5.100 0.0000000000
145270  -7.786  51.999  5.865 0.0000000000
145271  -8.647  51.556  5.450 0.0000000000
145272  -9.494  51.154  5.067 0.0000000000
145273  -14.926  51.433  4.707 0.0000000000
145274  -15.231  51.914  5.070 0.0000000000
145283  -4.383  52.139  4.892 0.0000000000
145284  -5.277  51.651  4.415 0.0000000000
145285  -6.273  51.178  3.986 0.0000000000
145286  -8.789  51.891  4.681 0.0000000000
145287  -9.637  51.453  4.310 0.0000000000
145288  -10.513  51.030  3.995 0.0000000000
145289  -14.857  51.840  4.072 0.0000000000
145290  -15.102  51.906  4.587 0.0000000000
145293  -5.510  52.066  3.716 0.0000000000
145294  -6.532  51.585  3.271 0.0000000000
145295  -7.416  51.091  2.811 0.0000000000
145296  -9.819  51.784  3.529 0.0000000000
145297  -10.777  51.422  3.277 0.0000000000
145298  -12.199  51.137  3.042 0.0000000000
145299  -13.217  51.259  3.092 0.0000000000
145300  -13.933  51.532  3.222 0.0000000000
145301  -14.421  51.936  3.351 0.0000000000
145303  -6.819  51.927  2.503 0.0000000000
145304  -7.599  51.413  2.075 0.0000000000
145305  -8.171  50.811  1.606 0.0000000000
145306  -11.001  51.884  2.524 0.0000000000
145307  -11.703  51.689  2.494 0.0000000000
145308  -12.745  51.614  2.503 0.0000000000
145309  -13.638  51.779  2.695 0.0000000000
145310  -14.107  51.913  2.941 0.0000000000
145312  -7.732  51.643  0.979 0.0000000000
145313  -8.127  51.000  1.128 0.0000000000
145315  -7.756  51.727  0.114 0.0000000000
145316  -8.018  51.138  0.408 0.0000000000
145318  -7.713  51.353  -0.785 0.0000000000
145319  -7.912  51.237  -0.104 0.0000000000
145988  -14.242  52.292  10.074 0.0000000000
146000  -14.634  52.264  9.328 0.0000000000
146011  -14.968  52.297  8.475 0.0000000000
146012  -15.222  52.081  7.832 0.0000000000
146023  -3.922  52.313  7.535 0.0000000000
146024  -4.242  52.402  7.686 0.0000000000
146025  -5.048  52.467  7.708 0.0000000000
146026  -15.112  52.681  7.865 0.0000000000
146027  -15.328  52.440  7.209 0.0000000000
146041  -3.954  52.521  7.127 0.0000000000
146042  -4.594  52.942  7.257 0.0000000000
146043  -5.715  52.738  6.982 0.0000000000
146044  -6.644  52.425  6.597 0.0000000000
146045  -15.382  52.502  6.345 0.0000000000
146054  -3.829  52.704  6.169 0.0000000000
146055  -6.288  52.941  6.339 0.0000000000
146056  -7.113  52.604  5.921 0.0000000000
146057  -7.829  52.283  5.445 0.0000000000
146058  -15.350  52.571  5.522 0.0000000000
146069  -4.089  52.786  5.196 0.0000000000
146070  -4.394  52.434  4.552 0.0000000000
146071  -7.453  52.778  5.245 0.0000000000
146072  -8.147  52.474  4.767 0.0000000000
146073  -8.820  52.161  4.266 0.0000000000
146074  -15.042  52.253  4.074 0.0000000000
146075  -15.213  52.531  4.525 0.0000000000
146079  -4.145  53.029  4.477 0.0000000000
146080  -4.708  52.635  3.814 0.0000000000
146081  -5.592  52.344  3.284 0.0000000000
146082  -8.472  52.672  4.084 0.0000000000
146083  -9.151  52.379  3.576 0.0000000000
146084  -9.893  52.076  3.108 0.0000000000
146085  -14.913  52.466  3.666 0.0000000000
146086  -15.215  53.108  3.966 0.0000000000
146089  -5.090  52.876  2.945 0.0000000000
146090  -6.129  52.437  2.541 0.0000000000
146091  -6.888  52.176  2.028 0.0000000000
146092  -9.512  52.651  2.796 0.0000000000
146093  -10.350  52.272  2.501 0.0000000000
146094  -11.253  52.284  1.930 0.0000000000
146095  -12.326  52.104  1.927 0.0000000000
146096  -13.312  52.119  2.067 0.0000000000
146097  -14.309  52.534  2.564 0.0000000000
146100  -5.395  53.118  2.129 0.0000000000
146101  -6.416  52.798  1.438 0.0000000000
146102  -7.241  52.112  1.454 0.0000000000
146103  -9.757  52.884  2.211 0.0000000000
146104  -10.365  52.801  1.757 0.0000000000
146105  -11.101  52.864  1.246 0.0000000000
146106  -12.030  52.649  1.288 0.0000000000
146107  -12.891  52.524  1.483 0.0000000000
146108  -13.647  52.698  1.678 0.0000000000
146111  -6.736  53.008  0.363 0.0000000000
146112  -7.275  52.340  0.664 0.0000000000
146113  -11.237  53.086  0.903 0.0000000000
146114  -11.608  52.982  0.896 0.0000000000
146117  -6.870  53.112  -0.182 0.0000000000
146118  -7.351  52.585  -0.406 0.0000000000
146123  -7.430  52.385  -1.566 0.0000000000
146801  -14.654  53.211  8.905 0.0000000000
146809  -14.895  53.153  8.208 0.0000000000
146821  -15.068  53.397  7.476 0.0000000000
146822  -15.299  53.104  6.789 0.0000000000
146832  -4.243  53.105  6.650 0.0000000000
146833  -4.929  53.389  6.607 0.0000000000
146834  -5.685  53.300  6.354 0.0000000000
146835  -15.179  53.757  6.735 0.0000000000
146836  -15.340  53.363  6.077 0.0000000000
146845  -4.389  53.574  5.813 0.0000000000
146846  -5.329  53.726  5.969 0.0000000000
146847  -6.277  53.489  5.742 0.0000000000
146848  -6.966  53.186  5.383 0.0000000000
146849  -15.365  53.315  5.270 0.0000000000
146860  -4.162  53.614  4.836 0.0000000000
146861  -6.724  53.603  5.233 0.0000000000
146862  -7.277  53.385  4.793 0.0000000000
146863  -7.954  53.094  4.256 0.0000000000
146864  -15.334  53.543  4.555 0.0000000000
146868  -4.055  53.628  3.905 0.0000000000
146869  -4.384  53.281  3.264 0.0000000000
146870  -7.569  53.663  4.070 0.0000000000
146871  -8.300  53.227  3.593 0.0000000000
146872  -8.899  53.077  3.040 0.0000000000
146873  -15.094  53.261  3.230 0.0000000000
146874  -15.290  53.833  3.877 0.0000000000
146877  -3.954  53.878  3.010 0.0000000000
146878  -4.547  53.454  2.574 0.0000000000
146879  -7.736  53.933  3.409 0.0000000000
146880  -8.344  53.734  2.776 0.0000000000
146881  -9.124  53.274  2.423 0.0000000000
146882  -14.840  53.581  2.427 0.0000000000
146885  -4.120  53.985  2.288 0.0000000000
146886  -4.726  53.710  1.754 0.0000000000
146887  -5.520  53.407  1.455 0.0000000000
146888  -8.712  53.768  2.070 0.0000000000
146889  -9.496  53.459  1.622 0.0000000000
146890  -10.371  53.238  1.179 0.0000000000
146891  -10.907  53.197  0.897 0.0000000000
146892  -12.644  52.822  1.093 0.0000000000
146893  -13.250  53.010  1.058 0.0000000000
146894  -14.207  53.539  1.420 0.0000000000
146897  -5.145  53.784  1.143 0.0000000000
146898  -5.878  53.562  0.738 0.0000000000
146899  -9.889  53.626  0.972 0.0000000000
146900  -10.513  53.537  0.605 0.0000000000
146901  -11.322  53.297  0.557 0.0000000000
146902  -12.349  53.179  0.595 0.0000000000
146903  -13.461  53.682  0.402 0.0000000000
146904  -14.115  54.172  0.591 0.0000000000
146908  -6.395  53.596  -0.090 0.0000000000
146909  -6.901  53.282  -0.574 0.0000000000
146910  -10.953  53.650  0.148 0.0000000000
146911  -11.680  53.629  -0.050 0.0000000000
146912  -12.648  53.795  -0.175 0.0000000000
146913  -13.320  54.188  -0.262 0.0000000000
146919  -6.548  53.870  -0.903 0.0000000000
146920  -7.144  53.248  -1.263 0.0000000000
146926  -6.800  53.955  -1.725 0.0000000000
146927  -7.240  53.336  -2.338 0.0000000000
147588  -14.826  54.406  7.144 0.0000000000
147596  -15.144  54.411  6.073 0.0000000000
147597  -15.353  53.805  5.678 0.0000000000
147608  -4.518  54.149  5.083 0.0000000000
147609  -5.169  54.179  5.436 0.0000000000
147610  -5.750  53.955  5.557 0.0000000000
147611  -15.210  54.837  5.166 0.0000000000
147612  -15.356  54.070  5.215 0.0000000000
147623  -4.340  54.317  4.330 0.0000000000
147624  -5.095  54.631  4.673 0.0000000000
147625  -6.294  54.168  4.910 0.0000000000
147626  -7.071  53.930  4.449 0.0000000000
147627  -15.270  54.971  4.684 0.0000000000
147628  -15.336  54.423  4.458 0.0000000000
147632  -3.645  55.072  2.717 0.0000000000
147633  -3.927  54.678  3.372 0.0000000000
147634  -4.676  55.083  3.917 0.0000000000
147635  -5.984  54.980  3.716 0.0000000000
147636  -7.022  54.270  3.896 0.0000000000
147637  -15.185  54.370  3.190 0.0000000000
147638  -15.310  54.336  3.863 0.0000000000
147642  -3.495  55.111  2.089 0.0000000000
147643  -3.744  54.518  2.525 0.0000000000
147644  -6.402  55.103  2.908 0.0000000000
147645  -7.343  54.609  2.640 0.0000000000
147646  -8.233  54.136  2.224 0.0000000000
147647  -14.898  54.456  1.982 0.0000000000
147651  -3.534  55.397  1.237 0.0000000000
147652  -4.052  54.489  1.504 0.0000000000
147653  -4.689  54.037  1.232 0.0000000000
147654  -7.601  54.804  1.758 0.0000000000
147655  -8.479  54.355  1.374 0.0000000000
147656  -9.373  53.847  1.071 0.0000000000
147657  -14.531  54.613  1.031 0.0000000000
147666  -3.491  55.643  0.708 0.0000000000
147667  -3.947  55.243  0.381 0.0000000000
147668  -4.975  54.257  0.522 0.0000000000
147669  -5.776  53.933  0.214 0.0000000000
147670  -8.737  54.704  0.120 0.0000000000
147671  -9.706  54.064  0.380 0.0000000000
147672  -10.477  53.809  0.152 0.0000000000
147673  -13.850  54.391  -0.015 0.0000000000
147674  -14.246  54.812  0.263 0.0000000000
147683  -4.139  55.470  -0.317 0.0000000000
147684  -4.850  55.071  -0.562 0.0000000000
147685  -5.786  54.278  -0.356 0.0000000000
147686  -8.776  54.947  -0.458 0.0000000000
147687  -9.480  54.695  -0.715 0.0000000000
147688  -10.757  54.089  -0.479 0.0000000000
147689  -11.998  54.069  -0.763 0.0000000000
147690  -12.879  54.352  -0.742 0.0000000000
147691  -13.548  54.871  -0.641 0.0000000000
147692  -14.002  54.873  -0.197 0.0000000000
147701  -5.201  55.258  -1.257 0.0000000000
147702  -5.946  54.768  -1.430 0.0000000000
147703  -9.727  54.924  -1.405 0.0000000000
147704  -10.374  54.689  -1.367 0.0000000000
147705  -11.433  54.539  -1.377 0.0000000000
147706  -12.463  54.647  -1.313 0.0000000000
147707  -13.060  54.791  -1.101 0.0000000000
147715  -6.764  54.492  -2.670 0.0000000000
147716  -7.244  53.772  -2.989 0.0000000000
147722  -6.803  54.705  -3.723 0.0000000000
147723  -7.122  54.045  -3.479 0.0000000000
148394  -15.116  55.546  4.742 0.0000000000
148395  -15.280  55.028  4.317 0.0000000000
148402  -3.635  55.315  2.695 0.0000000000
148403  -3.806  55.308  2.868 0.0000000000
148404  -4.330  55.412  3.173 0.0000000000
148405  -5.095  55.440  3.325 0.0000000000
148406  -15.157  55.427  3.731 0.0000000000
148407  -15.299  54.721  3.916 0.0000000000
148415  -3.682  55.410  2.485 0.0000000000
148416  -4.010  55.869  2.525 0.0000000000
148417  -4.874  55.862  2.694 0.0000000000
148418  -5.773  55.509  2.790 0.0000000000
148419  -6.537  55.280  2.435 0.0000000000
148420  -14.985  55.416  2.601 0.0000000000
148428  -3.577  55.856  1.792 0.0000000000
148429  -4.007  56.277  1.833 0.0000000000
148430  -5.445  55.950  2.287 0.0000000000
148431  -6.127  55.782  1.980 0.0000000000
148432  -6.991  55.280  1.768 0.0000000000
148433  -7.627  55.026  1.272 0.0000000000
148434  -14.745  55.441  1.541 0.0000000000
148442  -3.421  56.110  0.816 0.0000000000
148443  -3.461  55.844  0.326 0.0000000000
148444  -6.520  55.795  1.356 0.0000000000
148445  -7.101  55.572  0.876 0.0000000000
148446  -7.947  55.123  0.579 0.0000000000
148447  -14.493  55.468  0.609 0.0000000000
148451  -3.415  56.354  0.063 0.0000000000
148452  -3.674  55.945  -0.386 0.0000000000
148453  -4.229  55.643  -0.730 0.0000000000
148454  -7.436  55.666  0.112 0.0000000000
148455  -8.198  55.319  -0.331 0.0000000000
148456  -8.764  55.211  -0.839 0.0000000000
148457  -13.743  55.507  -0.897 0.0000000000
148458  -14.132  55.502  -0.280 0.0000000000
148462  -3.975  56.064  -1.069 0.0000000000
148463  -4.625  55.680  -1.335 0.0000000000
148464  -5.288  55.458  -1.736 0.0000000000
148465  -7.548  55.886  -0.605 0.0000000000
148466  -8.183  55.756  -1.212 0.0000000000
148467  -9.155  55.334  -1.483 0.0000000000
148468  -9.956  55.164  -1.953 0.0000000000
148469  -10.942  55.063  -2.080 0.0000000000
148470  -12.029  55.071  -2.006 0.0000000000
148471  -13.177  55.413  -1.599 0.0000000000
148475  -4.161  56.255  -1.654 0.0000000000
148476  -4.796  56.173  -2.242 0.0000000000
148477  -5.810  55.453  -2.380 0.0000000000
148478  -8.610  55.874  -1.924 0.0000000000
148479  -9.312  55.725  -2.332 0.0000000000
148480  -10.341  55.688  -2.762 0.0000000000
148481  -11.509  55.639  -2.727 0.0000000000
148482  -12.424  55.706  -2.454 0.0000000000
148483  -13.006  56.093  -2.346 0.0000000000
148494  -5.499  56.108  -2.900 0.0000000000
148495  -6.217  55.559  -3.367 0.0000000000
148496  -10.511  56.028  -3.220 0.0000000000
148497  -10.947  55.957  -3.197 0.0000000000
148511  -6.557  55.406  -4.308 0.0000000000
149150  -14.817  56.373  3.149 0.0000000000
149153  -4.598  56.240  2.089 0.0000000000
149154  -5.068  56.140  2.213 0.0000000000
149160  -3.792  56.520  1.135 0.0000000000
149161  -4.468  56.624  1.331 0.0000000000
149162  -5.398  56.300  1.592 0.0000000000
149163  -6.104  56.081  1.436 0.0000000000
149169  -3.528  57.006  0.201 0.0000000000
149170  -4.170  57.108  0.634 0.0000000000
149171  -5.129  57.039  0.449 0.0000000000
149172  -6.285  56.276  0.697 0.0000000000
149173  -6.944  55.946  0.378 0.0000000000
149174  -14.366  56.179  0.185 0.0000000000
149178  -3.454  56.822  -0.749 0.0000000000
149179  -3.669  56.359  -0.890 0.0000000000
149180  -5.383  57.360  -0.260 0.0000000000
149181  -6.062  57.000  -0.476 0.0000000000
149182  -6.907  56.240  -0.197 0.0000000000
149183  -13.904  56.287  -0.991 0.0000000000
149184  -14.205  56.141  -0.352 0.0000000000
149189  -3.560  57.146  -1.649 0.0000000000
149190  -3.714  56.573  -1.378 0.0000000000
149191  -6.383  57.164  -1.195 0.0000000000
149192  -7.102  56.609  -1.330 0.0000000000
149193  -7.984  56.255  -1.880 0.0000000000
149194  -13.456  56.373  -1.917 0.0000000000
149198  -3.602  57.245  -2.020 0.0000000000
149199  -3.887  56.902  -2.157 0.0000000000
149200  -4.394  56.779  -2.561 0.0000000000
149201  -7.625  56.732  -2.215 0.0000000000
149202  -8.449  56.423  -2.650 0.0000000000
149203  -9.442  56.146  -3.050 0.0000000000
149204  -10.111  56.144  -3.280 0.0000000000
149205  -12.067  55.958  -2.913 0.0000000000
149206  -12.532  56.295  -2.915 0.0000000000
149207  -13.194  56.820  -2.698 0.0000000000
149220  -4.169  57.188  -2.715 0.0000000000
149221  -4.815  56.876  -3.078 0.0000000000
149222  -5.626  56.379  -3.466 0.0000000000
149223  -8.894  56.636  -3.369 0.0000000000
149224  -9.637  56.602  -3.670 0.0000000000
149225  -10.615  56.366  -3.618 0.0000000000
149226  -11.704  56.335  -3.439 0.0000000000
149227  -12.651  56.961  -3.552 0.0000000000
149228  -13.117  57.253  -3.212 0.0000000000
149239  -5.341  57.021  -3.853 0.0000000000
149240  -6.039  56.262  -4.116 0.0000000000
149241  -10.221  56.880  -4.154 0.0000000000
149242  -11.117  56.844  -4.189 0.0000000000
149243  -12.016  57.000  -4.126 0.0000000000
149244  -12.453  57.250  -4.057 0.0000000000
149247  -5.707  56.962  -4.740 0.0000000000
149248  -6.302  56.062  -4.954 0.0000000000
149251  -6.059  56.512  -5.861 0.0000000000
149911  -3.773  57.452  -0.203 0.0000000000
149912  -4.074  57.456  0.016 0.0000000000
149913  -4.505  57.372  0.182 0.0000000000
149919  -3.674  57.512  -0.630 0.0000000000
149920  -3.999  57.747  -0.450 0.0000000000
149921  -4.816  57.761  -0.479 0.0000000000
149922  -5.539  57.524  -0.616 0.0000000000
149924  -14.175  56.620  -0.255 0.0000000000
149929  -3.542  57.600  -1.343 0.0000000000
149930  -5.079  58.312  -1.167 0.0000000000
149931  -5.862  57.813  -1.361 0.0000000000
149932  -6.571  57.285  -1.570 0.0000000000
149933  -13.606  57.351  -1.812 0.0000000000
149938  -3.622  57.702  -2.193 0.0000000000
149939  -3.898  57.447  -2.557 0.0000000000
149940  -6.197  58.106  -2.099 0.0000000000
149941  -6.952  57.571  -2.369 0.0000000000
149942  -7.779  57.007  -2.696 0.0000000000
149943  -13.358  57.643  -2.869 0.0000000000
149956  -3.697  58.267  -2.633 0.0000000000
149957  -4.070  57.926  -3.174 0.0000000000
149958  -4.744  57.461  -3.582 0.0000000000
149959  -7.348  57.968  -3.126 0.0000000000
149960  -8.157  57.421  -3.443 0.0000000000
149961  -8.952  56.931  -3.754 0.0000000000
149962  -12.703  57.434  -4.009 0.0000000000
149963  -13.080  57.641  -3.690 0.0000000000
149971  -4.255  58.439  -3.836 0.0000000000
149972  -4.779  57.927  -4.220 0.0000000000
149973  -8.519  57.795  -4.203 0.0000000000
149974  -9.257  57.330  -4.273 0.0000000000
149975  -10.480  57.503  -4.782 0.0000000000
149976  -11.546  57.394  -4.636 0.0000000000
149977  -12.389  57.638  -4.534 0.0000000000
149978  -12.846  57.717  -4.196 0.0000000000
149982  -5.357  57.824  -5.365 0.0000000000
149983  -10.721  57.899  -5.263 0.0000000000
149984  -11.305  57.775  -5.139 0.0000000000
149985  -11.864  57.738  -4.930 0.0000000000
149989  -5.611  57.664  -6.476 0.0000000000
149992  -5.793  57.592  -7.670 0.0000000000
149993  -6.077  58.182  -8.043 0.0000000000
149996  -6.253  57.615  -8.652 0.0000000000
150004  -7.719  58.195  -9.975 0.0000000000
150727  -3.861  57.866  -0.760 0.0000000000
150728  -4.142  58.111  -0.858 0.0000000000
150729  -4.567  58.314  -1.108 0.0000000000
150743  -3.764  58.025  -1.117 0.0000000000
150744  -4.151  58.514  -1.486 0.0000000000
150745  -4.778  58.722  -1.571 0.0000000000
150746  -5.305  58.522  -1.611 0.0000000000
150758  -3.687  58.236  -1.746 0.0000000000
150759  -3.950  58.846  -2.112 0.0000000000
150760  -5.136  58.913  -1.887 0.0000000000
150761  -5.674  58.645  -2.150 0.0000000000
150762  -6.330  58.383  -2.485 0.0000000000
150781  -3.687  58.424  -2.297 0.0000000000
150782  -3.900  58.911  -2.840 0.0000000000
150783  -6.071  58.932  -2.673 0.0000000000
150784  -6.757  58.623  -3.110 0.0000000000
150785  -7.503  58.263  -3.553 0.0000000000
150786  -13.485  58.372  -3.424 0.0000000000
150795  -4.033  59.050  -3.735 0.0000000000
150796  -4.274  58.720  -4.244 0.0000000000
150797  -7.247  58.841  -3.804 0.0000000000
150798  -7.978  58.476  -4.237 0.0000000000
150799  -8.770  58.105  -4.696 0.0000000000
150800  -9.531  57.926  -4.930 0.0000000000
150801  -12.585  57.989  -4.827 0.0000000000
150802  -13.103  58.216  -4.515 0.0000000000
150806  -4.133  59.292  -4.410 0.0000000000
150807  -4.498  58.825  -4.981 0.0000000000
150808  -8.386  58.733  -4.928 0.0000000000
150809  -9.063  58.588  -5.345 0.0000000000
150810  -10.094  58.221  -5.422 0.0000000000
150811  -10.974  58.192  -5.618 0.0000000000
150812  -12.151  58.199  -5.367 0.0000000000
150813  -13.045  58.729  -5.343 0.0000000000
150817  -4.956  58.715  -5.937 0.0000000000
150818  -9.568  58.809  -5.846 0.0000000000
150819  -10.289  58.711  -6.066 0.0000000000
150820  -11.231  58.676  -6.142 0.0000000000
150821  -11.987  58.843  -6.152 0.0000000000
150825  -5.330  58.716  -6.860 0.0000000000
150826  -5.803  58.795  -7.612 0.0000000000
150829  -6.428  58.780  -8.240 0.0000000000
150830  -7.019  59.085  -8.710 0.0000000000
150839  -6.923  58.318  -8.904 0.0000000000
150840  -7.507  58.768  -9.414 0.0000000000
150850  -8.015  58.861  -10.320 0.0000000000
150851  -8.256  59.234  -10.965 0.0000000000
151539  -4.501  59.060  -1.957 0.0000000000
151540  -4.860  59.070  -1.905 0.0000000000
151549  -4.434  59.418  -2.569 0.0000000000
151550  -5.127  59.361  -2.307 0.0000000000
151551  -5.675  59.185  -2.559 0.0000000000
151569  -4.418  59.990  -3.451 0.0000000000
151570  -4.975  60.096  -2.875 0.0000000000
151571  -5.900  59.672  -3.143 0.0000000000
151572  -6.751  59.344  -3.657 0.0000000000
151573  -13.717  59.065  -3.979 0.0000000000
151584  -4.180  59.861  -4.155 0.0000000000
151585  -6.549  59.962  -3.892 0.0000000000
151586  -7.264  59.529  -4.391 0.0000000000
151587  -7.910  59.158  -4.808 0.0000000000
151588  -13.650  59.262  -4.852 0.0000000000
151597  -4.185  59.947  -4.890 0.0000000000
151598  -4.438  59.489  -5.557 0.0000000000
151599  -7.669  59.663  -4.988 0.0000000000
151600  -8.252  59.441  -5.407 0.0000000000
151601  -8.970  59.167  -5.856 0.0000000000
151602  -12.609  58.895  -5.871 0.0000000000
151603  -13.333  59.415  -5.879 0.0000000000
151611  -4.300  60.230  -5.564 0.0000000000
151612  -4.711  59.807  -6.242 0.0000000000
151613  -8.637  59.716  -6.042 0.0000000000
151614  -9.433  59.464  -6.410 0.0000000000
151615  -10.484  59.222  -6.632 0.0000000000
151616  -11.422  59.222  -6.695 0.0000000000
151617  -12.429  59.355  -6.578 0.0000000000
151618  -13.188  59.858  -6.709 0.0000000000
151622  -5.285  59.784  -7.083 0.0000000000
151623  -5.990  59.789  -7.699 0.0000000000
151624  -9.896  59.789  -6.982 0.0000000000
151625  -10.661  59.724  -7.227 0.0000000000
151626  -11.680  59.692  -7.283 0.0000000000
151627  -12.560  59.889  -7.248 0.0000000000
151628  -13.133  60.205  -7.252 0.0000000000
151631  -6.662  59.833  -8.301 0.0000000000
151632  -7.325  59.829  -8.912 0.0000000000
151642  -7.802  59.790  -9.729 0.0000000000
151653  -8.122  59.827  -10.565 0.0000000000
151654  -8.250  59.800  -11.229 0.0000000000
152365  -4.687  60.735  -3.771 0.0000000000
152366  -4.986  60.676  -3.438 0.0000000000
152367  -5.415  60.370  -3.342 0.0000000000
152380  -4.489  60.897  -4.338 0.0000000000
152381  -4.933  61.256  -3.888 0.0000000000
152382  -5.953  60.831  -4.062 0.0000000000
152383  -6.776  60.248  -4.378 0.0000000000
152384  -13.953  60.133  -5.264 0.0000000000
152396  -4.303  60.965  -5.143 0.0000000000
152397  -6.456  61.341  -4.755 0.0000000000
152398  -7.322  60.605  -5.211 0.0000000000
152399  -8.176  60.080  -5.803 0.0000000000
152400  -13.732  60.235  -6.191 0.0000000000
152411  -4.410  60.954  -5.851 0.0000000000
152412  -4.862  60.867  -6.532 0.0000000000
152413  -7.713  61.134  -5.988 0.0000000000
152414  -8.474  60.587  -6.491 0.0000000000
152415  -9.348  60.097  -6.882 0.0000000000
152416  -13.559  60.424  -6.920 0.0000000000
152417  -13.962  60.848  -6.618 0.0000000000
152422  -5.471  60.825  -7.221 0.0000000000
152423  -6.202  60.801  -7.833 0.0000000000
152424  -8.749  61.092  -7.202 0.0000000000
152425  -9.613  60.631  -7.531 0.0000000000
152426  -10.946  60.204  -7.827 0.0000000000
152427  -11.974  60.178  -7.808 0.0000000000
152428  -12.759  60.348  -7.696 0.0000000000
152429  -13.427  60.680  -7.616 0.0000000000
152430  -13.781  60.801  -7.157 0.0000000000
152434  -6.859  60.787  -8.512 0.0000000000
152435  -7.391  60.765  -9.296 0.0000000000
152436  -9.785  61.177  -8.220 0.0000000000
152437  -10.413  60.862  -8.309 0.0000000000
152438  -11.413  60.633  -8.358 0.0000000000
152439  -12.382  60.615  -8.216 0.0000000000
152440  -12.957  60.651  -8.001 0.0000000000
152447  -7.804  60.712  -10.173 0.0000000000
152455  -8.030  60.547  -11.152 0.0000000000
152456  -8.204  60.096  -11.403 0.0000000000
152465  -7.930  60.447  -11.989 0.0000000000
152466  -8.126  60.246  -11.580 0.0000000000
153168  -4.596  61.639  -4.572 0.0000000000
153169  -4.793  61.709  -4.400 0.0000000000
153170  -5.304  61.809  -4.347 0.0000000000
153182  -4.483  61.740  -4.845 0.0000000000
153183  -5.948  61.929  -4.646 0.0000000000
153184  -6.587  61.899  -5.172 0.0000000000
153198  -4.430  61.885  -5.409 0.0000000000
153199  -4.529  61.915  -6.059 0.0000000000
153200  -7.238  61.864  -5.808 0.0000000000
153201  -7.775  61.486  -6.409 0.0000000000
153210  -4.998  61.915  -6.707 0.0000000000
153211  -5.625  61.830  -7.413 0.0000000000
153212  -7.478  62.189  -6.469 0.0000000000
153213  -8.107  61.781  -7.103 0.0000000000
153214  -8.824  61.432  -7.587 0.0000000000
153215  -13.631  60.955  -7.880 0.0000000000
153220  -6.347  61.784  -8.057 0.0000000000
153221  -6.911  61.740  -8.834 0.0000000000
153222  -8.502  62.048  -7.784 0.0000000000
153223  -9.193  61.699  -8.179 0.0000000000
153224  -9.962  61.619  -8.740 0.0000000000
153225  -10.869  61.224  -8.872 0.0000000000
153226  -11.894  61.067  -8.837 0.0000000000
153227  -13.177  61.058  -8.459 0.0000000000
153232  -7.268  61.725  -9.777 0.0000000000
153233  -10.453  61.849  -9.200 0.0000000000
153234  -11.201  61.716  -9.355 0.0000000000
153235  -12.240  61.602  -9.379 0.0000000000
153236  -13.222  61.769  -9.387 0.0000000000
153243  -7.494  61.455  -10.724 0.0000000000
153250  -6.714  61.752  -12.274 0.0000000000
153251  -7.346  61.417  -11.623 0.0000000000
153258  -6.609  61.625  -13.094 0.0000000000
153259  -7.338  61.158  -12.567 0.0000000000
153938  -4.656  62.078  -4.684 0.0000000000
153939  -4.937  62.383  -4.608 0.0000000000
153940  -5.420  62.469  -4.706 0.0000000000
153952  -4.570  62.725  -5.014 0.0000000000
153953  -5.161  63.063  -4.868 0.0000000000
153954  -5.900  62.889  -5.188 0.0000000000
153955  -6.594  62.592  -5.545 0.0000000000
153968  -4.456  62.766  -5.645 0.0000000000
153969  -4.604  62.901  -6.203 0.0000000000
153970  -6.321  63.175  -5.628 0.0000000000
153971  -6.841  62.933  -6.090 0.0000000000
153982  -5.166  63.021  -6.921 0.0000000000
153983  -5.758  62.591  -7.677 0.0000000000
153984  -7.441  62.902  -6.853 0.0000000000
153985  -8.037  62.817  -7.537 0.0000000000
153990  -5.478  63.368  -7.615 0.0000000000
153991  -6.170  62.870  -8.418 0.0000000000
153992  -6.738  62.389  -9.231 0.0000000000
153993  -8.598  62.681  -8.193 0.0000000000
153994  -9.314  62.565  -8.778 0.0000000000
153995  -9.943  62.274  -9.157 0.0000000000
154001  -6.263  63.086  -9.365 0.0000000000
154002  -6.712  62.520  -9.848 0.0000000000
154003  -9.689  62.826  -9.246 0.0000000000
154004  -10.393  62.575  -9.561 0.0000000000
154005  -11.417  62.289  -9.812 0.0000000000
154006  -12.378  62.210  -9.946 0.0000000000
154012  -5.478  63.317  -10.623 0.0000000000
154013  -5.960  63.092  -10.340 0.0000000000
154014  -6.881  62.204  -10.547 0.0000000000
154015  -10.696  62.930  -10.147 0.0000000000
154016  -11.483  62.644  -10.515 0.0000000000
154017  -12.456  62.499  -10.736 0.0000000000
154021  -5.357  63.153  -11.040 0.0000000000
154022  -6.297  62.353  -11.466 0.0000000000
154023  -7.075  61.894  -11.100 0.0000000000
154024  -8.746  63.324  -11.599 0.0000000000
154025  -9.164  63.246  -11.507 0.0000000000
154026  -10.259  63.034  -11.093 0.0000000000
154027  -11.489  62.561  -11.481 0.0000000000
154032  -4.334  63.297  -12.450 0.0000000000
154033  -4.883  63.085  -12.130 0.0000000000
154034  -5.900  62.235  -12.628 0.0000000000
154035  -8.047  63.240  -12.295 0.0000000000
154036  -8.487  63.182  -12.020 0.0000000000
154037  -9.464  62.816  -12.154 0.0000000000
154038  -10.520  62.494  -12.295 0.0000000000
154045  -4.308  63.195  -12.867 0.0000000000
154046  -5.037  62.649  -13.195 0.0000000000
154047  -5.857  62.106  -13.619 0.0000000000
154048  -8.018  63.118  -12.672 0.0000000000
154049  -8.708  62.746  -12.885 0.0000000000
154050  -9.629  62.374  -13.111 0.0000000000
154063  -4.315  63.090  -13.776 0.0000000000
154064  -5.095  62.563  -14.189 0.0000000000
154066  -7.975  62.914  -13.519 0.0000000000
154067  -8.790  62.481  -13.845 0.0000000000
154074  -4.344  63.061  -14.759 0.0000000000
154077  -7.994  62.816  -14.499 0.0000000000
154738  -4.574  63.383  -5.528 0.0000000000
154739  -4.991  63.648  -5.284 0.0000000000
154740  -5.466  63.507  -5.226 0.0000000000
154753  -4.487  63.350  -5.826 0.0000000000
154754  -4.813  64.032  -6.101 0.0000000000
154755  -5.988  64.073  -5.880 0.0000000000
154756  -6.918  63.558  -6.494 0.0000000000
154769  -5.053  64.163  -7.135 0.0000000000
154770  -6.319  64.797  -6.747 0.0000000000
154771  -7.344  64.094  -7.327 0.0000000000
154772  -8.153  63.341  -7.928 0.0000000000
154785  -5.418  64.027  -8.015 0.0000000000
154786  -5.703  63.778  -8.828 0.0000000000
154787  -7.805  64.435  -8.236 0.0000000000
154788  -8.572  63.689  -8.646 0.0000000000
154789  -9.273  63.156  -9.076 0.0000000000
154801  -5.049  64.322  -9.707 0.0000000000
154802  -5.647  63.701  -9.566 0.0000000000
154803  -8.929  63.888  -9.274 0.0000000000
154804  -9.487  63.468  -9.558 0.0000000000
154805  -10.204  63.142  -9.854 0.0000000000
154818  -4.010  64.448  -10.774 0.0000000000
154819  -5.039  63.809  -10.484 0.0000000000
154820  -5.465  63.715  -10.032 0.0000000000
154821  -8.830  63.964  -10.492 0.0000000000
154822  -9.491  63.708  -10.270 0.0000000000
154823  -10.056  63.370  -10.243 0.0000000000
154834  -3.127  64.662  -11.929 0.0000000000
154835  -3.770  64.121  -11.518 0.0000000000
154836  -4.529  63.648  -11.280 0.0000000000
154837  -7.045  64.275  -11.815 0.0000000000
154838  -7.777  63.934  -11.451 0.0000000000
154839  -8.574  63.605  -11.289 0.0000000000
154840  -9.372  63.500  -10.864 0.0000000000
154841  -9.808  63.409  -10.601 0.0000000000
154851  -3.028  64.459  -12.875 0.0000000000
154852  -3.825  63.678  -12.341 0.0000000000
154853  -4.229  63.588  -11.811 0.0000000000
154854  -6.803  63.982  -12.642 0.0000000000
154855  -7.683  63.538  -12.207 0.0000000000
154856  -8.113  63.515  -11.721 0.0000000000
154872  -3.042  64.389  -13.885 0.0000000000
154873  -3.596  63.668  -13.335 0.0000000000
154874  -5.944  64.422  -13.923 0.0000000000
154875  -6.625  63.917  -13.565 0.0000000000
154876  -7.382  63.448  -13.123 0.0000000000
154887  -3.083  64.313  -14.871 0.0000000000
154888  -3.601  63.642  -14.319 0.0000000000
154889  -5.927  64.426  -14.415 0.0000000000
154890  -6.433  64.040  -14.542 0.0000000000
154891  -7.280  63.422  -14.080 0.0000000000
154896  -3.165  64.226  -15.678 0.0000000000
154897  -3.635  63.644  -15.297 0.0000000000
155583  -4.878  64.703  -6.228 0.0000000000
155584  -5.145  64.783  -6.148 0.0000000000
155594  -5.038  64.930  -6.713 0.0000000000
155595  -5.576  65.251  -6.735 0.0000000000
155596  -6.429  65.355  -7.339 0.0000000000
155606  -4.953  65.144  -7.787 0.0000000000
155607  -5.155  64.583  -8.528 0.0000000000
155608  -7.289  65.226  -8.172 0.0000000000
155609  -8.042  64.638  -8.716 0.0000000000
155619  -3.830  65.614  -9.727 0.0000000000
155620  -4.555  65.381  -9.031 0.0000000000
155621  -5.234  64.369  -9.124 0.0000000000
155622  -7.644  65.168  -9.275 0.0000000000
155623  -8.554  64.326  -9.322 0.0000000000
155624  -9.010  63.955  -9.513 0.0000000000
155634  -2.993  65.610  -10.831 0.0000000000
155635  -3.504  65.401  -10.412 0.0000000000
155636  -4.284  64.874  -10.005 0.0000000000
155637  -6.763  65.138  -10.685 0.0000000000
155638  -7.386  65.006  -10.252 0.0000000000
155639  -8.306  64.527  -9.992 0.0000000000
155640  -9.029  64.083  -9.854 0.0000000000
155650  -2.880  65.501  -11.489 0.0000000000
155651  -3.216  64.926  -11.086 0.0000000000
155652  -5.767  65.191  -11.769 0.0000000000
155653  -6.417  64.993  -11.334 0.0000000000
155654  -7.256  64.596  -11.039 0.0000000000
155655  -8.045  64.278  -10.745 0.0000000000
155667  -2.797  65.330  -12.424 0.0000000000
155668  -4.627  65.347  -12.899 0.0000000000
155669  -5.358  65.110  -12.457 0.0000000000
155670  -6.245  64.650  -12.175 0.0000000000
155688  -2.756  65.163  -13.440 0.0000000000
155689  -4.242  65.406  -13.772 0.0000000000
155690  -5.229  64.891  -13.429 0.0000000000
155691  -6.043  64.481  -13.040 0.0000000000
155704  -2.755  65.035  -14.474 0.0000000000
155705  -4.284  65.337  -14.994 0.0000000000
155706  -5.310  64.754  -14.487 0.0000000000
155707  -5.926  64.423  -14.665 0.0000000000
155717  -2.833  64.891  -15.586 0.0000000000
156355  -4.927  65.959  -7.311 0.0000000000
156356  -5.582  66.162  -7.511 0.0000000000
156357  -6.398  66.006  -7.944 0.0000000000
156365  -4.463  66.163  -8.105 0.0000000000
156366  -5.745  66.500  -8.275 0.0000000000
156367  -6.616  65.994  -8.763 0.0000000000
156376  -3.864  65.984  -9.345 0.0000000000
156377  -4.441  66.394  -9.110 0.0000000000
156378  -5.519  66.447  -9.252 0.0000000000
156379  -6.669  65.683  -9.729 0.0000000000
156388  -3.160  65.873  -10.537 0.0000000000
156389  -3.647  66.113  -10.149 0.0000000000
156390  -4.645  66.263  -10.288 0.0000000000
156391  -5.926  65.667  -10.542 0.0000000000
156392  -6.716  65.399  -10.296 0.0000000000
156399  -3.016  66.083  -10.963 0.0000000000
156400  -3.745  66.215  -11.218 0.0000000000
156401  -4.919  65.661  -11.530 0.0000000000
156402  -5.769  65.398  -11.293 0.0000000000
156418  -3.001  66.013  -11.933 0.0000000000
156419  -3.863  65.763  -12.516 0.0000000000
156420  -4.661  65.515  -12.346 0.0000000000
156436  -2.993  65.748  -12.983 0.0000000000
156437  -3.413  65.729  -13.561 0.0000000000
156451  -2.967  65.564  -14.003 0.0000000000
156452  -3.473  65.647  -14.495 0.0000000000
156464  -2.962  65.470  -15.041 0.0000000000
157105  -4.774  66.571  -7.759 0.0000000000
157106  -5.050  66.489  -7.556 0.0000000000
157114  -4.743  66.744  -8.304 0.0000000000
157115  -5.146  66.734  -7.906 0.0000000000
157124  -4.929  66.810  -8.787 0.0000000000
157125  -5.191  66.798  -8.478 0.0000000000
