#!ascii label  , from subject colin27_FS vox2ras=TkReg
2026
8259  -40.704  -70.071  -20.022 0.0000000000
8272  -40.728  -70.405  -20.520 0.0000000000
8936  -39.668  -69.860  -19.586 0.0000000000
8937  -40.514  -69.624  -19.766 0.0000000000
8938  -41.225  -69.500  -20.133 0.0000000000
8939  -41.746  -69.023  -20.239 0.0000000000
8950  -41.278  -69.836  -20.972 0.0000000000
8951  -41.626  -69.263  -20.651 0.0000000000
8963  -41.174  -69.766  -21.597 0.0000000000
8964  -41.558  -69.274  -21.481 0.0000000000
8975  -41.088  -69.637  -22.316 0.0000000000
8976  -41.515  -69.056  -22.523 0.0000000000
8990  -40.985  -69.357  -23.425 0.0000000000
8991  -41.421  -68.788  -23.230 0.0000000000
9007  -40.557  -69.292  -24.285 0.0000000000
9773  -38.267  -68.902  -19.012 0.0000000000
9774  -39.354  -68.382  -18.981 0.0000000000
9775  -39.957  -68.194  -18.960 0.0000000000
9776  -41.562  -68.247  -19.008 0.0000000000
9777  -42.249  -68.105  -19.090 0.0000000000
9778  -42.541  -67.933  -19.205 0.0000000000
9790  -39.138  -69.217  -19.364 0.0000000000
9791  -40.118  -68.759  -19.388 0.0000000000
9792  -41.053  -68.839  -19.534 0.0000000000
9793  -41.842  -68.663  -19.709 0.0000000000
9794  -42.439  -68.145  -19.630 0.0000000000
9805  -42.097  -68.570  -20.608 0.0000000000
9806  -42.482  -68.090  -20.055 0.0000000000
9818  -41.761  -68.655  -21.791 0.0000000000
9833  -39.616  -68.306  -23.800 0.0000000000
9834  -41.625  -68.450  -22.622 0.0000000000
9850  -40.249  -68.717  -24.217 0.0000000000
9851  -41.050  -68.654  -23.884 0.0000000000
9852  -41.424  -68.397  -23.295 0.0000000000
9866  -40.393  -69.117  -24.449 0.0000000000
9867  -40.578  -68.962  -24.317 0.0000000000
10533  -40.927  -66.986  -14.930 0.0000000000
10534  -41.192  -66.950  -15.110 0.0000000000
10546  -40.074  -66.865  -15.283 0.0000000000
10547  -40.456  -67.007  -15.272 0.0000000000
10548  -41.078  -67.119  -15.624 0.0000000000
10563  -39.924  -66.884  -15.861 0.0000000000
10564  -40.477  -67.198  -16.276 0.0000000000
10565  -41.218  -67.230  -16.685 0.0000000000
10578  -37.181  -67.352  -17.791 0.0000000000
10579  -38.181  -67.130  -17.782 0.0000000000
10580  -39.447  -67.019  -17.153 0.0000000000
10581  -40.622  -67.479  -17.365 0.0000000000
10582  -41.375  -67.414  -17.626 0.0000000000
10591  -37.734  -68.007  -18.317 0.0000000000
10592  -38.802  -67.786  -18.361 0.0000000000
10593  -39.956  -67.797  -18.318 0.0000000000
10594  -41.010  -67.845  -18.377 0.0000000000
10595  -41.893  -67.625  -18.425 0.0000000000
10596  -42.418  -67.656  -18.976 0.0000000000
10604  -40.405  -68.143  -18.857 0.0000000000
10605  -40.871  -68.324  -19.067 0.0000000000
10606  -42.478  -67.542  -19.619 0.0000000000
10607  -42.573  -67.726  -19.302 0.0000000000
10620  -42.305  -67.709  -20.352 0.0000000000
10621  -42.542  -67.850  -19.741 0.0000000000
10638  -41.922  -67.927  -21.699 0.0000000000
10654  -39.173  -67.596  -23.169 0.0000000000
10655  -40.168  -67.679  -23.448 0.0000000000
10656  -40.956  -67.616  -23.284 0.0000000000
10657  -41.499  -67.872  -22.964 0.0000000000
10673  -40.757  -68.147  -23.752 0.0000000000
10674  -41.183  -68.093  -23.562 0.0000000000
10675  -41.329  -68.273  -23.467 0.0000000000
11237  -42.109  -66.019  -4.996 0.0000000000
11250  -41.321  -66.101  -5.684 0.0000000000
11251  -41.767  -66.161  -5.382 0.0000000000
11252  -42.116  -66.081  -5.460 0.0000000000
11263  -41.343  -66.140  -6.169 0.0000000000
11264  -41.682  -66.198  -5.945 0.0000000000
11265  -41.940  -66.198  -5.725 0.0000000000
11278  -41.738  -65.790  -9.673 0.0000000000
11279  -41.892  -65.806  -9.314 0.0000000000
11287  -41.678  -65.938  -10.234 0.0000000000
11288  -41.983  -65.975  -9.765 0.0000000000
11304  -41.619  -66.136  -10.848 0.0000000000
11305  -41.983  -66.152  -10.494 0.0000000000
11320  -40.957  -66.149  -11.644 0.0000000000
11321  -41.281  -66.214  -11.446 0.0000000000
11322  -41.954  -66.337  -11.443 0.0000000000
11331  -40.947  -66.278  -12.043 0.0000000000
11332  -41.404  -66.455  -12.263 0.0000000000
11333  -41.991  -66.435  -12.518 0.0000000000
11344  -40.868  -66.386  -12.888 0.0000000000
11345  -41.487  -66.468  -13.355 0.0000000000
11346  -41.984  -66.392  -13.058 0.0000000000
11362  -39.921  -66.209  -14.529 0.0000000000
11363  -40.516  -66.573  -14.270 0.0000000000
11364  -41.268  -66.607  -14.629 0.0000000000
11378  -39.783  -66.411  -15.200 0.0000000000
11379  -40.211  -66.781  -14.995 0.0000000000
11380  -41.354  -66.792  -15.345 0.0000000000
11395  -36.240  -66.189  -16.809 0.0000000000
11396  -38.810  -66.204  -16.676 0.0000000000
11397  -39.311  -66.413  -16.245 0.0000000000
11398  -41.504  -66.780  -16.140 0.0000000000
11410  -36.583  -66.667  -17.211 0.0000000000
11411  -37.520  -66.587  -17.392 0.0000000000
11412  -38.430  -66.471  -17.103 0.0000000000
11413  -38.990  -66.554  -16.782 0.0000000000
11414  -41.815  -66.980  -17.372 0.0000000000
11420  -42.280  -67.057  -18.627 0.0000000000
11421  -42.523  -67.436  -19.027 0.0000000000
11431  -41.524  -66.288  -19.934 0.0000000000
11432  -42.004  -66.871  -19.740 0.0000000000
11433  -42.489  -67.377  -19.219 0.0000000000
11448  -41.353  -66.221  -20.625 0.0000000000
11449  -41.711  -67.068  -21.053 0.0000000000
11463  -37.895  -66.174  -22.210 0.0000000000
11464  -41.169  -66.371  -21.728 0.0000000000
11465  -41.393  -67.214  -22.201 0.0000000000
11480  -38.598  -66.610  -22.564 0.0000000000
11481  -39.646  -66.711  -22.782 0.0000000000
11482  -40.693  -66.732  -22.692 0.0000000000
11483  -41.167  -67.346  -22.835 0.0000000000
12023  -42.547  -65.676  -5.110 0.0000000000
12024  -43.074  -65.204  -4.847 0.0000000000
12038  -40.941  -65.723  -6.392 0.0000000000
12039  -41.608  -66.010  -6.568 0.0000000000
12040  -42.185  -65.970  -6.056 0.0000000000
12053  -40.964  -65.491  -7.164 0.0000000000
12054  -41.472  -65.615  -7.619 0.0000000000
12055  -42.137  -65.850  -7.202 0.0000000000
12068  -41.686  -65.493  -9.008 0.0000000000
12069  -42.276  -65.653  -8.748 0.0000000000
12070  -42.833  -65.234  -9.013 0.0000000000
12080  -41.576  -65.527  -9.917 0.0000000000
12081  -42.374  -65.856  -9.987 0.0000000000
12082  -42.871  -65.428  -9.649 0.0000000000
12102  -41.391  -65.818  -10.703 0.0000000000
12103  -42.429  -66.036  -10.818 0.0000000000
12104  -42.867  -65.662  -10.419 0.0000000000
12120  -40.796  -66.023  -11.828 0.0000000000
12121  -41.057  -65.759  -11.350 0.0000000000
12122  -42.472  -66.108  -11.372 0.0000000000
12123  -42.974  -65.677  -11.274 0.0000000000
12132  -40.633  -65.965  -12.360 0.0000000000
12133  -42.522  -66.102  -11.981 0.0000000000
12134  -43.096  -65.532  -12.232 0.0000000000
12147  -40.408  -65.902  -13.232 0.0000000000
12148  -41.920  -66.241  -13.334 0.0000000000
12149  -42.401  -65.842  -13.035 0.0000000000
12150  -43.088  -65.172  -12.854 0.0000000000
12165  -39.680  -65.564  -14.828 0.0000000000
12166  -40.035  -65.799  -14.071 0.0000000000
12167  -41.851  -65.925  -14.065 0.0000000000
12168  -42.371  -65.380  -13.791 0.0000000000
12180  -35.767  -65.284  -15.862 0.0000000000
12181  -36.405  -64.879  -16.124 0.0000000000
12182  -39.453  -65.653  -15.427 0.0000000000
12183  -41.657  -66.163  -15.378 0.0000000000
12193  -35.923  -65.977  -16.467 0.0000000000
12194  -36.788  -65.488  -16.666 0.0000000000
12195  -38.027  -65.304  -16.640 0.0000000000
12196  -38.866  -65.669  -16.356 0.0000000000
12197  -39.331  -65.931  -15.811 0.0000000000
12198  -41.719  -66.101  -16.643 0.0000000000
12208  -37.121  -66.117  -17.168 0.0000000000
12209  -37.707  -65.929  -17.047 0.0000000000
12210  -38.363  -65.914  -16.777 0.0000000000
12211  -41.771  -66.131  -17.894 0.0000000000
12219  -41.424  -65.604  -19.368 0.0000000000
12220  -41.722  -66.190  -18.946 0.0000000000
12230  -41.318  -65.825  -19.953 0.0000000000
12231  -41.573  -66.165  -19.552 0.0000000000
12245  -41.294  -65.438  -20.619 0.0000000000
12246  -41.403  -65.052  -21.192 0.0000000000
12259  -37.521  -65.567  -21.713 0.0000000000
12260  -38.504  -65.590  -22.050 0.0000000000
12261  -39.371  -65.326  -22.123 0.0000000000
12262  -41.165  -65.452  -21.473 0.0000000000
12263  -41.386  -64.874  -21.666 0.0000000000
12277  -39.212  -65.951  -22.436 0.0000000000
12278  -40.028  -65.717  -22.413 0.0000000000
12279  -40.697  -65.600  -22.112 0.0000000000
12765  -43.337  -64.678  -4.543 0.0000000000
12779  -42.963  -65.220  -5.333 0.0000000000
12780  -43.301  -64.836  -5.150 0.0000000000
12794  -42.692  -65.460  -5.784 0.0000000000
12795  -43.191  -64.836  -5.906 0.0000000000
12805  -40.685  -64.918  -6.986 0.0000000000
12806  -41.031  -65.210  -7.572 0.0000000000
12807  -42.674  -65.455  -6.584 0.0000000000
12808  -43.200  -64.763  -7.038 0.0000000000
12817  -40.888  -64.634  -7.753 0.0000000000
12818  -41.238  -64.981  -8.370 0.0000000000
12819  -42.641  -65.388  -7.569 0.0000000000
12820  -43.053  -64.852  -8.303 0.0000000000
12829  -41.422  -64.973  -9.330 0.0000000000
12830  -43.291  -64.823  -9.339 0.0000000000
12851  -41.390  -65.029  -10.479 0.0000000000
12852  -43.583  -64.883  -10.441 0.0000000000
12853  -44.120  -64.499  -11.146 0.0000000000
12871  -40.725  -65.552  -11.877 0.0000000000
12872  -41.005  -65.066  -11.426 0.0000000000
12873  -43.730  -65.014  -11.667 0.0000000000
12874  -44.266  -64.515  -11.733 0.0000000000
12886  -40.594  -65.054  -12.545 0.0000000000
12887  -40.753  -65.026  -11.906 0.0000000000
12888  -43.616  -64.974  -12.500 0.0000000000
12889  -44.123  -64.612  -12.329 0.0000000000
12904  -40.283  -65.043  -13.553 0.0000000000
12905  -42.887  -64.871  -13.525 0.0000000000
12906  -43.510  -64.652  -13.051 0.0000000000
12907  -43.883  -64.578  -12.752 0.0000000000
12920  -36.175  -63.882  -15.096 0.0000000000
12921  -39.549  -64.743  -14.918 0.0000000000
12922  -39.887  -64.911  -14.350 0.0000000000
12923  -42.225  -65.235  -14.301 0.0000000000
12924  -42.528  -64.862  -14.058 0.0000000000
12933  -36.385  -64.325  -15.568 0.0000000000
12934  -37.130  -64.170  -15.873 0.0000000000
12935  -38.980  -64.453  -15.751 0.0000000000
12936  -39.295  -64.827  -15.500 0.0000000000
12937  -41.972  -65.261  -14.963 0.0000000000
12938  -42.372  -64.572  -14.639 0.0000000000
12944  -36.847  -64.634  -16.145 0.0000000000
12945  -37.648  -64.566  -16.197 0.0000000000
12946  -38.676  -64.689  -16.041 0.0000000000
12947  -39.220  -65.339  -15.895 0.0000000000
12948  -41.815  -65.165  -16.033 0.0000000000
12959  -41.643  -65.094  -17.268 0.0000000000
12967  -41.351  -65.283  -19.302 0.0000000000
12968  -41.396  -65.088  -18.801 0.0000000000
12977  -41.289  -65.205  -19.808 0.0000000000
12978  -41.520  -64.424  -20.153 0.0000000000
12987  -37.400  -64.639  -21.197 0.0000000000
12988  -38.244  -64.399  -21.234 0.0000000000
12989  -41.399  -64.931  -20.631 0.0000000000
12990  -41.621  -64.585  -21.296 0.0000000000
13000  -38.126  -64.999  -21.502 0.0000000000
13001  -38.989  -64.716  -21.640 0.0000000000
13002  -40.135  -64.741  -22.035 0.0000000000
13003  -41.070  -64.779  -22.086 0.0000000000
13004  -41.520  -64.590  -21.858 0.0000000000
13020  -40.382  -65.243  -22.224 0.0000000000
13021  -40.595  -65.058  -22.196 0.0000000000
13540  -43.478  -63.742  -4.374 0.0000000000
13541  -44.006  -63.311  -5.251 0.0000000000
13547  -43.752  -64.116  -5.297 0.0000000000
13548  -44.514  -63.193  -5.864 0.0000000000
13549  -45.130  -62.824  -6.233 0.0000000000
13559  -43.865  -63.969  -6.363 0.0000000000
13560  -44.681  -63.104  -6.712 0.0000000000
13561  -45.204  -62.773  -6.460 0.0000000000
13575  -40.401  -63.869  -7.405 0.0000000000
13576  -43.804  -63.810  -7.608 0.0000000000
13577  -44.526  -63.048  -7.635 0.0000000000
13588  -40.936  -63.986  -8.527 0.0000000000
13589  -41.218  -64.580  -8.907 0.0000000000
13590  -43.573  -64.013  -8.861 0.0000000000
13591  -44.195  -63.223  -8.560 0.0000000000
13604  -41.014  -63.653  -9.156 0.0000000000
13605  -41.250  -64.189  -9.506 0.0000000000
13606  -43.805  -64.245  -9.809 0.0000000000
13607  -44.088  -63.569  -9.480 0.0000000000
13626  -41.296  -64.157  -10.398 0.0000000000
13627  -43.927  -64.325  -10.247 0.0000000000
13628  -44.373  -63.822  -10.497 0.0000000000
13629  -45.022  -63.272  -10.817 0.0000000000
13646  -41.239  -64.444  -11.052 0.0000000000
13647  -44.541  -64.148  -11.391 0.0000000000
13648  -45.100  -63.565  -11.468 0.0000000000
13660  -40.854  -64.143  -12.589 0.0000000000
13661  -41.044  -64.242  -11.891 0.0000000000
13662  -44.736  -64.245  -12.114 0.0000000000
13663  -45.314  -63.638  -12.603 0.0000000000
13664  -45.703  -63.214  -13.125 0.0000000000
13676  -40.597  -64.141  -13.192 0.0000000000
13677  -43.004  -64.446  -13.719 0.0000000000
13678  -43.322  -64.282  -13.601 0.0000000000
13679  -44.262  -64.097  -13.154 0.0000000000
13680  -45.148  -63.447  -13.480 0.0000000000
13681  -45.870  -63.064  -13.833 0.0000000000
13693  -36.687  -63.452  -15.092 0.0000000000
13694  -37.373  -63.409  -15.270 0.0000000000
13695  -39.099  -63.457  -14.976 0.0000000000
13696  -39.573  -63.993  -14.767 0.0000000000
13697  -40.134  -64.145  -13.976 0.0000000000
13698  -42.860  -64.261  -14.083 0.0000000000
13699  -43.514  -63.574  -14.236 0.0000000000
13700  -44.450  -63.403  -14.010 0.0000000000
13701  -45.189  -63.134  -14.175 0.0000000000
13702  -45.649  -62.915  -14.340 0.0000000000
13709  -37.060  -63.789  -15.526 0.0000000000
13710  -37.807  -63.789  -15.669 0.0000000000
13711  -38.815  -63.969  -15.518 0.0000000000
13712  -39.355  -64.358  -15.215 0.0000000000
13713  -42.100  -64.325  -15.487 0.0000000000
13714  -42.750  -63.571  -15.051 0.0000000000
13715  -43.230  -63.315  -14.779 0.0000000000
13722  -38.318  -64.200  -15.922 0.0000000000
13723  -38.609  -64.257  -15.856 0.0000000000
13724  -41.839  -63.888  -16.621 0.0000000000
13725  -42.243  -63.628  -15.814 0.0000000000
13739  -41.537  -64.138  -17.870 0.0000000000
13752  -41.657  -63.854  -19.043 0.0000000000
13767  -36.600  -63.407  -20.367 0.0000000000
13768  -42.158  -63.679  -20.223 0.0000000000
13769  -42.640  -63.503  -20.443 0.0000000000
13779  -36.847  -63.868  -20.666 0.0000000000
13780  -37.868  -63.868  -20.804 0.0000000000
13781  -38.923  -63.828  -21.129 0.0000000000
13782  -39.925  -63.587  -21.350 0.0000000000
13783  -40.440  -63.586  -21.620 0.0000000000
13784  -42.075  -64.031  -21.111 0.0000000000
13785  -42.751  -63.542  -20.983 0.0000000000
13786  -43.120  -63.274  -21.192 0.0000000000
13793  -39.632  -64.150  -21.586 0.0000000000
13794  -40.192  -63.968  -21.751 0.0000000000
13795  -40.804  -63.900  -21.948 0.0000000000
13796  -41.647  -64.038  -21.881 0.0000000000
13797  -42.327  -63.492  -21.546 0.0000000000
13798  -42.962  -63.171  -21.396 0.0000000000
13859  -39.543  -63.924  -27.117 0.0000000000
13860  -40.631  -63.829  -27.146 0.0000000000
13861  -41.657  -63.676  -27.144 0.0000000000
13862  -42.362  -63.476  -27.296 0.0000000000
13863  -42.643  -63.321  -27.507 0.0000000000
13882  -39.908  -64.262  -27.897 0.0000000000
13883  -41.120  -63.621  -27.642 0.0000000000
13884  -42.147  -63.478  -27.550 0.0000000000
13885  -42.467  -63.440  -27.576 0.0000000000
13899  -39.869  -64.112  -28.651 0.0000000000
13900  -40.457  -63.827  -28.085 0.0000000000
13913  -39.575  -63.837  -29.324 0.0000000000
14370  -43.386  -62.840  -4.671 0.0000000000
14371  -43.906  -63.001  -5.040 0.0000000000
14380  -43.258  -62.126  -5.107 0.0000000000
14381  -43.914  -62.344  -5.363 0.0000000000
14382  -44.579  -62.540  -5.578 0.0000000000
14383  -45.305  -62.476  -5.936 0.0000000000
14394  -45.195  -62.731  -6.690 0.0000000000
14395  -45.632  -62.348  -6.594 0.0000000000
14396  -46.149  -61.788  -7.084 0.0000000000
14416  -45.121  -62.639  -7.224 0.0000000000
14417  -45.654  -61.970  -7.748 0.0000000000
14418  -46.186  -61.649  -7.499 0.0000000000
14434  -40.262  -63.083  -8.144 0.0000000000
14435  -44.858  -62.545  -8.236 0.0000000000
14436  -45.299  -62.108  -8.845 0.0000000000
14449  -39.798  -62.406  -8.640 0.0000000000
14450  -40.668  -62.938  -9.223 0.0000000000
14451  -41.053  -63.546  -9.448 0.0000000000
14452  -44.756  -62.770  -9.611 0.0000000000
14453  -45.513  -62.091  -9.720 0.0000000000
14461  -40.745  -62.742  -10.382 0.0000000000
14462  -41.116  -63.481  -9.979 0.0000000000
14463  -44.916  -63.079  -10.465 0.0000000000
14464  -45.626  -62.587  -10.838 0.0000000000
14465  -46.344  -62.185  -11.136 0.0000000000
14480  -40.760  -62.732  -11.401 0.0000000000
14481  -41.167  -63.551  -10.988 0.0000000000
14482  -45.788  -62.985  -12.084 0.0000000000
14483  -46.641  -62.347  -11.792 0.0000000000
14484  -47.286  -62.070  -11.975 0.0000000000
14494  -40.009  -62.558  -13.364 0.0000000000
14495  -40.712  -63.039  -12.567 0.0000000000
14496  -41.019  -63.351  -11.732 0.0000000000
14497  -45.779  -63.133  -12.712 0.0000000000
14498  -46.409  -62.777  -12.995 0.0000000000
14499  -47.483  -62.146  -12.631 0.0000000000
14500  -48.038  -61.829  -12.801 0.0000000000
14513  -39.126  -62.562  -14.241 0.0000000000
14514  -39.729  -62.809  -13.995 0.0000000000
14515  -40.251  -63.319  -13.595 0.0000000000
14516  -46.587  -62.737  -14.006 0.0000000000
14517  -47.317  -62.374  -13.771 0.0000000000
14518  -48.192  -61.824  -13.475 0.0000000000
14534  -36.542  -62.591  -14.492 0.0000000000
14535  -37.483  -62.853  -14.845 0.0000000000
14536  -38.509  -62.960  -14.828 0.0000000000
14537  -39.355  -63.143  -14.552 0.0000000000
14538  -39.840  -63.456  -14.197 0.0000000000
14539  -43.977  -63.150  -14.441 0.0000000000
14540  -44.516  -62.921  -14.607 0.0000000000
14541  -45.319  -62.744  -14.766 0.0000000000
14542  -46.129  -62.699  -14.689 0.0000000000
14543  -47.069  -62.498  -14.773 0.0000000000
14544  -48.056  -62.046  -14.772 0.0000000000
14553  -37.876  -63.276  -15.187 0.0000000000
14554  -38.249  -63.472  -15.314 0.0000000000
14555  -42.898  -63.088  -15.440 0.0000000000
14556  -43.506  -62.940  -15.125 0.0000000000
14557  -44.657  -62.538  -15.452 0.0000000000
14558  -45.667  -62.485  -15.587 0.0000000000
14559  -46.597  -62.403  -15.656 0.0000000000
14560  -47.484  -62.173  -15.752 0.0000000000
14561  -48.188  -61.791  -15.937 0.0000000000
14569  -42.036  -63.223  -16.857 0.0000000000
14570  -42.586  -62.965  -16.249 0.0000000000
14571  -43.874  -62.382  -16.383 0.0000000000
14572  -45.074  -62.264  -16.501 0.0000000000
14573  -46.104  -62.302  -16.569 0.0000000000
14574  -47.017  -62.164  -16.629 0.0000000000
14575  -47.835  -61.860  -16.729 0.0000000000
14576  -48.238  -61.697  -16.494 0.0000000000
14592  -42.038  -63.080  -17.836 0.0000000000
14593  -43.262  -62.445  -17.644 0.0000000000
14594  -44.488  -62.168  -17.583 0.0000000000
14595  -45.601  -62.143  -17.540 0.0000000000
14596  -46.541  -62.080  -17.475 0.0000000000
14597  -47.396  -61.826  -17.528 0.0000000000
14598  -47.817  -61.770  -17.228 0.0000000000
14610  -42.342  -63.285  -19.439 0.0000000000
14611  -43.040  -62.744  -19.042 0.0000000000
14612  -44.085  -62.352  -18.790 0.0000000000
14613  -45.129  -62.074  -18.589 0.0000000000
14614  -46.196  -61.916  -18.436 0.0000000000
14615  -46.829  -61.849  -18.032 0.0000000000
14628  -36.755  -62.803  -20.054 0.0000000000
14629  -37.910  -62.593  -19.962 0.0000000000
14630  -39.005  -62.536  -20.038 0.0000000000
14631  -40.033  -62.338  -20.438 0.0000000000
14632  -40.622  -62.223  -20.706 0.0000000000
14633  -42.549  -63.461  -20.108 0.0000000000
14634  -43.006  -63.215  -20.294 0.0000000000
14635  -43.881  -62.721  -19.945 0.0000000000
14636  -44.764  -62.199  -19.609 0.0000000000
14637  -45.641  -61.855  -19.348 0.0000000000
14648  -36.891  -63.307  -20.376 0.0000000000
14649  -37.435  -63.258  -20.376 0.0000000000
14650  -38.439  -63.213  -20.454 0.0000000000
14651  -39.525  -63.082  -20.756 0.0000000000
14652  -40.786  -62.913  -21.341 0.0000000000
14653  -41.612  -62.703  -21.530 0.0000000000
14654  -43.147  -63.312  -20.956 0.0000000000
14655  -43.510  -62.912  -20.981 0.0000000000
14656  -44.452  -62.145  -20.509 0.0000000000
14657  -45.289  -61.817  -20.015 0.0000000000
14668  -41.274  -63.492  -21.855 0.0000000000
14669  -41.787  -63.179  -21.766 0.0000000000
14670  -42.563  -62.931  -21.663 0.0000000000
14671  -43.211  -62.607  -21.422 0.0000000000
14672  -43.848  -62.214  -21.164 0.0000000000
14726  -39.033  -63.190  -26.617 0.0000000000
14727  -40.112  -63.266  -26.655 0.0000000000
14728  -41.162  -63.306  -26.662 0.0000000000
14729  -42.099  -63.241  -26.795 0.0000000000
14730  -42.867  -63.051  -27.203 0.0000000000
14731  -43.483  -62.831  -27.520 0.0000000000
14746  -40.367  -62.749  -28.250 0.0000000000
14747  -40.994  -63.131  -28.128 0.0000000000
14748  -41.962  -63.173  -28.072 0.0000000000
14749  -42.998  -63.079  -27.866 0.0000000000
14750  -43.594  -62.882  -27.804 0.0000000000
14764  -39.220  -62.343  -28.965 0.0000000000
14765  -39.726  -63.003  -28.643 0.0000000000
14766  -40.318  -63.478  -28.317 0.0000000000
14767  -43.550  -62.669  -28.189 0.0000000000
14768  -43.718  -62.799  -28.019 0.0000000000
14781  -38.961  -62.123  -29.573 0.0000000000
14782  -39.250  -63.039  -29.516 0.0000000000
14794  -38.908  -61.857  -30.080 0.0000000000
15307  -42.100  -61.086  -5.014 0.0000000000
15308  -42.684  -61.391  -5.275 0.0000000000
15309  -43.682  -61.425  -5.692 0.0000000000
15310  -44.665  -61.622  -5.662 0.0000000000
15311  -45.589  -61.690  -5.749 0.0000000000
15312  -46.283  -61.450  -5.940 0.0000000000
15329  -43.071  -61.005  -5.885 0.0000000000
15330  -43.471  -60.935  -5.956 0.0000000000
15331  -45.992  -62.028  -5.995 0.0000000000
15332  -46.471  -61.499  -6.482 0.0000000000
15333  -46.932  -61.091  -6.822 0.0000000000
15353  -46.239  -61.504  -7.986 0.0000000000
15354  -46.663  -61.294  -7.410 0.0000000000
15355  -47.226  -60.828  -7.221 0.0000000000
15370  -46.023  -61.620  -8.968 0.0000000000
15371  -46.758  -61.171  -8.557 0.0000000000
15372  -47.339  -60.755  -8.101 0.0000000000
15383  -39.321  -61.820  -9.273 0.0000000000
15384  -39.989  -62.281  -9.236 0.0000000000
15385  -46.137  -61.805  -10.230 0.0000000000
15386  -46.852  -61.305  -9.776 0.0000000000
15387  -47.505  -60.758  -9.275 0.0000000000
15396  -38.747  -61.210  -11.023 0.0000000000
15397  -39.440  -61.616  -10.388 0.0000000000
15398  -40.132  -62.128  -9.869 0.0000000000
15399  -46.237  -62.063  -10.829 0.0000000000
15400  -46.858  -61.742  -11.014 0.0000000000
15401  -47.880  -60.983  -10.577 0.0000000000
15402  -48.540  -60.728  -10.759 0.0000000000
15412  -38.855  -61.292  -11.981 0.0000000000
15413  -39.536  -61.596  -11.470 0.0000000000
15414  -40.214  -62.043  -10.881 0.0000000000
15415  -47.150  -61.965  -11.664 0.0000000000
15416  -47.764  -61.648  -11.813 0.0000000000
15417  -48.888  -60.825  -11.505 0.0000000000
15418  -49.540  -60.522  -12.068 0.0000000000
15429  -37.471  -61.116  -12.999 0.0000000000
15430  -38.266  -61.336  -12.817 0.0000000000
15431  -39.569  -61.793  -12.776 0.0000000000
15432  -40.262  -62.103  -11.835 0.0000000000
15433  -47.947  -61.786  -12.473 0.0000000000
15434  -48.489  -61.470  -12.610 0.0000000000
15435  -49.379  -60.782  -12.781 0.0000000000
15450  -37.547  -61.599  -13.615 0.0000000000
15451  -38.522  -61.984  -13.937 0.0000000000
15452  -39.412  -62.271  -13.687 0.0000000000
15453  -48.945  -61.309  -13.420 0.0000000000
15454  -49.481  -60.860  -13.886 0.0000000000
15468  -36.924  -61.886  -14.045 0.0000000000
15469  -37.492  -62.157  -14.291 0.0000000000
15470  -37.998  -62.437  -14.511 0.0000000000
15471  -48.866  -61.428  -14.307 0.0000000000
15472  -49.393  -60.941  -14.857 0.0000000000
15481  -48.771  -61.435  -15.368 0.0000000000
15482  -49.192  -60.916  -15.801 0.0000000000
15489  -48.254  -61.675  -16.788 0.0000000000
15490  -48.674  -61.410  -16.464 0.0000000000
15491  -49.186  -60.928  -16.545 0.0000000000
15506  -47.714  -61.607  -18.014 0.0000000000
15507  -48.205  -61.569  -17.412 0.0000000000
15508  -49.079  -61.058  -17.255 0.0000000000
15509  -49.284  -60.722  -16.843 0.0000000000
15525  -37.111  -61.283  -18.965 0.0000000000
15526  -37.997  -61.266  -18.936 0.0000000000
15527  -39.020  -61.223  -18.997 0.0000000000
15528  -40.024  -61.143  -19.205 0.0000000000
15529  -40.567  -61.067  -19.367 0.0000000000
15530  -46.420  -61.672  -19.242 0.0000000000
15531  -47.208  -61.653  -18.641 0.0000000000
15532  -48.092  -61.381  -18.448 0.0000000000
15533  -48.723  -61.036  -18.107 0.0000000000
15543  -36.304  -61.802  -19.369 0.0000000000
15544  -37.419  -61.926  -19.457 0.0000000000
15545  -38.480  -61.899  -19.473 0.0000000000
15546  -39.560  -61.804  -19.663 0.0000000000
15547  -40.760  -61.580  -20.053 0.0000000000
15548  -41.927  -61.173  -20.260 0.0000000000
15549  -42.531  -60.934  -20.249 0.0000000000
15550  -46.100  -61.557  -19.905 0.0000000000
15551  -46.989  -61.397  -19.682 0.0000000000
15552  -47.945  -61.119  -19.439 0.0000000000
15553  -48.583  -60.924  -18.887 0.0000000000
15561  -40.954  -62.165  -20.853 0.0000000000
15562  -41.700  -62.064  -21.102 0.0000000000
15563  -42.836  -61.388  -20.847 0.0000000000
15564  -43.728  -61.298  -20.842 0.0000000000
15565  -44.301  -61.559  -20.792 0.0000000000
15566  -45.520  -61.319  -20.427 0.0000000000
15567  -46.679  -61.027  -20.299 0.0000000000
15568  -47.458  -60.935  -20.109 0.0000000000
15582  -42.099  -62.647  -21.602 0.0000000000
15583  -42.697  -62.266  -21.482 0.0000000000
15584  -43.560  -61.920  -21.289 0.0000000000
15585  -43.933  -61.941  -21.211 0.0000000000
15632  -38.120  -61.590  -25.823 0.0000000000
15633  -39.070  -61.643  -25.806 0.0000000000
15634  -40.085  -61.690  -25.771 0.0000000000
15635  -41.106  -61.741  -25.858 0.0000000000
15636  -41.954  -61.802  -26.116 0.0000000000
15648  -38.548  -62.335  -26.246 0.0000000000
15649  -39.582  -62.445  -26.231 0.0000000000
15650  -40.626  -62.535  -26.240 0.0000000000
15651  -41.611  -62.574  -26.339 0.0000000000
15652  -42.541  -62.443  -26.539 0.0000000000
15653  -43.663  -62.181  -26.874 0.0000000000
15654  -44.244  -61.465  -26.845 0.0000000000
15666  -39.259  -61.288  -28.139 0.0000000000
15667  -39.871  -61.841  -28.009 0.0000000000
15668  -40.736  -61.996  -27.982 0.0000000000
15669  -41.593  -62.190  -28.166 0.0000000000
15670  -42.506  -62.310  -28.288 0.0000000000
15671  -44.063  -62.450  -27.747 0.0000000000
15672  -44.645  -61.607  -27.383 0.0000000000
15673  -45.138  -61.208  -27.539 0.0000000000
15687  -38.893  -61.443  -28.778 0.0000000000
15688  -39.399  -61.982  -28.492 0.0000000000
15689  -43.317  -62.235  -28.374 0.0000000000
15690  -43.996  -62.121  -28.341 0.0000000000
15691  -44.701  -61.680  -28.160 0.0000000000
15692  -45.198  -61.333  -27.837 0.0000000000
15706  -38.716  -61.266  -29.634 0.0000000000
15718  -38.953  -61.377  -30.507 0.0000000000
16268  -41.198  -60.133  -4.842 0.0000000000
16269  -41.628  -60.463  -5.233 0.0000000000
16270  -42.174  -60.875  -5.384 0.0000000000
16271  -43.795  -60.796  -6.006 0.0000000000
16272  -44.466  -60.712  -5.938 0.0000000000
16273  -45.431  -60.748  -5.784 0.0000000000
16274  -46.497  -60.636  -5.760 0.0000000000
16275  -47.446  -59.887  -5.657 0.0000000000
16276  -47.944  -59.493  -5.499 0.0000000000
16291  -41.673  -60.172  -5.813 0.0000000000
16292  -42.305  -60.499  -5.929 0.0000000000
16293  -43.294  -60.442  -6.235 0.0000000000
16294  -43.955  -60.333  -6.164 0.0000000000
16295  -46.680  -61.111  -6.079 0.0000000000
16296  -47.334  -60.591  -6.445 0.0000000000
16297  -48.151  -59.645  -6.003 0.0000000000
16311  -47.879  -60.318  -7.605 0.0000000000
16312  -48.462  -59.731  -7.021 0.0000000000
16326  -48.125  -60.316  -8.757 0.0000000000
16327  -48.884  -59.687  -8.297 0.0000000000
16328  -49.501  -59.364  -8.541 0.0000000000
16341  -48.294  -60.505  -9.844 0.0000000000
16342  -48.965  -60.095  -9.451 0.0000000000
16343  -49.562  -59.531  -9.104 0.0000000000
16356  -48.413  -60.651  -10.432 0.0000000000
16357  -48.927  -60.462  -10.461 0.0000000000
16358  -49.731  -59.742  -10.310 0.0000000000
16359  -50.109  -59.554  -11.187 0.0000000000
16367  -38.081  -60.934  -11.857 0.0000000000
16368  -43.400  -59.724  -12.324 0.0000000000
16369  -43.890  -59.909  -12.205 0.0000000000
16370  -44.653  -59.965  -12.250 0.0000000000
16371  -49.368  -60.337  -10.946 0.0000000000
16372  -49.732  -60.155  -11.503 0.0000000000
16373  -50.057  -59.641  -12.008 0.0000000000
16386  -37.800  -61.048  -12.511 0.0000000000
16387  -43.564  -59.847  -12.867 0.0000000000
16388  -44.278  -60.042  -12.930 0.0000000000
16389  -45.255  -60.014  -12.918 0.0000000000
16390  -46.106  -59.894  -13.274 0.0000000000
16391  -49.865  -60.174  -12.451 0.0000000000
16392  -50.035  -59.724  -12.774 0.0000000000
16411  -43.798  -59.851  -13.651 0.0000000000
16412  -44.625  -60.004  -13.770 0.0000000000
16413  -45.556  -60.005  -13.940 0.0000000000
16414  -46.568  -59.829  -14.017 0.0000000000
16415  -49.915  -60.137  -13.426 0.0000000000
16416  -50.005  -59.727  -13.137 0.0000000000
16427  -44.127  -59.746  -14.317 0.0000000000
16428  -44.876  -59.849  -14.833 0.0000000000
16429  -45.996  -59.924  -14.865 0.0000000000
16430  -46.976  -59.719  -14.891 0.0000000000
16431  -49.670  -60.404  -14.380 0.0000000000
16437  -44.924  -59.630  -15.391 0.0000000000
16438  -45.448  -59.693  -15.683 0.0000000000
16439  -46.687  -59.810  -15.784 0.0000000000
16440  -47.227  -59.785  -16.353 0.0000000000
16441  -49.508  -60.395  -15.214 0.0000000000
16447  -45.569  -59.443  -16.252 0.0000000000
16448  -46.089  -59.601  -16.419 0.0000000000
16449  -46.830  -59.730  -16.581 0.0000000000
16450  -49.277  -60.469  -16.255 0.0000000000
16463  -49.108  -60.650  -17.897 0.0000000000
16464  -49.239  -60.431  -17.240 0.0000000000
16483  -35.308  -60.628  -18.723 0.0000000000
16484  -36.374  -60.749  -18.729 0.0000000000
16485  -37.472  -60.608  -18.510 0.0000000000
16486  -38.491  -60.548  -18.480 0.0000000000
16487  -39.533  -60.507  -18.548 0.0000000000
16488  -40.643  -60.534  -18.829 0.0000000000
16489  -41.593  -60.120  -18.873 0.0000000000
16490  -42.094  -59.877  -18.945 0.0000000000
16491  -49.009  -60.544  -18.617 0.0000000000
16492  -49.234  -60.217  -18.166 0.0000000000
16501  -35.613  -61.260  -19.098 0.0000000000
16502  -40.837  -61.003  -19.422 0.0000000000
16503  -41.368  -60.814  -19.481 0.0000000000
16504  -42.403  -60.390  -19.518 0.0000000000
16505  -43.371  -60.290  -19.859 0.0000000000
16506  -43.865  -60.347  -20.185 0.0000000000
16507  -48.055  -60.589  -20.125 0.0000000000
16508  -48.796  -60.274  -19.582 0.0000000000
16509  -49.201  -60.117  -18.884 0.0000000000
16515  -42.941  -60.783  -20.209 0.0000000000
16516  -43.525  -60.794  -20.460 0.0000000000
16517  -44.313  -60.568  -20.489 0.0000000000
16518  -45.324  -60.527  -20.560 0.0000000000
16519  -46.391  -60.364  -20.582 0.0000000000
16520  -47.462  -60.282  -20.538 0.0000000000
16521  -48.297  -60.030  -20.389 0.0000000000
16576  -36.947  -60.063  -25.044 0.0000000000
16577  -37.536  -60.341  -25.232 0.0000000000
16596  -37.759  -60.924  -25.479 0.0000000000
16597  -38.574  -60.929  -25.473 0.0000000000
16598  -39.505  -60.852  -25.438 0.0000000000
16599  -40.557  -60.776  -25.451 0.0000000000
16600  -41.661  -60.851  -25.663 0.0000000000
16610  -40.027  -60.175  -27.172 0.0000000000
16611  -40.624  -60.196  -27.290 0.0000000000
16612  -41.015  -60.153  -27.364 0.0000000000
16613  -42.751  -61.261  -26.200 0.0000000000
16614  -43.731  -61.025  -26.465 0.0000000000
16615  -44.634  -60.693  -26.897 0.0000000000
16616  -45.124  -60.083  -27.054 0.0000000000
16626  -38.821  -60.521  -28.104 0.0000000000
16627  -39.507  -60.597  -27.602 0.0000000000
16628  -40.319  -60.958  -27.572 0.0000000000
16629  -41.201  -60.860  -27.695 0.0000000000
16630  -42.079  -61.225  -28.217 0.0000000000
16631  -45.038  -61.084  -27.331 0.0000000000
16632  -45.560  -60.540  -27.584 0.0000000000
16633  -46.234  -59.994  -27.922 0.0000000000
16647  -38.408  -60.416  -28.925 0.0000000000
16648  -42.905  -61.327  -28.411 0.0000000000
16649  -43.706  -61.260  -28.690 0.0000000000
16650  -44.679  -61.093  -28.985 0.0000000000
16651  -45.441  -60.944  -28.526 0.0000000000
16652  -46.226  -60.137  -28.469 0.0000000000
16670  -38.454  -60.318  -30.069 0.0000000000
16671  -44.981  -60.677  -29.317 0.0000000000
16672  -45.284  -60.571  -29.216 0.0000000000
16673  -45.878  -60.305  -29.072 0.0000000000
16689  -38.978  -60.644  -31.178 0.0000000000
17253  -40.915  -59.544  -5.244 0.0000000000
17254  -41.403  -59.958  -5.657 0.0000000000
17255  -45.081  -59.837  -5.965 0.0000000000
17256  -45.998  -59.703  -5.660 0.0000000000
17257  -46.920  -59.441  -5.421 0.0000000000
17258  -47.703  -59.197  -5.199 0.0000000000
17259  -48.387  -59.018  -5.407 0.0000000000
17272  -40.938  -59.023  -5.951 0.0000000000
17273  -41.581  -59.505  -6.122 0.0000000000
17274  -42.754  -59.444  -6.505 0.0000000000
17275  -43.760  -59.669  -6.378 0.0000000000
17276  -44.383  -59.935  -6.176 0.0000000000
17277  -49.129  -58.760  -6.379 0.0000000000
17278  -49.746  -58.382  -6.820 0.0000000000
17290  -49.298  -59.167  -7.633 0.0000000000
17291  -49.783  -58.620  -7.384 0.0000000000
17301  -49.444  -59.287  -8.247 0.0000000000
17302  -49.983  -58.930  -8.514 0.0000000000
17303  -50.413  -58.548  -8.936 0.0000000000
17312  -50.046  -59.267  -9.501 0.0000000000
17313  -50.375  -58.818  -9.542 0.0000000000
17321  -43.535  -59.009  -10.903 0.0000000000
17322  -44.087  -59.138  -10.901 0.0000000000
17323  -45.074  -59.202  -10.968 0.0000000000
17324  -46.127  -59.148  -11.134 0.0000000000
17325  -47.060  -58.939  -11.377 0.0000000000
17326  -50.211  -59.232  -9.985 0.0000000000
17327  -50.363  -59.082  -10.521 0.0000000000
17336  -41.914  -58.654  -11.891 0.0000000000
17337  -42.331  -58.875  -11.757 0.0000000000
17338  -43.232  -59.384  -11.606 0.0000000000
17339  -44.393  -59.654  -11.562 0.0000000000
17340  -45.469  -59.687  -11.859 0.0000000000
17341  -46.600  -59.379  -11.989 0.0000000000
17342  -47.734  -58.974  -12.132 0.0000000000
17343  -48.573  -58.769  -12.438 0.0000000000
17344  -50.250  -59.111  -11.502 0.0000000000
17360  -42.033  -58.826  -12.199 0.0000000000
17361  -42.451  -59.180  -12.383 0.0000000000
17362  -43.003  -59.545  -12.666 0.0000000000
17363  -46.094  -59.742  -12.588 0.0000000000
17364  -47.011  -59.482  -13.036 0.0000000000
17365  -48.203  -59.058  -13.145 0.0000000000
17366  -49.133  -58.902  -12.971 0.0000000000
17367  -49.686  -59.040  -12.878 0.0000000000
17368  -50.021  -59.221  -12.448 0.0000000000
17382  -41.971  -58.805  -12.714 0.0000000000
17383  -42.469  -59.065  -13.366 0.0000000000
17384  -43.195  -59.560  -13.421 0.0000000000
17385  -47.699  -59.443  -14.175 0.0000000000
17386  -48.796  -59.186  -14.008 0.0000000000
17387  -49.483  -59.317  -13.739 0.0000000000
17388  -49.849  -59.543  -13.289 0.0000000000
17389  -50.018  -59.542  -12.949 0.0000000000
17399  -42.542  -58.791  -13.973 0.0000000000
17400  -43.358  -59.156  -14.399 0.0000000000
17401  -44.205  -59.517  -14.800 0.0000000000
17402  -47.673  -59.577  -15.088 0.0000000000
17403  -48.449  -59.473  -14.984 0.0000000000
17404  -49.241  -59.544  -14.764 0.0000000000
17405  -49.710  -59.853  -14.373 0.0000000000
17411  -43.784  -58.707  -15.111 0.0000000000
17412  -44.614  -59.111  -15.552 0.0000000000
17413  -45.285  -59.341  -16.074 0.0000000000
17414  -47.289  -59.695  -15.431 0.0000000000
17415  -47.851  -59.730  -15.927 0.0000000000
17416  -48.931  -59.682  -15.800 0.0000000000
17417  -49.421  -59.967  -15.516 0.0000000000
17427  -45.049  -58.557  -16.196 0.0000000000
17428  -45.696  -58.863  -16.706 0.0000000000
17429  -46.711  -59.411  -17.188 0.0000000000
17430  -47.605  -59.774  -17.029 0.0000000000
17431  -48.620  -59.829  -16.820 0.0000000000
17432  -49.203  -60.033  -16.556 0.0000000000
17445  -34.415  -59.051  -17.845 0.0000000000
17446  -35.380  -59.043  -17.854 0.0000000000
17447  -36.376  -59.027  -17.817 0.0000000000
17448  -37.388  -59.013  -17.763 0.0000000000
17449  -38.389  -58.995  -17.743 0.0000000000
17450  -39.325  -58.984  -17.732 0.0000000000
17451  -39.908  -58.942  -17.773 0.0000000000
17452  -46.254  -58.143  -17.435 0.0000000000
17453  -46.836  -58.622  -17.967 0.0000000000
17454  -47.587  -59.315  -18.028 0.0000000000
17455  -48.465  -59.664  -17.873 0.0000000000
17456  -49.133  -59.919  -17.571 0.0000000000
17474  -34.859  -59.871  -18.274 0.0000000000
17475  -35.876  -59.858  -18.260 0.0000000000
17476  -36.907  -59.876  -18.123 0.0000000000
17477  -37.941  -59.820  -18.068 0.0000000000
17478  -38.959  -59.787  -18.021 0.0000000000
17479  -39.992  -59.617  -18.093 0.0000000000
17480  -41.001  -59.521  -18.286 0.0000000000
17481  -41.888  -59.301  -18.544 0.0000000000
17482  -42.513  -58.995  -18.755 0.0000000000
17483  -47.393  -58.342  -18.583 0.0000000000
17484  -47.700  -58.699  -18.681 0.0000000000
17485  -48.398  -59.123  -18.837 0.0000000000
17486  -49.069  -59.698  -18.603 0.0000000000
17496  -42.417  -59.604  -18.980 0.0000000000
17497  -43.114  -59.392  -19.253 0.0000000000
17498  -44.116  -59.603  -19.895 0.0000000000
17499  -48.811  -59.372  -19.473 0.0000000000
17500  -49.114  -59.849  -19.194 0.0000000000
17507  -45.112  -59.583  -20.360 0.0000000000
17508  -46.079  -59.491  -20.629 0.0000000000
17509  -47.079  -59.381  -20.726 0.0000000000
17510  -47.984  -59.367  -20.642 0.0000000000
17511  -48.578  -59.400  -20.171 0.0000000000
17568  -36.771  -59.486  -24.635 0.0000000000
17569  -37.833  -59.665  -24.798 0.0000000000
17570  -39.003  -59.341  -24.620 0.0000000000
17571  -40.007  -59.061  -24.526 0.0000000000
17572  -40.627  -58.797  -24.523 0.0000000000
17591  -38.119  -60.384  -25.264 0.0000000000
17592  -38.828  -60.160  -25.144 0.0000000000
17593  -39.840  -59.931  -25.075 0.0000000000
17594  -41.036  -59.599  -25.005 0.0000000000
17595  -42.416  -59.819  -25.592 0.0000000000
17596  -42.928  -59.077  -25.614 0.0000000000
17613  -38.745  -59.180  -27.263 0.0000000000
17614  -39.455  -59.500  -27.047 0.0000000000
17615  -40.299  -59.468  -26.922 0.0000000000
17616  -40.929  -59.606  -27.164 0.0000000000
17617  -43.127  -60.463  -26.165 0.0000000000
17618  -43.630  -59.704  -26.188 0.0000000000
17619  -44.707  -59.534  -26.675 0.0000000000
17620  -45.506  -59.400  -27.126 0.0000000000
17637  -38.283  -59.407  -28.029 0.0000000000
17638  -38.918  -59.865  -27.534 0.0000000000
17639  -41.294  -59.968  -27.455 0.0000000000
17640  -41.881  -60.035  -27.795 0.0000000000
17641  -42.538  -59.681  -27.990 0.0000000000
17642  -46.144  -59.526  -27.632 0.0000000000
17643  -46.654  -59.388  -28.164 0.0000000000
17644  -47.091  -59.066  -28.588 0.0000000000
17664  -37.677  -58.705  -29.462 0.0000000000
17665  -37.925  -59.336  -29.218 0.0000000000
17666  -42.516  -60.488  -28.204 0.0000000000
17667  -43.190  -60.139  -28.436 0.0000000000
17668  -44.073  -60.144  -28.962 0.0000000000
17669  -46.720  -59.474  -28.710 0.0000000000
17670  -47.101  -59.099  -29.088 0.0000000000
17689  -37.773  -58.901  -30.016 0.0000000000
17690  -38.089  -59.466  -30.157 0.0000000000
17691  -44.885  -60.055  -29.400 0.0000000000
17692  -45.655  -59.766  -29.554 0.0000000000
17693  -46.465  -59.519  -29.287 0.0000000000
17694  -46.968  -58.988  -29.442 0.0000000000
17710  -38.051  -59.078  -30.591 0.0000000000
17711  -38.478  -59.606  -30.928 0.0000000000
17722  -38.963  -60.022  -31.820 0.0000000000
17731  -38.974  -59.559  -32.552 0.0000000000
17739  -39.055  -59.286  -33.022 0.0000000000
18289  -47.721  -58.065  -4.676 0.0000000000
18290  -48.161  -57.804  -4.615 0.0000000000
18291  -48.605  -57.547  -4.683 0.0000000000
18312  -40.416  -58.385  -5.714 0.0000000000
18313  -45.409  -58.758  -5.700 0.0000000000
18314  -46.377  -58.633  -5.340 0.0000000000
18315  -47.280  -58.449  -4.978 0.0000000000
18316  -48.101  -58.550  -4.751 0.0000000000
18317  -48.993  -58.045  -5.130 0.0000000000
18318  -49.540  -57.835  -5.700 0.0000000000
18336  -41.134  -58.421  -6.311 0.0000000000
18337  -42.047  -58.496  -6.509 0.0000000000
18338  -42.905  -58.384  -6.514 0.0000000000
18339  -43.611  -58.734  -6.446 0.0000000000
18340  -44.468  -58.988  -6.201 0.0000000000
18341  -49.417  -58.181  -5.854 0.0000000000
18342  -49.829  -58.021  -6.384 0.0000000000
18343  -50.208  -57.831  -6.977 0.0000000000
18356  -50.111  -58.206  -7.153 0.0000000000
18357  -50.381  -58.006  -7.597 0.0000000000
18366  -50.213  -58.379  -7.814 0.0000000000
18367  -50.440  -58.239  -8.401 0.0000000000
18378  -46.368  -58.351  -10.080 0.0000000000
18379  -47.139  -58.186  -9.941 0.0000000000
18380  -48.409  -58.059  -10.061 0.0000000000
18381  -49.040  -57.860  -10.087 0.0000000000
18382  -50.361  -57.970  -9.542 0.0000000000
18383  -50.469  -58.285  -9.215 0.0000000000
18393  -42.401  -57.996  -10.858 0.0000000000
18394  -43.032  -58.175  -10.675 0.0000000000
18395  -43.745  -58.466  -10.549 0.0000000000
18396  -44.645  -58.583  -10.394 0.0000000000
18397  -45.699  -58.609  -10.318 0.0000000000
18398  -46.746  -58.639  -10.642 0.0000000000
18399  -48.026  -58.524  -11.073 0.0000000000
18400  -49.223  -58.061  -10.626 0.0000000000
18401  -50.038  -57.989  -10.299 0.0000000000
18402  -50.352  -58.429  -10.017 0.0000000000
18413  -41.199  -57.976  -11.780 0.0000000000
18414  -41.842  -58.267  -11.417 0.0000000000
18415  -42.649  -58.624  -11.171 0.0000000000
18416  -43.204  -58.783  -10.905 0.0000000000
18417  -48.412  -58.664  -11.913 0.0000000000
18418  -49.126  -58.479  -11.938 0.0000000000
18419  -49.807  -58.376  -11.316 0.0000000000
18420  -50.192  -58.590  -10.918 0.0000000000
18434  -40.938  -57.894  -12.388 0.0000000000
18435  -41.562  -58.465  -12.238 0.0000000000
18436  -49.500  -58.735  -12.521 0.0000000000
18437  -49.773  -58.711  -12.178 0.0000000000
18438  -50.088  -58.742  -11.715 0.0000000000
18448  -40.819  -57.717  -12.868 0.0000000000
18449  -41.502  -58.248  -13.293 0.0000000000
18450  -42.165  -58.614  -13.758 0.0000000000
18460  -41.599  -57.900  -13.907 0.0000000000
18461  -42.313  -58.146  -14.239 0.0000000000
18462  -43.351  -58.166  -14.849 0.0000000000
18472  -44.092  -58.124  -15.436 0.0000000000
18473  -44.736  -58.076  -15.970 0.0000000000
18487  -45.332  -57.950  -16.464 0.0000000000
18488  -45.875  -57.764  -16.986 0.0000000000
18501  -33.957  -58.226  -17.677 0.0000000000
18502  -34.874  -58.229  -17.586 0.0000000000
18503  -35.826  -58.206  -17.499 0.0000000000
18504  -36.822  -58.188  -17.440 0.0000000000
18505  -37.831  -58.176  -17.441 0.0000000000
18506  -38.821  -58.187  -17.482 0.0000000000
18507  -39.787  -58.249  -17.659 0.0000000000
18508  -40.527  -58.084  -17.784 0.0000000000
18509  -46.366  -57.535  -17.389 0.0000000000
18510  -46.706  -57.741  -17.908 0.0000000000
18521  -40.438  -58.831  -17.873 0.0000000000
18522  -41.249  -58.458  -18.043 0.0000000000
18523  -42.090  -58.321  -18.449 0.0000000000
18524  -42.887  -58.268  -18.853 0.0000000000
18525  -47.196  -57.916  -18.499 0.0000000000
18526  -47.750  -58.104  -19.103 0.0000000000
18527  -48.162  -58.541  -19.236 0.0000000000
18536  -43.830  -58.373  -19.360 0.0000000000
18537  -44.930  -58.423  -19.973 0.0000000000
18538  -45.774  -57.981  -20.337 0.0000000000
18539  -48.238  -58.194  -19.573 0.0000000000
18540  -48.488  -58.600  -19.627 0.0000000000
18549  -45.722  -58.745  -20.449 0.0000000000
18550  -46.646  -58.258  -20.611 0.0000000000
18551  -47.674  -58.487  -20.665 0.0000000000
18552  -48.320  -58.654  -20.390 0.0000000000
18553  -48.611  -58.807  -19.991 0.0000000000
18591  -36.448  -58.258  -23.693 0.0000000000
18592  -37.410  -58.133  -23.659 0.0000000000
18593  -38.377  -57.945  -23.568 0.0000000000
18594  -39.285  -57.745  -23.554 0.0000000000
18595  -39.836  -57.558  -23.624 0.0000000000
18610  -36.209  -58.890  -24.201 0.0000000000
18611  -37.155  -58.853  -24.212 0.0000000000
18612  -38.180  -58.717  -24.188 0.0000000000
18613  -39.194  -58.488  -24.086 0.0000000000
18614  -40.184  -58.145  -24.040 0.0000000000
18615  -41.213  -58.375  -24.563 0.0000000000
18616  -41.701  -57.854  -24.654 0.0000000000
18631  -41.742  -59.053  -25.067 0.0000000000
18632  -42.275  -58.412  -25.133 0.0000000000
18633  -43.315  -58.319  -25.697 0.0000000000
18650  -38.312  -58.495  -27.302 0.0000000000
18651  -38.955  -58.512  -26.791 0.0000000000
18652  -39.877  -58.577  -26.618 0.0000000000
18653  -40.871  -58.663  -26.818 0.0000000000
18654  -41.586  -58.465  -27.072 0.0000000000
18655  -44.195  -58.586  -26.273 0.0000000000
18656  -45.028  -58.559  -26.692 0.0000000000
18657  -45.757  -58.416  -27.060 0.0000000000
18658  -46.335  -58.312  -27.323 0.0000000000
18677  -37.384  -57.931  -28.111 0.0000000000
18678  -37.786  -58.342  -27.887 0.0000000000
18679  -41.453  -59.248  -27.301 0.0000000000
18680  -42.157  -58.851  -27.513 0.0000000000
18681  -42.912  -58.907  -28.017 0.0000000000
18682  -46.079  -58.884  -27.377 0.0000000000
18683  -46.709  -58.677  -27.681 0.0000000000
18684  -47.396  -58.608  -28.189 0.0000000000
18685  -47.962  -58.306  -28.542 0.0000000000
18702  -37.564  -58.321  -28.844 0.0000000000
18703  -37.861  -58.867  -28.464 0.0000000000
18704  -43.590  -59.003  -28.629 0.0000000000
18705  -44.313  -58.959  -29.248 0.0000000000
18706  -47.586  -58.721  -28.848 0.0000000000
18707  -48.015  -58.265  -29.149 0.0000000000
18718  -37.497  -58.244  -29.843 0.0000000000
18719  -45.178  -58.614  -29.888 0.0000000000
18720  -46.114  -59.011  -29.984 0.0000000000
18721  -46.798  -58.832  -29.806 0.0000000000
18722  -47.532  -58.475  -29.645 0.0000000000
18723  -47.971  -58.182  -29.502 0.0000000000
18729  -37.812  -58.406  -30.857 0.0000000000
18730  -38.180  -58.984  -31.037 0.0000000000
18731  -45.465  -58.041  -30.460 0.0000000000
18732  -45.898  -58.344  -30.525 0.0000000000
18733  -46.631  -58.471  -30.397 0.0000000000
18734  -47.106  -58.466  -30.142 0.0000000000
18738  -37.977  -58.172  -31.542 0.0000000000
18739  -38.380  -58.852  -31.823 0.0000000000
18742  -38.730  -58.917  -32.765 0.0000000000
18747  -39.020  -58.794  -33.387 0.0000000000
19290  -46.315  -57.243  -4.623 0.0000000000
19291  -47.235  -57.416  -4.579 0.0000000000
19292  -48.101  -57.106  -4.636 0.0000000000
19293  -48.948  -57.202  -4.882 0.0000000000
19294  -49.308  -57.063  -5.108 0.0000000000
19314  -39.915  -57.549  -5.822 0.0000000000
19315  -43.985  -57.396  -5.715 0.0000000000
19316  -44.526  -57.770  -5.690 0.0000000000
19317  -45.733  -57.667  -5.128 0.0000000000
19318  -46.619  -57.862  -4.910 0.0000000000
19319  -49.194  -57.541  -5.035 0.0000000000
19320  -49.451  -57.361  -5.376 0.0000000000
19321  -49.839  -57.231  -5.928 0.0000000000
19345  -39.714  -56.904  -6.133 0.0000000000
19346  -40.521  -57.408  -6.354 0.0000000000
19347  -41.570  -57.488  -6.516 0.0000000000
19348  -42.546  -57.576  -6.392 0.0000000000
19349  -43.584  -57.693  -6.104 0.0000000000
19350  -44.073  -58.276  -6.169 0.0000000000
19351  -49.792  -57.550  -5.958 0.0000000000
19352  -50.035  -57.407  -6.518 0.0000000000
19372  -48.039  -56.961  -7.656 0.0000000000
19373  -48.672  -56.970  -7.645 0.0000000000
19374  -49.446  -57.052  -7.621 0.0000000000
19375  -50.228  -57.590  -7.269 0.0000000000
19393  -46.117  -57.107  -8.903 0.0000000000
19394  -46.945  -57.126  -8.432 0.0000000000
19395  -48.196  -57.334  -8.336 0.0000000000
19396  -49.286  -57.315  -8.392 0.0000000000
19397  -50.018  -57.373  -7.981 0.0000000000
19398  -50.343  -57.734  -7.917 0.0000000000
19415  -43.922  -57.038  -9.720 0.0000000000
19416  -44.851  -57.244  -9.634 0.0000000000
19417  -45.880  -57.823  -9.569 0.0000000000
19418  -46.732  -57.678  -9.167 0.0000000000
19419  -47.745  -57.798  -9.183 0.0000000000
19420  -48.983  -57.675  -9.458 0.0000000000
19421  -49.918  -57.592  -9.256 0.0000000000
19422  -50.362  -57.840  -8.742 0.0000000000
19430  -40.894  -57.024  -10.895 0.0000000000
19431  -41.818  -57.335  -10.723 0.0000000000
19432  -42.701  -57.456  -10.361 0.0000000000
19433  -43.472  -57.680  -10.205 0.0000000000
19434  -44.283  -57.833  -10.088 0.0000000000
19435  -45.064  -58.006  -10.003 0.0000000000
19436  -49.280  -57.800  -10.077 0.0000000000
19437  -49.548  -57.766  -9.988 0.0000000000
19447  -39.919  -57.021  -11.793 0.0000000000
19448  -40.566  -57.413  -11.632 0.0000000000
19449  -41.237  -57.639  -11.272 0.0000000000
19467  -39.782  -56.828  -12.178 0.0000000000
19468  -40.253  -57.235  -12.475 0.0000000000
19478  -40.694  -57.366  -13.254 0.0000000000
19479  -41.228  -57.621  -13.705 0.0000000000
19494  -40.929  -57.087  -13.774 0.0000000000
19495  -41.598  -57.310  -14.120 0.0000000000
19496  -42.289  -57.209  -14.450 0.0000000000
19497  -42.952  -57.353  -14.732 0.0000000000
19510  -43.749  -57.298  -15.195 0.0000000000
19511  -44.695  -57.159  -15.614 0.0000000000
19512  -45.502  -56.727  -15.876 0.0000000000
19525  -45.227  -57.362  -16.069 0.0000000000
19526  -45.920  -56.987  -16.400 0.0000000000
19527  -46.341  -56.654  -16.773 0.0000000000
19540  -34.399  -57.458  -17.663 0.0000000000
19541  -35.271  -57.374  -17.467 0.0000000000
19542  -36.224  -57.307  -17.333 0.0000000000
19543  -37.240  -57.302  -17.289 0.0000000000
19544  -38.252  -57.301  -17.290 0.0000000000
19545  -39.240  -57.323  -17.421 0.0000000000
19546  -40.139  -57.356  -17.703 0.0000000000
19547  -40.908  -57.498  -17.902 0.0000000000
19548  -46.267  -57.142  -17.005 0.0000000000
19549  -46.708  -56.920  -17.565 0.0000000000
19550  -47.092  -56.991  -18.290 0.0000000000
19563  -41.554  -57.528  -18.180 0.0000000000
19564  -42.315  -57.348  -18.543 0.0000000000
19565  -43.323  -57.141  -19.000 0.0000000000
19566  -47.053  -57.344  -18.257 0.0000000000
19567  -47.426  -57.369  -18.891 0.0000000000
19579  -44.399  -57.328  -19.526 0.0000000000
19580  -45.338  -57.293  -19.998 0.0000000000
19581  -46.213  -57.296  -20.308 0.0000000000
19582  -48.040  -57.743  -19.721 0.0000000000
19583  -48.402  -58.138  -19.796 0.0000000000
19595  -46.897  -57.337  -20.399 0.0000000000
19596  -47.472  -57.637  -20.488 0.0000000000
19597  -48.114  -57.903  -20.365 0.0000000000
19598  -48.493  -58.216  -20.048 0.0000000000
19628  -35.898  -57.111  -22.627 0.0000000000
19629  -36.794  -56.979  -22.608 0.0000000000
19630  -37.585  -56.783  -22.538 0.0000000000
19631  -38.042  -56.552  -22.495 0.0000000000
19643  -35.700  -57.711  -23.190 0.0000000000
19644  -36.645  -57.607  -23.152 0.0000000000
19645  -37.569  -57.445  -23.056 0.0000000000
19646  -38.506  -57.088  -22.903 0.0000000000
19647  -39.475  -57.091  -23.267 0.0000000000
19648  -40.331  -57.157  -23.715 0.0000000000
19649  -40.776  -56.745  -23.926 0.0000000000
19656  -40.732  -57.739  -24.162 0.0000000000
19657  -41.212  -57.250  -24.278 0.0000000000
19658  -42.054  -57.322  -24.750 0.0000000000
19664  -42.771  -57.416  -25.261 0.0000000000
19665  -43.384  -57.318  -25.665 0.0000000000
19672  -37.739  -57.130  -26.889 0.0000000000
19673  -38.230  -57.534  -26.790 0.0000000000
19674  -39.340  -57.570  -26.483 0.0000000000
19675  -40.399  -57.578  -26.563 0.0000000000
19676  -41.347  -57.618  -26.871 0.0000000000
19677  -41.961  -57.965  -27.150 0.0000000000
19678  -43.885  -57.614  -26.083 0.0000000000
19679  -44.577  -57.686  -26.425 0.0000000000
19680  -45.372  -57.602  -26.772 0.0000000000
19681  -46.215  -57.624  -27.166 0.0000000000
19688  -37.037  -56.829  -27.723 0.0000000000
19689  -37.411  -57.250  -27.472 0.0000000000
19690  -37.904  -57.934  -27.301 0.0000000000
19691  -41.824  -57.316  -27.242 0.0000000000
19692  -42.500  -57.648  -27.658 0.0000000000
19693  -43.207  -58.096  -28.231 0.0000000000
19694  -46.893  -57.871  -27.384 0.0000000000
19695  -47.452  -58.039  -27.645 0.0000000000
19696  -48.196  -57.900  -27.965 0.0000000000
19697  -48.924  -57.430  -28.120 0.0000000000
19701  -36.884  -56.905  -28.118 0.0000000000
19702  -37.132  -57.542  -28.472 0.0000000000
19703  -43.083  -57.268  -28.228 0.0000000000
19704  -43.804  -57.689  -28.786 0.0000000000
19705  -44.420  -58.013  -29.446 0.0000000000
19706  -48.483  -57.874  -28.685 0.0000000000
19707  -49.140  -57.237  -28.755 0.0000000000
19711  -36.790  -56.948  -29.006 0.0000000000
19712  -37.147  -57.590  -29.426 0.0000000000
19713  -44.228  -57.245  -29.350 0.0000000000
19714  -44.605  -57.482  -29.868 0.0000000000
19715  -47.784  -58.095  -30.027 0.0000000000
19716  -48.322  -57.741  -29.733 0.0000000000
19717  -49.188  -56.958  -29.460 0.0000000000
19723  -36.819  -56.888  -29.914 0.0000000000
19724  -37.202  -57.434  -30.499 0.0000000000
19725  -45.077  -57.553  -30.406 0.0000000000
19726  -45.643  -57.537  -30.935 0.0000000000
19727  -46.406  -57.952  -31.076 0.0000000000
19728  -47.430  -57.968  -30.685 0.0000000000
19729  -48.278  -57.092  -31.111 0.0000000000
19731  -37.607  -57.493  -31.537 0.0000000000
19732  -38.072  -57.951  -32.011 0.0000000000
19733  -46.063  -57.315  -31.601 0.0000000000
19734  -46.785  -57.444  -31.776 0.0000000000
19735  -47.577  -57.186  -31.789 0.0000000000
19739  -37.918  -57.341  -32.312 0.0000000000
19740  -38.363  -57.948  -32.932 0.0000000000
19750  -39.118  -57.828  -33.917 0.0000000000
20289  -45.263  -56.130  -4.503 0.0000000000
20290  -46.246  -56.413  -4.492 0.0000000000
20291  -47.236  -56.412  -4.639 0.0000000000
20292  -48.152  -56.458  -5.082 0.0000000000
20293  -49.114  -56.815  -5.242 0.0000000000
20294  -49.445  -57.001  -5.304 0.0000000000
20312  -43.010  -56.010  -5.743 0.0000000000
20313  -43.871  -56.754  -5.394 0.0000000000
20314  -44.955  -56.807  -5.015 0.0000000000
20315  -45.711  -56.834  -4.660 0.0000000000
20316  -48.056  -56.304  -5.764 0.0000000000
20317  -48.891  -56.527  -5.704 0.0000000000
20318  -49.619  -56.891  -5.755 0.0000000000
20319  -49.956  -57.102  -6.133 0.0000000000
20339  -38.953  -56.063  -6.129 0.0000000000
20340  -39.305  -56.219  -6.255 0.0000000000
20341  -40.114  -56.360  -6.551 0.0000000000
20342  -41.124  -56.426  -6.559 0.0000000000
20343  -42.219  -56.470  -6.293 0.0000000000
20344  -43.040  -56.894  -6.004 0.0000000000
20345  -47.963  -56.291  -6.258 0.0000000000
20346  -48.573  -56.429  -6.316 0.0000000000
20347  -49.411  -56.664  -6.373 0.0000000000
20348  -49.939  -57.007  -6.466 0.0000000000
20369  -45.955  -55.782  -7.493 0.0000000000
20370  -46.464  -55.979  -7.326 0.0000000000
20371  -47.708  -56.440  -6.970 0.0000000000
20372  -49.031  -56.636  -7.017 0.0000000000
20373  -49.832  -56.988  -7.118 0.0000000000
20374  -50.104  -57.255  -7.039 0.0000000000
20394  -44.961  -55.842  -8.340 0.0000000000
20395  -45.720  -56.113  -8.111 0.0000000000
20396  -46.858  -56.515  -7.736 0.0000000000
20397  -47.533  -56.913  -7.809 0.0000000000
20398  -50.047  -57.256  -7.365 0.0000000000
20399  -50.160  -57.435  -7.493 0.0000000000
20410  -42.834  -56.028  -9.636 0.0000000000
20411  -43.315  -56.233  -9.526 0.0000000000
20412  -44.503  -56.175  -8.912 0.0000000000
20413  -45.392  -56.891  -9.053 0.0000000000
20418  -40.689  -56.413  -10.668 0.0000000000
20419  -41.346  -56.398  -10.437 0.0000000000
20420  -42.420  -56.354  -9.964 0.0000000000
20421  -43.134  -57.013  -9.871 0.0000000000
20430  -39.639  -56.520  -11.822 0.0000000000
20431  -40.040  -56.512  -11.077 0.0000000000
20445  -39.593  -56.341  -12.648 0.0000000000
20446  -40.142  -56.903  -12.990 0.0000000000
20452  -39.705  -56.029  -13.308 0.0000000000
20453  -40.238  -56.491  -13.506 0.0000000000
20467  -41.063  -56.465  -14.093 0.0000000000
20468  -41.934  -56.525  -14.457 0.0000000000
20469  -42.703  -56.598  -14.670 0.0000000000
20470  -43.378  -56.576  -14.942 0.0000000000
20481  -44.256  -56.387  -15.248 0.0000000000
20482  -45.258  -56.167  -15.550 0.0000000000
20483  -46.164  -56.044  -15.921 0.0000000000
20484  -46.457  -55.552  -16.107 0.0000000000
20494  -46.282  -56.406  -16.384 0.0000000000
20495  -46.415  -56.025  -16.708 0.0000000000
20505  -34.147  -56.881  -17.976 0.0000000000
20506  -34.791  -56.743  -17.710 0.0000000000
20507  -35.583  -56.382  -17.620 0.0000000000
20508  -36.636  -56.438  -17.423 0.0000000000
20509  -37.643  -56.411  -17.315 0.0000000000
20510  -38.651  -56.385  -17.308 0.0000000000
20511  -39.648  -56.425  -17.512 0.0000000000
20512  -40.671  -56.535  -17.893 0.0000000000
20513  -41.157  -57.023  -18.070 0.0000000000
20514  -46.635  -56.316  -17.885 0.0000000000
20515  -46.977  -56.936  -17.905 0.0000000000
20522  -33.671  -56.570  -18.552 0.0000000000
20523  -34.516  -56.360  -18.181 0.0000000000
20524  -35.012  -56.257  -17.911 0.0000000000
20525  -41.024  -56.239  -18.061 0.0000000000
20526  -41.489  -56.516  -18.227 0.0000000000
20527  -42.470  -56.314  -18.652 0.0000000000
20528  -43.186  -56.076  -19.074 0.0000000000
20529  -46.758  -56.351  -18.557 0.0000000000
20530  -47.050  -56.742  -18.639 0.0000000000
20538  -43.964  -56.324  -19.369 0.0000000000
20539  -44.883  -56.450  -19.627 0.0000000000
20540  -45.911  -56.513  -19.700 0.0000000000
20541  -46.724  -56.469  -19.219 0.0000000000
20542  -47.438  -57.087  -19.473 0.0000000000
20551  -34.223  -56.006  -20.537 0.0000000000
20552  -34.909  -55.844  -20.781 0.0000000000
20553  -46.649  -56.844  -20.011 0.0000000000
20554  -47.257  -57.011  -20.036 0.0000000000
20555  -47.774  -57.383  -20.088 0.0000000000
20566  -34.614  -56.255  -21.315 0.0000000000
20567  -35.519  -56.001  -21.400 0.0000000000
20568  -36.349  -55.973  -21.649 0.0000000000
20569  -36.957  -55.851  -21.734 0.0000000000
20585  -35.211  -56.629  -22.020 0.0000000000
20586  -36.113  -56.504  -22.096 0.0000000000
20587  -36.909  -56.381  -22.125 0.0000000000
20588  -37.599  -56.074  -22.147 0.0000000000
20589  -38.413  -56.132  -22.473 0.0000000000
20590  -39.022  -55.869  -22.743 0.0000000000
20600  -39.046  -56.522  -22.878 0.0000000000
20601  -39.670  -56.231  -23.247 0.0000000000
20602  -40.467  -56.223  -23.673 0.0000000000
20603  -41.082  -56.276  -24.068 0.0000000000
20608  -41.776  -56.419  -24.457 0.0000000000
20609  -42.518  -56.498  -24.925 0.0000000000
20614  -43.176  -56.594  -25.392 0.0000000000
20615  -43.862  -56.607  -25.910 0.0000000000
20616  -44.350  -56.062  -26.017 0.0000000000
20622  -37.027  -55.790  -26.906 0.0000000000
20623  -37.750  -56.472  -26.689 0.0000000000
20624  -38.810  -56.548  -26.454 0.0000000000
20625  -39.866  -56.549  -26.512 0.0000000000
20626  -40.967  -56.487  -26.881 0.0000000000
20627  -41.505  -56.953  -27.083 0.0000000000
20628  -44.231  -57.114  -26.292 0.0000000000
20629  -44.835  -56.574  -26.388 0.0000000000
20630  -45.940  -56.705  -26.783 0.0000000000
20631  -47.172  -56.899  -27.149 0.0000000000
20632  -48.414  -56.737  -26.972 0.0000000000
20633  -49.430  -56.578  -26.957 0.0000000000
20634  -50.320  -56.243  -27.001 0.0000000000
20635  -50.755  -55.881  -27.078 0.0000000000
20641  -36.786  -56.295  -27.654 0.0000000000
20642  -37.223  -56.477  -27.125 0.0000000000
20643  -41.312  -55.945  -27.266 0.0000000000
20644  -41.798  -56.463  -27.445 0.0000000000
20645  -42.563  -56.488  -28.044 0.0000000000
20646  -47.389  -57.574  -27.399 0.0000000000
20647  -47.948  -57.430  -27.397 0.0000000000
20648  -48.814  -57.160  -27.521 0.0000000000
20649  -49.758  -56.774  -27.828 0.0000000000
20650  -50.555  -56.157  -27.576 0.0000000000
20655  -36.534  -56.262  -28.607 0.0000000000
20656  -43.202  -56.504  -28.596 0.0000000000
20657  -43.749  -56.530  -29.204 0.0000000000
20658  -49.855  -56.429  -28.780 0.0000000000
20659  -50.306  -56.382  -28.098 0.0000000000
20663  -36.518  -56.242  -29.508 0.0000000000
20664  -44.210  -56.624  -29.754 0.0000000000
20665  -44.577  -56.743  -30.270 0.0000000000
20666  -48.957  -56.859  -30.255 0.0000000000
20667  -49.379  -56.425  -29.734 0.0000000000
20673  -36.610  -56.153  -30.437 0.0000000000
20674  -36.845  -56.764  -30.555 0.0000000000
20675  -45.004  -56.747  -30.843 0.0000000000
20676  -45.449  -56.701  -31.536 0.0000000000
20678  -49.164  -56.407  -30.295 0.0000000000
20680  -36.659  -55.828  -31.000 0.0000000000
20681  -36.976  -56.427  -31.276 0.0000000000
20688  -37.563  -56.578  -32.175 0.0000000000
20689  -38.075  -56.705  -32.883 0.0000000000
20703  -38.725  -56.767  -33.654 0.0000000000
21224  -45.255  -55.092  -4.428 0.0000000000
21225  -45.665  -55.142  -4.564 0.0000000000
21226  -45.889  -55.093  -4.682 0.0000000000
21248  -44.196  -55.082  -4.541 0.0000000000
21249  -44.691  -55.256  -4.445 0.0000000000
21250  -45.566  -55.539  -4.489 0.0000000000
21251  -46.289  -55.526  -4.673 0.0000000000
21252  -47.158  -55.844  -4.915 0.0000000000
21271  -42.232  -54.924  -5.850 0.0000000000
21272  -42.635  -55.132  -5.644 0.0000000000
21273  -43.727  -55.325  -4.898 0.0000000000
21274  -44.462  -56.061  -4.694 0.0000000000
21275  -46.585  -55.290  -5.107 0.0000000000
21276  -47.350  -55.787  -5.405 0.0000000000
21286  -38.032  -55.072  -5.793 0.0000000000
21287  -38.728  -55.552  -6.228 0.0000000000
21288  -39.599  -55.505  -6.627 0.0000000000
21289  -40.605  -55.462  -6.598 0.0000000000
21290  -41.812  -55.262  -6.177 0.0000000000
21291  -42.436  -55.684  -6.011 0.0000000000
21292  -45.939  -55.102  -6.190 0.0000000000
21293  -46.456  -55.240  -5.861 0.0000000000
21294  -47.423  -55.941  -6.160 0.0000000000
21306  -45.086  -55.074  -7.274 0.0000000000
21307  -45.683  -55.349  -6.955 0.0000000000
21308  -46.861  -55.806  -6.614 0.0000000000
21309  -47.338  -56.055  -6.551 0.0000000000
21322  -43.855  -55.088  -8.480 0.0000000000
21323  -44.706  -55.282  -7.891 0.0000000000
21324  -45.358  -55.562  -7.674 0.0000000000
21334  -42.845  -55.436  -9.501 0.0000000000
21335  -43.617  -55.537  -8.967 0.0000000000
21336  -44.140  -55.522  -8.583 0.0000000000
21342  -40.643  -55.548  -10.468 0.0000000000
21343  -41.730  -55.535  -10.098 0.0000000000
21344  -42.288  -55.525  -9.809 0.0000000000
21355  -38.776  -54.880  -11.983 0.0000000000
21356  -39.270  -55.651  -11.542 0.0000000000
21357  -39.823  -55.641  -10.853 0.0000000000
21371  -38.781  -54.812  -12.681 0.0000000000
21372  -39.045  -55.450  -12.447 0.0000000000
21379  -38.847  -54.660  -13.127 0.0000000000
21380  -39.338  -55.266  -13.385 0.0000000000
21381  -39.872  -55.853  -13.586 0.0000000000
21394  -39.757  -54.908  -14.023 0.0000000000
21395  -40.334  -55.525  -14.060 0.0000000000
21396  -41.459  -55.720  -14.512 0.0000000000
21397  -42.554  -55.745  -14.787 0.0000000000
21398  -43.054  -56.145  -14.822 0.0000000000
21408  -42.963  -55.412  -15.004 0.0000000000
21409  -43.510  -55.651  -15.050 0.0000000000
21410  -44.754  -55.445  -15.356 0.0000000000
21411  -45.778  -55.273  -15.545 0.0000000000
21412  -46.408  -55.120  -15.801 0.0000000000
21421  -46.497  -55.131  -16.295 0.0000000000
21430  -35.603  -55.884  -17.852 0.0000000000
21431  -36.095  -55.710  -17.783 0.0000000000
21432  -37.060  -55.641  -17.575 0.0000000000
21433  -38.011  -55.478  -17.417 0.0000000000
21434  -39.033  -55.422  -17.432 0.0000000000
21435  -40.012  -55.548  -17.690 0.0000000000
21436  -45.901  -55.081  -17.467 0.0000000000
21437  -46.222  -55.320  -17.216 0.0000000000
21441  -33.920  -56.259  -18.813 0.0000000000
21442  -34.275  -56.104  -18.710 0.0000000000
21443  -35.239  -55.708  -18.349 0.0000000000
21444  -36.134  -55.244  -18.337 0.0000000000
21445  -40.905  -55.660  -18.022 0.0000000000
21446  -41.769  -55.465  -18.360 0.0000000000
21447  -42.680  -55.348  -18.732 0.0000000000
21448  -43.657  -55.307  -19.125 0.0000000000
21449  -44.634  -55.071  -18.948 0.0000000000
21450  -45.596  -55.244  -18.143 0.0000000000
21451  -46.400  -55.952  -18.432 0.0000000000
21457  -33.843  -56.135  -19.193 0.0000000000
21458  -34.531  -55.715  -19.249 0.0000000000
21459  -35.255  -55.325  -19.496 0.0000000000
21460  -44.474  -55.744  -19.356 0.0000000000
21461  -45.292  -55.746  -19.236 0.0000000000
21462  -46.107  -55.941  -18.991 0.0000000000
21463  -46.332  -55.987  -19.087 0.0000000000
21469  -34.131  -55.903  -19.820 0.0000000000
21470  -34.730  -55.637  -20.073 0.0000000000
21471  -35.532  -55.423  -20.522 0.0000000000
21472  -36.176  -55.223  -20.796 0.0000000000
21473  -36.680  -55.003  -20.917 0.0000000000
21479  -36.009  -55.582  -21.178 0.0000000000
21480  -36.577  -55.480  -21.304 0.0000000000
21481  -37.289  -55.213  -21.498 0.0000000000
21482  -37.944  -54.952  -21.725 0.0000000000
21495  -37.973  -55.511  -22.025 0.0000000000
21496  -38.606  -55.086  -22.225 0.0000000000
21497  -39.380  -55.245  -22.872 0.0000000000
21510  -40.077  -55.371  -23.394 0.0000000000
21511  -40.823  -55.434  -23.773 0.0000000000
21512  -41.516  -55.507  -24.212 0.0000000000
21521  -42.254  -55.587  -24.627 0.0000000000
21522  -43.113  -55.594  -25.164 0.0000000000
21523  -43.589  -55.156  -25.303 0.0000000000
21529  -43.517  -56.100  -25.483 0.0000000000
21530  -43.938  -55.578  -25.593 0.0000000000
21531  -44.894  -55.552  -26.070 0.0000000000
21532  -45.873  -55.304  -26.032 0.0000000000
21533  -46.442  -55.187  -26.002 0.0000000000
21534  -49.404  -55.587  -25.812 0.0000000000
21535  -50.392  -55.433  -25.672 0.0000000000
21536  -51.208  -55.036  -25.600 0.0000000000
21537  -51.566  -54.648  -25.617 0.0000000000
21544  -36.909  -54.828  -26.776 0.0000000000
21545  -37.580  -55.231  -26.583 0.0000000000
21546  -38.425  -55.482  -26.480 0.0000000000
21547  -39.361  -55.566  -26.552 0.0000000000
21548  -40.252  -55.552  -26.791 0.0000000000
21549  -45.070  -56.007  -26.321 0.0000000000
21550  -45.540  -55.975  -26.334 0.0000000000
21551  -46.681  -55.765  -26.401 0.0000000000
21552  -47.943  -56.045  -26.542 0.0000000000
21553  -48.986  -56.176  -26.371 0.0000000000
21554  -49.984  -56.056  -26.295 0.0000000000
21555  -50.922  -55.599  -26.443 0.0000000000
21556  -51.517  -54.913  -26.128 0.0000000000
21562  -36.484  -55.139  -27.408 0.0000000000
21563  -40.931  -55.438  -27.220 0.0000000000
21564  -41.509  -55.452  -27.547 0.0000000000
21565  -42.110  -55.540  -27.908 0.0000000000
21566  -50.948  -55.406  -27.305 0.0000000000
21567  -51.312  -55.122  -26.649 0.0000000000
21573  -36.202  -55.388  -28.308 0.0000000000
21574  -42.644  -55.591  -28.479 0.0000000000
21575  -43.170  -55.609  -29.070 0.0000000000
21576  -49.615  -55.406  -29.050 0.0000000000
21577  -50.177  -55.676  -28.713 0.0000000000
21578  -50.601  -55.948  -28.161 0.0000000000
21583  -36.227  -55.615  -29.112 0.0000000000
21584  -43.722  -55.641  -29.862 0.0000000000
21585  -44.210  -56.206  -30.121 0.0000000000
21588  -49.674  -55.907  -29.409 0.0000000000
21594  -36.272  -55.428  -29.908 0.0000000000
21596  -44.357  -55.828  -30.600 0.0000000000
21597  -44.868  -56.089  -31.265 0.0000000000
21600  -49.250  -56.004  -30.182 0.0000000000
21602  -36.491  -55.297  -30.725 0.0000000000
21603  -36.770  -55.335  -31.411 0.0000000000
21610  -37.265  -55.492  -32.177 0.0000000000
21611  -37.767  -55.927  -32.711 0.0000000000
22187  -44.826  -54.933  -4.313 0.0000000000
22188  -45.333  -54.840  -4.511 0.0000000000
22189  -45.642  -54.846  -4.671 0.0000000000
22205  -44.201  -54.772  -4.565 0.0000000000
22206  -44.645  -54.751  -4.466 0.0000000000
22207  -45.561  -54.337  -5.110 0.0000000000
22208  -46.052  -54.796  -5.041 0.0000000000
22228  -37.471  -54.322  -5.598 0.0000000000
22229  -42.241  -54.435  -5.763 0.0000000000
22230  -43.078  -54.476  -5.253 0.0000000000
22231  -43.728  -54.525  -4.854 0.0000000000
22232  -45.714  -54.486  -5.362 0.0000000000
22233  -46.119  -54.922  -5.287 0.0000000000
22251  -38.149  -54.499  -6.322 0.0000000000
22252  -39.011  -54.634  -6.747 0.0000000000
22253  -40.026  -54.594  -6.711 0.0000000000
22254  -41.056  -54.523  -6.366 0.0000000000
22255  -41.716  -54.463  -6.069 0.0000000000
22256  -45.134  -54.111  -6.300 0.0000000000
22257  -45.734  -54.691  -5.999 0.0000000000
22258  -45.985  -54.847  -5.540 0.0000000000
22277  -44.938  -54.586  -7.003 0.0000000000
22278  -45.357  -54.675  -6.511 0.0000000000
22293  -43.780  -54.394  -8.130 0.0000000000
22294  -44.238  -54.194  -7.474 0.0000000000
22302  -42.859  -54.424  -9.410 0.0000000000
22303  -43.348  -54.603  -8.900 0.0000000000
22314  -40.663  -54.389  -10.368 0.0000000000
22315  -41.462  -54.580  -10.140 0.0000000000
22316  -42.267  -54.726  -9.775 0.0000000000
22332  -38.699  -54.331  -11.797 0.0000000000
22333  -38.977  -54.513  -11.410 0.0000000000
22334  -39.730  -54.636  -10.750 0.0000000000
22348  -38.593  -54.225  -12.225 0.0000000000
22356  -38.629  -54.152  -12.900 0.0000000000
22357  -38.912  -54.288  -13.468 0.0000000000
22370  -39.375  -54.295  -14.020 0.0000000000
22371  -40.141  -54.427  -14.429 0.0000000000
22372  -41.043  -54.871  -14.643 0.0000000000
22373  -41.909  -55.088  -14.819 0.0000000000
22384  -40.796  -54.099  -14.886 0.0000000000
22385  -41.641  -54.330  -15.089 0.0000000000
22386  -42.797  -54.791  -15.179 0.0000000000
22387  -44.115  -54.654  -15.376 0.0000000000
22388  -45.299  -54.528  -15.432 0.0000000000
22389  -46.199  -54.431  -15.505 0.0000000000
22390  -46.603  -54.385  -15.908 0.0000000000
22401  -46.264  -54.126  -16.697 0.0000000000
22402  -46.389  -54.471  -16.510 0.0000000000
22414  -36.652  -55.156  -17.967 0.0000000000
22415  -37.375  -54.810  -17.826 0.0000000000
22416  -38.360  -54.449  -17.808 0.0000000000
22417  -39.387  -54.486  -17.787 0.0000000000
22418  -40.290  -54.851  -17.893 0.0000000000
22419  -45.239  -54.030  -17.594 0.0000000000
22420  -45.915  -54.597  -17.177 0.0000000000
22421  -46.229  -54.805  -16.907 0.0000000000
22430  -35.912  -55.005  -19.004 0.0000000000
22431  -36.741  -54.636  -18.579 0.0000000000
22432  -37.740  -54.090  -18.392 0.0000000000
22433  -38.187  -54.052  -18.168 0.0000000000
22434  -40.085  -54.172  -18.033 0.0000000000
22435  -40.967  -54.495  -18.219 0.0000000000
22436  -41.996  -54.477  -18.521 0.0000000000
22437  -42.946  -54.467  -18.723 0.0000000000
22438  -43.909  -54.393  -18.743 0.0000000000
22439  -44.763  -54.513  -18.210 0.0000000000
22440  -45.316  -54.623  -17.736 0.0000000000
22450  -35.890  -54.999  -19.883 0.0000000000
22451  -36.501  -54.606  -19.574 0.0000000000
22452  -37.205  -54.090  -19.269 0.0000000000
22460  -35.981  -55.113  -20.389 0.0000000000
22461  -36.376  -54.872  -20.338 0.0000000000
22462  -37.130  -54.449  -20.455 0.0000000000
22468  -37.649  -54.543  -21.261 0.0000000000
22469  -38.184  -54.312  -21.606 0.0000000000
22479  -38.631  -54.114  -22.039 0.0000000000
22480  -39.160  -54.331  -22.508 0.0000000000
22490  -39.774  -54.456  -23.083 0.0000000000
22491  -40.493  -54.552  -23.497 0.0000000000
22492  -41.263  -54.570  -23.924 0.0000000000
22503  -41.966  -54.700  -24.385 0.0000000000
22504  -42.664  -54.752  -24.710 0.0000000000
22505  -43.549  -54.528  -25.033 0.0000000000
22506  -44.205  -54.010  -25.014 0.0000000000
22507  -48.280  -54.433  -25.041 0.0000000000
22508  -49.009  -54.419  -24.810 0.0000000000
22509  -50.033  -54.335  -24.590 0.0000000000
22510  -50.875  -54.141  -24.451 0.0000000000
22511  -51.287  -53.873  -24.376 0.0000000000
22520  -43.865  -54.958  -25.362 0.0000000000
22521  -44.482  -54.634  -25.413 0.0000000000
22522  -45.416  -54.743  -25.659 0.0000000000
22523  -46.364  -54.706  -25.628 0.0000000000
22524  -47.482  -54.524  -25.351 0.0000000000
22525  -48.613  -54.931  -25.527 0.0000000000
22526  -49.718  -54.941  -25.233 0.0000000000
22527  -50.681  -54.765  -25.041 0.0000000000
22528  -51.462  -54.267  -24.976 0.0000000000
22536  -37.373  -54.280  -26.609 0.0000000000
22537  -38.129  -54.440  -26.482 0.0000000000
22538  -38.994  -54.566  -26.626 0.0000000000
22539  -39.809  -54.681  -26.802 0.0000000000
22540  -46.922  -55.035  -25.936 0.0000000000
22541  -47.713  -55.252  -26.056 0.0000000000
22542  -48.558  -55.608  -26.065 0.0000000000
22543  -51.770  -54.264  -25.749 0.0000000000
22550  -40.446  -54.658  -27.138 0.0000000000
22551  -41.121  -54.545  -27.594 0.0000000000
22552  -41.728  -54.849  -27.855 0.0000000000
22556  -50.626  -54.611  -27.589 0.0000000000
22557  -51.448  -54.446  -26.673 0.0000000000
22566  -41.582  -54.253  -28.017 0.0000000000
22567  -42.138  -54.568  -28.382 0.0000000000
22568  -42.699  -54.893  -28.858 0.0000000000
22572  -50.025  -55.004  -28.479 0.0000000000
22573  -50.596  -55.329  -28.101 0.0000000000
23255  -44.820  -54.608  -4.501 0.0000000000
23256  -45.061  -54.531  -4.561 0.0000000000
23257  -45.408  -54.599  -4.664 0.0000000000
23268  -43.987  -54.334  -4.799 0.0000000000
23269  -44.531  -54.306  -4.729 0.0000000000
23270  -45.283  -54.253  -4.887 0.0000000000
23271  -45.798  -54.537  -4.948 0.0000000000
23285  -36.626  -53.115  -5.151 0.0000000000
23286  -37.071  -53.588  -5.672 0.0000000000
23287  -42.186  -53.937  -5.754 0.0000000000
23288  -42.567  -53.744  -5.583 0.0000000000
23289  -43.646  -53.860  -5.148 0.0000000000
23290  -44.525  -53.607  -5.389 0.0000000000
23291  -45.240  -54.000  -5.384 0.0000000000
23309  -36.830  -53.058  -5.962 0.0000000000
23310  -37.496  -53.509  -6.306 0.0000000000
23311  -38.432  -53.673  -6.749 0.0000000000
23312  -39.449  -53.682  -6.848 0.0000000000
23313  -40.545  -53.651  -6.540 0.0000000000
23314  -41.762  -53.715  -6.001 0.0000000000
23315  -42.260  -53.341  -5.776 0.0000000000
23316  -44.803  -53.422  -6.041 0.0000000000
23317  -45.343  -54.102  -5.743 0.0000000000
23334  -44.588  -53.441  -6.954 0.0000000000
23342  -43.502  -53.888  -8.553 0.0000000000
23343  -44.026  -53.181  -8.108 0.0000000000
23344  -44.350  -52.493  -8.678 0.0000000000
23352  -42.669  -53.929  -9.629 0.0000000000
23353  -43.344  -53.460  -9.257 0.0000000000
23354  -44.030  -52.708  -8.938 0.0000000000
23355  -44.373  -52.501  -8.963 0.0000000000
23371  -39.619  -53.165  -10.797 0.0000000000
23372  -40.287  -53.540  -10.529 0.0000000000
23373  -41.298  -53.583  -10.317 0.0000000000
23374  -42.228  -53.655  -9.978 0.0000000000
23375  -42.830  -53.438  -9.730 0.0000000000
23391  -38.702  -53.645  -11.666 0.0000000000
23392  -39.239  -53.759  -11.052 0.0000000000
23393  -39.675  -53.785  -10.729 0.0000000000
23402  -38.485  -53.406  -12.461 0.0000000000
23412  -38.628  -53.381  -13.408 0.0000000000
23413  -38.963  -53.835  -13.824 0.0000000000
23432  -38.697  -52.919  -13.851 0.0000000000
23433  -39.146  -53.292  -14.252 0.0000000000
23434  -39.661  -53.864  -14.425 0.0000000000
23451  -39.518  -52.878  -14.689 0.0000000000
23452  -40.051  -53.391  -14.866 0.0000000000
23453  -41.108  -53.458  -15.330 0.0000000000
23454  -42.213  -53.589  -15.493 0.0000000000
23455  -43.443  -53.707  -15.578 0.0000000000
23456  -44.692  -53.726  -15.541 0.0000000000
23457  -45.785  -53.693  -15.464 0.0000000000
23458  -46.512  -53.689  -15.658 0.0000000000
23472  -46.478  -53.922  -16.504 0.0000000000
23473  -46.777  -53.596  -16.163 0.0000000000
23482  -38.803  -54.112  -17.949 0.0000000000
23483  -39.013  -53.943  -18.005 0.0000000000
23484  -45.232  -53.350  -17.626 0.0000000000
23485  -46.169  -53.572  -16.902 0.0000000000
23486  -46.845  -53.010  -16.521 0.0000000000
23492  -38.008  -53.791  -18.551 0.0000000000
23493  -38.490  -53.719  -18.394 0.0000000000
23494  -39.405  -53.724  -18.219 0.0000000000
23495  -40.279  -53.537  -18.469 0.0000000000
23496  -41.291  -53.469  -18.678 0.0000000000
23497  -42.271  -53.692  -18.691 0.0000000000
23498  -43.200  -53.632  -18.706 0.0000000000
23499  -44.340  -53.597  -18.267 0.0000000000
23505  -37.834  -53.655  -18.917 0.0000000000
23506  -38.310  -53.299  -19.343 0.0000000000
23507  -40.586  -53.046  -18.860 0.0000000000
23508  -40.925  -52.898  -18.998 0.0000000000
23511  -37.719  -53.699  -19.855 0.0000000000
23512  -38.297  -53.214  -20.294 0.0000000000
23517  -37.897  -53.902  -20.823 0.0000000000
23518  -38.579  -53.323  -21.381 0.0000000000
23519  -39.200  -53.002  -21.926 0.0000000000
23533  -38.989  -53.610  -22.145 0.0000000000
23534  -39.666  -53.405  -22.607 0.0000000000
23535  -40.362  -53.197  -23.022 0.0000000000
23548  -40.197  -53.832  -23.206 0.0000000000
23549  -40.913  -53.604  -23.506 0.0000000000
23550  -41.987  -53.601  -24.061 0.0000000000
23551  -43.050  -53.073  -23.946 0.0000000000
23552  -43.626  -52.879  -23.876 0.0000000000
23553  -48.818  -53.310  -23.559 0.0000000000
23554  -49.898  -53.329  -23.353 0.0000000000
23555  -50.765  -53.359  -23.286 0.0000000000
23565  -42.356  -54.232  -24.433 0.0000000000
23566  -42.889  -53.913  -24.477 0.0000000000
23567  -43.884  -53.435  -24.426 0.0000000000
23568  -45.051  -53.707  -24.836 0.0000000000
23569  -46.270  -53.654  -24.670 0.0000000000
23570  -47.077  -53.791  -24.627 0.0000000000
23571  -48.051  -53.863  -24.481 0.0000000000
23572  -49.372  -53.838  -24.122 0.0000000000
23573  -50.373  -53.777  -23.942 0.0000000000
23574  -51.095  -53.662  -23.894 0.0000000000
23583  -45.169  -54.265  -25.343 0.0000000000
23584  -45.818  -54.160  -25.244 0.0000000000
23585  -46.701  -54.143  -25.071 0.0000000000
23586  -47.305  -54.082  -24.875 0.0000000000
24388  -36.050  -51.843  -5.128 0.0000000000
24389  -36.238  -52.258  -5.143 0.0000000000
24390  -42.489  -53.236  -5.712 0.0000000000
24391  -42.974  -53.159  -5.617 0.0000000000
24392  -43.726  -53.102  -5.617 0.0000000000
24402  -36.475  -52.378  -5.764 0.0000000000
24403  -37.010  -52.388  -6.447 0.0000000000
24404  -37.881  -52.744  -6.829 0.0000000000
24405  -38.842  -52.780  -6.945 0.0000000000
24406  -39.956  -52.648  -6.810 0.0000000000
24407  -41.078  -52.763  -6.396 0.0000000000
24408  -42.209  -52.744  -5.989 0.0000000000
24409  -43.226  -52.471  -6.033 0.0000000000
24410  -44.098  -52.654  -6.174 0.0000000000
24419  -37.526  -51.944  -6.889 0.0000000000
24420  -38.265  -51.957  -7.079 0.0000000000
24421  -39.183  -51.887  -7.032 0.0000000000
24422  -39.959  -51.753  -6.889 0.0000000000
24423  -44.386  -52.434  -6.839 0.0000000000
24424  -44.610  -51.869  -7.440 0.0000000000
24434  -44.492  -52.531  -7.440 0.0000000000
24435  -44.796  -52.015  -8.218 0.0000000000
24453  -43.402  -52.954  -9.597 0.0000000000
24454  -43.790  -52.677  -9.501 0.0000000000
24455  -44.748  -52.214  -9.235 0.0000000000
24476  -39.563  -52.564  -10.848 0.0000000000
24477  -40.112  -52.577  -10.667 0.0000000000
24478  -41.029  -52.628  -10.529 0.0000000000
24479  -42.074  -52.696  -10.435 0.0000000000
24480  -43.189  -52.746  -9.990 0.0000000000
24481  -44.362  -52.192  -10.003 0.0000000000
24495  -38.489  -52.437  -11.889 0.0000000000
24496  -39.039  -52.738  -11.122 0.0000000000
24511  -38.394  -52.510  -12.800 0.0000000000
24523  -38.536  -52.477  -13.513 0.0000000000
24540  -38.741  -52.458  -14.079 0.0000000000
24541  -39.194  -52.396  -14.522 0.0000000000
24552  -39.731  -52.407  -14.986 0.0000000000
24553  -40.541  -52.524  -15.392 0.0000000000
24554  -41.567  -52.619  -15.675 0.0000000000
24555  -42.753  -52.549  -15.865 0.0000000000
24556  -44.020  -52.857  -15.790 0.0000000000
24557  -45.209  -52.939  -15.702 0.0000000000
24558  -46.225  -53.023  -15.662 0.0000000000
24559  -46.709  -53.194  -15.797 0.0000000000
24570  -42.911  -52.069  -16.094 0.0000000000
24571  -43.419  -52.110  -16.120 0.0000000000
24572  -44.523  -52.185  -16.101 0.0000000000
24573  -45.695  -52.295  -16.008 0.0000000000
24574  -46.786  -52.586  -16.025 0.0000000000
24582  -45.763  -52.936  -17.424 0.0000000000
24583  -46.726  -52.793  -17.146 0.0000000000
24584  -47.034  -52.493  -16.646 0.0000000000
24589  -39.072  -53.386  -18.536 0.0000000000
24590  -39.531  -53.201  -18.703 0.0000000000
24591  -40.053  -52.954  -18.890 0.0000000000
24592  -41.848  -53.189  -18.835 0.0000000000
24593  -42.421  -53.012  -18.863 0.0000000000
24594  -43.449  -52.758  -18.734 0.0000000000
24595  -44.768  -52.714  -18.123 0.0000000000
24596  -45.899  -52.445  -17.754 0.0000000000
24599  -38.924  -53.109  -18.958 0.0000000000
24600  -39.522  -52.751  -19.260 0.0000000000
24601  -40.393  -52.543  -19.343 0.0000000000
24602  -41.462  -52.652  -19.165 0.0000000000
24603  -42.435  -52.329  -19.242 0.0000000000
24604  -43.209  -52.069  -19.148 0.0000000000
24606  -38.834  -52.780  -19.723 0.0000000000
24607  -39.546  -52.300  -20.054 0.0000000000
24608  -40.288  -52.049  -19.980 0.0000000000
24609  -49.024  -52.043  -20.210 0.0000000000
24610  -49.209  -51.878  -20.486 0.0000000000
24613  -38.824  -52.658  -20.552 0.0000000000
24614  -39.437  -52.375  -21.192 0.0000000000
24615  -40.100  -52.131  -21.683 0.0000000000
24616  -49.134  -52.030  -20.531 0.0000000000
24617  -49.489  -52.011  -20.951 0.0000000000
24628  -39.692  -52.591  -22.029 0.0000000000
24629  -40.411  -52.439  -22.440 0.0000000000
24630  -41.171  -52.292  -22.757 0.0000000000
24631  -41.849  -52.153  -22.905 0.0000000000
24632  -43.849  -51.983  -22.835 0.0000000000
24633  -44.273  -52.027  -22.777 0.0000000000
24634  -45.182  -52.140  -22.657 0.0000000000
24635  -46.239  -52.190  -22.531 0.0000000000
24636  -47.450  -52.206  -22.250 0.0000000000
24637  -48.809  -52.276  -21.495 0.0000000000
24638  -50.058  -52.352  -21.847 0.0000000000
24652  -40.819  -52.809  -23.098 0.0000000000
24653  -41.498  -52.772  -23.357 0.0000000000
24654  -42.482  -52.469  -23.363 0.0000000000
24655  -43.570  -52.304  -23.248 0.0000000000
24656  -44.563  -52.447  -23.317 0.0000000000
24657  -45.553  -52.576  -23.306 0.0000000000
24658  -46.722  -52.648  -23.219 0.0000000000
24659  -48.085  -52.762  -23.019 0.0000000000
24660  -49.408  -52.809  -22.629 0.0000000000
24661  -50.439  -52.932  -22.682 0.0000000000
24674  -44.076  -52.765  -23.812 0.0000000000
24675  -44.825  -52.945  -24.008 0.0000000000
24676  -45.913  -53.091  -24.042 0.0000000000
24677  -47.160  -53.233  -24.027 0.0000000000
24678  -48.030  -53.266  -23.792 0.0000000000
25412  -35.889  -51.429  -5.063 0.0000000000
25413  -36.131  -51.788  -5.494 0.0000000000
25420  -35.933  -51.244  -5.598 0.0000000000
25421  -36.329  -51.508  -6.118 0.0000000000
25422  -36.970  -51.339  -6.689 0.0000000000
25423  -40.601  -52.036  -6.703 0.0000000000
25424  -41.446  -51.880  -6.553 0.0000000000
25425  -42.570  -51.634  -6.511 0.0000000000
25426  -43.639  -51.736  -6.586 0.0000000000
25427  -44.144  -51.908  -6.775 0.0000000000
25437  -37.700  -51.174  -7.067 0.0000000000
25438  -38.580  -51.102  -7.208 0.0000000000
25439  -39.524  -51.071  -7.152 0.0000000000
25440  -40.582  -51.192  -7.009 0.0000000000
25441  -41.657  -50.976  -6.922 0.0000000000
25442  -42.493  -50.782  -6.990 0.0000000000
25443  -44.075  -51.366  -6.897 0.0000000000
25444  -44.477  -51.427  -7.187 0.0000000000
25445  -44.990  -51.266  -7.737 0.0000000000
25499  -39.614  -51.769  -10.885 0.0000000000
25500  -40.641  -51.809  -10.643 0.0000000000
25501  -41.699  -51.586  -10.731 0.0000000000
25502  -42.870  -51.841  -10.636 0.0000000000
25503  -43.942  -51.789  -10.504 0.0000000000
25526  -38.516  -51.317  -11.789 0.0000000000
25527  -38.838  -51.782  -11.340 0.0000000000
25528  -41.970  -50.866  -10.896 0.0000000000
25529  -42.614  -51.004  -10.896 0.0000000000
25555  -38.350  -51.602  -12.434 0.0000000000
25569  -38.382  -51.720  -13.168 0.0000000000
25585  -38.533  -51.858  -13.757 0.0000000000
25586  -38.750  -51.724  -14.274 0.0000000000
25602  -39.262  -51.625  -14.802 0.0000000000
25603  -39.955  -51.571  -15.354 0.0000000000
25604  -40.973  -51.615  -15.753 0.0000000000
25605  -41.890  -51.923  -15.947 0.0000000000
25618  -41.639  -51.264  -16.033 0.0000000000
25619  -42.602  -51.536  -16.203 0.0000000000
25620  -43.746  -51.402  -16.399 0.0000000000
25621  -44.946  -51.484  -16.412 0.0000000000
25622  -46.097  -51.667  -16.357 0.0000000000
25623  -47.005  -51.878  -16.528 0.0000000000
25627  -46.695  -52.389  -17.535 0.0000000000
25628  -47.416  -52.171  -17.291 0.0000000000
25629  -47.918  -51.867  -17.858 0.0000000000
25630  -48.261  -51.844  -18.114 0.0000000000
25634  -43.982  -52.178  -18.752 0.0000000000
25635  -44.943  -52.014  -18.518 0.0000000000
25636  -46.299  -51.975  -18.168 0.0000000000
25637  -47.335  -51.977  -18.251 0.0000000000
25638  -48.021  -52.038  -18.369 0.0000000000
25639  -48.288  -51.843  -18.429 0.0000000000
25643  -40.883  -52.098  -19.688 0.0000000000
25644  -41.622  -51.889  -19.724 0.0000000000
25645  -42.591  -51.722  -19.716 0.0000000000
25646  -43.796  -51.672  -19.423 0.0000000000
25647  -45.117  -51.569  -19.263 0.0000000000
25648  -46.372  -51.580  -19.140 0.0000000000
25649  -47.435  -51.703  -19.081 0.0000000000
25650  -48.132  -51.902  -19.046 0.0000000000
25651  -48.368  -51.675  -19.130 0.0000000000
25655  -40.022  -52.017  -20.549 0.0000000000
25656  -40.781  -51.745  -20.416 0.0000000000
25657  -41.800  -51.503  -20.524 0.0000000000
25658  -42.930  -51.426  -20.461 0.0000000000
25659  -44.117  -51.357  -20.330 0.0000000000
25660  -45.334  -51.411  -20.233 0.0000000000
25661  -46.577  -51.526  -20.218 0.0000000000
25662  -47.710  -51.742  -19.890 0.0000000000
25663  -48.388  -51.864  -19.816 0.0000000000
25664  -48.822  -51.698  -20.163 0.0000000000
25665  -49.311  -51.657  -20.653 0.0000000000
25668  -40.211  -51.898  -21.086 0.0000000000
25669  -40.950  -51.704  -21.550 0.0000000000
25670  -42.173  -51.463  -21.467 0.0000000000
25671  -43.315  -51.426  -21.417 0.0000000000
25672  -44.448  -51.456  -21.284 0.0000000000
25673  -45.534  -51.541  -21.174 0.0000000000
25674  -46.387  -51.630  -21.195 0.0000000000
25675  -47.263  -51.713  -20.820 0.0000000000
25676  -47.943  -52.010  -20.576 0.0000000000
25677  -48.705  -52.061  -20.503 0.0000000000
25678  -49.724  -51.617  -21.313 0.0000000000
25687  -40.992  -51.975  -22.294 0.0000000000
25688  -41.600  -51.803  -22.278 0.0000000000
25689  -42.643  -51.755  -22.511 0.0000000000
25690  -43.750  -51.745  -22.401 0.0000000000
25691  -44.812  -51.723  -22.069 0.0000000000
25692  -45.809  -51.804  -21.921 0.0000000000
25693  -46.841  -51.815  -21.722 0.0000000000
25694  -47.849  -51.987  -21.285 0.0000000000
25695  -48.423  -52.093  -20.910 0.0000000000
25707  -42.960  -52.072  -23.015 0.0000000000
25708  -43.217  -51.926  -22.816 0.0000000000
26438  -35.756  -50.729  -5.216 0.0000000000
26446  -35.896  -50.663  -5.892 0.0000000000
26447  -36.394  -50.559  -6.424 0.0000000000
26448  -37.080  -50.363  -6.910 0.0000000000
26449  -43.286  -51.024  -6.906 0.0000000000
26450  -43.807  -51.198  -6.885 0.0000000000
26463  -37.932  -50.252  -7.332 0.0000000000
26464  -38.922  -50.216  -7.437 0.0000000000
26465  -39.938  -50.265  -7.409 0.0000000000
26466  -40.953  -50.264  -7.361 0.0000000000
26467  -41.934  -50.157  -7.368 0.0000000000
26468  -43.016  -50.146  -7.400 0.0000000000
26469  -44.068  -50.671  -7.192 0.0000000000
26470  -44.843  -50.689  -7.550 0.0000000000
26523  -39.736  -50.971  -10.939 0.0000000000
26524  -40.375  -51.109  -10.768 0.0000000000
26525  -41.005  -51.260  -10.744 0.0000000000
26542  -38.557  -50.767  -11.756 0.0000000000
26543  -39.029  -50.670  -11.337 0.0000000000
26544  -40.066  -50.388  -10.959 0.0000000000
26545  -41.226  -50.572  -10.917 0.0000000000
26570  -38.377  -50.700  -12.202 0.0000000000
26571  -38.572  -50.426  -11.790 0.0000000000
26589  -38.284  -50.977  -12.855 0.0000000000
26605  -38.409  -50.912  -13.710 0.0000000000
26606  -38.768  -51.052  -14.507 0.0000000000
26624  -38.612  -50.347  -14.392 0.0000000000
26625  -39.215  -50.607  -15.076 0.0000000000
26626  -40.237  -50.579  -15.701 0.0000000000
26627  -41.066  -50.818  -15.975 0.0000000000
26646  -40.837  -50.190  -16.037 0.0000000000
26647  -41.689  -50.462  -16.306 0.0000000000
26648  -42.894  -50.504  -16.610 0.0000000000
26649  -44.138  -50.608  -16.745 0.0000000000
26650  -45.369  -50.787  -16.755 0.0000000000
26651  -46.411  -51.122  -16.728 0.0000000000
26652  -47.092  -51.427  -17.016 0.0000000000
26659  -45.904  -50.502  -17.001 0.0000000000
26660  -46.646  -50.706  -17.206 0.0000000000
26661  -47.618  -51.169  -17.612 0.0000000000
26662  -48.227  -51.582  -18.024 0.0000000000
26663  -48.383  -51.710  -18.216 0.0000000000
26672  -47.762  -50.755  -17.983 0.0000000000
26673  -48.205  -50.938  -18.341 0.0000000000
26674  -48.325  -51.579  -18.468 0.0000000000
26681  -48.253  -50.659  -19.353 0.0000000000
26682  -48.540  -51.312  -19.220 0.0000000000
26691  -48.291  -50.462  -20.388 0.0000000000
26692  -49.042  -50.981  -20.306 0.0000000000
26693  -49.542  -51.159  -21.030 0.0000000000
26702  -48.259  -50.330  -20.904 0.0000000000
26703  -48.779  -50.590  -21.152 0.0000000000
26704  -49.353  -51.110  -21.064 0.0000000000
27447  -35.775  -50.151  -4.636 0.0000000000
27460  -35.745  -49.879  -5.415 0.0000000000
27461  -35.925  -49.296  -5.861 0.0000000000
27476  -35.961  -49.969  -6.094 0.0000000000
27477  -36.431  -49.446  -6.504 0.0000000000
27478  -37.284  -49.343  -7.136 0.0000000000
27496  -38.268  -49.173  -7.511 0.0000000000
27497  -39.342  -49.312  -7.648 0.0000000000
27498  -40.350  -49.420  -7.712 0.0000000000
27499  -41.294  -49.468  -7.697 0.0000000000
27500  -42.222  -49.239  -7.882 0.0000000000
27573  -38.570  -49.414  -11.952 0.0000000000
27574  -38.840  -49.665  -11.653 0.0000000000
27575  -39.588  -49.646  -11.314 0.0000000000
27576  -40.615  -49.589  -11.164 0.0000000000
27597  -38.463  -49.900  -12.043 0.0000000000
27598  -38.690  -50.150  -11.694 0.0000000000
27617  -38.211  -49.986  -12.849 0.0000000000
27633  -38.340  -49.668  -13.823 0.0000000000
27647  -38.710  -49.515  -14.700 0.0000000000
27648  -39.503  -49.481  -15.496 0.0000000000
27649  -40.294  -49.742  -15.925 0.0000000000
27664  -40.047  -49.085  -16.034 0.0000000000
27665  -40.893  -49.405  -16.346 0.0000000000
27666  -42.003  -49.529  -16.780 0.0000000000
27667  -43.262  -49.572  -17.195 0.0000000000
27668  -44.640  -50.066  -17.197 0.0000000000
27669  -45.375  -50.311  -17.130 0.0000000000
27676  -43.371  -49.096  -17.651 0.0000000000
27677  -44.142  -49.291  -17.820 0.0000000000
27678  -45.631  -49.928  -17.569 0.0000000000
27679  -46.892  -50.388  -17.796 0.0000000000
27680  -47.474  -50.656  -17.892 0.0000000000
27688  -44.183  -49.084  -18.343 0.0000000000
27689  -44.922  -49.316  -18.639 0.0000000000
27690  -46.352  -49.746  -18.436 0.0000000000
27691  -47.432  -50.383  -18.400 0.0000000000
27692  -47.921  -50.564  -18.750 0.0000000000
27701  -45.981  -49.434  -19.417 0.0000000000
27702  -47.044  -49.791  -19.175 0.0000000000
27703  -47.677  -50.285  -19.072 0.0000000000
27711  -46.841  -49.594  -20.153 0.0000000000
27712  -47.647  -50.108  -19.824 0.0000000000
27724  -47.702  -49.984  -20.897 0.0000000000
27725  -48.231  -50.274  -21.161 0.0000000000
28487  -35.829  -49.387  -4.747 0.0000000000
28488  -36.186  -48.489  -4.461 0.0000000000
28504  -35.861  -49.028  -5.259 0.0000000000
28505  -36.177  -48.251  -5.771 0.0000000000
28519  -36.812  -48.394  -6.752 0.0000000000
28520  -37.548  -48.395  -7.303 0.0000000000
28538  -38.183  -48.225  -7.563 0.0000000000
28539  -38.865  -48.396  -7.708 0.0000000000
28540  -39.791  -48.332  -7.974 0.0000000000
28541  -40.855  -48.734  -7.979 0.0000000000
28542  -41.501  -48.937  -7.948 0.0000000000
28559  -39.978  -47.659  -8.233 0.0000000000
28560  -40.592  -47.907  -8.291 0.0000000000
28608  -38.695  -49.106  -11.863 0.0000000000
28609  -39.177  -48.932  -11.622 0.0000000000
28629  -38.445  -49.080  -12.310 0.0000000000
28644  -38.276  -48.782  -13.160 0.0000000000
28659  -38.408  -48.550  -14.114 0.0000000000
28675  -38.819  -48.458  -15.045 0.0000000000
28676  -39.516  -48.381  -15.752 0.0000000000
28690  -40.263  -48.373  -16.372 0.0000000000
28691  -41.194  -48.496  -16.915 0.0000000000
28692  -42.160  -48.806  -17.305 0.0000000000
28693  -42.844  -48.872  -17.612 0.0000000000
28705  -43.865  -48.952  -18.224 0.0000000000
29542  -37.085  -47.742  -3.779 0.0000000000
29562  -36.754  -47.261  -4.832 0.0000000000
29563  -37.389  -47.072  -4.155 0.0000000000
29579  -36.621  -47.325  -5.673 0.0000000000
29596  -36.755  -47.483  -6.330 0.0000000000
29597  -37.260  -47.559  -7.027 0.0000000000
29612  -37.830  -47.695  -7.441 0.0000000000
29613  -38.538  -47.465  -7.741 0.0000000000
29614  -39.128  -47.863  -7.886 0.0000000000
29626  -38.811  -46.884  -7.956 0.0000000000
29627  -39.368  -47.245  -8.146 0.0000000000
29628  -40.216  -47.114  -8.477 0.0000000000
29671  -38.806  -48.585  -11.989 0.0000000000
29690  -38.650  -47.954  -12.518 0.0000000000
29709  -38.420  -47.619  -13.468 0.0000000000
29726  -38.539  -47.357  -14.478 0.0000000000
29744  -38.967  -47.475  -15.420 0.0000000000
29745  -39.603  -47.477  -16.155 0.0000000000
30690  -37.100  -46.663  -5.118 0.0000000000
30691  -37.775  -46.378  -4.632 0.0000000000
30715  -36.873  -46.875  -5.446 0.0000000000
30716  -37.295  -46.362  -5.652 0.0000000000
30732  -36.856  -46.881  -5.962 0.0000000000
30733  -37.302  -46.670  -6.577 0.0000000000
30750  -37.846  -46.869  -7.376 0.0000000000
30751  -38.476  -46.565  -7.736 0.0000000000
30766  -38.978  -46.277  -8.106 0.0000000000
30876  -38.539  -46.495  -14.419 0.0000000000
30902  -38.713  -46.429  -15.119 0.0000000000
30903  -39.081  -46.776  -15.852 0.0000000000
31886  -37.967  -45.762  -5.537 0.0000000000
31909  -37.816  -45.811  -6.322 0.0000000000
31932  -37.927  -46.053  -7.100 0.0000000000
31947  -38.197  -46.277  -7.477 0.0000000000
