#!ascii label  , from subject colin27_FS vox2ras=TkReg
2212
2856  -9.208  -77.894  7.687 0.0000000000
2857  -9.555  -77.961  7.453 0.0000000000
2859  -9.043  -78.119  7.180 0.0000000000
3405  -8.057  -77.415  8.545 0.0000000000
3406  -8.348  -77.396  8.534 0.0000000000
3407  -8.902  -77.357  8.494 0.0000000000
3408  -8.068  -77.513  8.223 0.0000000000
3409  -8.690  -77.719  7.869 0.0000000000
3410  -9.449  -77.538  8.008 0.0000000000
3411  -10.013  -77.559  7.500 0.0000000000
3414  -8.073  -77.573  7.518 0.0000000000
3415  -8.401  -77.845  6.800 0.0000000000
3944  -7.047  -76.434  9.334 0.0000000000
3945  -7.400  -76.524  9.352 0.0000000000
3946  -7.984  -76.672  9.493 0.0000000000
3950  -7.036  -76.577  8.977 0.0000000000
3951  -7.755  -77.145  8.767 0.0000000000
3952  -8.538  -76.841  9.024 0.0000000000
3953  -9.249  -76.770  8.523 0.0000000000
3958  -7.048  -76.590  8.040 0.0000000000
3959  -7.632  -77.192  7.780 0.0000000000
3960  -10.013  -76.576  7.591 0.0000000000
3961  -10.309  -77.148  7.261 0.0000000000
3967  -7.335  -76.662  7.267 0.0000000000
3968  -7.799  -77.079  6.669 0.0000000000
3969  -8.080  -77.598  6.241 0.0000000000
3970  -10.430  -76.231  7.002 0.0000000000
3977  -7.779  -76.774  5.947 0.0000000000
3978  -7.975  -77.189  5.561 0.0000000000
3985  -8.103  -76.963  4.348 0.0000000000
3992  -8.324  -76.804  3.312 0.0000000000
3997  -8.413  -76.777  2.676 0.0000000000
4494  -5.164  -74.618  10.210 0.0000000000
4495  -5.621  -74.854  10.306 0.0000000000
4496  -6.415  -75.231  10.313 0.0000000000
4497  -7.292  -75.500  10.278 0.0000000000
4498  -7.952  -75.535  10.126 0.0000000000
4503  -4.988  -74.842  10.028 0.0000000000
4504  -5.671  -75.310  9.811 0.0000000000
4505  -6.699  -76.047  9.571 0.0000000000
4506  -7.654  -76.115  9.844 0.0000000000
4507  -8.340  -75.992  9.656 0.0000000000
4512  -4.847  -75.056  9.377 0.0000000000
4513  -5.642  -75.634  8.918 0.0000000000
4514  -6.432  -76.149  8.530 0.0000000000
4515  -8.868  -76.000  9.098 0.0000000000
4516  -9.365  -75.764  8.335 0.0000000000
4521  -4.685  -75.155  8.277 0.0000000000
4522  -5.732  -75.724  7.752 0.0000000000
4523  -6.469  -76.135  7.831 0.0000000000
4524  -9.831  -75.436  7.555 0.0000000000
4528  -4.885  -75.278  7.252 0.0000000000
4529  -5.537  -75.351  6.510 0.0000000000
4530  -6.657  -76.064  6.951 0.0000000000
4531  -7.323  -76.493  6.714 0.0000000000
4532  -10.303  -75.575  6.823 0.0000000000
4533  -10.541  -76.040  6.705 0.0000000000
4537  -5.608  -75.076  5.773 0.0000000000
4538  -6.354  -75.337  5.516 0.0000000000
4539  -7.390  -76.251  5.873 0.0000000000
4540  -7.754  -76.648  5.586 0.0000000000
4541  -10.417  -75.344  6.353 0.0000000000
4547  -6.634  -75.023  4.673 0.0000000000
4548  -7.344  -75.425  4.496 0.0000000000
4549  -7.819  -76.396  4.930 0.0000000000
4555  -7.748  -75.311  3.642 0.0000000000
4556  -8.186  -75.939  3.666 0.0000000000
4562  -8.459  -76.278  2.629 0.0000000000
5137  -4.069  -74.237  9.995 0.0000000000
5138  -4.720  -74.391  10.104 0.0000000000
5139  -5.467  -74.391  10.326 0.0000000000
5140  -6.260  -74.526  10.531 0.0000000000
5141  -7.098  -74.736  10.531 0.0000000000
5142  -7.810  -74.903  10.356 0.0000000000
5146  -2.891  -74.105  9.096 0.0000000000
5147  -3.543  -74.250  9.565 0.0000000000
5148  -4.278  -74.625  9.820 0.0000000000
5149  -8.374  -74.923  9.883 0.0000000000
5150  -8.647  -74.287  9.614 0.0000000000
5153  -2.725  -74.242  8.391 0.0000000000
5154  -3.334  -74.431  8.766 0.0000000000
5155  -4.043  -74.707  9.075 0.0000000000
5156  -8.648  -75.478  9.504 0.0000000000
5157  -8.967  -74.827  9.108 0.0000000000
5162  -2.749  -74.296  7.720 0.0000000000
5163  -3.257  -74.491  7.920 0.0000000000
5164  -3.852  -74.684  8.263 0.0000000000
5165  -9.483  -74.663  7.993 0.0000000000
5170  -2.658  -74.111  7.337 0.0000000000
5171  -3.075  -74.359  7.111 0.0000000000
5172  -3.995  -74.776  7.234 0.0000000000
5173  -4.691  -74.993  6.572 0.0000000000
5174  -9.969  -74.509  6.979 0.0000000000
5178  -3.483  -74.407  6.420 0.0000000000
5179  -4.148  -74.628  6.137 0.0000000000
5180  -4.966  -74.783  5.761 0.0000000000
5181  -5.589  -74.819  5.274 0.0000000000
5182  -10.317  -74.815  6.131 0.0000000000
5188  -3.639  -74.219  5.680 0.0000000000
5189  -4.192  -74.320  5.229 0.0000000000
5190  -4.977  -74.438  4.705 0.0000000000
5191  -5.970  -74.680  4.513 0.0000000000
5192  -6.705  -74.790  4.086 0.0000000000
5199  -5.335  -74.241  3.899 0.0000000000
5200  -6.095  -74.283  3.331 0.0000000000
5201  -7.251  -74.764  3.291 0.0000000000
5202  -7.954  -75.207  3.068 0.0000000000
5209  -6.623  -74.071  1.983 0.0000000000
5210  -7.761  -74.756  2.185 0.0000000000
5211  -8.299  -75.522  2.428 0.0000000000
5219  -6.755  -73.821  1.077 0.0000000000
5220  -7.530  -74.191  0.872 0.0000000000
5221  -8.330  -75.102  1.326 0.0000000000
5228  -7.816  -74.220  -0.344 0.0000000000
5229  -8.338  -74.817  0.205 0.0000000000
5238  -7.911  -74.200  -1.233 0.0000000000
5239  -8.287  -74.740  -0.779 0.0000000000
5248  -8.058  -74.176  -1.876 0.0000000000
5845  -4.384  -74.030  10.069 0.0000000000
5846  -5.130  -73.976  10.126 0.0000000000
5847  -6.069  -73.923  10.354 0.0000000000
5848  -6.970  -74.004  10.476 0.0000000000
5849  -7.711  -74.212  10.354 0.0000000000
5850  -8.083  -74.450  10.187 0.0000000000
5854  -2.999  -73.564  9.426 0.0000000000
5855  -3.805  -73.785  9.822 0.0000000000
5856  -4.620  -73.613  9.745 0.0000000000
5857  -5.810  -73.433  9.763 0.0000000000
5858  -6.855  -73.413  9.976 0.0000000000
5859  -7.682  -73.460  10.047 0.0000000000
5860  -8.359  -73.799  9.893 0.0000000000
5861  -8.948  -73.647  9.329 0.0000000000
5865  -1.793  -73.099  8.222 0.0000000000
5866  -2.421  -73.649  8.750 0.0000000000
5867  -4.889  -73.326  9.400 0.0000000000
5868  -5.213  -73.407  9.537 0.0000000000
5869  -9.321  -73.677  8.455 0.0000000000
5873  -1.782  -73.157  7.143 0.0000000000
5874  -2.294  -73.852  7.784 0.0000000000
5875  -9.717  -73.681  7.507 0.0000000000
5879  -1.756  -73.075  5.980 0.0000000000
5880  -2.518  -73.787  6.653 0.0000000000
5881  -3.012  -74.208  6.512 0.0000000000
5882  -10.081  -73.494  6.764 0.0000000000
5883  -10.219  -73.202  6.591 0.0000000000
5886  -1.633  -72.925  4.890 0.0000000000
5887  -2.353  -73.483  5.369 0.0000000000
5888  -3.037  -74.011  5.882 0.0000000000
5889  -10.195  -73.949  6.189 0.0000000000
5890  -10.276  -73.277  6.268 0.0000000000
5893  -1.576  -72.763  4.257 0.0000000000
5894  -2.088  -73.087  4.222 0.0000000000
5895  -3.250  -73.688  4.692 0.0000000000
5896  -4.199  -73.972  4.399 0.0000000000
5897  -4.664  -73.988  3.889 0.0000000000
5898  -10.294  -74.163  5.775 0.0000000000
5902  -1.968  -72.804  3.535 0.0000000000
5903  -2.597  -73.004  3.345 0.0000000000
5904  -3.816  -73.524  3.395 0.0000000000
5905  -4.936  -73.795  3.010 0.0000000000
5906  -5.651  -73.831  2.394 0.0000000000
5911  -3.083  -73.009  2.347 0.0000000000
5912  -4.016  -73.339  2.193 0.0000000000
5913  -4.874  -73.563  1.910 0.0000000000
5914  -5.621  -73.661  1.647 0.0000000000
5924  -3.375  -73.016  1.434 0.0000000000
5925  -4.145  -73.243  1.289 0.0000000000
5926  -4.972  -73.344  1.052 0.0000000000
5927  -5.985  -73.579  0.881 0.0000000000
5928  -6.729  -73.669  0.517 0.0000000000
5937  -3.651  -72.999  0.831 0.0000000000
5938  -4.260  -73.013  0.604 0.0000000000
5939  -5.130  -73.075  0.082 0.0000000000
5940  -6.196  -73.388  -0.085 0.0000000000
5941  -7.085  -73.681  -0.175 0.0000000000
5951  -5.849  -72.977  -0.558 0.0000000000
5952  -6.700  -73.237  -1.048 0.0000000000
5953  -7.383  -73.793  -0.943 0.0000000000
5964  -7.062  -73.081  -1.632 0.0000000000
5965  -7.510  -73.495  -1.809 0.0000000000
6540  -2.942  -73.066  9.408 0.0000000000
6541  -3.466  -73.273  9.549 0.0000000000
6542  -3.952  -73.444  9.682 0.0000000000
6543  -6.228  -72.965  9.418 0.0000000000
6544  -6.763  -72.879  9.561 0.0000000000
6545  -7.610  -72.513  9.683 0.0000000000
6546  -8.344  -72.772  9.728 0.0000000000
6547  -8.919  -72.749  9.532 0.0000000000
6555  -0.926  -71.817  7.860 0.0000000000
6556  -1.443  -72.240  8.431 0.0000000000
6557  -2.311  -72.716  9.029 0.0000000000
6558  -3.218  -72.644  9.171 0.0000000000
6559  -4.292  -73.009  9.218 0.0000000000
6560  -5.583  -72.918  9.180 0.0000000000
6561  -6.594  -72.442  9.291 0.0000000000
6562  -7.102  -72.315  9.506 0.0000000000
6563  -9.376  -72.713  8.848 0.0000000000
6569  -0.906  -71.918  7.039 0.0000000000
6570  -1.320  -72.458  7.573 0.0000000000
6571  -9.883  -72.698  7.833 0.0000000000
6572  -10.338  -72.269  7.346 0.0000000000
6579  -0.872  -71.939  6.461 0.0000000000
6580  -1.243  -72.402  6.495 0.0000000000
6581  -10.013  -73.176  7.218 0.0000000000
6582  -10.248  -72.861  6.816 0.0000000000
6589  -0.821  -71.907  5.856 0.0000000000
6590  -1.213  -72.425  5.382 0.0000000000
6591  -10.484  -72.693  5.956 0.0000000000
6597  -0.767  -71.847  4.912 0.0000000000
6598  -1.155  -72.387  4.332 0.0000000000
6599  -1.567  -72.613  3.748 0.0000000000
6609  -0.723  -71.841  4.098 0.0000000000
6610  -1.066  -72.128  3.418 0.0000000000
6611  -1.781  -72.509  3.029 0.0000000000
6612  -2.370  -72.623  2.491 0.0000000000
6622  -1.435  -72.049  2.801 0.0000000000
6623  -2.007  -72.163  2.448 0.0000000000
6624  -2.769  -72.359  1.705 0.0000000000
6635  -3.303  -72.585  0.910 0.0000000000
6643  -3.755  -72.624  0.563 0.0000000000
6644  -4.399  -72.531  0.272 0.0000000000
6645  -4.930  -72.414  -0.087 0.0000000000
6655  -5.462  -72.475  -0.427 0.0000000000
6656  -6.137  -72.469  -1.060 0.0000000000
6668  -6.867  -72.574  -1.797 0.0000000000
6669  -7.178  -72.971  -1.919 0.0000000000
7198  -5.903  -70.877  17.148 0.0000000000
7199  -6.337  -70.969  17.074 0.0000000000
7207  -5.156  -70.968  17.102 0.0000000000
7208  -5.609  -71.022  17.027 0.0000000000
7209  -6.274  -71.171  16.780 0.0000000000
7210  -6.925  -71.215  16.554 0.0000000000
7216  -5.194  -70.945  16.858 0.0000000000
7217  -5.595  -71.074  16.533 0.0000000000
7218  -6.275  -71.200  16.221 0.0000000000
7219  -6.974  -71.192  15.979 0.0000000000
7253  -7.967  -71.844  9.498 0.0000000000
7254  -8.423  -72.023  9.544 0.0000000000
7255  -8.774  -72.251  9.537 0.0000000000
7264  -0.699  -71.237  7.982 0.0000000000
7265  -1.008  -71.497  8.508 0.0000000000
7266  -1.673  -71.664  8.903 0.0000000000
7267  -2.757  -71.576  8.835 0.0000000000
7268  -3.981  -71.989  8.607 0.0000000000
7269  -5.194  -72.078  8.673 0.0000000000
7270  -6.304  -71.999  8.797 0.0000000000
7271  -7.350  -71.670  9.131 0.0000000000
7272  -8.282  -71.386  9.305 0.0000000000
7273  -9.232  -71.643  8.994 0.0000000000
7274  -9.875  -70.972  8.522 0.0000000000
7281  -0.665  -71.301  7.262 0.0000000000
7282  -3.094  -70.930  8.518 0.0000000000
7283  -3.813  -71.020  8.213 0.0000000000
7284  -4.968  -71.278  8.058 0.0000000000
7285  -6.128  -71.368  8.173 0.0000000000
7286  -6.799  -71.380  8.537 0.0000000000
7287  -9.783  -72.084  8.470 0.0000000000
7288  -10.430  -71.447  7.906 0.0000000000
7289  -11.148  -71.145  7.416 0.0000000000
7296  -0.666  -71.496  6.443 0.0000000000
7297  -10.643  -72.116  6.760 0.0000000000
7298  -11.150  -71.478  6.720 0.0000000000
7306  -0.541  -71.240  5.552 0.0000000000
7316  -0.592  -71.219  4.541 0.0000000000
7328  -0.814  -71.430  3.702 0.0000000000
7329  -1.246  -71.580  3.110 0.0000000000
7330  -1.785  -71.425  2.828 0.0000000000
7331  -2.570  -71.346  2.645 0.0000000000
7332  -3.614  -71.358  2.694 0.0000000000
7333  -4.604  -71.207  2.775 0.0000000000
7343  -1.686  -71.794  2.641 0.0000000000
7344  -2.259  -71.779  2.273 0.0000000000
7345  -3.140  -71.670  1.750 0.0000000000
7346  -4.224  -71.521  1.966 0.0000000000
7347  -5.101  -71.155  2.222 0.0000000000
7355  -3.235  -72.059  0.885 0.0000000000
7356  -3.993  -71.770  1.077 0.0000000000
7357  -4.842  -71.416  1.376 0.0000000000
7365  -3.450  -72.366  0.603 0.0000000000
7366  -3.885  -72.183  0.551 0.0000000000
7367  -4.968  -71.745  0.370 0.0000000000
7368  -5.714  -71.211  0.040 0.0000000000
7379  -5.215  -72.089  -0.251 0.0000000000
7380  -5.805  -71.629  -0.566 0.0000000000
7850  -4.230  -69.879  17.713 0.0000000000
7851  -4.657  -70.172  17.580 0.0000000000
7852  -5.460  -70.582  17.313 0.0000000000
7861  -4.092  -70.161  17.356 0.0000000000
7862  -4.780  -70.740  17.060 0.0000000000
7863  -5.289  -70.905  17.116 0.0000000000
7869  -3.961  -70.380  16.485 0.0000000000
7870  -4.754  -70.773  16.167 0.0000000000
7871  -5.532  -70.943  15.731 0.0000000000
7872  -6.365  -70.938  15.494 0.0000000000
7873  -7.170  -70.829  15.430 0.0000000000
7880  -3.092  -69.925  14.862 0.0000000000
7881  -3.668  -70.356  15.256 0.0000000000
7882  -4.670  -70.668  14.987 0.0000000000
7883  -5.634  -70.717  14.780 0.0000000000
7884  -6.618  -70.588  14.649 0.0000000000
7885  -7.537  -70.449  14.789 0.0000000000
7891  -3.143  -70.092  14.356 0.0000000000
7892  -3.811  -70.344  13.919 0.0000000000
7893  -4.915  -70.527  14.025 0.0000000000
7894  -5.842  -70.375  13.807 0.0000000000
7895  -6.664  -70.323  13.998 0.0000000000
7896  -7.071  -70.371  14.316 0.0000000000
7903  -3.927  -70.245  13.128 0.0000000000
7904  -4.571  -70.320  13.308 0.0000000000
7905  -5.190  -70.342  13.484 0.0000000000
7926  -0.572  -70.453  8.924 0.0000000000
7927  -0.877  -70.567  9.480 0.0000000000
7928  -1.317  -70.499  9.711 0.0000000000
7937  -0.651  -70.817  8.415 0.0000000000
7938  -1.037  -71.009  8.992 0.0000000000
7939  -1.769  -70.839  9.256 0.0000000000
7940  -2.646  -70.696  8.846 0.0000000000
7941  -7.901  -71.019  8.901 0.0000000000
7942  -8.524  -70.760  8.803 0.0000000000
7943  -9.417  -70.508  8.546 0.0000000000
7944  -10.242  -70.457  8.302 0.0000000000
7945  -10.941  -70.128  8.116 0.0000000000
7955  -0.544  -70.644  7.598 0.0000000000
7956  -3.346  -70.404  8.471 0.0000000000
7957  -4.023  -70.280  8.125 0.0000000000
7958  -4.803  -70.426  7.866 0.0000000000
7959  -6.024  -70.497  7.656 0.0000000000
7960  -7.419  -70.652  8.014 0.0000000000
7961  -8.712  -70.141  8.145 0.0000000000
7962  -9.329  -69.958  8.207 0.0000000000
7963  -10.738  -70.666  8.104 0.0000000000
7964  -11.261  -70.688  7.787 0.0000000000
7972  -0.468  -70.651  6.501 0.0000000000
7973  -6.914  -70.168  7.316 0.0000000000
7974  -7.343  -70.163  7.313 0.0000000000
7987  -0.481  -70.350  5.290 0.0000000000
7988  -2.448  -70.072  4.691 0.0000000000
7989  -2.827  -69.730  5.029 0.0000000000
8001  -0.847  -70.652  4.123 0.0000000000
8002  -1.533  -70.568  3.969 0.0000000000
8003  -2.339  -70.543  4.081 0.0000000000
8004  -3.460  -70.297  4.506 0.0000000000
8005  -4.866  -70.254  4.253 0.0000000000
8006  -5.517  -70.067  3.961 0.0000000000
8017  -0.978  -71.176  3.489 0.0000000000
8018  -1.325  -71.054  3.392 0.0000000000
8019  -2.027  -70.966  3.322 0.0000000000
8020  -3.015  -70.969  3.476 0.0000000000
8021  -4.241  -70.923  3.586 0.0000000000
8022  -5.555  -70.514  3.198 0.0000000000
8023  -6.175  -69.953  2.819 0.0000000000
8034  -5.630  -70.744  2.195 0.0000000000
8035  -6.052  -70.235  2.249 0.0000000000
8045  -5.389  -71.042  1.684 0.0000000000
8046  -5.768  -70.619  1.536 0.0000000000
8055  -5.366  -71.119  1.098 0.0000000000
8056  -5.774  -70.733  0.640 0.0000000000
8491  -3.316  -69.040  17.549 0.0000000000
8492  -3.859  -69.382  17.763 0.0000000000
8493  -4.479  -69.478  17.838 0.0000000000
8494  -5.227  -69.645  17.708 0.0000000000
8504  -3.058  -69.051  17.089 0.0000000000
8505  -3.469  -69.685  16.966 0.0000000000
8506  -5.725  -69.307  17.530 0.0000000000
8514  -2.978  -69.298  16.352 0.0000000000
8515  -3.317  -69.945  15.941 0.0000000000
8522  -2.873  -69.487  15.327 0.0000000000
8523  -3.210  -69.985  15.328 0.0000000000
8524  -7.724  -70.252  14.498 0.0000000000
8530  -2.609  -69.512  14.155 0.0000000000
8531  -2.910  -69.941  13.606 0.0000000000
8532  -5.903  -70.161  13.362 0.0000000000
8533  -6.348  -70.105  13.443 0.0000000000
8534  -7.400  -70.076  13.903 0.0000000000
8541  -1.651  -69.193  12.355 0.0000000000
8542  -2.115  -69.397  12.810 0.0000000000
8543  -3.276  -69.964  12.786 0.0000000000
8544  -4.299  -70.012  12.576 0.0000000000
8545  -5.542  -70.001  12.887 0.0000000000
8546  -6.738  -69.679  12.805 0.0000000000
8547  -7.741  -69.450  12.900 0.0000000000
8555  -1.545  -69.293  11.682 0.0000000000
8556  -2.609  -69.696  11.759 0.0000000000
8557  -3.801  -69.698  11.694 0.0000000000
8558  -4.967  -69.596  11.732 0.0000000000
8559  -6.167  -69.285  11.666 0.0000000000
8560  -7.244  -69.200  12.124 0.0000000000
8561  -7.774  -69.122  12.335 0.0000000000
8568  -0.605  -69.284  10.095 0.0000000000
8569  -1.241  -69.680  10.596 0.0000000000
8570  -2.189  -69.806  10.786 0.0000000000
8571  -3.330  -69.535  10.750 0.0000000000
8572  -4.687  -69.211  10.653 0.0000000000
8573  -5.416  -69.203  11.128 0.0000000000
8582  -0.468  -69.698  9.223 0.0000000000
8583  -0.923  -70.127  9.966 0.0000000000
8584  -1.926  -70.251  9.887 0.0000000000
8585  -3.035  -69.685  9.837 0.0000000000
8586  -4.065  -69.263  9.815 0.0000000000
8594  -0.431  -69.916  8.141 0.0000000000
8595  -2.319  -70.503  9.298 0.0000000000
8596  -2.960  -70.017  8.965 0.0000000000
8597  -4.075  -69.429  8.910 0.0000000000
8598  -4.779  -69.344  8.454 0.0000000000
8599  -9.758  -69.984  8.205 0.0000000000
8600  -10.333  -69.708  8.031 0.0000000000
8601  -11.261  -69.297  7.966 0.0000000000
8612  -0.409  -69.967  7.149 0.0000000000
8613  -3.321  -70.089  8.584 0.0000000000
8614  -3.696  -69.933  8.471 0.0000000000
8615  -4.566  -69.726  8.147 0.0000000000
8616  -5.529  -69.755  7.762 0.0000000000
8617  -7.599  -70.098  7.340 0.0000000000
8618  -8.174  -69.870  7.416 0.0000000000
8619  -9.380  -69.495  7.561 0.0000000000
8620  -10.405  -69.059  7.544 0.0000000000
8621  -11.032  -68.773  7.473 0.0000000000
8631  -0.430  -69.645  6.305 0.0000000000
8632  -6.489  -69.663  7.408 0.0000000000
8633  -7.441  -69.608  7.047 0.0000000000
8634  -8.467  -69.160  6.853 0.0000000000
8635  -9.284  -68.825  6.760 0.0000000000
8646  -0.665  -69.411  5.588 0.0000000000
8647  -1.044  -69.312  5.201 0.0000000000
8648  -1.915  -69.473  5.162 0.0000000000
8649  -2.860  -69.115  5.375 0.0000000000
8650  -3.591  -68.968  5.305 0.0000000000
8660  -0.767  -69.890  4.890 0.0000000000
8661  -1.237  -69.968  4.585 0.0000000000
8662  -1.823  -70.143  4.498 0.0000000000
8663  -3.432  -69.510  5.060 0.0000000000
8664  -4.324  -69.395  4.925 0.0000000000
8665  -5.550  -69.379  4.365 0.0000000000
8666  -6.263  -68.663  4.102 0.0000000000
8675  -5.777  -69.865  3.753 0.0000000000
8676  -6.300  -69.413  3.388 0.0000000000
8685  -6.397  -69.471  2.369 0.0000000000
8695  -6.050  -69.800  1.404 0.0000000000
9282  -2.991  -67.984  18.343 0.0000000000
9283  -3.448  -67.734  18.556 0.0000000000
9284  -3.827  -67.657  18.590 0.0000000000
9297  -2.833  -68.441  17.669 0.0000000000
9298  -3.443  -68.486  18.031 0.0000000000
9299  -4.265  -68.381  18.113 0.0000000000
9300  -4.818  -69.072  17.873 0.0000000000
9311  -2.696  -68.691  16.853 0.0000000000
9312  -4.708  -68.150  17.486 0.0000000000
9313  -5.352  -68.546  17.309 0.0000000000
9325  -2.534  -68.658  16.011 0.0000000000
9336  -2.423  -68.671  14.801 0.0000000000
9345  -1.674  -68.402  13.010 0.0000000000
9346  -1.958  -68.620  13.458 0.0000000000
9357  -1.558  -68.696  12.555 0.0000000000
9358  -1.772  -68.979  12.941 0.0000000000
9359  -8.137  -69.081  12.533 0.0000000000
9370  -0.810  -68.212  10.812 0.0000000000
9371  -1.075  -68.339  11.500 0.0000000000
9372  -6.501  -68.912  10.994 0.0000000000
9373  -7.080  -68.910  11.300 0.0000000000
9374  -7.993  -68.786  11.829 0.0000000000
9383  -0.628  -68.356  10.180 0.0000000000
9384  -0.797  -68.942  10.893 0.0000000000
9385  -5.309  -68.902  10.061 0.0000000000
9386  -5.919  -68.865  10.518 0.0000000000
9387  -6.870  -68.643  10.562 0.0000000000
9388  -7.690  -68.479  10.803 0.0000000000
9389  -8.359  -68.329  11.206 0.0000000000
9399  -0.402  -68.556  9.304 0.0000000000
9400  -4.925  -68.994  9.646 0.0000000000
9401  -5.765  -68.685  9.517 0.0000000000
9402  -6.768  -68.383  9.689 0.0000000000
9403  -7.323  -68.366  10.167 0.0000000000
9415  -0.332  -68.760  8.263 0.0000000000
9416  -4.559  -69.119  9.246 0.0000000000
9417  -5.245  -69.000  8.753 0.0000000000
9418  -6.612  -68.404  8.607 0.0000000000
9419  -7.290  -68.063  8.050 0.0000000000
9432  -0.417  -69.084  7.217 0.0000000000
9433  -5.256  -69.361  8.163 0.0000000000
9434  -6.134  -69.020  7.827 0.0000000000
9435  -7.179  -68.385  7.560 0.0000000000
9436  -9.915  -68.836  6.977 0.0000000000
9437  -10.616  -68.538  6.942 0.0000000000
9448  -0.577  -68.644  6.319 0.0000000000
9449  -0.901  -68.188  6.034 0.0000000000
9450  -1.514  -68.095  6.120 0.0000000000
9451  -6.942  -69.009  7.197 0.0000000000
9452  -7.782  -68.592  6.893 0.0000000000
9453  -8.805  -68.323  6.622 0.0000000000
9454  -9.878  -68.179  6.567 0.0000000000
9465  -0.848  -68.811  5.721 0.0000000000
9466  -1.335  -68.702  5.655 0.0000000000
9467  -2.240  -68.513  5.811 0.0000000000
9468  -3.164  -68.471  5.658 0.0000000000
9469  -4.096  -68.363  5.403 0.0000000000
9470  -4.852  -67.955  5.178 0.0000000000
9480  -4.931  -68.670  4.962 0.0000000000
9481  -5.652  -68.178  4.709 0.0000000000
9482  -6.470  -67.880  4.228 0.0000000000
9493  -6.924  -68.223  3.496 0.0000000000
9494  -7.389  -67.745  3.201 0.0000000000
9509  -6.936  -68.767  2.668 0.0000000000
9510  -7.413  -68.033  2.787 0.0000000000
9524  -6.523  -68.547  1.728 0.0000000000
9525  -7.217  -68.277  2.294 0.0000000000
10066  -2.922  -67.450  18.637 0.0000000000
10067  -3.188  -67.112  18.830 0.0000000000
10068  -3.633  -67.188  18.820 0.0000000000
10080  -2.562  -67.586  18.151 0.0000000000
10081  -4.065  -67.317  18.483 0.0000000000
10091  -2.280  -67.791  17.050 0.0000000000
10092  -4.469  -67.382  17.354 0.0000000000
10093  -4.945  -67.921  17.083 0.0000000000
10105  -1.895  -67.146  14.974 0.0000000000
10106  -2.156  -67.689  15.671 0.0000000000
10107  -4.675  -66.894  16.427 0.0000000000
10108  -5.273  -67.403  16.102 0.0000000000
10125  -1.849  -67.237  14.089 0.0000000000
10126  -2.121  -67.872  14.400 0.0000000000
10142  -1.596  -67.732  13.119 0.0000000000
10143  -1.900  -67.885  13.714 0.0000000000
10158  -1.300  -67.752  12.151 0.0000000000
10171  -0.902  -67.855  11.011 0.0000000000
10172  -1.027  -67.344  11.310 0.0000000000
10187  -0.731  -67.464  10.414 0.0000000000
10188  -0.833  -66.935  10.742 0.0000000000
10189  -7.766  -68.265  10.233 0.0000000000
10190  -8.459  -67.990  10.428 0.0000000000
10202  -0.521  -67.625  9.465 0.0000000000
10203  -7.157  -68.237  9.471 0.0000000000
10204  -7.583  -68.123  9.609 0.0000000000
10205  -8.452  -67.552  9.271 0.0000000000
10206  -9.122  -67.109  8.872 0.0000000000
10215  -0.375  -67.652  8.432 0.0000000000
10216  -7.130  -68.176  9.178 0.0000000000
10217  -7.614  -67.870  8.615 0.0000000000
10218  -8.541  -67.274  8.193 0.0000000000
10219  -9.261  -66.928  8.235 0.0000000000
10229  -0.479  -67.799  7.225 0.0000000000
10230  -0.653  -67.136  6.952 0.0000000000
10231  -7.838  -67.732  7.600 0.0000000000
10232  -8.728  -67.311  7.268 0.0000000000
10233  -9.142  -67.169  6.995 0.0000000000
10242  -0.675  -67.953  6.459 0.0000000000
10243  -1.053  -67.428  6.472 0.0000000000
10244  -2.356  -67.527  6.232 0.0000000000
10245  -3.429  -67.030  6.025 0.0000000000
10246  -3.939  -66.804  5.863 0.0000000000
10247  -7.719  -68.079  7.132 0.0000000000
10248  -8.295  -67.835  6.882 0.0000000000
10249  -9.318  -67.480  6.738 0.0000000000
10250  -10.369  -67.398  6.532 0.0000000000
10258  -2.778  -68.071  5.940 0.0000000000
10259  -3.353  -67.775  5.831 0.0000000000
10260  -4.263  -67.265  5.581 0.0000000000
10261  -5.220  -67.296  5.118 0.0000000000
10268  -5.994  -67.266  4.681 0.0000000000
10269  -6.756  -67.105  4.195 0.0000000000
10270  -7.266  -66.801  3.903 0.0000000000
10281  -6.878  -67.648  3.878 0.0000000000
10282  -7.277  -67.324  3.579 0.0000000000
10297  -7.738  -67.288  2.954 0.0000000000
10298  -8.004  -66.966  2.540 0.0000000000
10314  -7.621  -67.502  2.058 0.0000000000
10315  -8.132  -66.855  2.200 0.0000000000
10901  -2.000  -66.256  18.176 0.0000000000
10902  -2.583  -66.651  18.608 0.0000000000
10903  -3.389  -66.353  18.851 0.0000000000
10904  -3.834  -66.814  18.772 0.0000000000
10908  -1.742  -66.331  17.549 0.0000000000
10909  -2.172  -66.915  17.852 0.0000000000
10910  -3.696  -65.785  18.626 0.0000000000
10911  -4.035  -66.322  18.201 0.0000000000
10915  -1.682  -66.533  16.863 0.0000000000
10916  -1.931  -66.923  17.216 0.0000000000
10917  -4.406  -66.152  16.821 0.0000000000
10926  -1.679  -66.603  15.941 0.0000000000
10927  -1.941  -67.088  16.567 0.0000000000
10928  -4.801  -66.365  15.623 0.0000000000
10929  -5.280  -66.695  15.200 0.0000000000
10940  -1.593  -66.445  14.854 0.0000000000
10941  -5.147  -66.212  14.784 0.0000000000
10956  -1.552  -66.500  13.766 0.0000000000
10974  -1.337  -66.494  12.367 0.0000000000
10988  -1.129  -66.469  11.059 0.0000000000
11004  -0.581  -66.940  9.610 0.0000000000
11005  -0.831  -66.512  10.136 0.0000000000
11019  -0.483  -66.921  8.847 0.0000000000
11020  -0.731  -66.368  9.187 0.0000000000
11034  -0.450  -66.941  8.152 0.0000000000
11035  -0.917  -66.357  8.271 0.0000000000
11036  -1.505  -66.152  7.957 0.0000000000
11037  -9.127  -67.007  7.612 0.0000000000
11038  -9.748  -66.741  7.782 0.0000000000
11052  -0.436  -67.263  7.808 0.0000000000
11053  -0.625  -66.860  7.488 0.0000000000
11054  -1.374  -66.419  7.433 0.0000000000
11055  -2.261  -66.349  7.218 0.0000000000
11056  -9.112  -67.086  7.225 0.0000000000
11057  -9.502  -66.940  7.111 0.0000000000
11069  -0.980  -66.797  6.925 0.0000000000
11070  -1.773  -66.815  6.795 0.0000000000
11071  -2.910  -66.539  6.632 0.0000000000
11072  -3.842  -66.436  6.237 0.0000000000
11073  -4.452  -66.173  6.040 0.0000000000
11074  -10.023  -66.982  6.724 0.0000000000
11085  -4.285  -66.607  5.826 0.0000000000
11086  -4.980  -66.435  5.569 0.0000000000
11087  -5.639  -66.146  5.232 0.0000000000
11099  -5.595  -66.701  5.046 0.0000000000
11100  -6.244  -66.395  4.770 0.0000000000
11101  -7.070  -66.332  4.277 0.0000000000
11111  -7.849  -66.380  3.512 0.0000000000
11112  -8.346  -65.966  3.075 0.0000000000
11122  -8.029  -66.788  2.886 0.0000000000
11123  -8.330  -66.350  2.559 0.0000000000
11138  -8.198  -66.411  1.621 0.0000000000
11695  -2.153  -65.762  18.465 0.0000000000
11696  -2.675  -65.565  18.759 0.0000000000
11697  -3.299  -65.317  18.659 0.0000000000
11713  -1.694  -65.592  17.924 0.0000000000
11714  -3.833  -65.203  18.196 0.0000000000
11715  -4.174  -65.524  17.566 0.0000000000
11729  -1.426  -65.755  16.883 0.0000000000
11730  -4.107  -64.865  17.540 0.0000000000
11731  -4.325  -65.075  16.850 0.0000000000
11740  -1.340  -65.698  15.706 0.0000000000
11741  -4.579  -65.224  15.816 0.0000000000
11750  -1.425  -65.631  14.672 0.0000000000
11751  -4.873  -65.486  14.705 0.0000000000
11752  -5.332  -65.814  14.229 0.0000000000
11762  -1.498  -65.499  13.605 0.0000000000
11763  -5.157  -65.344  13.884 0.0000000000
11774  -1.695  -64.969  12.530 0.0000000000
11775  -2.220  -64.560  12.033 0.0000000000
11787  -1.469  -65.618  11.434 0.0000000000
11788  -2.066  -64.916  11.500 0.0000000000
11801  -1.384  -65.809  10.421 0.0000000000
11802  -2.018  -65.282  10.707 0.0000000000
11810  -1.255  -65.905  9.460 0.0000000000
11811  -2.243  -65.377  9.695 0.0000000000
11812  -2.904  -64.957  9.345 0.0000000000
11819  -1.092  -66.029  8.838 0.0000000000
11820  -1.892  -65.869  8.514 0.0000000000
11821  -2.955  -65.238  8.692 0.0000000000
11829  -2.035  -66.102  7.706 0.0000000000
11830  -3.245  -65.701  7.444 0.0000000000
11831  -4.178  -65.241  6.895 0.0000000000
11838  -3.558  -66.093  6.696 0.0000000000
11839  -4.175  -65.723  6.523 0.0000000000
11840  -4.901  -65.658  6.040 0.0000000000
11849  -5.435  -65.626  5.622 0.0000000000
11850  -5.971  -65.573  5.152 0.0000000000
11860  -6.644  -65.599  4.688 0.0000000000
11861  -7.349  -65.575  4.205 0.0000000000
11872  -7.822  -65.425  3.770 0.0000000000
11873  -8.219  -65.497  3.320 0.0000000000
11885  -8.491  -65.513  2.714 0.0000000000
11893  -8.626  -65.470  1.819 0.0000000000
12461  -2.067  -64.740  18.358 0.0000000000
12462  -2.778  -64.606  18.587 0.0000000000
12463  -3.353  -64.422  18.305 0.0000000000
12477  -1.498  -64.705  17.489 0.0000000000
12478  -3.801  -64.300  17.766 0.0000000000
12497  -1.313  -64.814  16.375 0.0000000000
12498  -4.115  -64.279  17.081 0.0000000000
12499  -4.421  -64.350  16.268 0.0000000000
12521  -1.318  -64.987  15.427 0.0000000000
12522  -4.580  -64.446  15.650 0.0000000000
12543  -1.524  -64.718  14.624 0.0000000000
12544  -1.932  -64.182  14.321 0.0000000000
12545  -4.687  -64.530  15.010 0.0000000000
12564  -1.753  -64.644  13.654 0.0000000000
12565  -2.236  -63.984  13.662 0.0000000000
12566  -4.882  -64.625  13.983 0.0000000000
12567  -5.122  -65.012  13.379 0.0000000000
12578  -2.025  -64.425  13.122 0.0000000000
12579  -2.472  -64.000  12.582 0.0000000000
12580  -5.006  -64.457  13.276 0.0000000000
12581  -5.280  -64.694  12.756 0.0000000000
12591  -2.582  -64.227  11.444 0.0000000000
12592  -2.791  -64.005  11.065 0.0000000000
12593  -5.677  -64.448  11.880 0.0000000000
12605  -2.484  -64.723  10.781 0.0000000000
12606  -2.806  -64.172  10.728 0.0000000000
12607  -6.626  -63.974  10.776 0.0000000000
12619  -2.442  -65.030  10.300 0.0000000000
12620  -2.882  -64.562  9.941 0.0000000000
12629  -3.304  -64.480  8.942 0.0000000000
12638  -3.647  -64.648  8.008 0.0000000000
12639  -4.147  -64.704  7.153 0.0000000000
12647  -4.838  -64.772  6.290 0.0000000000
12648  -5.259  -65.184  5.932 0.0000000000
12655  -5.126  -64.358  5.771 0.0000000000
12656  -5.563  -64.699  5.492 0.0000000000
12657  -6.256  -64.991  4.971 0.0000000000
12666  -6.104  -64.442  4.799 0.0000000000
12667  -6.843  -64.721  4.453 0.0000000000
12668  -7.481  -64.953  4.035 0.0000000000
12679  -7.260  -64.477  3.898 0.0000000000
12680  -7.883  -64.693  3.503 0.0000000000
12681  -8.405  -64.956  3.032 0.0000000000
12687  -8.187  -64.499  2.887 0.0000000000
12688  -8.576  -64.748  2.364 0.0000000000
13219  -2.087  -64.139  18.281 0.0000000000
13220  -2.378  -63.969  18.325 0.0000000000
13221  -2.930  -63.784  18.365 0.0000000000
13229  -1.908  -63.752  17.976 0.0000000000
13230  -2.322  -63.472  18.177 0.0000000000
13231  -3.432  -63.435  17.834 0.0000000000
13232  -3.852  -63.109  17.289 0.0000000000
13241  -1.596  -63.721  16.848 0.0000000000
13242  -1.736  -63.305  16.134 0.0000000000
13243  -3.883  -63.685  17.355 0.0000000000
13244  -4.198  -63.427  16.666 0.0000000000
13257  -1.553  -64.120  15.705 0.0000000000
13258  -1.873  -63.315  15.448 0.0000000000
13259  -4.570  -63.653  15.587 0.0000000000
13270  -1.787  -63.948  14.943 0.0000000000
13271  -2.145  -63.319  14.544 0.0000000000
13272  -4.797  -63.675  14.502 0.0000000000
13290  -2.439  -62.955  13.503 0.0000000000
13291  -4.972  -63.688  13.433 0.0000000000
13292  -5.132  -63.247  12.904 0.0000000000
13311  -2.588  -62.937  12.477 0.0000000000
13312  -4.989  -64.163  12.983 0.0000000000
13313  -5.128  -63.806  12.507 0.0000000000
13330  -2.715  -63.362  11.503 0.0000000000
13331  -2.753  -63.832  11.224 0.0000000000
13332  -5.494  -63.447  11.602 0.0000000000
13333  -5.863  -63.974  11.321 0.0000000000
13346  -2.786  -63.229  10.877 0.0000000000
13347  -2.827  -63.668  10.870 0.0000000000
13348  -5.629  -62.968  11.160 0.0000000000
13349  -6.090  -63.430  10.785 0.0000000000
13350  -6.880  -63.684  10.354 0.0000000000
13363  -3.041  -63.741  10.217 0.0000000000
13364  -6.590  -63.061  10.120 0.0000000000
13365  -7.259  -63.201  9.658 0.0000000000
13377  -3.235  -63.699  9.327 0.0000000000
13378  -7.839  -62.912  9.130 0.0000000000
13391  -3.493  -63.590  8.138 0.0000000000
13392  -3.931  -63.986  7.374 0.0000000000
13404  -3.480  -63.298  6.878 0.0000000000
13405  -4.248  -63.879  6.502 0.0000000000
13415  -3.568  -63.228  5.676 0.0000000000
13416  -4.748  -63.859  5.376 0.0000000000
13417  -5.560  -64.021  4.807 0.0000000000
13431  -3.632  -63.172  4.258 0.0000000000
13432  -5.009  -63.629  4.058 0.0000000000
13433  -6.205  -63.969  4.107 0.0000000000
13434  -6.860  -64.252  3.973 0.0000000000
13442  -3.738  -62.962  3.462 0.0000000000
13443  -4.428  -63.197  2.988 0.0000000000
13444  -5.739  -63.610  3.026 0.0000000000
13445  -7.078  -64.004  3.290 0.0000000000
13446  -7.822  -64.254  3.045 0.0000000000
13451  -4.745  -62.909  2.369 0.0000000000
13452  -5.403  -63.107  1.894 0.0000000000
13453  -6.695  -63.551  2.126 0.0000000000
13454  -7.962  -64.016  2.342 0.0000000000
13455  -8.501  -64.364  1.925 0.0000000000
14078  -2.602  -63.422  18.233 0.0000000000
14079  -2.929  -63.148  18.146 0.0000000000
14087  -1.918  -62.871  17.335 0.0000000000
14088  -2.440  -62.889  17.889 0.0000000000
14089  -3.126  -62.568  17.677 0.0000000000
14090  -3.557  -62.736  17.390 0.0000000000
14098  -1.794  -62.648  16.589 0.0000000000
14099  -1.793  -62.740  15.918 0.0000000000
14100  -3.465  -62.270  17.169 0.0000000000
14101  -3.945  -62.484  16.876 0.0000000000
14114  -1.725  -62.138  16.008 0.0000000000
14115  -1.891  -62.394  15.258 0.0000000000
14116  -4.386  -62.589  16.039 0.0000000000
14127  -2.141  -62.319  14.373 0.0000000000
14128  -4.764  -62.596  14.989 0.0000000000
14129  -5.069  -62.218  14.211 0.0000000000
14136  -2.204  -62.039  13.730 0.0000000000
14137  -4.973  -62.949  14.098 0.0000000000
14138  -5.206  -62.600  13.337 0.0000000000
14148  -2.225  -62.053  12.871 0.0000000000
14149  -5.292  -62.884  12.390 0.0000000000
14161  -2.371  -62.357  11.783 0.0000000000
14162  -5.594  -62.515  11.624 0.0000000000
14173  -2.557  -62.621  10.631 0.0000000000
14174  -2.868  -63.264  10.486 0.0000000000
14175  -5.851  -62.484  10.919 0.0000000000
14176  -6.256  -62.465  10.361 0.0000000000
14190  -2.391  -62.375  9.437 0.0000000000
14191  -2.914  -63.067  9.817 0.0000000000
14192  -6.748  -62.379  9.773 0.0000000000
14193  -7.369  -62.288  9.281 0.0000000000
14207  -1.594  -61.757  7.725 0.0000000000
14208  -2.069  -62.159  8.297 0.0000000000
14209  -2.922  -62.842  8.748 0.0000000000
14210  -8.031  -62.226  8.791 0.0000000000
14211  -8.869  -62.149  8.243 0.0000000000
14224  -1.496  -61.717  7.293 0.0000000000
14225  -1.797  -62.071  7.319 0.0000000000
14226  -2.668  -62.632  7.419 0.0000000000
14227  -9.110  -61.425  8.015 0.0000000000
14228  -9.601  -61.763  7.747 0.0000000000
14241  -1.454  -61.738  6.827 0.0000000000
14242  -1.905  -62.243  6.528 0.0000000000
14243  -2.672  -62.693  6.154 0.0000000000
14258  -1.407  -61.827  6.082 0.0000000000
14259  -1.877  -62.306  5.634 0.0000000000
14260  -2.641  -62.660  5.106 0.0000000000
14274  -1.503  -61.885  5.473 0.0000000000
14275  -1.876  -62.137  4.936 0.0000000000
14276  -2.748  -62.336  4.507 0.0000000000
14283  -3.461  -62.564  3.858 0.0000000000
14284  -4.025  -62.663  3.257 0.0000000000
14290  -4.533  -62.655  2.675 0.0000000000
14291  -5.013  -62.549  2.142 0.0000000000
15003  -1.860  -62.290  17.018 0.0000000000
15004  -2.159  -62.185  17.292 0.0000000000
15005  -2.667  -62.176  17.439 0.0000000000
15013  -1.865  -61.688  16.556 0.0000000000
15014  -2.509  -61.637  16.926 0.0000000000
15015  -3.113  -61.862  17.036 0.0000000000
15016  -3.620  -61.815  16.696 0.0000000000
15028  -1.625  -61.407  15.495 0.0000000000
15029  -1.775  -61.715  14.765 0.0000000000
15030  -4.095  -61.880  16.309 0.0000000000
15042  -1.529  -60.939  14.357 0.0000000000
15043  -1.878  -61.668  14.182 0.0000000000
15044  -4.477  -61.707  15.612 0.0000000000
15045  -4.922  -61.550  14.733 0.0000000000
15053  -1.498  -60.822  13.288 0.0000000000
15054  -1.802  -61.464  13.561 0.0000000000
15055  -5.335  -61.516  13.757 0.0000000000
15063  -1.460  -60.914  12.414 0.0000000000
15064  -1.725  -61.352  12.851 0.0000000000
15065  -5.629  -61.771  12.507 0.0000000000
15074  -1.477  -61.047  11.517 0.0000000000
15075  -1.868  -61.552  12.088 0.0000000000
15076  -6.019  -61.635  11.269 0.0000000000
15077  -6.371  -61.167  10.990 0.0000000000
15088  -1.497  -61.125  10.498 0.0000000000
15089  -1.963  -61.730  11.086 0.0000000000
15090  -6.132  -61.989  10.680 0.0000000000
15091  -6.651  -61.459  10.325 0.0000000000
15092  -7.220  -60.955  10.147 0.0000000000
15103  -1.481  -61.231  9.400 0.0000000000
15104  -1.929  -61.823  10.022 0.0000000000
15105  -7.067  -61.795  9.629 0.0000000000
15106  -7.761  -61.186  9.431 0.0000000000
15107  -8.466  -60.759  9.155 0.0000000000
15119  -1.481  -61.520  8.403 0.0000000000
15120  -1.796  -61.865  9.109 0.0000000000
15121  -8.304  -61.659  8.673 0.0000000000
15122  -8.748  -61.064  8.588 0.0000000000
15123  -9.188  -60.708  8.215 0.0000000000
15133  -1.338  -61.270  7.460 0.0000000000
15134  -9.099  -61.046  8.101 0.0000000000
15135  -9.448  -60.962  7.763 0.0000000000
15136  -10.098  -61.229  7.248 0.0000000000
15147  -1.207  -61.160  6.536 0.0000000000
15148  -10.649  -61.084  6.768 0.0000000000
15164  -1.293  -61.231  5.741 0.0000000000
15165  -2.249  -61.122  5.011 0.0000000000
15166  -2.653  -61.227  4.932 0.0000000000
15181  -1.655  -61.444  5.198 0.0000000000
15182  -2.168  -61.540  4.803 0.0000000000
15183  -3.207  -61.747  4.363 0.0000000000
15184  -4.117  -61.659  3.985 0.0000000000
15185  -4.893  -61.364  3.726 0.0000000000
15192  -3.789  -62.192  3.651 0.0000000000
15193  -4.516  -62.036  3.062 0.0000000000
15194  -5.372  -61.328  3.030 0.0000000000
15200  -4.763  -62.296  2.471 0.0000000000
15201  -5.222  -61.748  2.119 0.0000000000
15967  -1.779  -60.870  15.974 0.0000000000
15968  -2.289  -60.939  16.410 0.0000000000
15969  -2.988  -61.169  16.601 0.0000000000
15970  -3.363  -61.461  16.609 0.0000000000
15984  -1.680  -60.403  15.183 0.0000000000
15985  -2.163  -60.375  15.706 0.0000000000
15986  -2.867  -60.563  15.954 0.0000000000
15987  -3.756  -61.084  16.022 0.0000000000
16001  -1.587  -60.079  14.438 0.0000000000
16002  -4.521  -60.858  15.189 0.0000000000
16003  -5.091  -60.666  14.310 0.0000000000
16015  -1.539  -60.123  13.692 0.0000000000
16016  -5.686  -60.471  13.099 0.0000000000
16017  -5.902  -59.816  12.737 0.0000000000
16026  -1.520  -60.199  12.751 0.0000000000
16027  -6.048  -60.850  11.876 0.0000000000
16028  -6.389  -59.848  11.974 0.0000000000
16029  -6.866  -59.468  11.472 0.0000000000
16036  -1.492  -60.403  11.947 0.0000000000
16037  -6.267  -61.046  11.316 0.0000000000
16038  -6.664  -60.628  11.057 0.0000000000
16039  -7.204  -59.738  11.067 0.0000000000
16040  -7.860  -59.719  10.553 0.0000000000
16052  -1.568  -60.312  11.070 0.0000000000
16053  -7.008  -60.841  10.483 0.0000000000
16054  -7.503  -60.390  10.347 0.0000000000
16055  -8.272  -59.922  10.103 0.0000000000
16056  -8.737  -59.808  9.726 0.0000000000
16068  -1.556  -60.329  9.890 0.0000000000
16069  -7.998  -60.413  9.844 0.0000000000
16070  -8.454  -60.327  9.529 0.0000000000
16071  -8.993  -59.975  9.346 0.0000000000
16082  -1.438  -60.493  8.496 0.0000000000
16083  -8.787  -60.431  9.054 0.0000000000
16084  -9.248  -60.156  8.702 0.0000000000
16085  -9.677  -59.855  8.239 0.0000000000
16096  -1.301  -60.365  7.198 0.0000000000
16097  -9.478  -60.350  8.071 0.0000000000
16098  -9.945  -60.252  7.642 0.0000000000
16107  -1.162  -60.369  6.191 0.0000000000
16108  -10.372  -60.516  7.041 0.0000000000
16109  -10.836  -60.397  6.571 0.0000000000
16122  -1.656  -60.527  5.429 0.0000000000
16123  -2.442  -60.598  5.245 0.0000000000
16124  -3.563  -60.752  5.006 0.0000000000
16125  -4.300  -60.347  4.949 0.0000000000
16126  -11.505  -60.277  5.985 0.0000000000
16127  -12.416  -60.099  5.217 0.0000000000
16137  -1.816  -61.153  5.109 0.0000000000
16138  -2.028  -60.969  5.095 0.0000000000
16139  -3.853  -61.321  4.517 0.0000000000
16140  -4.612  -60.825  4.566 0.0000000000
16141  -5.781  -60.621  3.866 0.0000000000
16142  -6.395  -60.124  3.687 0.0000000000
16143  -12.726  -59.389  4.917 0.0000000000
16152  -6.017  -60.863  3.017 0.0000000000
16153  -6.375  -60.381  3.233 0.0000000000
16158  -5.761  -60.945  2.383 0.0000000000
16159  -6.218  -60.392  2.571 0.0000000000
16966  -2.023  -59.880  15.161 0.0000000000
16967  -2.626  -59.917  15.277 0.0000000000
16968  -3.503  -60.214  15.355 0.0000000000
16969  -4.051  -60.537  15.304 0.0000000000
16985  -1.821  -59.786  14.715 0.0000000000
16986  -2.251  -59.429  14.560 0.0000000000
16987  -3.220  -59.479  14.593 0.0000000000
16988  -4.374  -59.988  14.650 0.0000000000
16989  -5.191  -59.973  13.897 0.0000000000
17005  -1.843  -59.446  14.013 0.0000000000
17006  -2.148  -59.226  14.135 0.0000000000
17007  -4.031  -59.358  14.032 0.0000000000
17008  -4.809  -59.491  13.733 0.0000000000
17009  -5.570  -59.591  13.179 0.0000000000
17010  -6.080  -59.405  12.492 0.0000000000
17023  -1.691  -59.478  13.094 0.0000000000
17024  -6.448  -59.263  12.026 0.0000000000
17025  -6.746  -59.238  11.670 0.0000000000
17034  -1.689  -59.527  11.925 0.0000000000
17035  -7.264  -59.187  11.263 0.0000000000
17036  -7.900  -59.244  10.734 0.0000000000
17037  -8.421  -59.131  10.317 0.0000000000
17046  -1.776  -59.352  10.597 0.0000000000
17047  -8.256  -59.461  10.361 0.0000000000
17048  -8.681  -59.378  9.970 0.0000000000
17049  -9.017  -59.077  9.659 0.0000000000
17058  -1.669  -59.342  9.310 0.0000000000
17059  -9.013  -59.483  9.530 0.0000000000
17060  -9.275  -59.102  9.285 0.0000000000
17071  -1.572  -59.281  7.977 0.0000000000
17072  -9.239  -59.587  9.146 0.0000000000
17073  -9.568  -59.284  8.728 0.0000000000
17084  -1.454  -59.538  6.816 0.0000000000
17085  -10.005  -59.305  8.011 0.0000000000
17095  -1.571  -59.540  5.967 0.0000000000
17096  -1.972  -59.141  5.899 0.0000000000
17097  -10.454  -59.594  7.194 0.0000000000
17098  -10.985  -59.429  6.517 0.0000000000
17112  -1.717  -59.894  5.599 0.0000000000
17113  -2.161  -59.649  5.604 0.0000000000
17114  -3.187  -59.733  5.465 0.0000000000
17115  -4.346  -59.639  5.184 0.0000000000
17116  -5.001  -59.196  5.119 0.0000000000
17117  -11.626  -59.165  5.860 0.0000000000
17118  -12.312  -58.917  5.229 0.0000000000
17128  -4.657  -60.132  4.892 0.0000000000
17129  -5.340  -59.717  4.774 0.0000000000
17130  -6.485  -59.522  4.083 0.0000000000
17131  -6.997  -58.983  3.874 0.0000000000
17132  -12.965  -58.762  4.628 0.0000000000
17143  -6.757  -59.872  3.370 0.0000000000
17144  -7.102  -59.278  3.441 0.0000000000
17150  -6.624  -60.037  2.773 0.0000000000
17151  -7.032  -59.609  2.769 0.0000000000
17160  -7.131  -59.341  2.307 0.0000000000
18011  -2.308  -59.178  14.164 0.0000000000
18012  -2.577  -59.185  14.145 0.0000000000
18028  -1.912  -59.107  13.366 0.0000000000
18029  -2.318  -58.993  13.602 0.0000000000
18030  -3.293  -58.936  13.595 0.0000000000
18031  -4.386  -58.963  13.358 0.0000000000
18032  -5.248  -59.052  13.094 0.0000000000
18033  -5.805  -59.128  12.698 0.0000000000
18049  -2.051  -58.744  12.546 0.0000000000
18050  -2.833  -58.202  12.449 0.0000000000
18051  -3.908  -58.445  12.711 0.0000000000
18052  -4.905  -58.605  12.672 0.0000000000
18053  -5.682  -58.749  12.486 0.0000000000
18054  -6.348  -58.836  12.065 0.0000000000
18055  -6.651  -59.014  11.828 0.0000000000
18068  -1.935  -58.291  11.284 0.0000000000
18069  -2.263  -57.935  11.812 0.0000000000
18070  -6.620  -58.580  11.685 0.0000000000
18071  -6.963  -58.747  11.507 0.0000000000
18072  -7.757  -58.765  10.937 0.0000000000
18073  -8.353  -58.805  10.482 0.0000000000
18082  -1.757  -58.226  10.057 0.0000000000
18083  -8.830  -58.812  10.039 0.0000000000
18084  -9.278  -58.683  9.609 0.0000000000
18091  -1.772  -58.288  8.899 0.0000000000
18092  -9.580  -58.636  9.151 0.0000000000
18100  -1.790  -58.297  8.064 0.0000000000
18101  -9.980  -58.548  8.583 0.0000000000
18111  -1.856  -58.567  7.258 0.0000000000
18112  -2.261  -58.276  7.080 0.0000000000
18113  -10.472  -58.439  7.673 0.0000000000
18114  -10.744  -57.843  7.362 0.0000000000
18124  -1.704  -59.075  6.589 0.0000000000
18125  -2.183  -58.662  6.504 0.0000000000
18126  -2.932  -58.547  6.313 0.0000000000
18127  -3.372  -58.563  6.098 0.0000000000
18128  -10.692  -58.912  7.007 0.0000000000
18129  -11.029  -58.273  6.712 0.0000000000
18141  -2.372  -58.949  5.948 0.0000000000
18142  -2.935  -58.989  5.806 0.0000000000
18143  -3.871  -58.728  5.758 0.0000000000
18144  -4.913  -58.583  5.394 0.0000000000
18145  -5.543  -58.312  5.098 0.0000000000
18146  -11.776  -57.998  5.791 0.0000000000
18147  -12.406  -58.025  5.056 0.0000000000
18157  -5.367  -58.875  5.021 0.0000000000
18158  -6.018  -58.646  4.699 0.0000000000
18159  -6.777  -58.535  4.170 0.0000000000
18160  -12.842  -57.872  4.513 0.0000000000
18161  -13.610  -58.103  4.111 0.0000000000
18172  -7.344  -58.507  3.565 0.0000000000
18173  -7.821  -58.266  2.995 0.0000000000
18183  -7.523  -58.980  2.742 0.0000000000
18184  -7.933  -58.350  2.263 0.0000000000
18195  -8.054  -58.186  1.401 0.0000000000
19042  -2.986  -57.544  11.922 0.0000000000
19043  -3.578  -57.785  12.075 0.0000000000
19044  -4.543  -58.065  12.101 0.0000000000
19045  -5.503  -58.317  12.053 0.0000000000
19046  -6.034  -58.531  12.023 0.0000000000
19062  -2.051  -57.410  11.298 0.0000000000
19063  -2.502  -57.164  11.460 0.0000000000
19064  -3.244  -57.167  11.608 0.0000000000
19065  -4.166  -57.368  11.625 0.0000000000
19066  -5.244  -57.629  11.607 0.0000000000
19067  -6.527  -58.037  11.450 0.0000000000
19068  -7.607  -58.234  11.015 0.0000000000
19069  -8.361  -58.380  10.562 0.0000000000
19070  -8.706  -58.527  10.270 0.0000000000
19087  -1.820  -57.017  10.624 0.0000000000
19088  -2.007  -56.878  11.145 0.0000000000
19089  -6.947  -57.628  10.957 0.0000000000
19090  -7.410  -57.674  10.817 0.0000000000
19091  -8.324  -57.818  10.513 0.0000000000
19092  -9.174  -58.140  10.000 0.0000000000
19093  -9.499  -58.357  9.500 0.0000000000
19105  -1.753  -57.180  9.524 0.0000000000
19106  -9.495  -57.769  9.586 0.0000000000
19107  -9.812  -57.991  9.274 0.0000000000
19115  -2.014  -57.391  8.452 0.0000000000
19116  -2.385  -57.004  8.174 0.0000000000
19117  -10.271  -57.761  8.525 0.0000000000
19126  -2.028  -57.976  7.829 0.0000000000
19127  -2.504  -57.603  7.567 0.0000000000
19128  -3.100  -57.300  7.276 0.0000000000
19129  -10.604  -57.435  7.839 0.0000000000
19130  -10.901  -57.304  7.145 0.0000000000
19139  -2.481  -58.133  7.007 0.0000000000
19140  -2.964  -57.902  6.888 0.0000000000
19141  -3.737  -57.920  6.388 0.0000000000
19142  -11.315  -57.256  6.437 0.0000000000
19153  -4.662  -57.733  5.879 0.0000000000
19154  -5.418  -57.621  5.284 0.0000000000
19155  -5.890  -57.894  4.914 0.0000000000
19156  -11.672  -57.076  5.829 0.0000000000
19157  -12.036  -57.280  5.321 0.0000000000
19165  -5.886  -57.326  4.844 0.0000000000
19166  -6.417  -57.637  4.432 0.0000000000
19167  -7.027  -57.894  3.929 0.0000000000
19168  -12.402  -57.269  4.772 0.0000000000
19169  -12.962  -57.091  4.152 0.0000000000
19178  -6.841  -57.350  3.875 0.0000000000
19179  -7.427  -57.548  3.317 0.0000000000
19180  -7.917  -57.788  2.680 0.0000000000
19181  -13.873  -57.215  3.725 0.0000000000
19192  -7.721  -57.282  2.622 0.0000000000
19193  -8.058  -57.534  1.996 0.0000000000
19201  -8.159  -57.450  1.154 0.0000000000
19209  -8.149  -57.244  0.529 0.0000000000
20050  -2.424  -56.625  11.200 0.0000000000
20051  -2.800  -56.598  11.254 0.0000000000
20052  -3.701  -56.687  11.213 0.0000000000
20053  -4.787  -56.876  11.143 0.0000000000
20054  -5.802  -57.183  11.081 0.0000000000
20072  -1.783  -56.348  10.529 0.0000000000
20073  -2.151  -56.193  10.836 0.0000000000
20074  -3.179  -56.043  10.873 0.0000000000
20075  -4.238  -56.183  10.681 0.0000000000
20076  -5.500  -56.372  10.429 0.0000000000
20077  -6.798  -57.113  10.556 0.0000000000
20078  -7.971  -57.230  10.158 0.0000000000
20079  -8.893  -57.465  9.926 0.0000000000
20080  -9.315  -57.659  9.727 0.0000000000
20095  -1.692  -55.979  9.960 0.0000000000
20096  -1.896  -55.712  10.373 0.0000000000
20097  -5.758  -55.950  9.836 0.0000000000
20098  -6.453  -56.294  9.855 0.0000000000
20099  -7.510  -56.481  9.508 0.0000000000
20100  -8.646  -56.830  9.497 0.0000000000
20101  -9.511  -57.273  9.327 0.0000000000
20102  -10.010  -57.432  8.948 0.0000000000
20113  -1.781  -56.339  8.979 0.0000000000
20114  -2.150  -56.431  8.433 0.0000000000
20115  -7.748  -56.152  8.876 0.0000000000
20116  -8.379  -56.290  8.915 0.0000000000
20117  -9.270  -56.421  8.900 0.0000000000
20118  -10.124  -56.765  8.460 0.0000000000
20126  -2.558  -56.517  7.956 0.0000000000
20127  -3.043  -56.664  7.463 0.0000000000
20128  -10.650  -56.571  7.549 0.0000000000
20129  -10.969  -56.510  6.812 0.0000000000
20135  -3.570  -56.940  6.899 0.0000000000
20136  -4.286  -56.865  6.194 0.0000000000
20137  -11.319  -56.420  6.101 0.0000000000
20148  -5.039  -56.670  5.289 0.0000000000
20149  -5.610  -57.014  5.009 0.0000000000
20150  -11.735  -56.445  5.298 0.0000000000
20151  -12.055  -56.868  4.991 0.0000000000
20160  -5.156  -56.234  4.631 0.0000000000
20161  -5.845  -56.654  4.326 0.0000000000
20162  -6.480  -57.063  4.065 0.0000000000
20163  -11.841  -56.172  4.927 0.0000000000
20164  -12.218  -56.399  4.651 0.0000000000
20165  -12.791  -56.212  4.079 0.0000000000
20174  -6.081  -56.393  3.576 0.0000000000
20175  -6.674  -56.770  3.484 0.0000000000
20176  -7.320  -56.889  2.860 0.0000000000
20177  -13.415  -56.360  3.696 0.0000000000
20178  -14.273  -56.445  3.357 0.0000000000
20188  -6.220  -56.266  3.056 0.0000000000
20189  -6.817  -56.403  2.499 0.0000000000
20190  -7.581  -56.803  2.111 0.0000000000
20191  -7.959  -57.004  1.513 0.0000000000
20197  -7.147  -56.373  1.770 0.0000000000
20198  -7.567  -56.559  1.287 0.0000000000
20199  -7.998  -56.893  0.909 0.0000000000
20207  -7.670  -56.532  0.644 0.0000000000
20208  -7.984  -56.799  0.261 0.0000000000
20218  -7.650  -56.434  0.074 0.0000000000
20219  -7.879  -56.582  -0.396 0.0000000000
21007  -2.792  -55.504  10.496 0.0000000000
21008  -3.678  -55.480  10.347 0.0000000000
21009  -4.707  -55.667  10.126 0.0000000000
21010  -5.324  -55.835  10.003 0.0000000000
21028  -1.792  -55.027  9.377 0.0000000000
21029  -2.138  -55.234  10.061 0.0000000000
21030  -3.094  -54.951  9.957 0.0000000000
21031  -4.158  -54.939  9.562 0.0000000000
21032  -5.255  -55.481  9.515 0.0000000000
21033  -6.205  -55.823  9.340 0.0000000000
21034  -6.819  -56.099  9.374 0.0000000000
21045  -1.732  -55.336  8.778 0.0000000000
21046  -1.908  -55.886  8.604 0.0000000000
21047  -4.281  -54.734  9.089 0.0000000000
21048  -4.743  -54.950  8.949 0.0000000000
21049  -5.851  -55.280  8.691 0.0000000000
21050  -7.035  -55.813  8.763 0.0000000000
21051  -8.005  -55.866  8.397 0.0000000000
21052  -8.875  -55.839  8.394 0.0000000000
21053  -9.611  -55.953  8.302 0.0000000000
21064  -1.790  -55.055  8.188 0.0000000000
21065  -2.137  -55.578  8.102 0.0000000000
21066  -2.684  -55.893  7.559 0.0000000000
21067  -6.608  -55.263  8.107 0.0000000000
21068  -7.447  -55.373  7.900 0.0000000000
21069  -8.407  -55.361  7.808 0.0000000000
21070  -9.282  -55.368  7.797 0.0000000000
21071  -10.162  -55.629  7.622 0.0000000000
21072  -10.681  -55.907  7.097 0.0000000000
21080  -1.927  -54.869  7.738 0.0000000000
21081  -2.353  -55.100  7.152 0.0000000000
21082  -3.182  -55.817  6.895 0.0000000000
21083  -3.791  -56.184  6.380 0.0000000000
21084  -10.544  -55.256  6.925 0.0000000000
21085  -10.913  -55.596  6.426 0.0000000000
21096  -2.662  -55.088  6.230 0.0000000000
21097  -3.377  -55.541  5.943 0.0000000000
21098  -4.174  -55.993  5.648 0.0000000000
21099  -11.296  -55.606  5.679 0.0000000000
21107  -2.750  -55.085  5.330 0.0000000000
21108  -3.518  -55.443  4.990 0.0000000000
21109  -4.480  -55.811  4.637 0.0000000000
21110  -5.119  -56.019  4.121 0.0000000000
21111  -11.734  -55.605  4.899 0.0000000000
21112  -12.386  -55.456  4.130 0.0000000000
21113  -12.997  -55.734  3.703 0.0000000000
21122  -2.779  -55.075  4.357 0.0000000000
21123  -3.568  -55.364  3.944 0.0000000000
21124  -4.477  -55.650  3.543 0.0000000000
21125  -5.494  -56.040  3.345 0.0000000000
21126  -12.874  -55.128  3.535 0.0000000000
21127  -13.688  -55.404  3.218 0.0000000000
21128  -14.773  -55.693  2.990 0.0000000000
21138  -2.813  -55.074  3.405 0.0000000000
21139  -3.497  -55.274  2.713 0.0000000000
21140  -4.717  -55.591  2.431 0.0000000000
21141  -5.897  -55.958  2.242 0.0000000000
21142  -6.630  -56.123  1.773 0.0000000000
21143  -14.452  -54.845  2.780 0.0000000000
21144  -15.297  -54.959  2.739 0.0000000000
21152  -3.802  -55.242  1.369 0.0000000000
21153  -5.141  -55.556  1.313 0.0000000000
21154  -6.193  -55.827  1.190 0.0000000000
21155  -7.020  -56.137  1.103 0.0000000000
21156  -7.405  -56.348  0.872 0.0000000000
21165  -3.790  -55.160  0.522 0.0000000000
21166  -4.518  -55.244  0.269 0.0000000000
21167  -5.687  -55.498  0.320 0.0000000000
21168  -6.655  -55.829  0.288 0.0000000000
21169  -7.307  -56.213  0.411 0.0000000000
21182  -4.673  -55.096  -0.440 0.0000000000
21183  -5.280  -55.185  -0.412 0.0000000000
21184  -6.215  -55.349  -0.797 0.0000000000
21185  -7.334  -56.011  -0.578 0.0000000000
21186  -7.775  -56.368  -0.891 0.0000000000
21194  -6.332  -55.088  -1.612 0.0000000000
21195  -7.048  -55.321  -1.856 0.0000000000
21196  -7.695  -56.121  -1.554 0.0000000000
21204  -7.355  -55.053  -2.627 0.0000000000
21990  -1.821  -54.732  9.159 0.0000000000
21991  -2.002  -54.680  9.313 0.0000000000
21992  -2.596  -54.561  9.452 0.0000000000
21993  -3.361  -54.485  9.386 0.0000000000
22008  -1.879  -54.597  8.780 0.0000000000
22009  -2.263  -54.250  8.888 0.0000000000
22010  -2.961  -53.986  8.993 0.0000000000
22011  -4.037  -54.329  8.712 0.0000000000
22012  -5.141  -54.641  8.265 0.0000000000
22013  -5.981  -54.868  7.956 0.0000000000
22026  -1.831  -54.602  8.095 0.0000000000
22027  -4.654  -54.185  7.834 0.0000000000
22028  -5.579  -54.339  7.372 0.0000000000
22029  -6.734  -54.746  7.389 0.0000000000
22030  -7.849  -54.774  7.270 0.0000000000
22031  -8.796  -54.707  7.325 0.0000000000
22032  -9.631  -54.721  7.300 0.0000000000
22033  -10.230  -54.772  7.055 0.0000000000
22044  -1.888  -54.292  6.987 0.0000000000
22045  -2.172  -54.603  6.335 0.0000000000
22046  -6.373  -54.094  6.774 0.0000000000
22047  -7.296  -54.124  6.732 0.0000000000
22048  -8.267  -54.082  6.803 0.0000000000
22049  -9.133  -54.022  6.885 0.0000000000
22050  -9.913  -54.032  6.817 0.0000000000
22051  -10.606  -54.405  6.288 0.0000000000
22052  -10.998  -55.028  5.953 0.0000000000
22063  -1.956  -54.117  5.577 0.0000000000
22064  -2.303  -54.665  5.662 0.0000000000
22065  -10.804  -53.909  5.677 0.0000000000
22066  -11.197  -54.494  5.340 0.0000000000
22075  -1.937  -53.951  4.278 0.0000000000
22076  -2.293  -54.554  4.816 0.0000000000
22077  -11.840  -54.555  4.396 0.0000000000
22078  -12.447  -54.477  3.697 0.0000000000
22085  -1.908  -53.900  3.013 0.0000000000
22086  -2.299  -54.554  3.695 0.0000000000
22087  -13.144  -54.440  3.212 0.0000000000
22088  -13.864  -54.391  2.832 0.0000000000
22093  -1.706  -53.903  1.752 0.0000000000
22094  -2.389  -54.761  2.358 0.0000000000
22095  -3.054  -55.105  1.951 0.0000000000
22096  -14.356  -54.245  2.678 0.0000000000
22097  -14.904  -54.206  2.587 0.0000000000
22098  -15.764  -54.187  2.627 0.0000000000
22107  -1.805  -53.800  0.616 0.0000000000
22108  -2.208  -54.487  1.049 0.0000000000
22109  -2.825  -54.953  1.402 0.0000000000
22120  -2.115  -53.699  -0.131 0.0000000000
22121  -2.257  -54.228  0.011 0.0000000000
22122  -3.116  -54.873  0.357 0.0000000000
22123  -3.819  -55.105  0.109 0.0000000000
22124  -11.112  -53.697  0.338 0.0000000000
22125  -11.442  -53.683  0.236 0.0000000000
22136  -2.262  -53.620  -0.455 0.0000000000
22137  -2.332  -53.815  -0.713 0.0000000000
22138  -2.907  -54.332  -0.735 0.0000000000
22139  -3.958  -54.867  -0.636 0.0000000000
22140  -4.919  -54.972  -0.974 0.0000000000
22141  -5.519  -55.089  -0.956 0.0000000000
22142  -10.734  -53.851  0.084 0.0000000000
22143  -11.311  -53.961  -0.171 0.0000000000
22144  -11.977  -54.068  -0.483 0.0000000000
22145  -12.650  -54.028  -0.759 0.0000000000
22149  -2.499  -53.566  -1.101 0.0000000000
22150  -2.731  -53.802  -1.423 0.0000000000
22151  -3.521  -54.153  -1.688 0.0000000000
22152  -4.492  -54.500  -1.638 0.0000000000
22153  -5.593  -54.798  -1.659 0.0000000000
22154  -6.376  -54.822  -2.121 0.0000000000
22155  -10.671  -53.975  -0.586 0.0000000000
22156  -11.347  -54.245  -0.988 0.0000000000
22157  -12.157  -54.435  -1.315 0.0000000000
22158  -13.199  -54.373  -1.488 0.0000000000
22159  -14.025  -54.271  -1.991 0.0000000000
22163  -4.110  -54.027  -2.270 0.0000000000
22164  -4.946  -54.037  -2.371 0.0000000000
22165  -5.964  -54.205  -2.566 0.0000000000
22166  -6.915  -54.539  -2.778 0.0000000000
22167  -7.516  -54.773  -3.022 0.0000000000
22168  -10.630  -53.990  -1.501 0.0000000000
22169  -11.342  -54.448  -1.962 0.0000000000
22170  -12.328  -54.859  -2.394 0.0000000000
22171  -13.444  -54.855  -2.552 0.0000000000
22172  -14.396  -54.561  -2.692 0.0000000000
22173  -14.938  -54.399  -3.080 0.0000000000
22177  -7.384  -54.271  -3.308 0.0000000000
22178  -7.844  -54.519  -3.625 0.0000000000
22179  -10.587  -53.890  -2.501 0.0000000000
22180  -11.239  -54.416  -3.129 0.0000000000
23071  -1.911  -54.342  8.237 0.0000000000
23072  -2.052  -54.142  8.289 0.0000000000
23073  -2.524  -53.875  8.331 0.0000000000
23074  -3.215  -53.810  8.308 0.0000000000
23086  -1.910  -54.122  7.757 0.0000000000
23087  -2.226  -53.788  7.668 0.0000000000
23088  -2.856  -53.542  7.639 0.0000000000
23089  -3.840  -53.741  7.597 0.0000000000
23090  -4.767  -53.861  7.151 0.0000000000
23103  -2.021  -53.775  7.068 0.0000000000
23104  -2.452  -53.355  6.734 0.0000000000
23105  -3.267  -53.254  6.828 0.0000000000
23106  -4.326  -53.318  6.503 0.0000000000
23107  -5.562  -53.605  6.519 0.0000000000
23108  -6.730  -53.374  6.221 0.0000000000
23109  -7.748  -53.402  6.361 0.0000000000
23110  -8.624  -53.356  6.465 0.0000000000
23111  -9.395  -53.345  6.466 0.0000000000
23112  -10.070  -53.323  6.282 0.0000000000
23123  -2.081  -53.463  6.014 0.0000000000
23124  -2.323  -53.162  6.093 0.0000000000
23125  -5.173  -53.023  5.941 0.0000000000
23126  -6.062  -53.026  5.857 0.0000000000
23127  -6.589  -52.920  5.903 0.0000000000
23128  -10.523  -53.338  5.794 0.0000000000
23129  -10.915  -53.387  5.245 0.0000000000
23136  -1.900  -53.372  4.859 0.0000000000
23137  -11.460  -53.433  4.476 0.0000000000
23138  -12.013  -53.798  3.863 0.0000000000
23141  -1.735  -53.199  3.678 0.0000000000
23142  -11.913  -53.030  3.703 0.0000000000
23143  -12.703  -53.387  3.228 0.0000000000
23144  -13.467  -53.778  2.866 0.0000000000
23148  -1.523  -53.103  2.455 0.0000000000
23149  -4.619  -52.483  1.740 0.0000000000
23150  -5.199  -52.587  1.855 0.0000000000
23151  -6.358  -52.863  1.951 0.0000000000
23152  -7.499  -52.836  2.114 0.0000000000
23153  -8.468  -52.739  2.145 0.0000000000
23154  -9.052  -52.526  2.150 0.0000000000
23155  -13.499  -53.081  2.701 0.0000000000
23156  -14.296  -53.505  2.575 0.0000000000
23157  -15.354  -53.399  2.464 0.0000000000
23158  -16.265  -53.374  2.541 0.0000000000
23167  -1.492  -53.055  1.209 0.0000000000
23168  -4.007  -52.695  0.993 0.0000000000
23169  -4.830  -52.791  1.238 0.0000000000
23170  -5.816  -53.001  1.230 0.0000000000
23171  -6.687  -53.130  1.117 0.0000000000
23172  -7.458  -53.200  1.346 0.0000000000
23173  -8.461  -53.225  1.504 0.0000000000
23174  -9.526  -53.019  1.636 0.0000000000
23175  -10.583  -52.895  1.290 0.0000000000
23176  -11.069  -52.676  1.124 0.0000000000
23187  -1.988  -53.298  0.135 0.0000000000
23188  -2.318  -53.149  -0.305 0.0000000000
23189  -3.931  -52.746  0.310 0.0000000000
23190  -4.579  -52.769  0.371 0.0000000000
23191  -5.465  -52.846  0.386 0.0000000000
23192  -6.421  -52.939  0.368 0.0000000000
23193  -7.367  -53.077  0.388 0.0000000000
23194  -8.332  -53.318  0.533 0.0000000000
23195  -9.346  -53.473  0.732 0.0000000000
23196  -10.436  -53.484  0.718 0.0000000000
23197  -11.480  -53.188  0.655 0.0000000000
23198  -12.113  -52.864  0.374 0.0000000000
23206  -2.208  -53.516  -0.272 0.0000000000
23207  -2.420  -53.390  -0.685 0.0000000000
23208  -3.680  -52.740  -0.075 0.0000000000
23209  -4.198  -52.646  -0.328 0.0000000000
23210  -5.085  -52.557  -0.461 0.0000000000
23211  -6.075  -52.570  -0.499 0.0000000000
23212  -7.083  -52.669  -0.509 0.0000000000
23213  -8.159  -52.943  -0.686 0.0000000000
23214  -9.148  -53.416  -0.299 0.0000000000
23215  -10.051  -53.735  -0.024 0.0000000000
23216  -11.750  -53.691  0.047 0.0000000000
23217  -12.392  -53.333  -0.095 0.0000000000
23218  -13.263  -53.459  -0.746 0.0000000000
23222  -2.691  -53.302  -1.451 0.0000000000
23223  -3.220  -53.385  -2.164 0.0000000000
23224  -3.679  -53.756  -2.326 0.0000000000
23225  -8.436  -52.740  -1.386 0.0000000000
23226  -9.041  -52.988  -1.484 0.0000000000
23227  -9.924  -53.625  -0.975 0.0000000000
23228  -14.004  -53.536  -1.390 0.0000000000
23229  -14.784  -53.606  -2.143 0.0000000000
23230  -15.314  -53.122  -2.441 0.0000000000
23233  -3.593  -53.047  -2.480 0.0000000000
23234  -4.182  -53.323  -2.605 0.0000000000
23235  -5.498  -53.267  -3.005 0.0000000000
23236  -6.536  -53.729  -3.165 0.0000000000
23237  -7.080  -53.995  -3.270 0.0000000000
23238  -9.395  -52.731  -2.378 0.0000000000
23239  -9.991  -53.311  -1.981 0.0000000000
23240  -14.910  -54.097  -2.687 0.0000000000
23241  -15.416  -53.687  -2.942 0.0000000000
23244  -5.805  -52.833  -3.265 0.0000000000
23245  -6.380  -53.024  -3.376 0.0000000000
23246  -7.480  -53.528  -3.702 0.0000000000
23248  -9.374  -52.515  -2.920 0.0000000000
23249  -9.981  -52.991  -3.145 0.0000000000
23250  -10.575  -53.762  -3.208 0.0000000000
23258  -7.941  -53.299  -4.108 0.0000000000
24229  -2.492  -53.025  6.131 0.0000000000
24230  -2.856  -52.851  6.187 0.0000000000
24231  -3.588  -52.856  6.137 0.0000000000
24232  -6.843  -52.868  5.932 0.0000000000
24233  -7.316  -52.782  6.000 0.0000000000
24234  -8.148  -52.668  6.127 0.0000000000
24235  -8.943  -52.647  6.204 0.0000000000
24236  -9.574  -52.725  6.141 0.0000000000
24244  -2.017  -52.992  5.188 0.0000000000
24245  -2.446  -52.651  5.418 0.0000000000
24246  -3.341  -52.341  5.527 0.0000000000
24247  -4.421  -52.507  5.613 0.0000000000
24248  -5.609  -52.401  5.518 0.0000000000
24249  -6.688  -52.385  5.690 0.0000000000
24250  -7.654  -52.004  5.806 0.0000000000
24251  -8.528  -51.900  5.917 0.0000000000
24252  -9.308  -52.040  5.890 0.0000000000
24253  -10.053  -52.383  5.699 0.0000000000
24254  -10.572  -52.719  5.352 0.0000000000
24258  -1.976  -52.560  4.323 0.0000000000
24259  -2.395  -51.875  4.336 0.0000000000
24260  -10.434  -52.101  5.160 0.0000000000
24261  -10.906  -52.425  4.742 0.0000000000
24264  -1.698  -52.308  3.104 0.0000000000
24265  -11.485  -52.308  3.972 0.0000000000
24266  -12.264  -52.097  3.276 0.0000000000
24270  -1.553  -52.227  2.057 0.0000000000
24271  -3.564  -51.567  1.727 0.0000000000
24272  -4.253  -51.930  1.962 0.0000000000
24273  -5.387  -51.973  2.252 0.0000000000
24274  -6.548  -52.085  2.385 0.0000000000
24275  -7.615  -52.115  2.420 0.0000000000
24276  -8.474  -52.071  2.348 0.0000000000
24277  -9.132  -51.988  2.225 0.0000000000
24278  -9.582  -51.993  2.010 0.0000000000
24279  -13.140  -52.282  2.701 0.0000000000
24280  -14.058  -52.356  2.410 0.0000000000
24281  -15.009  -52.494  2.292 0.0000000000
24282  -15.938  -52.579  2.275 0.0000000000
24283  -16.826  -52.519  2.437 0.0000000000
24292  -1.866  -52.342  1.276 0.0000000000
24293  -2.518  -52.266  1.241 0.0000000000
24294  -3.386  -52.130  1.542 0.0000000000
24295  -4.220  -52.434  1.563 0.0000000000
24296  -9.485  -52.427  1.991 0.0000000000
24297  -9.995  -52.288  1.730 0.0000000000
24298  -10.683  -52.091  1.349 0.0000000000
24309  -1.801  -52.857  0.666 0.0000000000
24310  -2.408  -52.848  0.244 0.0000000000
24311  -3.279  -52.702  0.533 0.0000000000
24312  -11.313  -52.230  0.948 0.0000000000
24313  -11.862  -52.307  0.532 0.0000000000
24320  -2.652  -52.976  -0.795 0.0000000000
24321  -3.460  -52.694  -0.721 0.0000000000
24322  -4.591  -52.352  -1.212 0.0000000000
24323  -5.664  -52.220  -1.352 0.0000000000
24324  -6.716  -52.252  -1.362 0.0000000000
24325  -7.667  -52.461  -1.345 0.0000000000
24326  -8.166  -52.638  -1.364 0.0000000000
24327  -12.409  -52.371  0.094 0.0000000000
24328  -13.036  -52.493  -0.393 0.0000000000
24332  -2.627  -53.069  -1.229 0.0000000000
24333  -3.110  -52.784  -1.731 0.0000000000
24334  -4.104  -52.308  -1.939 0.0000000000
24335  -5.263  -52.130  -2.144 0.0000000000
24336  -6.376  -51.988  -2.200 0.0000000000
24337  -7.433  -52.085  -2.132 0.0000000000
24338  -8.388  -52.378  -1.905 0.0000000000
24339  -8.976  -52.512  -2.091 0.0000000000
24340  -13.788  -52.553  -0.939 0.0000000000
24341  -14.513  -52.630  -1.505 0.0000000000
24342  -15.141  -52.556  -2.061 0.0000000000
24345  -3.342  -52.914  -2.312 0.0000000000
24346  -3.838  -52.748  -2.396 0.0000000000
24347  -4.992  -52.532  -2.797 0.0000000000
24348  -6.101  -52.066  -2.955 0.0000000000
24349  -7.226  -51.948  -2.989 0.0000000000
24350  -8.237  -52.043  -2.833 0.0000000000
24351  -8.966  -52.267  -2.601 0.0000000000
24352  -15.754  -52.561  -2.760 0.0000000000
24353  -16.178  -52.049  -3.009 0.0000000000
24357  -5.517  -52.733  -3.158 0.0000000000
24358  -5.973  -52.566  -3.209 0.0000000000
24359  -7.227  -52.642  -3.500 0.0000000000
24360  -8.213  -52.348  -3.674 0.0000000000
24361  -9.169  -52.278  -3.502 0.0000000000
24362  -9.725  -52.560  -3.771 0.0000000000
24363  -15.950  -53.164  -3.284 0.0000000000
24364  -16.531  -52.588  -3.754 0.0000000000
24365  -16.992  -51.857  -4.005 0.0000000000
24368  -7.887  -53.060  -4.113 0.0000000000
25308  -3.021  -51.659  4.715 0.0000000000
25309  -4.021  -51.638  4.926 0.0000000000
25310  -5.130  -51.691  5.020 0.0000000000
25311  -6.214  -51.641  5.164 0.0000000000
25312  -7.156  -51.454  5.362 0.0000000000
25313  -8.066  -51.018  5.424 0.0000000000
25314  -9.001  -51.256  5.634 0.0000000000
25315  -9.647  -51.498  5.489 0.0000000000
25316  -10.136  -51.492  5.208 0.0000000000
25320  -2.062  -51.624  3.527 0.0000000000
25321  -2.644  -50.922  3.644 0.0000000000
25322  -3.662  -50.889  4.092 0.0000000000
25323  -4.735  -50.919  4.350 0.0000000000
25324  -5.813  -50.942  4.596 0.0000000000
25325  -6.806  -50.890  4.843 0.0000000000
25326  -7.420  -50.841  5.100 0.0000000000
25327  -10.547  -51.500  4.754 0.0000000000
25328  -11.034  -51.485  4.245 0.0000000000
25332  -1.813  -51.279  2.580 0.0000000000
25333  -2.078  -50.963  3.156 0.0000000000
25334  -11.617  -51.287  3.609 0.0000000000
25335  -12.237  -51.057  3.109 0.0000000000
25339  -1.794  -51.540  1.865 0.0000000000
25340  -3.525  -50.932  1.694 0.0000000000
25341  -4.539  -50.938  1.813 0.0000000000
25342  -5.672  -51.057  1.975 0.0000000000
25343  -6.781  -51.245  2.130 0.0000000000
25344  -7.778  -51.362  2.176 0.0000000000
25345  -8.580  -51.422  2.103 0.0000000000
25346  -9.245  -51.342  1.856 0.0000000000
25347  -9.748  -51.770  1.824 0.0000000000
25348  -12.864  -51.277  2.696 0.0000000000
25349  -13.724  -51.374  2.360 0.0000000000
25350  -14.771  -51.336  1.963 0.0000000000
25351  -15.694  -51.760  1.983 0.0000000000
25352  -16.499  -51.828  2.105 0.0000000000
25353  -17.370  -51.494  2.247 0.0000000000
25361  -2.070  -51.586  1.585 0.0000000000
25362  -2.615  -51.487  1.584 0.0000000000
25363  -3.135  -51.341  1.657 0.0000000000
25364  -9.360  -50.883  1.497 0.0000000000
25365  -9.981  -51.383  1.548 0.0000000000
25366  -10.523  -51.448  1.306 0.0000000000
25367  -15.195  -50.743  1.666 0.0000000000
25368  -15.644  -50.996  1.657 0.0000000000
25369  -16.337  -51.227  1.768 0.0000000000
25370  -16.818  -51.354  1.943 0.0000000000
25379  -10.923  -51.407  1.079 0.0000000000
25380  -11.468  -51.443  0.656 0.0000000000
25383  -12.054  -51.486  0.208 0.0000000000
25384  -12.625  -51.545  -0.312 0.0000000000
25387  -13.305  -51.570  -0.815 0.0000000000
25388  -14.019  -51.590  -1.443 0.0000000000
25389  -14.736  -51.876  -1.763 0.0000000000
25392  -14.486  -51.234  -1.920 0.0000000000
25393  -15.197  -51.470  -2.303 0.0000000000
25394  -15.816  -51.682  -2.753 0.0000000000
25397  -15.569  -51.015  -2.812 0.0000000000
25398  -16.198  -51.287  -3.151 0.0000000000
25399  -16.750  -51.331  -3.699 0.0000000000
25401  -17.257  -51.292  -4.230 0.0000000000
25402  -17.696  -51.024  -4.673 0.0000000000
26299  -8.307  -50.400  5.067 0.0000000000
26300  -8.832  -50.575  5.262 0.0000000000
26301  -9.500  -50.822  5.258 0.0000000000
26302  -9.887  -51.052  5.228 0.0000000000
26306  -2.801  -50.287  3.055 0.0000000000
26307  -3.404  -50.289  3.227 0.0000000000
26308  -4.400  -50.293  3.417 0.0000000000
26309  -5.479  -50.295  3.772 0.0000000000
26310  -6.499  -50.339  4.171 0.0000000000
26311  -7.624  -50.121  4.533 0.0000000000
26312  -8.659  -50.008  4.834 0.0000000000
26313  -9.379  -50.193  4.947 0.0000000000
26314  -10.155  -50.546  4.710 0.0000000000
26315  -10.665  -50.987  4.408 0.0000000000
26319  -1.985  -50.741  2.302 0.0000000000
26320  -2.338  -50.500  2.666 0.0000000000
26321  -3.142  -50.080  2.519 0.0000000000
26322  -4.068  -49.893  2.484 0.0000000000
26323  -5.242  -49.713  2.548 0.0000000000
26324  -6.242  -49.793  3.363 0.0000000000
26325  -6.909  -49.917  3.845 0.0000000000
26326  -10.498  -49.949  4.160 0.0000000000
26327  -10.990  -50.435  3.937 0.0000000000
26328  -11.867  -50.308  3.293 0.0000000000
26332  -1.845  -50.943  1.982 0.0000000000
26333  -2.246  -50.596  1.997 0.0000000000
26334  -2.877  -50.304  1.945 0.0000000000
26335  -3.727  -50.079  1.752 0.0000000000
26336  -4.814  -49.814  1.442 0.0000000000
26337  -6.033  -50.365  1.386 0.0000000000
26338  -7.057  -50.584  1.592 0.0000000000
26339  -8.010  -50.795  1.699 0.0000000000
26340  -8.633  -50.984  1.792 0.0000000000
26341  -12.641  -50.306  2.757 0.0000000000
26342  -13.414  -50.464  2.398 0.0000000000
26343  -14.140  -50.488  2.075 0.0000000000
26344  -17.665  -50.424  1.969 0.0000000000
26351  -1.909  -51.203  1.768 0.0000000000
26352  -2.165  -51.019  1.703 0.0000000000
26353  -2.723  -50.840  1.659 0.0000000000
26354  -5.075  -49.276  0.864 0.0000000000
26355  -5.626  -49.590  0.744 0.0000000000
26356  -6.467  -49.961  0.915 0.0000000000
26357  -7.357  -50.046  1.056 0.0000000000
26358  -8.575  -50.440  1.283 0.0000000000
26359  -9.502  -50.435  1.148 0.0000000000
26360  -10.321  -50.841  1.152 0.0000000000
26361  -14.843  -50.313  1.705 0.0000000000
26362  -15.559  -50.271  1.518 0.0000000000
26363  -16.324  -50.449  1.540 0.0000000000
26364  -16.982  -50.804  1.770 0.0000000000
26372  -9.902  -50.125  0.851 0.0000000000
26373  -10.718  -50.386  0.658 0.0000000000
26374  -11.557  -50.749  0.322 0.0000000000
26381  -11.208  -49.998  0.189 0.0000000000
26382  -12.010  -50.404  -0.235 0.0000000000
26383  -12.756  -50.828  -0.732 0.0000000000
26393  -12.476  -50.071  -0.867 0.0000000000
26394  -13.189  -50.478  -1.416 0.0000000000
26395  -13.924  -50.818  -1.910 0.0000000000
26405  -13.575  -50.129  -2.242 0.0000000000
26406  -14.364  -50.581  -2.476 0.0000000000
26407  -14.994  -50.620  -2.825 0.0000000000
26416  -13.845  -49.877  -2.953 0.0000000000
26417  -14.422  -50.207  -3.324 0.0000000000
26418  -15.268  -50.413  -3.522 0.0000000000
26419  -16.092  -50.483  -3.799 0.0000000000
26420  -16.738  -50.641  -4.030 0.0000000000
26422  -13.939  -49.802  -3.625 0.0000000000
26423  -14.360  -50.051  -4.265 0.0000000000
26424  -15.190  -50.202  -4.667 0.0000000000
26425  -16.134  -50.181  -4.500 0.0000000000
26426  -17.104  -50.348  -4.482 0.0000000000
26427  -17.889  -50.421  -4.943 0.0000000000
26430  -14.514  -50.065  -5.287 0.0000000000
26431  -14.952  -50.259  -5.656 0.0000000000
26439  -14.604  -50.074  -5.974 0.0000000000
26440  -14.921  -50.145  -6.254 0.0000000000
27322  -7.891  -49.448  3.859 0.0000000000
27323  -8.487  -49.464  4.218 0.0000000000
27324  -9.268  -49.598  4.529 0.0000000000
27325  -9.718  -49.919  4.609 0.0000000000
27330  -5.638  -49.257  2.031 0.0000000000
27331  -6.181  -49.355  2.420 0.0000000000
27332  -7.181  -49.383  3.249 0.0000000000
27333  -8.228  -48.974  3.207 0.0000000000
27334  -9.191  -48.963  3.889 0.0000000000
27335  -10.080  -49.390  4.196 0.0000000000
27336  -10.817  -49.488  3.797 0.0000000000
27337  -11.460  -49.476  3.431 0.0000000000
27342  -5.307  -49.233  1.620 0.0000000000
27343  -5.965  -49.121  1.583 0.0000000000
27344  -6.898  -48.972  1.860 0.0000000000
27345  -7.529  -48.946  2.578 0.0000000000
27346  -12.280  -49.357  2.916 0.0000000000
27347  -13.311  -49.386  2.343 0.0000000000
27348  -13.796  -49.950  2.182 0.0000000000
27349  -17.779  -49.853  1.835 0.0000000000
27350  -18.273  -49.726  2.225 0.0000000000
27353  -5.035  -49.153  1.220 0.0000000000
27354  -5.501  -48.950  0.981 0.0000000000
27355  -6.547  -49.126  0.790 0.0000000000
27356  -7.710  -49.445  0.587 0.0000000000
27357  -8.760  -49.743  0.665 0.0000000000
27358  -9.388  -49.895  0.727 0.0000000000
27359  -13.814  -48.899  1.977 0.0000000000
27360  -14.263  -49.468  1.840 0.0000000000
27361  -15.217  -49.502  1.484 0.0000000000
27362  -16.134  -49.552  1.349 0.0000000000
27363  -17.206  -49.748  1.563 0.0000000000
27364  -17.817  -49.494  1.793 0.0000000000
27376  -7.535  -49.007  0.133 0.0000000000
27377  -8.160  -49.145  0.094 0.0000000000
27378  -9.377  -49.325  0.322 0.0000000000
27379  -10.444  -49.498  0.186 0.0000000000
27390  -9.850  -48.882  -0.164 0.0000000000
27391  -10.926  -49.099  -0.281 0.0000000000
27392  -11.873  -49.486  -0.685 0.0000000000
27400  -11.374  -48.744  -0.850 0.0000000000
27401  -12.277  -49.110  -1.314 0.0000000000
27402  -13.048  -49.546  -1.890 0.0000000000
27413  -12.681  -48.777  -1.977 0.0000000000
27414  -13.283  -49.154  -2.513 0.0000000000
27429  -13.619  -49.165  -3.246 0.0000000000
27441  -13.882  -49.262  -3.965 0.0000000000
27442  -14.278  -49.430  -4.785 0.0000000000
27443  -15.533  -50.125  -5.208 0.0000000000
27444  -16.238  -49.872  -5.088 0.0000000000
27445  -17.190  -49.736  -5.058 0.0000000000
27446  -18.003  -49.802  -5.284 0.0000000000
27449  -14.486  -49.577  -5.677 0.0000000000
27450  -15.471  -50.043  -5.866 0.0000000000
27451  -16.292  -49.643  -5.833 0.0000000000
27452  -17.379  -49.311  -5.748 0.0000000000
27453  -18.601  -49.423  -5.730 0.0000000000
27466  -14.734  -49.736  -6.352 0.0000000000
27467  -15.365  -49.860  -6.754 0.0000000000
27468  -16.433  -49.366  -6.569 0.0000000000
27469  -17.192  -49.075  -6.331 0.0000000000
27487  -15.756  -49.189  -8.705 0.0000000000
27488  -16.077  -49.361  -8.666 0.0000000000
27489  -16.336  -49.293  -8.683 0.0000000000
27513  -15.773  -49.067  -8.931 0.0000000000
27514  -15.916  -49.226  -8.874 0.0000000000
27515  -16.154  -49.275  -8.878 0.0000000000
28366  -8.503  -48.632  2.586 0.0000000000
28367  -9.097  -48.599  2.968 0.0000000000
28368  -9.946  -48.565  3.403 0.0000000000
28369  -10.728  -48.811  3.487 0.0000000000
28370  -11.163  -49.015  3.470 0.0000000000
28377  -7.234  -48.767  1.384 0.0000000000
28378  -7.842  -48.652  1.931 0.0000000000
28379  -8.791  -48.420  2.087 0.0000000000
28380  -9.743  -48.196  2.279 0.0000000000
28381  -10.714  -48.160  2.832 0.0000000000
28382  -11.630  -48.451  2.967 0.0000000000
28383  -12.727  -48.371  2.518 0.0000000000
28384  -18.768  -48.713  2.517 0.0000000000
28393  -6.960  -48.844  1.143 0.0000000000
28394  -7.427  -48.795  0.794 0.0000000000
28395  -8.429  -48.470  0.955 0.0000000000
28396  -9.121  -48.247  1.622 0.0000000000
28397  -13.521  -48.327  2.123 0.0000000000
28398  -14.210  -48.408  1.771 0.0000000000
28399  -14.858  -48.737  1.528 0.0000000000
28400  -15.674  -48.617  1.320 0.0000000000
28401  -16.742  -48.635  1.290 0.0000000000
28402  -17.909  -48.657  1.677 0.0000000000
28415  -7.815  -48.646  0.184 0.0000000000
28416  -8.355  -48.490  -0.122 0.0000000000
28417  -9.066  -48.563  -0.359 0.0000000000
28429  -8.603  -48.127  -0.855 0.0000000000
28430  -9.585  -48.334  -0.795 0.0000000000
28431  -10.497  -48.339  -0.914 0.0000000000
28438  -9.045  -47.856  -1.354 0.0000000000
28439  -9.790  -47.857  -1.427 0.0000000000
28440  -10.972  -47.982  -1.393 0.0000000000
28441  -11.876  -48.081  -1.886 0.0000000000
28452  -12.517  -48.124  -2.463 0.0000000000
28453  -13.166  -48.480  -2.897 0.0000000000
28465  -12.724  -47.803  -2.940 0.0000000000
28466  -13.443  -48.190  -3.360 0.0000000000
28484  -14.036  -48.450  -4.124 0.0000000000
28485  -14.528  -48.653  -4.994 0.0000000000
28486  -14.929  -48.331  -5.382 0.0000000000
28494  -14.741  -48.965  -6.062 0.0000000000
28495  -15.115  -48.365  -5.851 0.0000000000
28496  -17.940  -48.794  -6.165 0.0000000000
28508  -14.894  -49.281  -6.708 0.0000000000
28509  -15.193  -49.200  -7.152 0.0000000000
28510  -15.813  -49.439  -7.635 0.0000000000
28511  -17.070  -48.841  -7.001 0.0000000000
28512  -18.384  -48.300  -6.891 0.0000000000
28528  -15.601  -48.990  -8.655 0.0000000000
28529  -15.836  -49.258  -8.387 0.0000000000
28530  -16.794  -49.059  -8.234 0.0000000000
28531  -17.539  -48.535  -7.440 0.0000000000
28551  -15.711  -48.979  -8.835 0.0000000000
28552  -16.004  -48.875  -9.086 0.0000000000
28553  -16.399  -49.047  -8.969 0.0000000000
28576  -16.274  -48.624  -9.261 0.0000000000
28577  -16.327  -48.827  -9.157 0.0000000000
29455  -9.971  -47.966  1.824 0.0000000000
29456  -10.557  -47.747  1.945 0.0000000000
29457  -11.545  -47.424  2.473 0.0000000000
29458  -12.538  -47.265  2.495 0.0000000000
29459  -13.348  -46.868  2.373 0.0000000000
29460  -18.588  -47.851  2.067 0.0000000000
29461  -19.318  -47.802  2.851 0.0000000000
29471  -8.671  -48.143  0.400 0.0000000000
29472  -9.488  -47.926  1.111 0.0000000000
29473  -10.583  -47.407  0.995 0.0000000000
29474  -13.205  -47.606  2.316 0.0000000000
29475  -13.971  -47.368  2.051 0.0000000000
29476  -14.966  -47.679  1.544 0.0000000000
29477  -16.113  -47.591  1.323 0.0000000000
29478  -17.189  -47.602  1.375 0.0000000000
29479  -18.032  -47.384  1.631 0.0000000000
29487  -8.788  -47.844  -0.129 0.0000000000
29488  -9.710  -47.527  -0.002 0.0000000000
29489  -10.614  -47.134  0.058 0.0000000000
29499  -9.038  -47.425  -1.013 0.0000000000
29500  -9.903  -47.086  -0.794 0.0000000000
29501  -10.611  -46.807  -0.605 0.0000000000
29512  -9.386  -47.341  -1.787 0.0000000000
29513  -9.985  -47.436  -1.979 0.0000000000
29514  -10.865  -47.431  -2.079 0.0000000000
29515  -11.635  -47.531  -2.349 0.0000000000
29527  -9.576  -47.177  -2.309 0.0000000000
29528  -10.049  -47.169  -2.380 0.0000000000
29529  -10.986  -47.053  -2.512 0.0000000000
29530  -11.968  -47.334  -2.747 0.0000000000
29539  -11.609  -46.817  -2.911 0.0000000000
29540  -12.493  -47.086  -3.207 0.0000000000
29541  -13.512  -47.246  -3.651 0.0000000000
29559  -14.261  -47.614  -4.180 0.0000000000
29560  -14.862  -47.663  -4.728 0.0000000000
29561  -15.315  -47.774  -5.320 0.0000000000
29572  -15.029  -48.611  -6.316 0.0000000000
29573  -15.535  -47.995  -6.105 0.0000000000
29574  -15.953  -47.640  -6.414 0.0000000000
29586  -14.841  -48.898  -6.551 0.0000000000
29587  -15.076  -48.724  -6.745 0.0000000000
29588  -15.650  -48.317  -7.122 0.0000000000
29589  -18.719  -47.866  -7.213 0.0000000000
29603  -15.641  -48.741  -8.682 0.0000000000
29604  -15.645  -48.506  -8.231 0.0000000000
29605  -17.473  -48.456  -8.423 0.0000000000
29606  -18.064  -48.083  -7.773 0.0000000000
29620  -15.690  -48.805  -8.865 0.0000000000
29621  -15.832  -48.366  -8.912 0.0000000000
29622  -17.222  -48.631  -8.979 0.0000000000
29623  -17.897  -47.950  -8.642 0.0000000000
29624  -18.607  -47.475  -8.182 0.0000000000
29638  -16.210  -48.231  -9.341 0.0000000000
29639  -16.656  -48.343  -9.433 0.0000000000
29640  -17.615  -47.755  -9.458 0.0000000000
29641  -18.543  -47.335  -8.980 0.0000000000
29654  -16.520  -47.595  -9.676 0.0000000000
29655  -17.010  -47.428  -10.042 0.0000000000
29656  -17.705  -47.110  -10.020 0.0000000000
30568  -20.008  -46.857  3.423 0.0000000000
30569  -20.460  -46.485  4.059 0.0000000000
30585  -11.439  -46.975  1.768 0.0000000000
30586  -12.347  -46.348  2.258 0.0000000000
30587  -13.118  -46.190  2.499 0.0000000000
30588  -14.013  -46.179  2.378 0.0000000000
30589  -14.808  -45.987  2.198 0.0000000000
30590  -18.661  -46.680  1.982 0.0000000000
30591  -19.511  -46.611  2.636 0.0000000000
30601  -11.387  -46.852  0.864 0.0000000000
30602  -12.072  -46.319  1.515 0.0000000000
30603  -14.625  -46.700  1.938 0.0000000000
30604  -15.488  -46.504  1.718 0.0000000000
30605  -16.596  -46.638  1.489 0.0000000000
30606  -17.506  -46.747  1.516 0.0000000000
30607  -18.056  -46.768  1.635 0.0000000000
30616  -11.276  -46.713  -0.073 0.0000000000
30617  -11.990  -46.375  0.540 0.0000000000
30629  -9.530  -46.932  -1.620 0.0000000000
30630  -10.333  -46.712  -1.324 0.0000000000
30631  -11.090  -46.536  -0.907 0.0000000000
30632  -11.774  -46.366  -0.514 0.0000000000
30646  -9.527  -46.949  -2.261 0.0000000000
30647  -10.192  -46.739  -2.052 0.0000000000
30648  -11.147  -46.400  -1.745 0.0000000000
30649  -11.506  -46.328  -1.173 0.0000000000
30659  -9.700  -47.053  -2.456 0.0000000000
30660  -10.132  -46.951  -2.409 0.0000000000
30661  -11.160  -46.578  -2.480 0.0000000000
30667  -11.817  -46.324  -3.217 0.0000000000
30668  -12.707  -46.309  -3.521 0.0000000000
30669  -13.645  -46.307  -3.725 0.0000000000
30670  -14.108  -46.089  -3.782 0.0000000000
30686  -13.950  -46.924  -3.907 0.0000000000
30687  -14.460  -46.589  -4.142 0.0000000000
30688  -15.391  -46.802  -4.789 0.0000000000
30689  -15.914  -46.751  -5.173 0.0000000000
30707  -15.750  -47.279  -5.366 0.0000000000
30708  -16.290  -46.975  -5.751 0.0000000000
30709  -16.774  -46.498  -6.308 0.0000000000
30725  -16.333  -47.246  -6.691 0.0000000000
30726  -16.881  -46.579  -7.036 0.0000000000
30743  -16.271  -47.417  -7.596 0.0000000000
30744  -16.863  -46.554  -7.861 0.0000000000
30758  -16.265  -47.104  -8.586 0.0000000000
30759  -16.777  -46.352  -8.368 0.0000000000
30777  -16.273  -47.185  -9.413 0.0000000000
30778  -18.275  -47.051  -9.643 0.0000000000
30796  -16.562  -46.499  -10.101 0.0000000000
30797  -17.330  -46.527  -10.372 0.0000000000
30798  -18.338  -46.481  -10.135 0.0000000000
30799  -18.876  -46.260  -9.963 0.0000000000
31759  -20.766  -45.402  6.248 0.0000000000
31765  -20.884  -45.675  5.264 0.0000000000
31769  -20.769  -45.924  4.386 0.0000000000
31777  -19.906  -46.164  2.871 0.0000000000
31778  -20.387  -45.633  3.386 0.0000000000
31792  -12.609  -45.837  2.257 0.0000000000
31793  -12.934  -45.584  2.298 0.0000000000
31794  -13.687  -45.327  2.476 0.0000000000
31795  -14.654  -45.140  2.483 0.0000000000
31796  -15.656  -44.866  2.413 0.0000000000
31797  -16.676  -44.935  2.095 0.0000000000
31798  -17.945  -45.321  1.867 0.0000000000
31799  -19.372  -45.453  2.383 0.0000000000
31800  -20.055  -44.709  2.790 0.0000000000
31815  -12.532  -45.752  1.972 0.0000000000
31816  -13.015  -45.254  1.680 0.0000000000
31817  -15.329  -45.600  2.209 0.0000000000
31818  -16.125  -45.695  1.914 0.0000000000
31819  -17.123  -45.880  1.636 0.0000000000
31820  -17.890  -46.255  1.642 0.0000000000
31833  -12.540  -45.788  1.136 0.0000000000
31834  -13.146  -45.328  0.629 0.0000000000
31847  -12.495  -45.943  -0.031 0.0000000000
31848  -13.044  -45.401  -0.679 0.0000000000
31858  -11.510  -46.085  -1.879 0.0000000000
31859  -12.003  -45.957  -1.451 0.0000000000
31860  -12.827  -45.248  -1.881 0.0000000000
31867  -11.492  -45.998  -2.228 0.0000000000
31868  -12.080  -45.586  -2.493 0.0000000000
31869  -12.813  -45.215  -2.822 0.0000000000
31874  -11.583  -45.900  -2.886 0.0000000000
31875  -12.211  -45.668  -3.246 0.0000000000
31876  -13.133  -45.545  -3.460 0.0000000000
31877  -13.935  -45.628  -3.587 0.0000000000
31878  -14.574  -45.343  -3.703 0.0000000000
31883  -14.438  -45.835  -3.867 0.0000000000
31884  -15.155  -45.597  -4.215 0.0000000000
31885  -16.073  -45.982  -4.964 0.0000000000
31902  -16.786  -45.877  -5.727 0.0000000000
31903  -17.164  -45.793  -6.531 0.0000000000
31927  -17.288  -45.821  -7.363 0.0000000000
31943  -17.230  -45.831  -8.151 0.0000000000
31959  -16.382  -46.382  -9.258 0.0000000000
31960  -16.714  -45.903  -8.821 0.0000000000
31975  -15.803  -44.937  -10.241 0.0000000000
31976  -16.222  -45.715  -9.811 0.0000000000
31977  -16.456  -45.745  -9.345 0.0000000000
31993  -15.530  -44.716  -10.535 0.0000000000
31994  -16.090  -45.221  -10.476 0.0000000000
31995  -16.750  -45.538  -10.719 0.0000000000
31996  -17.813  -45.745  -10.641 0.0000000000
31997  -19.031  -45.748  -10.203 0.0000000000
32012  -15.526  -44.683  -10.828 0.0000000000
32013  -15.959  -44.865  -11.060 0.0000000000
32014  -16.493  -44.803  -11.145 0.0000000000
32942  -20.752  -44.332  6.628 0.0000000000
32949  -21.068  -44.532  5.564 0.0000000000
32950  -21.217  -44.098  4.896 0.0000000000
32956  -21.069  -44.920  4.398 0.0000000000
32957  -21.167  -43.905  4.192 0.0000000000
32961  -20.657  -44.286  3.428 0.0000000000
32962  -20.890  -43.571  3.679 0.0000000000
32967  -13.429  -44.910  2.151 0.0000000000
32968  -14.207  -44.374  2.255 0.0000000000
32969  -15.171  -44.072  2.602 0.0000000000
32970  -16.184  -44.018  2.510 0.0000000000
32971  -17.254  -44.164  2.281 0.0000000000
32972  -18.408  -44.295  2.242 0.0000000000
32973  -19.378  -44.197  2.510 0.0000000000
32974  -20.093  -43.877  2.773 0.0000000000
32981  -13.735  -44.612  1.299 0.0000000000
32982  -14.474  -43.843  1.397 0.0000000000
32988  -13.748  -44.790  -0.032 0.0000000000
32989  -14.327  -44.137  0.362 0.0000000000
32995  -13.628  -44.753  -1.264 0.0000000000
32996  -14.262  -44.267  -0.742 0.0000000000
33000  -13.528  -44.752  -2.333 0.0000000000
33001  -14.386  -44.184  -1.873 0.0000000000
33002  -14.959  -43.893  -2.198 0.0000000000
33006  -13.536  -44.991  -3.102 0.0000000000
33007  -14.259  -44.575  -2.855 0.0000000000
33008  -14.920  -44.143  -2.709 0.0000000000
33013  -13.657  -45.301  -3.370 0.0000000000
33014  -14.174  -45.064  -3.361 0.0000000000
33015  -15.200  -44.651  -3.565 0.0000000000
33016  -15.952  -44.305  -3.941 0.0000000000
33020  -15.396  -44.999  -4.081 0.0000000000
33021  -15.911  -44.862  -4.410 0.0000000000
33026  -16.607  -45.012  -5.220 0.0000000000
33027  -17.170  -44.987  -6.026 0.0000000000
33049  -17.533  -45.040  -6.933 0.0000000000
33073  -17.538  -45.165  -7.725 0.0000000000
33091  -17.327  -44.958  -8.502 0.0000000000
33105  -15.366  -44.514  -10.284 0.0000000000
33106  -15.813  -44.630  -9.857 0.0000000000
33107  -16.604  -44.834  -9.290 0.0000000000
33120  -14.693  -44.044  -10.763 0.0000000000
33121  -14.966  -44.274  -10.658 0.0000000000
33122  -17.221  -44.930  -11.003 0.0000000000
33123  -18.224  -44.875  -10.712 0.0000000000
33124  -19.405  -44.694  -10.478 0.0000000000
33141  -14.719  -44.045  -10.995 0.0000000000
33142  -15.246  -44.235  -11.213 0.0000000000
33143  -15.976  -44.297  -11.477 0.0000000000
33144  -16.699  -44.284  -11.353 0.0000000000
34100  -21.163  -43.330  6.005 0.0000000000
34101  -21.349  -42.794  5.537 0.0000000000
34109  -21.228  -43.811  5.369 0.0000000000
34110  -21.331  -43.228  4.952 0.0000000000
34117  -21.166  -43.160  4.031 0.0000000000
34124  -20.463  -43.258  3.199 0.0000000000
34125  -20.867  -43.179  3.626 0.0000000000
34132  -14.955  -43.504  2.092 0.0000000000
34133  -15.857  -43.077  2.417 0.0000000000
34134  -16.796  -43.297  2.488 0.0000000000
34135  -17.748  -43.390  2.412 0.0000000000
34136  -18.715  -43.429  2.465 0.0000000000
34137  -19.526  -43.411  2.622 0.0000000000
34138  -20.015  -43.350  2.779 0.0000000000
34146  -15.110  -43.381  1.324 0.0000000000
34147  -15.546  -43.007  1.653 0.0000000000
34154  -14.961  -43.579  0.487 0.0000000000
34155  -15.753  -43.100  0.619 0.0000000000
34156  -16.287  -42.841  0.141 0.0000000000
34162  -14.796  -43.810  -0.513 0.0000000000
34163  -15.497  -43.433  -0.467 0.0000000000
34164  -16.179  -43.037  -0.465 0.0000000000
34168  -14.647  -43.957  -1.179 0.0000000000
34169  -15.204  -43.685  -1.577 0.0000000000
34170  -16.045  -43.254  -1.407 0.0000000000
34174  -15.436  -43.775  -2.567 0.0000000000
34175  -15.984  -43.407  -2.351 0.0000000000
34180  -15.425  -44.029  -3.076 0.0000000000
34181  -16.204  -43.644  -3.432 0.0000000000
34182  -16.951  -43.040  -3.893 0.0000000000
34187  -16.489  -44.118  -4.394 0.0000000000
34188  -17.017  -43.371  -4.479 0.0000000000
34193  -16.582  -44.511  -4.815 0.0000000000
34194  -17.144  -44.053  -5.405 0.0000000000
34203  -17.505  -44.304  -6.497 0.0000000000
34224  -17.666  -44.203  -7.583 0.0000000000
34248  -16.679  -43.445  -9.122 0.0000000000
34249  -17.126  -43.742  -8.827 0.0000000000
34271  -13.787  -43.081  -10.226 0.0000000000
34272  -14.101  -43.309  -10.166 0.0000000000
34273  -14.996  -43.850  -10.022 0.0000000000
34274  -16.248  -43.728  -9.386 0.0000000000
34275  -16.703  -44.100  -9.229 0.0000000000
34297  -13.838  -43.166  -10.462 0.0000000000
34298  -14.441  -43.784  -10.650 0.0000000000
34299  -14.744  -44.020  -10.451 0.0000000000
34300  -17.463  -44.120  -11.102 0.0000000000
34301  -18.469  -43.868  -10.689 0.0000000000
34317  -13.950  -43.275  -10.937 0.0000000000
34318  -14.563  -43.548  -11.266 0.0000000000
34319  -15.404  -43.489  -11.655 0.0000000000
34320  -16.276  -43.676  -11.588 0.0000000000
34321  -16.863  -43.684  -11.373 0.0000000000
35248  -21.298  -42.305  5.898 0.0000000000
35256  -21.381  -42.265  5.209 0.0000000000
35264  -20.853  -41.967  3.726 0.0000000000
35265  -21.237  -42.312  4.347 0.0000000000
35272  -18.814  -42.194  2.584 0.0000000000
35273  -19.423  -42.206  2.711 0.0000000000
35274  -20.263  -42.219  3.130 0.0000000000
35275  -20.858  -42.683  3.644 0.0000000000
35283  -16.322  -42.606  2.095 0.0000000000
35284  -16.724  -42.645  2.280 0.0000000000
35285  -17.323  -42.748  2.412 0.0000000000
35286  -18.216  -42.608  2.477 0.0000000000
35287  -19.078  -42.762  2.564 0.0000000000
35288  -19.825  -42.855  2.769 0.0000000000
35298  -16.113  -42.672  1.708 0.0000000000
35299  -16.854  -42.298  1.676 0.0000000000
35300  -17.410  -41.905  1.392 0.0000000000
35309  -15.952  -42.820  1.239 0.0000000000
35310  -16.525  -42.578  0.740 0.0000000000
35311  -17.322  -42.029  0.810 0.0000000000
35318  -16.748  -42.667  -0.369 0.0000000000
35319  -17.341  -42.232  -0.153 0.0000000000
35326  -16.707  -42.791  -1.320 0.0000000000
35327  -17.366  -42.320  -1.185 0.0000000000
35331  -16.577  -42.932  -2.241 0.0000000000
35332  -17.218  -42.329  -2.195 0.0000000000
35336  -16.456  -43.152  -2.831 0.0000000000
35337  -17.044  -42.612  -3.277 0.0000000000
35342  -17.364  -42.500  -4.431 0.0000000000
35347  -17.552  -42.814  -5.481 0.0000000000
35353  -17.659  -43.368  -6.578 0.0000000000
35366  -17.670  -42.973  -7.752 0.0000000000
35377  -15.973  -42.384  -9.095 0.0000000000
35378  -16.522  -42.887  -9.044 0.0000000000
35379  -17.263  -42.714  -8.495 0.0000000000
35391  -14.410  -42.922  -9.719 0.0000000000
35392  -15.533  -42.905  -9.358 0.0000000000
35393  -16.107  -43.175  -9.271 0.0000000000
35409  -13.537  -42.620  -10.693 0.0000000000
35410  -16.594  -42.437  -11.222 0.0000000000
35411  -17.305  -42.950  -11.050 0.0000000000
35412  -18.850  -42.767  -10.528 0.0000000000
35425  -13.973  -42.819  -11.276 0.0000000000
35426  -14.627  -42.835  -11.623 0.0000000000
35427  -15.296  -42.643  -11.712 0.0000000000
35428  -16.162  -42.834  -11.515 0.0000000000
35429  -16.624  -43.304  -11.419 0.0000000000
36335  -21.354  -41.527  5.588 0.0000000000
36346  -21.088  -41.477  4.178 0.0000000000
36347  -21.329  -41.399  4.867 0.0000000000
36357  -19.043  -41.864  2.633 0.0000000000
36358  -19.550  -41.504  2.806 0.0000000000
36359  -20.513  -41.183  3.531 0.0000000000
36369  -17.156  -42.483  2.269 0.0000000000
36370  -17.616  -42.257  2.266 0.0000000000
36371  -18.521  -41.663  2.407 0.0000000000
36372  -19.191  -40.972  2.578 0.0000000000
36381  -17.144  -42.284  2.113 0.0000000000
36382  -17.613  -41.801  1.876 0.0000000000
36383  -18.376  -41.179  1.753 0.0000000000
36392  -17.982  -41.499  1.032 0.0000000000
36393  -18.694  -40.795  1.023 0.0000000000
36403  -17.970  -41.673  -0.002 0.0000000000
36404  -18.620  -41.029  0.112 0.0000000000
36414  -17.910  -41.755  -0.988 0.0000000000
36415  -18.417  -41.127  -0.885 0.0000000000
36419  -17.840  -41.587  -2.006 0.0000000000
36420  -18.199  -41.207  -1.601 0.0000000000
36424  -17.633  -41.563  -3.046 0.0000000000
36428  -17.599  -41.562  -4.151 0.0000000000
36433  -17.694  -41.640  -5.343 0.0000000000
36439  -17.763  -42.008  -6.722 0.0000000000
36451  -17.521  -41.970  -7.984 0.0000000000
36472  -17.012  -42.129  -8.617 0.0000000000
36499  -13.615  -42.160  -11.094 0.0000000000
36500  -15.990  -41.161  -10.921 0.0000000000
36501  -16.745  -41.713  -10.878 0.0000000000
36502  -18.144  -41.725  -10.510 0.0000000000
36511  -14.148  -42.175  -11.385 0.0000000000
36512  -14.756  -42.121  -11.628 0.0000000000
36513  -15.654  -41.896  -11.405 0.0000000000
36514  -16.266  -42.221  -11.310 0.0000000000
37448  -21.238  -40.401  5.107 0.0000000000
37449  -21.311  -40.751  5.274 0.0000000000
37465  -21.106  -40.598  4.585 0.0000000000
37466  -21.307  -40.902  4.906 0.0000000000
37480  -19.821  -40.598  3.012 0.0000000000
37481  -20.445  -40.094  3.715 0.0000000000
37493  -18.835  -40.908  2.198 0.0000000000
37494  -19.396  -40.274  2.341 0.0000000000
37503  -18.946  -40.550  1.698 0.0000000000
37504  -19.357  -39.884  1.609 0.0000000000
37512  -19.133  -40.249  1.104 0.0000000000
37513  -19.353  -39.672  0.869 0.0000000000
37522  -19.148  -40.179  0.267 0.0000000000
37523  -19.344  -39.447  0.234 0.0000000000
37533  -18.838  -40.288  -0.785 0.0000000000
37537  -18.169  -40.984  -2.087 0.0000000000
37538  -18.443  -40.411  -1.867 0.0000000000
37542  -18.065  -40.655  -2.720 0.0000000000
37543  -18.241  -39.909  -2.637 0.0000000000
37547  -17.815  -40.538  -3.812 0.0000000000
37614  -14.838  -40.651  -10.936 0.0000000000
37615  -15.707  -40.480  -10.699 0.0000000000
37616  -16.608  -40.530  -10.552 0.0000000000
37617  -17.698  -40.612  -10.380 0.0000000000
37631  -14.331  -41.766  -11.388 0.0000000000
37632  -14.751  -41.453  -11.346 0.0000000000
37633  -15.360  -41.137  -11.080 0.0000000000
38700  -20.816  -39.494  4.466 0.0000000000
38714  -19.918  -39.644  3.030 0.0000000000
38715  -20.381  -39.140  3.700 0.0000000000
38728  -19.645  -39.320  2.224 0.0000000000
38740  -19.515  -39.140  1.377 0.0000000000
38751  -19.450  -39.033  0.631 0.0000000000
38760  -19.113  -39.258  -0.549 0.0000000000
38761  -19.354  -38.974  0.049 0.0000000000
38773  -18.688  -39.450  -1.539 0.0000000000
38781  -18.373  -39.478  -2.320 0.0000000000
38789  -17.949  -39.486  -3.306 0.0000000000
38790  -18.150  -39.490  -2.758 0.0000000000
38872  -15.309  -39.711  -10.540 0.0000000000
38873  -16.301  -39.593  -10.442 0.0000000000
38874  -17.347  -39.564  -10.331 0.0000000000
40023  -20.565  -38.625  4.292 0.0000000000
40037  -20.026  -38.511  3.017 0.0000000000
40038  -20.360  -38.548  3.724 0.0000000000
40052  -19.616  -38.464  1.924 0.0000000000
40064  -19.498  -38.428  1.026 0.0000000000
40076  -19.364  -38.473  0.296 0.0000000000
40088  -18.902  -38.308  -0.703 0.0000000000
40089  -19.206  -38.618  -0.231 0.0000000000
40105  -18.703  -38.693  -1.305 0.0000000000
40114  -18.053  -38.186  -2.489 0.0000000000
40115  -18.295  -38.536  -2.148 0.0000000000
40124  -17.884  -38.387  -2.954 0.0000000000
40125  -18.128  -39.075  -2.717 0.0000000000
41306  -19.892  -37.419  3.367 0.0000000000
41307  -20.348  -37.990  3.901 0.0000000000
41324  -19.639  -37.648  2.402 0.0000000000
41340  -19.147  -37.207  1.138 0.0000000000
41341  -19.448  -37.739  1.472 0.0000000000
41357  -18.839  -37.077  0.590 0.0000000000
41358  -19.228  -37.735  0.547 0.0000000000
41373  -18.067  -36.816  -0.655 0.0000000000
41374  -18.602  -37.341  -0.346 0.0000000000
41375  -19.138  -38.068  -0.129 0.0000000000
41394  -18.025  -37.102  -1.245 0.0000000000
41395  -18.411  -37.941  -1.458 0.0000000000
41401  -17.916  -37.669  -2.296 0.0000000000
41402  -18.230  -38.037  -1.991 0.0000000000
42568  -18.817  -36.374  2.284 0.0000000000
42569  -19.391  -36.803  2.810 0.0000000000
42587  -18.704  -36.570  1.298 0.0000000000
42588  -19.259  -37.021  1.879 0.0000000000
42610  -18.336  -36.613  0.411 0.0000000000
42627  -18.045  -36.629  -0.225 0.0000000000
