#!ascii label  , from subject colin27_FS vox2ras=TkReg
944
53542  -31.223  -27.009  -22.755 0.0000000000
54695  -30.931  -26.486  -22.574 0.0000000000
54704  -31.539  -26.445  -22.929 0.0000000000
54705  -32.232  -26.515  -23.364 0.0000000000
54716  -33.043  -26.462  -23.821 0.0000000000
54717  -33.737  -26.426  -24.466 0.0000000000
54727  -34.325  -26.434  -25.264 0.0000000000
54736  -34.500  -25.983  -25.686 0.0000000000
55944  -30.533  -25.840  -22.446 0.0000000000
55953  -30.342  -25.219  -22.709 0.0000000000
55954  -31.046  -25.520  -22.901 0.0000000000
55955  -31.815  -25.633  -23.345 0.0000000000
55966  -32.553  -25.597  -23.743 0.0000000000
55967  -33.245  -25.558  -24.304 0.0000000000
55980  -33.900  -25.494  -24.983 0.0000000000
55981  -34.216  -25.140  -25.493 0.0000000000
55992  -34.318  -25.694  -25.479 0.0000000000
55993  -34.564  -25.410  -25.938 0.0000000000
57134  -29.805  -24.821  -22.773 0.0000000000
57149  -29.315  -24.320  -23.293 0.0000000000
57150  -30.378  -24.518  -23.342 0.0000000000
57151  -31.353  -24.825  -23.516 0.0000000000
57152  -32.049  -24.951  -23.736 0.0000000000
57164  -30.993  -24.187  -23.857 0.0000000000
57165  -31.696  -24.336  -24.106 0.0000000000
57166  -32.621  -24.641  -24.345 0.0000000000
57167  -33.367  -24.847  -24.733 0.0000000000
57181  -33.088  -24.242  -24.924 0.0000000000
57182  -33.739  -24.456  -25.381 0.0000000000
57183  -34.296  -24.716  -25.824 0.0000000000
57193  -34.095  -24.161  -25.997 0.0000000000
57194  -34.459  -24.561  -26.482 0.0000000000
58371  -28.677  -23.796  -23.899 0.0000000000
58372  -29.617  -23.827  -23.957 0.0000000000
58373  -30.406  -23.877  -24.026 0.0000000000
58389  -28.083  -23.382  -24.409 0.0000000000
58390  -28.934  -23.295  -24.699 0.0000000000
58391  -30.009  -23.450  -24.581 0.0000000000
58392  -31.040  -23.668  -24.500 0.0000000000
58393  -32.081  -23.854  -24.740 0.0000000000
58394  -32.673  -24.021  -24.861 0.0000000000
58408  -29.008  -22.905  -25.191 0.0000000000
58409  -29.599  -22.999  -25.143 0.0000000000
58410  -30.514  -23.104  -25.147 0.0000000000
58411  -31.549  -23.232  -25.234 0.0000000000
58412  -32.878  -23.438  -25.532 0.0000000000
58413  -33.715  -23.826  -25.839 0.0000000000
58426  -33.178  -22.940  -26.277 0.0000000000
58427  -33.928  -23.435  -26.619 0.0000000000
58428  -34.491  -24.115  -26.990 0.0000000000
58441  -34.199  -23.057  -27.804 0.0000000000
58442  -34.523  -23.868  -27.598 0.0000000000
58453  -34.266  -22.933  -28.365 0.0000000000
58454  -34.452  -23.506  -28.616 0.0000000000
59692  -27.672  -22.936  -24.803 0.0000000000
59693  -28.247  -23.085  -24.827 0.0000000000
59711  -27.315  -22.373  -25.201 0.0000000000
59712  -28.364  -22.631  -25.287 0.0000000000
59713  -29.198  -22.569  -25.495 0.0000000000
59714  -30.013  -22.585  -25.621 0.0000000000
59715  -30.953  -22.661  -25.714 0.0000000000
59716  -31.872  -22.737  -25.781 0.0000000000
59731  -28.796  -22.191  -25.721 0.0000000000
59732  -29.462  -22.070  -25.991 0.0000000000
59733  -30.420  -22.100  -26.201 0.0000000000
59734  -31.422  -22.249  -26.317 0.0000000000
59735  -32.498  -22.482  -26.438 0.0000000000
59736  -33.263  -22.625  -26.711 0.0000000000
59747  -32.926  -22.175  -27.039 0.0000000000
59748  -33.552  -22.411  -27.418 0.0000000000
59752  -33.979  -22.412  -28.268 0.0000000000
59753  -34.264  -22.803  -28.737 0.0000000000
59756  -34.045  -22.272  -29.090 0.0000000000
59757  -34.295  -22.962  -29.272 0.0000000000
59768  -33.987  -22.602  -29.998 0.0000000000
61089  -26.866  -21.745  -25.603 0.0000000000
61090  -27.837  -21.946  -25.657 0.0000000000
61091  -28.397  -22.086  -25.693 0.0000000000
61110  -25.968  -21.019  -26.140 0.0000000000
61111  -26.543  -21.198  -26.104 0.0000000000
61112  -27.480  -21.381  -26.163 0.0000000000
61113  -28.581  -21.618  -26.193 0.0000000000
61114  -29.800  -21.355  -26.725 0.0000000000
61115  -30.942  -21.616  -26.767 0.0000000000
61116  -31.940  -21.817  -26.906 0.0000000000
61117  -32.519  -21.987  -27.016 0.0000000000
61129  -30.038  -20.888  -27.222 0.0000000000
61130  -30.592  -21.054  -27.226 0.0000000000
61131  -31.512  -21.213  -27.345 0.0000000000
61132  -32.722  -21.493  -27.700 0.0000000000
61133  -33.530  -21.940  -27.948 0.0000000000
61137  -33.087  -20.952  -28.839 0.0000000000
61138  -33.585  -21.678  -28.553 0.0000000000
61143  -33.197  -20.766  -29.433 0.0000000000
61144  -33.596  -21.393  -29.619 0.0000000000
61153  -33.488  -21.720  -30.584 0.0000000000
61167  -32.716  -21.256  -31.782 0.0000000000
62456  -24.490  -20.444  -26.335 0.0000000000
62457  -25.463  -20.640  -26.379 0.0000000000
62458  -26.277  -20.689  -26.513 0.0000000000
62459  -27.088  -20.785  -26.616 0.0000000000
62460  -28.020  -20.910  -26.712 0.0000000000
62461  -28.886  -20.963  -26.849 0.0000000000
62470  -25.982  -20.272  -26.818 0.0000000000
62471  -26.654  -20.243  -27.023 0.0000000000
62472  -27.568  -20.338  -27.203 0.0000000000
62473  -28.514  -20.433  -27.296 0.0000000000
62474  -29.504  -20.572  -27.393 0.0000000000
62475  -30.267  -20.605  -27.585 0.0000000000
62476  -31.023  -20.666  -27.738 0.0000000000
62477  -31.802  -20.817  -27.917 0.0000000000
62485  -29.924  -20.259  -27.859 0.0000000000
62486  -30.532  -20.225  -28.117 0.0000000000
62487  -31.390  -20.303  -28.435 0.0000000000
62488  -32.269  -20.623  -28.536 0.0000000000
62494  -31.850  -20.105  -29.012 0.0000000000
62495  -32.590  -20.284  -29.455 0.0000000000
62496  -33.200  -20.648  -29.863 0.0000000000
62504  -32.865  -20.186  -30.316 0.0000000000
62505  -33.298  -20.883  -30.490 0.0000000000
62516  -32.917  -20.338  -31.290 0.0000000000
62517  -33.209  -21.181  -31.121 0.0000000000
62532  -32.336  -20.304  -32.419 0.0000000000
63803  -24.070  -19.923  -26.886 0.0000000000
63804  -25.042  -20.044  -26.924 0.0000000000
63805  -25.598  -20.160  -26.869 0.0000000000
63815  -22.088  -19.035  -27.604 0.0000000000
63816  -22.719  -19.286  -27.503 0.0000000000
63817  -23.653  -19.451  -27.477 0.0000000000
63818  -24.738  -19.449  -27.734 0.0000000000
63819  -25.923  -19.763  -27.410 0.0000000000
63820  -27.072  -19.776  -27.700 0.0000000000
63821  -28.079  -19.883  -27.842 0.0000000000
63822  -29.030  -19.989  -27.814 0.0000000000
63823  -29.560  -20.138  -27.851 0.0000000000
63833  -25.074  -19.117  -28.352 0.0000000000
63834  -25.684  -19.241  -28.226 0.0000000000
63835  -26.589  -19.330  -28.241 0.0000000000
63836  -27.599  -19.268  -28.559 0.0000000000
63837  -28.692  -19.500  -28.423 0.0000000000
63838  -29.767  -19.769  -28.362 0.0000000000
63839  -30.826  -19.793  -28.773 0.0000000000
63840  -31.403  -19.910  -28.974 0.0000000000
63850  -27.846  -18.879  -29.084 0.0000000000
63851  -28.404  -19.043  -29.009 0.0000000000
63852  -29.265  -19.180  -29.008 0.0000000000
63853  -30.260  -19.271  -29.202 0.0000000000
63854  -31.534  -19.445  -29.687 0.0000000000
63855  -32.404  -19.774  -30.027 0.0000000000
63861  -31.736  -19.001  -30.489 0.0000000000
63862  -32.364  -19.405  -30.750 0.0000000000
63871  -32.501  -19.514  -31.798 0.0000000000
63883  -31.944  -19.447  -32.998 0.0000000000
63884  -32.273  -19.342  -32.426 0.0000000000
65074  -21.391  -18.601  -27.801 0.0000000000
65075  -22.515  -18.784  -28.081 0.0000000000
65076  -23.443  -18.983  -28.079 0.0000000000
65077  -24.065  -19.171  -27.963 0.0000000000
65088  -21.635  -18.209  -28.462 0.0000000000
65089  -22.204  -18.306  -28.530 0.0000000000
65090  -23.301  -18.313  -28.806 0.0000000000
65091  -24.444  -18.800  -28.540 0.0000000000
65092  -25.469  -18.827  -28.761 0.0000000000
65093  -26.331  -18.916  -28.765 0.0000000000
65094  -26.929  -19.030  -28.725 0.0000000000
65107  -23.749  -17.880  -29.286 0.0000000000
65108  -24.307  -18.110  -29.232 0.0000000000
65109  -25.191  -18.330  -29.254 0.0000000000
65110  -26.116  -18.429  -29.260 0.0000000000
65111  -27.200  -18.595  -29.269 0.0000000000
65112  -28.176  -18.597  -29.439 0.0000000000
65113  -28.862  -18.774  -29.427 0.0000000000
65114  -29.611  -18.766  -29.630 0.0000000000
65115  -30.494  -18.836  -29.870 0.0000000000
65127  -27.265  -18.050  -29.781 0.0000000000
65128  -27.864  -18.080  -29.861 0.0000000000
65129  -28.864  -18.259  -29.986 0.0000000000
65130  -29.933  -18.295  -30.281 0.0000000000
65131  -31.076  -18.493  -30.615 0.0000000000
65132  -31.861  -18.754  -30.971 0.0000000000
65140  -31.640  -18.274  -31.513 0.0000000000
65141  -32.188  -18.860  -31.628 0.0000000000
65149  -31.687  -18.918  -33.280 0.0000000000
65150  -31.885  -18.510  -32.611 0.0000000000
65151  -32.304  -19.021  -32.135 0.0000000000
65170  -31.160  -18.389  -33.733 0.0000000000
65171  -31.510  -18.047  -33.127 0.0000000000
65196  -30.647  -17.773  -34.081 0.0000000000
66426  -19.998  -17.919  -27.873 0.0000000000
66427  -20.619  -18.111  -28.054 0.0000000000
66438  -19.721  -17.528  -28.154 0.0000000000
66439  -20.304  -17.635  -28.460 0.0000000000
66440  -21.123  -17.931  -28.550 0.0000000000
66441  -21.860  -17.863  -28.844 0.0000000000
66442  -22.563  -17.907  -29.028 0.0000000000
66453  -20.745  -17.450  -28.889 0.0000000000
66454  -21.389  -17.395  -29.098 0.0000000000
66455  -22.258  -17.357  -29.311 0.0000000000
66456  -23.235  -17.514  -29.428 0.0000000000
66457  -24.166  -17.510  -29.583 0.0000000000
66458  -25.033  -17.635  -29.673 0.0000000000
66459  -25.837  -17.852  -29.660 0.0000000000
66460  -26.680  -17.975  -29.723 0.0000000000
66474  -25.644  -17.354  -29.946 0.0000000000
66475  -26.341  -17.363  -30.068 0.0000000000
66476  -27.315  -17.493  -30.190 0.0000000000
66477  -28.347  -17.495  -30.488 0.0000000000
66478  -29.291  -17.676  -30.631 0.0000000000
66479  -30.224  -17.738  -30.943 0.0000000000
66480  -30.961  -17.849  -31.359 0.0000000000
66492  -28.846  -17.169  -30.892 0.0000000000
66493  -29.505  -17.149  -31.230 0.0000000000
66494  -30.424  -17.189  -31.736 0.0000000000
66495  -31.278  -17.708  -32.100 0.0000000000
66501  -30.790  -17.136  -32.729 0.0000000000
66502  -31.389  -17.786  -32.768 0.0000000000
66513  -30.747  -17.339  -33.649 0.0000000000
66514  -31.212  -17.682  -33.243 0.0000000000
66537  -30.285  -17.274  -34.324 0.0000000000
67824  -18.867  -16.877  -28.022 0.0000000000
67825  -19.390  -17.280  -28.109 0.0000000000
67833  -17.904  -15.777  -28.516 0.0000000000
67834  -18.583  -16.194  -28.847 0.0000000000
67835  -19.637  -17.071  -28.702 0.0000000000
67836  -20.314  -17.294  -28.881 0.0000000000
67844  -18.898  -15.993  -29.534 0.0000000000
67845  -19.537  -16.410  -29.446 0.0000000000
67846  -20.624  -16.867  -29.325 0.0000000000
67847  -21.744  -16.788  -29.533 0.0000000000
67848  -22.772  -16.579  -29.798 0.0000000000
67849  -23.878  -16.847  -29.871 0.0000000000
67850  -24.785  -17.040  -29.965 0.0000000000
67851  -25.293  -17.190  -29.984 0.0000000000
67862  -23.019  -15.982  -30.128 0.0000000000
67863  -23.660  -16.120  -30.151 0.0000000000
67864  -24.641  -16.282  -30.237 0.0000000000
67865  -25.708  -16.694  -30.296 0.0000000000
67866  -26.860  -16.742  -30.491 0.0000000000
67867  -27.852  -16.676  -30.826 0.0000000000
67868  -28.427  -16.973  -30.865 0.0000000000
67879  -28.095  -16.287  -31.158 0.0000000000
67880  -28.643  -16.544  -31.270 0.0000000000
67881  -29.630  -16.503  -31.827 0.0000000000
67882  -30.237  -16.643  -32.253 0.0000000000
67894  -29.855  -16.249  -32.379 0.0000000000
67895  -30.218  -16.383  -32.757 0.0000000000
67908  -30.431  -16.599  -33.298 0.0000000000
67924  -29.903  -16.502  -34.620 0.0000000000
67925  -30.333  -16.613  -33.964 0.0000000000
69306  -16.482  -14.682  -28.217 0.0000000000
69307  -17.286  -15.133  -28.565 0.0000000000
69308  -18.026  -15.602  -28.903 0.0000000000
69316  -17.554  -14.795  -29.371 0.0000000000
69317  -18.270  -15.308  -29.679 0.0000000000
69318  -19.327  -15.812  -29.980 0.0000000000
69319  -20.322  -16.065  -29.919 0.0000000000
69320  -21.353  -16.209  -29.848 0.0000000000
69321  -22.043  -16.328  -29.846 0.0000000000
69331  -18.519  -14.951  -30.430 0.0000000000
69332  -19.073  -15.241  -30.462 0.0000000000
69333  -20.026  -15.397  -30.425 0.0000000000
69334  -21.077  -15.542  -30.354 0.0000000000
69335  -22.284  -15.754  -30.245 0.0000000000
69336  -23.334  -15.517  -30.397 0.0000000000
69337  -24.291  -15.526  -30.493 0.0000000000
69338  -25.489  -15.515  -30.761 0.0000000000
69339  -26.617  -16.000  -30.802 0.0000000000
69340  -27.288  -16.254  -30.852 0.0000000000
69350  -25.932  -14.975  -31.191 0.0000000000
69351  -26.518  -15.256  -31.216 0.0000000000
69352  -27.781  -15.647  -31.402 0.0000000000
69353  -29.014  -15.903  -31.922 0.0000000000
69354  -29.533  -16.075  -32.237 0.0000000000
69366  -28.120  -14.947  -32.016 0.0000000000
69367  -28.664  -15.241  -32.243 0.0000000000
69368  -29.626  -15.651  -32.818 0.0000000000
69369  -30.172  -16.129  -33.099 0.0000000000
69380  -29.811  -15.388  -33.884 0.0000000000
69381  -30.139  -16.039  -33.547 0.0000000000
69398  -29.738  -15.482  -34.826 0.0000000000
69399  -30.019  -16.013  -34.177 0.0000000000
69411  -29.510  -15.233  -35.803 0.0000000000
70690  -18.275  -14.474  -25.270 0.0000000000
70725  -15.593  -14.037  -27.602 0.0000000000
70726  -15.987  -14.153  -28.131 0.0000000000
70727  -16.602  -14.362  -28.632 0.0000000000
70735  -16.454  -13.756  -28.792 0.0000000000
70736  -17.014  -14.172  -29.373 0.0000000000
70737  -17.600  -14.597  -29.866 0.0000000000
70746  -17.332  -14.076  -30.170 0.0000000000
70747  -17.990  -14.440  -30.604 0.0000000000
70748  -18.809  -14.676  -30.892 0.0000000000
70749  -19.681  -14.758  -30.888 0.0000000000
70750  -20.696  -14.850  -30.853 0.0000000000
70751  -21.787  -14.927  -30.791 0.0000000000
70752  -22.869  -14.898  -30.722 0.0000000000
70753  -23.866  -14.882  -30.749 0.0000000000
70754  -24.717  -14.945  -30.850 0.0000000000
70765  -18.487  -14.150  -31.286 0.0000000000
70766  -19.247  -14.206  -31.452 0.0000000000
70767  -20.271  -14.245  -31.400 0.0000000000
70768  -21.361  -14.287  -31.379 0.0000000000
70769  -22.463  -14.306  -31.313 0.0000000000
70770  -23.496  -14.323  -31.237 0.0000000000
70771  -24.461  -14.397  -31.244 0.0000000000
70772  -25.425  -14.610  -31.291 0.0000000000
70773  -26.298  -14.591  -31.565 0.0000000000
70774  -27.008  -14.834  -31.586 0.0000000000
70788  -26.829  -14.316  -31.886 0.0000000000
70789  -27.558  -14.528  -32.068 0.0000000000
70790  -28.356  -14.558  -32.575 0.0000000000
70791  -28.968  -14.870  -32.840 0.0000000000
70800  -28.740  -14.379  -33.128 0.0000000000
70801  -29.283  -14.654  -33.526 0.0000000000
70819  -29.607  -14.584  -34.387 0.0000000000
70834  -29.767  -14.325  -35.402 0.0000000000
70835  -29.877  -13.769  -36.029 0.0000000000
70845  -29.595  -14.256  -36.534 0.0000000000
70846  -29.871  -13.645  -36.402 0.0000000000
72079  -16.118  -13.416  -26.588 0.0000000000
72080  -18.582  -13.902  -25.898 0.0000000000
72094  -16.153  -13.176  -26.915 0.0000000000
72095  -17.162  -12.838  -27.137 0.0000000000
72096  -18.689  -12.685  -27.403 0.0000000000
72108  -15.661  -13.634  -27.463 0.0000000000
72109  -15.891  -13.194  -27.898 0.0000000000
72122  -15.795  -13.619  -27.917 0.0000000000
72123  -16.216  -13.196  -28.449 0.0000000000
72132  -16.541  -13.126  -29.467 0.0000000000
72133  -16.932  -13.570  -30.052 0.0000000000
72141  -16.758  -12.966  -30.326 0.0000000000
72142  -17.308  -13.471  -30.853 0.0000000000
72143  -17.972  -13.795  -31.307 0.0000000000
72153  -17.747  -13.251  -31.578 0.0000000000
72154  -18.569  -13.404  -32.022 0.0000000000
72155  -19.801  -13.665  -31.970 0.0000000000
72156  -20.896  -13.700  -31.924 0.0000000000
72157  -22.093  -13.655  -31.962 0.0000000000
72158  -23.191  -13.715  -31.744 0.0000000000
72159  -24.174  -13.778  -31.660 0.0000000000
72160  -25.105  -13.918  -31.705 0.0000000000
72161  -25.962  -14.069  -31.865 0.0000000000
72162  -26.463  -14.139  -31.930 0.0000000000
72178  -19.493  -13.158  -32.548 0.0000000000
72179  -20.444  -13.206  -32.488 0.0000000000
72180  -21.463  -13.191  -32.464 0.0000000000
72181  -22.299  -13.086  -32.497 0.0000000000
72182  -23.032  -13.164  -32.299 0.0000000000
72183  -23.952  -13.203  -32.143 0.0000000000
72184  -24.860  -13.375  -32.171 0.0000000000
72185  -25.720  -13.561  -32.261 0.0000000000
72186  -26.780  -13.693  -32.473 0.0000000000
72187  -27.939  -13.942  -32.785 0.0000000000
72188  -28.430  -14.131  -33.027 0.0000000000
72202  -27.082  -13.140  -33.119 0.0000000000
72203  -27.680  -13.332  -33.184 0.0000000000
72204  -28.656  -13.671  -33.617 0.0000000000
72205  -29.319  -14.095  -34.022 0.0000000000
72222  -28.930  -13.112  -34.253 0.0000000000
72223  -29.464  -13.528  -34.610 0.0000000000
72243  -29.835  -13.349  -35.580 0.0000000000
72244  -29.976  -13.240  -36.226 0.0000000000
72261  -29.639  -13.722  -37.280 0.0000000000
72262  -29.962  -13.341  -36.830 0.0000000000
72274  -30.014  -13.245  -37.627 0.0000000000
73463  -15.766  -13.412  -27.341 0.0000000000
73464  -16.034  -13.096  -27.367 0.0000000000
73465  -16.863  -12.695  -27.519 0.0000000000
73466  -18.074  -12.510  -27.629 0.0000000000
73467  -19.468  -12.558  -27.662 0.0000000000
73479  -15.898  -13.166  -27.635 0.0000000000
73480  -16.432  -12.647  -28.065 0.0000000000
73481  -17.570  -12.029  -28.176 0.0000000000
73482  -18.796  -12.177  -28.035 0.0000000000
73483  -19.750  -12.300  -28.052 0.0000000000
73496  -16.711  -12.143  -29.081 0.0000000000
73497  -16.960  -12.002  -28.547 0.0000000000
73511  -16.624  -12.220  -30.065 0.0000000000
73521  -16.985  -12.393  -31.064 0.0000000000
73522  -17.412  -12.909  -31.410 0.0000000000
73533  -17.214  -11.958  -31.620 0.0000000000
73534  -17.741  -12.478  -32.154 0.0000000000
73535  -18.298  -12.848  -32.436 0.0000000000
73549  -18.127  -12.121  -32.867 0.0000000000
73550  -18.776  -12.491  -32.991 0.0000000000
73551  -20.038  -12.756  -33.079 0.0000000000
73552  -21.075  -12.709  -32.952 0.0000000000
73553  -22.032  -12.668  -32.884 0.0000000000
73554  -22.912  -12.638  -32.776 0.0000000000
73555  -23.796  -12.673  -32.651 0.0000000000
73556  -24.697  -12.828  -32.632 0.0000000000
73557  -25.544  -13.068  -32.670 0.0000000000
73558  -26.111  -13.292  -32.645 0.0000000000
73574  -19.199  -11.997  -33.659 0.0000000000
73575  -19.804  -12.246  -33.631 0.0000000000
73576  -20.788  -12.258  -33.506 0.0000000000
73577  -21.777  -12.239  -33.408 0.0000000000
73578  -22.727  -12.217  -33.314 0.0000000000
73579  -23.649  -12.204  -33.194 0.0000000000
73580  -24.569  -12.287  -33.121 0.0000000000
73581  -25.476  -12.503  -33.123 0.0000000000
73582  -26.438  -12.859  -33.124 0.0000000000
73583  -27.456  -12.648  -33.605 0.0000000000
73584  -28.084  -13.032  -33.595 0.0000000000
73602  -27.823  -12.194  -34.122 0.0000000000
73603  -28.386  -12.642  -34.145 0.0000000000
73604  -29.093  -12.629  -34.643 0.0000000000
73623  -29.591  -12.617  -35.267 0.0000000000
73624  -29.978  -12.608  -35.973 0.0000000000
73642  -30.178  -12.741  -36.541 0.0000000000
73658  -30.390  -12.604  -37.220 0.0000000000
73659  -30.713  -12.248  -37.774 0.0000000000
73670  -30.393  -12.773  -38.103 0.0000000000
74824  -17.936  -11.572  -28.582 0.0000000000
74825  -18.528  -11.703  -28.440 0.0000000000
74826  -19.474  -11.887  -28.388 0.0000000000
74827  -20.405  -12.064  -28.296 0.0000000000
74838  -16.982  -11.487  -29.343 0.0000000000
74839  -17.421  -11.366  -29.005 0.0000000000
74840  -18.315  -11.220  -28.789 0.0000000000
74841  -19.210  -11.372  -28.781 0.0000000000
74842  -20.210  -11.536  -28.722 0.0000000000
74843  -21.331  -11.702  -28.524 0.0000000000
74853  -16.878  -11.340  -29.847 0.0000000000
74854  -17.130  -11.187  -29.481 0.0000000000
74863  -16.789  -11.555  -30.604 0.0000000000
74873  -17.009  -11.515  -31.273 0.0000000000
74874  -17.375  -11.446  -32.002 0.0000000000
74887  -17.976  -11.441  -32.953 0.0000000000
74888  -18.337  -11.896  -33.184 0.0000000000
74905  -18.271  -11.021  -33.512 0.0000000000
74906  -18.721  -11.401  -33.801 0.0000000000
74907  -19.654  -11.714  -34.111 0.0000000000
74908  -20.569  -11.766  -34.037 0.0000000000
74909  -21.543  -11.746  -33.918 0.0000000000
74910  -22.521  -11.736  -33.829 0.0000000000
74911  -23.481  -11.725  -33.727 0.0000000000
74912  -24.427  -11.740  -33.614 0.0000000000
74913  -25.366  -11.861  -33.550 0.0000000000
74914  -26.257  -12.127  -33.578 0.0000000000
74915  -26.837  -12.359  -33.607 0.0000000000
74927  -19.009  -10.899  -34.481 0.0000000000
74928  -19.510  -11.158  -34.553 0.0000000000
74929  -20.373  -11.272  -34.572 0.0000000000
74930  -21.322  -11.254  -34.456 0.0000000000
74931  -22.303  -11.262  -34.378 0.0000000000
74932  -23.279  -11.227  -34.260 0.0000000000
74933  -24.247  -11.194  -34.120 0.0000000000
74934  -25.218  -11.221  -33.994 0.0000000000
74935  -26.192  -11.412  -33.980 0.0000000000
74936  -27.185  -11.823  -34.086 0.0000000000
74937  -28.205  -11.696  -34.629 0.0000000000
74938  -28.718  -12.191  -34.644 0.0000000000
74956  -28.616  -11.242  -35.112 0.0000000000
74957  -29.124  -11.791  -35.102 0.0000000000
74958  -29.789  -11.833  -35.733 0.0000000000
74973  -30.339  -11.914  -36.514 0.0000000000
74989  -30.716  -11.887  -37.263 0.0000000000
74990  -31.033  -11.668  -37.859 0.0000000000
76134  -17.603  -10.909  -29.324 0.0000000000
76135  -18.020  -10.798  -29.220 0.0000000000
76136  -18.931  -10.824  -29.198 0.0000000000
76137  -19.904  -11.000  -29.256 0.0000000000
76138  -20.931  -11.068  -29.129 0.0000000000
76139  -21.926  -11.077  -29.050 0.0000000000
76152  -17.032  -10.913  -30.039 0.0000000000
76153  -17.526  -10.662  -29.873 0.0000000000
76154  -18.633  -10.315  -29.695 0.0000000000
76155  -19.612  -10.343  -29.667 0.0000000000
76156  -20.602  -10.445  -29.633 0.0000000000
76157  -21.592  -10.533  -29.547 0.0000000000
76158  -22.527  -10.599  -29.501 0.0000000000
76171  -17.010  -10.891  -30.490 0.0000000000
76172  -17.434  -10.249  -30.842 0.0000000000
76188  -16.920  -11.137  -30.943 0.0000000000
76189  -17.262  -10.687  -31.453 0.0000000000
76211  -17.682  -10.633  -32.462 0.0000000000
76235  -18.177  -10.421  -33.442 0.0000000000
76236  -18.423  -10.786  -33.801 0.0000000000
76254  -18.335  -9.919  -33.966 0.0000000000
76255  -18.633  -10.297  -34.447 0.0000000000
76256  -19.346  -10.630  -35.006 0.0000000000
76257  -20.161  -10.811  -35.160 0.0000000000
76258  -21.084  -10.766  -35.020 0.0000000000
76259  -22.046  -10.730  -34.889 0.0000000000
76260  -23.024  -10.680  -34.762 0.0000000000
76261  -24.006  -10.643  -34.635 0.0000000000
76262  -24.991  -10.619  -34.493 0.0000000000
76263  -25.992  -10.706  -34.430 0.0000000000
76264  -26.984  -10.955  -34.512 0.0000000000
76265  -27.613  -11.247  -34.619 0.0000000000
76283  -18.778  -9.853  -35.090 0.0000000000
76284  -19.113  -10.099  -35.325 0.0000000000
76285  -19.892  -10.280  -35.827 0.0000000000
76286  -20.835  -10.387  -35.716 0.0000000000
76287  -21.760  -10.336  -35.518 0.0000000000
76288  -22.719  -10.212  -35.356 0.0000000000
76289  -23.701  -10.132  -35.207 0.0000000000
76290  -24.684  -10.073  -35.050 0.0000000000
76291  -25.683  -10.060  -34.919 0.0000000000
76292  -26.718  -10.215  -34.954 0.0000000000
76293  -27.986  -10.544  -35.238 0.0000000000
76294  -29.044  -10.969  -35.481 0.0000000000
76295  -29.486  -11.341  -35.600 0.0000000000
76313  -20.253  -10.019  -36.298 0.0000000000
76314  -20.541  -10.157  -36.128 0.0000000000
76315  -28.409  -9.909  -35.858 0.0000000000
76316  -28.943  -10.256  -35.901 0.0000000000
76317  -29.849  -10.815  -36.126 0.0000000000
76333  -30.684  -10.981  -37.155 0.0000000000
76334  -31.303  -10.854  -38.029 0.0000000000
77650  -17.854  -9.965  -30.663 0.0000000000
77651  -18.519  -9.821  -30.442 0.0000000000
77652  -19.351  -9.841  -30.187 0.0000000000
77653  -20.299  -9.800  -30.226 0.0000000000
77654  -21.280  -9.952  -30.051 0.0000000000
77655  -22.252  -10.063  -29.976 0.0000000000
77656  -23.184  -10.211  -29.914 0.0000000000
77675  -17.807  -9.766  -31.124 0.0000000000
77676  -18.241  -9.481  -31.086 0.0000000000
77677  -20.504  -9.478  -30.600 0.0000000000
77678  -21.002  -9.464  -30.552 0.0000000000
77679  -21.930  -9.458  -30.426 0.0000000000
77680  -22.964  -9.606  -30.356 0.0000000000
77681  -24.226  -9.960  -30.315 0.0000000000
77695  -17.738  -9.839  -31.592 0.0000000000
77696  -18.072  -9.464  -31.501 0.0000000000
77714  -17.700  -10.076  -32.118 0.0000000000
77727  -18.015  -9.844  -32.850 0.0000000000
77744  -18.272  -9.550  -33.648 0.0000000000
77745  -18.395  -9.463  -34.317 0.0000000000
77764  -18.594  -9.390  -34.983 0.0000000000
77765  -18.930  -9.568  -35.495 0.0000000000
77766  -19.355  -9.776  -35.864 0.0000000000
77767  -20.910  -10.122  -36.138 0.0000000000
77768  -21.422  -10.026  -36.104 0.0000000000
77769  -22.335  -9.819  -36.012 0.0000000000
77770  -23.326  -9.656  -35.844 0.0000000000
77771  -24.309  -9.590  -35.661 0.0000000000
77772  -25.286  -9.532  -35.512 0.0000000000
77773  -26.275  -9.549  -35.418 0.0000000000
77774  -27.164  -9.724  -35.475 0.0000000000
77794  -18.767  -9.034  -35.552 0.0000000000
77795  -19.127  -9.212  -36.038 0.0000000000
77796  -19.828  -9.591  -36.481 0.0000000000
77797  -20.784  -9.801  -36.532 0.0000000000
77798  -21.783  -9.576  -36.657 0.0000000000
77799  -22.910  -9.272  -36.736 0.0000000000
77800  -23.905  -9.220  -36.338 0.0000000000
77801  -24.829  -9.087  -36.157 0.0000000000
77802  -25.812  -8.979  -35.990 0.0000000000
77803  -26.817  -9.068  -35.942 0.0000000000
77804  -27.839  -9.423  -35.996 0.0000000000
77805  -28.732  -9.527  -36.391 0.0000000000
77806  -29.446  -9.911  -36.414 0.0000000000
77820  -20.374  -9.339  -37.022 0.0000000000
77821  -21.114  -9.332  -37.235 0.0000000000
77822  -22.043  -9.173  -37.321 0.0000000000
77823  -22.680  -8.981  -37.363 0.0000000000
77824  -29.351  -9.369  -36.796 0.0000000000
77825  -30.179  -9.732  -36.989 0.0000000000
77826  -30.971  -10.125  -37.582 0.0000000000
77840  -30.785  -9.400  -37.716 0.0000000000
77841  -31.565  -9.818  -38.340 0.0000000000
77842  -32.152  -9.714  -39.199 0.0000000000
79032  -19.239  -9.423  -30.635 0.0000000000
79033  -19.855  -9.464  -30.623 0.0000000000
79034  -20.257  -9.479  -30.616 0.0000000000
79047  -18.892  -9.147  -31.056 0.0000000000
79048  -19.638  -9.080  -31.115 0.0000000000
79049  -20.485  -9.131  -30.996 0.0000000000
79050  -21.510  -8.905  -30.934 0.0000000000
79051  -22.549  -8.906  -30.806 0.0000000000
79052  -23.587  -9.139  -30.774 0.0000000000
79053  -24.175  -9.324  -30.785 0.0000000000
79062  -18.126  -9.300  -31.942 0.0000000000
79063  -18.597  -8.896  -31.807 0.0000000000
79064  -19.356  -8.637  -31.619 0.0000000000
79065  -20.120  -8.515  -31.602 0.0000000000
79066  -21.029  -8.388  -31.567 0.0000000000
79067  -22.073  -8.328  -31.453 0.0000000000
79068  -23.173  -8.424  -31.298 0.0000000000
79069  -24.343  -8.837  -31.270 0.0000000000
79078  -18.056  -9.482  -32.343 0.0000000000
79079  -18.371  -8.861  -32.532 0.0000000000
79089  -18.292  -8.997  -33.218 0.0000000000
79090  -18.518  -8.380  -33.185 0.0000000000
79101  -18.348  -8.810  -34.157 0.0000000000
79102  -18.414  -8.930  -34.672 0.0000000000
79115  -18.374  -8.523  -34.717 0.0000000000
79116  -18.500  -8.603  -35.181 0.0000000000
79133  -18.866  -8.412  -35.967 0.0000000000
79134  -19.381  -8.744  -36.588 0.0000000000
79135  -19.868  -8.966  -37.035 0.0000000000
79136  -23.636  -8.966  -36.837 0.0000000000
79137  -24.288  -8.764  -36.831 0.0000000000
79138  -25.278  -8.558  -36.705 0.0000000000
79139  -26.305  -8.495  -36.570 0.0000000000
79140  -27.305  -8.622  -36.562 0.0000000000
79141  -28.206  -8.820  -36.713 0.0000000000
79142  -28.869  -8.980  -36.928 0.0000000000
79159  -19.182  -8.048  -36.638 0.0000000000
79160  -19.599  -8.208  -37.250 0.0000000000
79161  -20.379  -8.739  -37.572 0.0000000000
79162  -21.343  -8.824  -37.882 0.0000000000
79163  -22.324  -8.780  -37.896 0.0000000000
79164  -23.402  -8.720  -37.524 0.0000000000
79165  -24.661  -8.298  -37.606 0.0000000000
79166  -25.776  -8.069  -37.308 0.0000000000
79167  -26.784  -8.021  -37.171 0.0000000000
79168  -27.727  -8.176  -37.205 0.0000000000
79169  -28.593  -8.384  -37.353 0.0000000000
79170  -29.451  -8.791  -37.307 0.0000000000
79171  -30.238  -8.899  -37.591 0.0000000000
79183  -19.984  -8.015  -37.904 0.0000000000
79184  -20.642  -8.194  -38.350 0.0000000000
79185  -21.645  -8.399  -38.656 0.0000000000
79186  -22.782  -8.421  -38.554 0.0000000000
79187  -23.845  -8.247  -38.407 0.0000000000
79188  -24.636  -7.959  -38.408 0.0000000000
79189  -29.068  -8.158  -37.714 0.0000000000
79190  -29.755  -8.202  -37.943 0.0000000000
79191  -30.831  -8.574  -38.196 0.0000000000
79192  -31.732  -8.797  -38.848 0.0000000000
79193  -32.260  -9.056  -39.375 0.0000000000
79203  -32.089  -8.469  -39.265 0.0000000000
79204  -32.611  -8.681  -39.854 0.0000000000
80352  -19.229  -8.288  -32.162 0.0000000000
80353  -19.802  -8.124  -32.119 0.0000000000
80354  -20.499  -7.849  -32.201 0.0000000000
80355  -21.503  -7.643  -32.172 0.0000000000
80356  -22.659  -7.757  -31.913 0.0000000000
80357  -23.757  -7.874  -31.830 0.0000000000
80358  -24.840  -8.092  -32.084 0.0000000000
80366  -18.881  -8.197  -32.707 0.0000000000
80367  -19.588  -7.702  -32.654 0.0000000000
80368  -20.037  -7.736  -32.408 0.0000000000
80369  -21.664  -7.172  -32.564 0.0000000000
80370  -22.250  -7.215  -32.460 0.0000000000
80371  -23.192  -7.218  -32.354 0.0000000000
80372  -24.230  -7.249  -32.400 0.0000000000
80373  -25.386  -7.376  -32.898 0.0000000000
80379  -18.387  -8.241  -33.868 0.0000000000
80380  -18.822  -7.637  -33.522 0.0000000000
80381  -19.194  -7.642  -33.050 0.0000000000
80382  -25.667  -6.901  -33.458 0.0000000000
80390  -18.322  -8.183  -34.597 0.0000000000
80391  -18.537  -7.604  -34.404 0.0000000000
80400  -18.346  -8.256  -34.967 0.0000000000
80401  -18.576  -7.780  -35.308 0.0000000000
80411  -19.028  -7.517  -36.265 0.0000000000
80425  -19.323  -7.427  -37.021 0.0000000000
80426  -19.595  -7.385  -37.710 0.0000000000
80427  -25.380  -7.801  -38.118 0.0000000000
80428  -26.303  -7.626  -37.920 0.0000000000
80429  -27.255  -7.586  -37.782 0.0000000000
80430  -28.148  -7.780  -37.753 0.0000000000
80431  -28.672  -7.953  -37.760 0.0000000000
80442  -20.022  -7.399  -38.432 0.0000000000
80443  -20.824  -7.448  -39.307 0.0000000000
80444  -22.143  -7.994  -39.453 0.0000000000
80445  -23.292  -8.031  -39.254 0.0000000000
80446  -24.238  -7.847  -39.060 0.0000000000
80447  -25.081  -7.634  -38.897 0.0000000000
80448  -25.908  -7.469  -38.707 0.0000000000
80449  -26.785  -7.196  -38.649 0.0000000000
80450  -27.750  -7.266  -38.355 0.0000000000
80451  -28.836  -7.535  -38.240 0.0000000000
80452  -30.084  -7.406  -38.725 0.0000000000
80453  -31.274  -7.907  -38.825 0.0000000000
80454  -31.773  -8.200  -39.053 0.0000000000
80460  -20.939  -6.808  -39.888 0.0000000000
80461  -21.684  -7.132  -40.279 0.0000000000
80462  -22.851  -7.636  -40.091 0.0000000000
80463  -23.871  -7.675  -39.837 0.0000000000
80464  -24.732  -7.518  -39.600 0.0000000000
80465  -25.643  -7.250  -39.538 0.0000000000
80466  -26.252  -7.205  -39.101 0.0000000000
80467  -30.303  -6.834  -39.304 0.0000000000
80468  -31.003  -7.117  -39.250 0.0000000000
80469  -31.997  -7.702  -39.408 0.0000000000
80470  -32.693  -7.732  -40.135 0.0000000000
80476  -22.040  -6.767  -40.870 0.0000000000
80477  -22.627  -7.099  -40.798 0.0000000000
80478  -23.578  -7.304  -40.604 0.0000000000
80479  -24.493  -7.299  -40.272 0.0000000000
80480  -25.066  -7.274  -39.981 0.0000000000
81607  -20.514  -7.554  -32.460 0.0000000000
81608  -20.770  -7.472  -32.448 0.0000000000
81615  -19.782  -7.351  -32.853 0.0000000000
81616  -20.245  -7.347  -32.667 0.0000000000
81617  -21.094  -7.057  -32.732 0.0000000000
81618  -21.831  -6.799  -32.853 0.0000000000
81619  -22.658  -6.723  -32.847 0.0000000000
81620  -23.581  -6.655  -32.805 0.0000000000
81621  -24.454  -6.704  -32.933 0.0000000000
81627  -19.047  -7.199  -33.618 0.0000000000
81628  -19.525  -7.099  -33.307 0.0000000000
81629  -20.438  -6.678  -33.205 0.0000000000
81630  -21.255  -6.454  -33.281 0.0000000000
81631  -22.103  -6.369  -33.380 0.0000000000
81632  -23.001  -6.294  -33.391 0.0000000000
81633  -23.935  -6.161  -33.322 0.0000000000
81634  -25.014  -6.362  -33.552 0.0000000000
81635  -25.944  -6.582  -33.865 0.0000000000
81641  -18.969  -7.011  -34.053 0.0000000000
81642  -19.505  -6.569  -34.054 0.0000000000
81643  -25.532  -5.961  -34.197 0.0000000000
81644  -26.318  -6.215  -34.540 0.0000000000
81651  -18.870  -6.978  -34.977 0.0000000000
81661  -19.038  -6.877  -35.882 0.0000000000
81676  -19.332  -6.702  -36.809 0.0000000000
81677  -19.420  -6.835  -37.442 0.0000000000
81692  -19.437  -6.307  -37.498 0.0000000000
81693  -19.509  -6.507  -38.187 0.0000000000
81694  -19.969  -6.757  -38.962 0.0000000000
81695  -26.914  -6.965  -39.029 0.0000000000
81696  -27.300  -6.881  -38.958 0.0000000000
81697  -28.159  -6.822  -38.880 0.0000000000
81698  -29.029  -6.841  -38.914 0.0000000000
81705  -19.668  -6.109  -38.967 0.0000000000
81706  -20.287  -6.200  -39.719 0.0000000000
81707  -21.013  -6.452  -40.263 0.0000000000
81708  -26.001  -6.887  -39.962 0.0000000000
81709  -26.664  -6.844  -39.488 0.0000000000
81710  -27.597  -6.527  -39.526 0.0000000000
81711  -28.444  -6.325  -39.601 0.0000000000
81712  -29.561  -6.496  -39.437 0.0000000000
81713  -30.570  -6.264  -39.739 0.0000000000
81714  -31.716  -6.753  -39.767 0.0000000000
81715  -32.306  -7.175  -39.944 0.0000000000
81722  -20.768  -5.917  -40.426 0.0000000000
81723  -21.507  -6.154  -40.984 0.0000000000
81724  -22.406  -6.569  -41.357 0.0000000000
81725  -23.318  -6.833  -41.389 0.0000000000
81726  -24.313  -6.904  -41.064 0.0000000000
81727  -25.362  -6.870  -40.461 0.0000000000
81728  -26.329  -6.583  -40.361 0.0000000000
81729  -27.239  -6.351  -40.374 0.0000000000
81730  -27.836  -6.268  -39.973 0.0000000000
81731  -30.750  -5.793  -40.190 0.0000000000
81732  -31.447  -6.017  -40.180 0.0000000000
81733  -32.704  -6.622  -40.673 0.0000000000
81740  -21.666  -5.696  -41.521 0.0000000000
81741  -22.116  -5.987  -41.716 0.0000000000
81742  -22.984  -6.241  -42.169 0.0000000000
81743  -24.037  -6.343  -42.022 0.0000000000
81744  -25.012  -6.385  -41.427 0.0000000000
81745  -26.034  -6.346  -41.079 0.0000000000
81746  -26.690  -6.332  -40.844 0.0000000000
81747  -32.916  -5.988  -41.353 0.0000000000
81756  -23.385  -5.910  -42.578 0.0000000000
81757  -23.610  -6.088  -42.425 0.0000000000
82953  -19.962  -6.388  -33.726 0.0000000000
82954  -20.629  -6.069  -33.783 0.0000000000
82955  -21.501  -5.942  -33.871 0.0000000000
82956  -22.411  -5.880  -33.919 0.0000000000
82957  -23.320  -5.761  -33.866 0.0000000000
82958  -24.215  -5.681  -33.853 0.0000000000
82959  -24.886  -5.705  -34.088 0.0000000000
82965  -19.268  -6.521  -34.632 0.0000000000
82966  -19.902  -5.939  -34.572 0.0000000000
82967  -20.883  -5.499  -34.421 0.0000000000
82968  -21.826  -5.418  -34.439 0.0000000000
82969  -22.759  -5.346  -34.411 0.0000000000
82970  -23.646  -5.221  -34.308 0.0000000000
82971  -24.468  -5.208  -34.338 0.0000000000
82972  -25.209  -5.322  -34.510 0.0000000000
82973  -25.789  -5.606  -34.649 0.0000000000
82977  -19.338  -6.203  -35.467 0.0000000000
82978  -19.837  -5.627  -35.546 0.0000000000
82979  -25.616  -5.149  -34.848 0.0000000000
82980  -26.233  -5.415  -35.172 0.0000000000
82986  -19.425  -6.136  -36.405 0.0000000000
82997  -19.537  -5.934  -37.192 0.0000000000
83014  -19.381  -5.741  -37.837 0.0000000000
83015  -19.489  -5.608  -38.503 0.0000000000
83027  -19.722  -5.405  -39.280 0.0000000000
83028  -20.026  -5.462  -39.770 0.0000000000
83029  -28.456  -6.082  -39.973 0.0000000000
83030  -28.852  -5.990  -39.916 0.0000000000
83031  -29.613  -5.911  -39.925 0.0000000000
83037  -19.930  -5.009  -39.784 0.0000000000
83038  -20.334  -5.242  -40.291 0.0000000000
83039  -20.877  -5.490  -40.819 0.0000000000
83040  -27.484  -6.092  -40.766 0.0000000000
83041  -28.083  -6.010  -40.419 0.0000000000
83042  -29.017  -5.667  -40.486 0.0000000000
83043  -30.041  -5.559  -40.409 0.0000000000
83044  -30.899  -5.488  -40.607 0.0000000000
83045  -31.754  -5.627  -40.713 0.0000000000
83051  -20.658  -4.953  -40.945 0.0000000000
83052  -21.239  -5.189  -41.457 0.0000000000
83053  -21.834  -5.453  -41.934 0.0000000000
83054  -22.380  -5.689  -42.244 0.0000000000
83055  -24.259  -6.047  -42.356 0.0000000000
83056  -24.678  -5.993  -42.157 0.0000000000
83057  -25.667  -5.948  -41.844 0.0000000000
83058  -27.084  -5.851  -41.439 0.0000000000
83059  -28.301  -5.545  -41.194 0.0000000000
83060  -29.243  -5.264  -41.151 0.0000000000
83061  -30.193  -5.083  -41.150 0.0000000000
83062  -31.170  -5.087  -41.221 0.0000000000
83063  -32.274  -5.373  -41.385 0.0000000000
83064  -33.022  -5.614  -41.737 0.0000000000
83071  -21.598  -4.953  -42.108 0.0000000000
83072  -22.125  -5.131  -42.472 0.0000000000
83073  -22.929  -5.503  -42.792 0.0000000000
83074  -24.019  -5.651  -42.756 0.0000000000
83075  -25.050  -5.486  -42.457 0.0000000000
83076  -26.033  -5.368  -42.274 0.0000000000
83077  -26.742  -5.262  -42.238 0.0000000000
83078  -32.730  -5.100  -42.010 0.0000000000
83087  -23.407  -5.190  -43.186 0.0000000000
83088  -23.773  -5.076  -43.284 0.0000000000
84305  -20.441  -5.318  -35.289 0.0000000000
84306  -21.302  -5.033  -35.096 0.0000000000
84307  -22.227  -4.871  -34.930 0.0000000000
84308  -23.145  -4.744  -34.788 0.0000000000
84309  -24.030  -4.622  -34.623 0.0000000000
84310  -24.852  -4.751  -34.700 0.0000000000
84311  -25.300  -4.927  -34.796 0.0000000000
84320  -19.682  -5.582  -36.206 0.0000000000
84321  -20.057  -5.038  -36.054 0.0000000000
84322  -20.832  -4.620  -35.933 0.0000000000
84323  -21.755  -4.446  -35.546 0.0000000000
84324  -22.672  -4.320  -35.363 0.0000000000
84325  -23.582  -4.149  -35.155 0.0000000000
84326  -24.530  -4.133  -35.062 0.0000000000
84327  -25.486  -4.560  -35.201 0.0000000000
84328  -26.249  -4.687  -35.713 0.0000000000
84334  -19.682  -5.569  -36.861 0.0000000000
84335  -19.933  -4.948  -36.880 0.0000000000
84336  -20.329  -4.527  -36.593 0.0000000000
84343  -19.646  -5.210  -37.519 0.0000000000
84344  -19.923  -4.579  -37.554 0.0000000000
84358  -19.510  -5.099  -38.124 0.0000000000
84359  -19.627  -4.882  -38.695 0.0000000000
84377  -19.765  -4.559  -39.394 0.0000000000
84390  -19.952  -4.390  -40.218 0.0000000000
84391  -20.323  -4.581  -40.745 0.0000000000
84397  -20.104  -4.075  -40.888 0.0000000000
84398  -20.619  -4.300  -41.446 0.0000000000
84399  -21.216  -4.570  -41.971 0.0000000000
84400  -27.851  -5.378  -41.739 0.0000000000
84401  -28.504  -5.114  -41.853 0.0000000000
84402  -29.441  -4.806  -41.863 0.0000000000
84403  -30.432  -4.648  -41.862 0.0000000000
84404  -31.426  -4.650  -41.884 0.0000000000
84405  -32.179  -4.739  -42.050 0.0000000000
84412  -21.019  -4.030  -42.200 0.0000000000
84413  -21.638  -4.392  -42.671 0.0000000000
84414  -22.409  -4.747  -43.011 0.0000000000
84415  -22.939  -4.937  -43.296 0.0000000000
84416  -24.646  -5.150  -42.860 0.0000000000
84417  -25.236  -4.737  -42.798 0.0000000000
84418  -26.284  -4.651  -42.505 0.0000000000
84419  -27.459  -4.883  -42.328 0.0000000000
84433  -23.392  -4.667  -43.638 0.0000000000
84434  -24.272  -4.655  -43.354 0.0000000000
85602  -21.448  -4.086  -36.133 0.0000000000
85603  -22.195  -3.873  -35.904 0.0000000000
85604  -23.109  -3.726  -35.743 0.0000000000
85605  -24.055  -3.539  -35.565 0.0000000000
85606  -25.050  -3.689  -35.696 0.0000000000
85607  -25.868  -4.063  -35.955 0.0000000000
85608  -26.314  -4.358  -36.110 0.0000000000
85619  -20.280  -4.103  -37.330 0.0000000000
85620  -20.888  -3.989  -36.776 0.0000000000
85621  -21.721  -3.582  -36.553 0.0000000000
85622  -22.622  -3.394  -36.387 0.0000000000
85623  -23.540  -3.203  -36.230 0.0000000000
85624  -24.501  -3.131  -36.242 0.0000000000
85625  -25.549  -3.379  -36.714 0.0000000000
85626  -26.352  -4.066  -36.566 0.0000000000
85632  -19.727  -4.591  -38.017 0.0000000000
85633  -20.037  -3.966  -37.967 0.0000000000
85634  -25.907  -3.099  -37.359 0.0000000000
85635  -26.728  -3.579  -37.497 0.0000000000
85641  -19.664  -4.655  -38.346 0.0000000000
85642  -19.839  -4.030  -38.718 0.0000000000
85657  -19.861  -3.697  -39.729 0.0000000000
85672  -19.940  -3.507  -40.571 0.0000000000
85680  -20.156  -3.477  -41.294 0.0000000000
85681  -20.575  -3.422  -41.975 0.0000000000
86815  -20.385  -3.751  -37.540 0.0000000000
86816  -20.614  -3.592  -37.461 0.0000000000
86817  -21.253  -3.265  -37.231 0.0000000000
86818  -22.127  -3.045  -37.034 0.0000000000
86819  -23.039  -2.888  -36.874 0.0000000000
86820  -23.930  -2.771  -36.792 0.0000000000
86821  -24.725  -2.838  -36.904 0.0000000000
86832  -20.393  -3.571  -37.794 0.0000000000
86833  -20.812  -2.924  -37.977 0.0000000000
86834  -21.663  -2.639  -37.682 0.0000000000
86835  -22.571  -2.508  -37.492 0.0000000000
86836  -23.455  -2.453  -37.386 0.0000000000
86837  -24.313  -2.455  -37.379 0.0000000000
86838  -25.286  -2.612  -37.512 0.0000000000
86839  -26.077  -2.848  -37.703 0.0000000000
86849  -20.299  -3.056  -38.511 0.0000000000
86850  -20.631  -2.687  -38.446 0.0000000000
86851  -25.859  -2.378  -38.007 0.0000000000
86852  -26.548  -2.712  -38.218 0.0000000000
86863  -20.053  -2.990  -39.360 0.0000000000
86879  -19.982  -2.785  -40.206 0.0000000000
86892  -19.978  -2.613  -41.062 0.0000000000
86893  -20.212  -2.832  -41.669 0.0000000000
87966  -20.826  -2.532  -38.427 0.0000000000
87967  -21.300  -2.249  -38.389 0.0000000000
87968  -22.203  -2.081  -38.158 0.0000000000
87969  -23.031  -2.072  -37.938 0.0000000000
87970  -23.853  -2.126  -37.937 0.0000000000
87971  -24.605  -2.130  -37.875 0.0000000000
87990  -20.371  -2.401  -39.258 0.0000000000
87991  -20.738  -2.189  -38.876 0.0000000000
87992  -21.292  -1.722  -38.944 0.0000000000
87993  -22.733  -1.746  -38.382 0.0000000000
87994  -23.410  -1.683  -38.406 0.0000000000
87995  -24.321  -1.679  -38.402 0.0000000000
87996  -25.235  -1.896  -38.222 0.0000000000
87997  -26.091  -1.981  -38.481 0.0000000000
87998  -26.790  -2.173  -38.737 0.0000000000
88018  -20.229  -2.125  -39.936 0.0000000000
88019  -24.855  -1.399  -38.679 0.0000000000
88020  -25.547  -1.420  -38.842 0.0000000000
88021  -26.454  -1.575  -39.055 0.0000000000
88036  -20.071  -1.875  -40.666 0.0000000000
89249  -21.892  -1.678  -38.691 0.0000000000
89250  -22.367  -1.688  -38.535 0.0000000000
89267  -20.603  -1.682  -39.730 0.0000000000
89268  -21.055  -1.374  -39.518 0.0000000000
89269  -21.728  -1.186  -39.317 0.0000000000
89270  -22.701  -1.277  -38.931 0.0000000000
89271  -23.835  -1.248  -38.883 0.0000000000
89272  -24.431  -1.307  -38.810 0.0000000000
89302  -20.345  -1.131  -40.501 0.0000000000
89303  -20.796  -0.827  -40.215 0.0000000000
89304  -21.365  -0.611  -39.975 0.0000000000
89305  -22.312  -0.471  -39.864 0.0000000000
89306  -23.462  -0.714  -39.540 0.0000000000
89307  -24.693  -0.958  -39.295 0.0000000000
89308  -25.888  -0.965  -39.468 0.0000000000
89309  -26.877  -1.138  -39.605 0.0000000000
