#!ascii label  , from subject colin27_FS vox2ras=TkReg
687
118713  -6.867  23.494  -29.854 0.0000000000
118720  -6.909  24.233  -29.923 0.0000000000
118721  -7.580  23.731  -30.616 0.0000000000
118729  -8.213  24.088  -31.245 0.0000000000
118754  -12.862  24.010  -32.845 0.0000000000
118775  -13.111  24.303  -33.277 0.0000000000
118776  -13.582  24.100  -33.289 0.0000000000
118777  -14.484  24.063  -33.584 0.0000000000
118799  -14.888  24.440  -34.184 0.0000000000
118800  -15.596  24.347  -34.319 0.0000000000
118813  -16.117  24.600  -34.789 0.0000000000
118814  -16.430  24.462  -34.625 0.0000000000
119981  -6.875  25.000  -30.009 0.0000000000
119982  -7.312  24.803  -30.605 0.0000000000
119988  -7.981  24.796  -31.431 0.0000000000
119989  -8.690  24.382  -31.700 0.0000000000
119990  -9.501  24.190  -31.878 0.0000000000
119991  -10.422  24.044  -32.007 0.0000000000
119992  -11.230  23.821  -32.014 0.0000000000
120006  -8.189  25.235  -31.980 0.0000000000
120007  -8.565  24.996  -32.084 0.0000000000
120008  -9.276  24.829  -32.288 0.0000000000
120009  -10.317  24.852  -32.622 0.0000000000
120010  -11.319  24.414  -32.595 0.0000000000
120011  -12.019  24.000  -32.454 0.0000000000
120031  -10.758  25.351  -33.109 0.0000000000
120032  -11.326  25.083  -33.132 0.0000000000
120033  -12.489  24.757  -33.344 0.0000000000
120034  -13.480  24.500  -33.621 0.0000000000
120035  -13.963  24.300  -33.662 0.0000000000
120057  -12.917  25.278  -33.913 0.0000000000
120058  -13.409  25.053  -33.978 0.0000000000
120059  -14.274  24.733  -34.129 0.0000000000
120060  -15.150  24.859  -34.615 0.0000000000
120077  -15.875  24.952  -34.941 0.0000000000
120078  -16.536  24.966  -35.031 0.0000000000
120079  -17.071  24.821  -34.819 0.0000000000
121098  -7.057  25.624  -30.390 0.0000000000
121105  -7.491  25.661  -31.105 0.0000000000
121112  -7.929  25.775  -31.896 0.0000000000
121113  -8.386  25.558  -32.333 0.0000000000
121114  -8.959  25.414  -32.567 0.0000000000
121115  -9.620  25.329  -32.744 0.0000000000
121116  -23.004  26.192  -33.341 0.0000000000
121117  -23.241  25.987  -33.285 0.0000000000
121128  -8.193  26.131  -32.443 0.0000000000
121129  -8.651  26.052  -32.748 0.0000000000
121130  -9.328  25.952  -32.980 0.0000000000
121131  -10.200  25.765  -33.144 0.0000000000
121132  -11.122  25.839  -33.494 0.0000000000
121133  -11.854  25.460  -33.576 0.0000000000
121134  -22.724  26.099  -33.488 0.0000000000
121149  -11.795  26.052  -33.873 0.0000000000
121150  -12.491  25.725  -33.989 0.0000000000
121151  -13.248  25.685  -34.291 0.0000000000
121152  -13.984  25.534  -34.512 0.0000000000
121153  -14.736  25.427  -34.789 0.0000000000
121154  -17.568  25.134  -34.880 0.0000000000
121155  -18.229  25.567  -34.867 0.0000000000
121156  -19.169  25.657  -34.528 0.0000000000
121157  -20.082  25.747  -34.279 0.0000000000
121158  -21.021  25.716  -34.009 0.0000000000
121159  -22.060  25.621  -33.690 0.0000000000
121161  -25.919  26.045  -34.278 0.0000000000
121162  -26.470  25.982  -34.312 0.0000000000
121163  -27.312  25.671  -34.480 0.0000000000
121164  -28.097  25.710  -34.541 0.0000000000
121165  -28.713  25.600  -34.431 0.0000000000
121170  -15.455  25.551  -35.165 0.0000000000
121171  -16.353  25.746  -35.439 0.0000000000
121172  -17.335  25.600  -35.234 0.0000000000
121173  -18.004  26.035  -35.274 0.0000000000
121174  -26.059  26.180  -34.275 0.0000000000
121175  -26.308  26.156  -34.267 0.0000000000
121180  -15.776  26.076  -35.571 0.0000000000
121181  -16.117  26.271  -35.727 0.0000000000
122063  -6.797  26.906  -30.085 0.0000000000
122070  -6.821  26.245  -30.082 0.0000000000
122071  -7.160  26.573  -30.674 0.0000000000
122076  -7.558  26.606  -31.506 0.0000000000
122082  -7.895  26.704  -32.223 0.0000000000
122083  -23.065  26.542  -33.403 0.0000000000
122084  -24.256  26.487  -34.561 0.0000000000
122085  -24.713  26.295  -34.613 0.0000000000
122086  -25.231  26.140  -34.510 0.0000000000
122093  -8.314  26.766  -32.764 0.0000000000
122094  -8.926  26.719  -33.128 0.0000000000
122095  -9.699  26.625  -33.369 0.0000000000
122096  -10.526  26.596  -33.610 0.0000000000
122097  -11.331  26.747  -33.988 0.0000000000
122098  -21.968  26.825  -33.972 0.0000000000
122099  -22.494  26.793  -33.703 0.0000000000
122100  -25.090  26.606  -34.728 0.0000000000
122101  -25.570  26.233  -34.476 0.0000000000
122111  -12.151  26.589  -34.316 0.0000000000
122112  -12.946  26.383  -34.567 0.0000000000
122113  -13.690  26.196  -34.762 0.0000000000
122114  -14.462  26.171  -35.106 0.0000000000
122115  -14.988  25.825  -35.139 0.0000000000
122116  -19.018  26.148  -34.929 0.0000000000
122117  -19.825  26.524  -34.819 0.0000000000
122118  -20.789  26.451  -34.401 0.0000000000
122119  -21.584  26.332  -34.050 0.0000000000
122120  -22.164  26.323  -33.785 0.0000000000
122121  -25.514  26.930  -34.873 0.0000000000
122122  -26.026  26.573  -34.609 0.0000000000
122123  -26.921  26.555  -34.536 0.0000000000
122124  -27.890  26.508  -34.519 0.0000000000
122125  -28.637  26.357  -34.434 0.0000000000
122132  -14.862  26.758  -35.666 0.0000000000
122133  -15.220  26.181  -35.442 0.0000000000
122134  -17.075  26.224  -35.627 0.0000000000
122135  -18.047  28.302  -37.464 0.0000000000
122136  -18.634  26.457  -35.269 0.0000000000
122137  -19.240  26.573  -35.100 0.0000000000
122138  -26.179  26.339  -34.371 0.0000000000
122139  -26.413  26.317  -34.424 0.0000000000
122145  -15.314  27.779  -37.582 0.0000000000
122146  -16.108  27.907  -37.531 0.0000000000
122147  -17.060  28.095  -37.564 0.0000000000
122148  -17.632  28.218  -37.613 0.0000000000
123001  -6.988  27.589  -30.425 0.0000000000
123007  -7.323  27.530  -31.137 0.0000000000
123012  -7.621  27.543  -31.911 0.0000000000
123018  -7.980  27.577  -32.612 0.0000000000
123019  -23.741  26.910  -34.344 0.0000000000
123020  -24.069  26.660  -34.524 0.0000000000
123021  -24.420  26.518  -34.745 0.0000000000
123028  -8.524  27.586  -33.177 0.0000000000
123029  -9.261  27.484  -33.541 0.0000000000
123030  -10.060  27.342  -33.759 0.0000000000
123031  -10.754  27.317  -33.973 0.0000000000
123032  -11.195  27.490  -34.266 0.0000000000
123033  -22.191  27.539  -34.060 0.0000000000
123034  -23.334  27.374  -34.289 0.0000000000
123035  -23.465  26.929  -34.272 0.0000000000
123036  -24.007  26.988  -35.075 0.0000000000
123045  -11.735  27.353  -34.521 0.0000000000
123046  -12.590  27.276  -35.018 0.0000000000
123047  -13.480  26.786  -35.069 0.0000000000
123048  -13.955  26.530  -35.080 0.0000000000
123049  -20.088  27.162  -35.074 0.0000000000
123050  -20.745  27.294  -34.826 0.0000000000
123051  -21.494  27.108  -34.324 0.0000000000
123052  -25.079  27.105  -35.156 0.0000000000
123053  -25.892  27.270  -35.108 0.0000000000
123054  -26.688  27.423  -34.803 0.0000000000
123055  -27.642  27.466  -34.616 0.0000000000
123056  -28.693  27.397  -34.440 0.0000000000
123062  -12.948  28.294  -37.838 0.0000000000
123063  -13.712  28.108  -38.002 0.0000000000
123064  -14.136  26.856  -35.434 0.0000000000
123065  -18.234  28.492  -37.357 0.0000000000
123066  -18.545  28.404  -37.368 0.0000000000
123067  -19.503  27.157  -35.332 0.0000000000
123068  -20.325  27.625  -35.286 0.0000000000
123072  -13.131  28.259  -37.871 0.0000000000
123073  -13.540  28.094  -38.158 0.0000000000
123074  -14.499  27.957  -37.889 0.0000000000
123075  -15.396  27.900  -37.285 0.0000000000
123076  -16.650  28.044  -37.253 0.0000000000
123077  -17.722  28.292  -37.330 0.0000000000
123078  -18.525  28.497  -37.126 0.0000000000
123079  -19.217  28.528  -36.967 0.0000000000
123080  -20.049  28.541  -37.100 0.0000000000
123084  -13.225  28.434  -37.817 0.0000000000
123085  -13.618  28.317  -37.917 0.0000000000
123086  -14.186  28.185  -37.929 0.0000000000
123087  -14.726  28.074  -37.709 0.0000000000
123933  -7.578  29.890  -31.405 0.0000000000
123939  -7.733  29.972  -31.316 0.0000000000
123947  -7.671  28.464  -32.351 0.0000000000
123954  -8.102  28.495  -33.077 0.0000000000
123955  -8.837  28.565  -33.782 0.0000000000
123956  -9.711  28.117  -33.995 0.0000000000
123957  -10.478  27.895  -34.175 0.0000000000
123958  -10.915  27.748  -34.254 0.0000000000
123959  -22.191  28.197  -34.238 0.0000000000
123960  -23.061  27.890  -34.214 0.0000000000
123961  -22.969  27.498  -34.255 0.0000000000
123962  -23.501  27.075  -34.946 0.0000000000
123970  -9.041  29.080  -34.246 0.0000000000
123971  -9.486  28.822  -34.316 0.0000000000
123972  -10.225  28.543  -34.490 0.0000000000
123973  -11.328  29.222  -37.005 0.0000000000
123974  -11.910  27.736  -34.907 0.0000000000
123975  -21.197  28.337  -35.987 0.0000000000
123976  -21.687  28.385  -35.613 0.0000000000
123977  -22.033  28.339  -35.030 0.0000000000
123978  -22.993  27.465  -35.323 0.0000000000
123979  -24.225  27.236  -35.499 0.0000000000
123980  -25.610  27.601  -35.670 0.0000000000
123981  -26.436  28.035  -35.322 0.0000000000
123982  -27.367  28.441  -35.025 0.0000000000
123983  -28.356  28.424  -34.673 0.0000000000
123990  -11.643  29.028  -37.306 0.0000000000
123991  -12.077  28.777  -37.419 0.0000000000
123992  -15.845  28.837  -36.629 0.0000000000
123993  -16.764  28.785  -36.487 0.0000000000
123994  -17.664  28.864  -36.411 0.0000000000
123995  -18.071  28.932  -36.388 0.0000000000
123996  -20.686  28.313  -36.730 0.0000000000
123997  -21.289  28.286  -36.201 0.0000000000
123998  -22.010  28.077  -35.442 0.0000000000
123999  -22.940  27.727  -35.795 0.0000000000
124000  -24.270  27.691  -36.440 0.0000000000
124001  -25.480  28.065  -36.316 0.0000000000
124002  -26.302  28.522  -35.889 0.0000000000
124003  -26.905  28.776  -35.524 0.0000000000
124008  -11.914  29.007  -37.449 0.0000000000
124009  -12.370  28.669  -37.622 0.0000000000
124010  -14.455  28.730  -37.462 0.0000000000
124011  -14.949  28.638  -37.296 0.0000000000
124012  -16.155  28.475  -37.081 0.0000000000
124013  -17.213  28.551  -36.966 0.0000000000
124014  -18.198  28.788  -36.716 0.0000000000
124015  -19.069  28.737  -36.685 0.0000000000
124016  -19.942  28.704  -36.722 0.0000000000
124017  -20.689  28.577  -37.053 0.0000000000
124018  -21.586  28.289  -36.706 0.0000000000
124019  -22.572  28.119  -36.680 0.0000000000
124020  -23.821  28.102  -37.086 0.0000000000
124024  -12.192  28.990  -37.540 0.0000000000
124025  -12.814  28.725  -37.694 0.0000000000
124026  -13.422  28.681  -37.756 0.0000000000
124027  -14.141  28.647  -37.677 0.0000000000
124028  -14.504  28.346  -37.720 0.0000000000
124029  -21.232  28.692  -37.543 0.0000000000
124030  -22.066  28.472  -37.572 0.0000000000
124031  -23.073  28.419  -37.859 0.0000000000
124032  -24.014  28.621  -37.910 0.0000000000
124037  -21.785  28.846  -38.245 0.0000000000
124038  -22.385  28.657  -38.517 0.0000000000
124039  -23.055  28.682  -38.910 0.0000000000
124045  -22.041  28.882  -38.947 0.0000000000
124046  -22.498  28.817  -39.491 0.0000000000
124047  -23.200  28.880  -39.752 0.0000000000
124053  -22.867  29.091  -40.193 0.0000000000
124054  -23.377  29.279  -40.276 0.0000000000
124927  -7.563  30.093  -31.294 0.0000000000
124932  -7.468  30.114  -31.452 0.0000000000
124938  -7.680  29.390  -32.834 0.0000000000
124939  -8.145  29.420  -33.579 0.0000000000
124940  -22.111  28.408  -34.372 0.0000000000
124941  -22.396  28.470  -34.299 0.0000000000
124942  -22.828  28.068  -34.302 0.0000000000
124950  -8.404  30.526  -36.060 0.0000000000
124951  -8.994  30.174  -36.098 0.0000000000
124952  -9.733  29.869  -36.288 0.0000000000
124953  -10.566  29.590  -36.583 0.0000000000
124954  -15.230  29.769  -35.207 0.0000000000
124955  -15.847  29.665  -35.112 0.0000000000
124956  -16.860  29.518  -34.925 0.0000000000
124957  -17.904  29.574  -34.877 0.0000000000
124958  -18.868  29.800  -34.953 0.0000000000
124959  -19.602  30.053  -35.101 0.0000000000
124960  -22.198  28.515  -34.505 0.0000000000
124961  -22.506  28.272  -34.774 0.0000000000
124962  -22.693  28.024  -34.684 0.0000000000
124963  -27.501  29.406  -35.483 0.0000000000
124964  -28.178  29.388  -35.038 0.0000000000
124970  -8.645  30.420  -36.150 0.0000000000
124971  -9.273  30.139  -36.254 0.0000000000
124972  -10.150  29.780  -36.456 0.0000000000
124973  -10.937  29.406  -36.895 0.0000000000
124974  -13.395  29.889  -36.562 0.0000000000
124975  -13.906  29.642  -36.472 0.0000000000
124976  -15.002  29.315  -36.182 0.0000000000
124977  -16.278  29.154  -35.857 0.0000000000
124978  -17.312  29.101  -35.738 0.0000000000
124979  -18.297  29.126  -35.874 0.0000000000
124980  -19.269  29.428  -35.647 0.0000000000
124981  -20.129  29.828  -35.683 0.0000000000
124982  -20.793  29.897  -36.164 0.0000000000
124983  -22.641  28.054  -34.952 0.0000000000
124984  -22.818  27.925  -35.236 0.0000000000
124985  -24.716  28.364  -37.087 0.0000000000
124986  -25.582  28.984  -37.012 0.0000000000
124987  -26.350  29.255  -36.413 0.0000000000
124988  -26.943  29.400  -35.919 0.0000000000
124993  -10.702  29.758  -36.681 0.0000000000
124994  -11.587  29.504  -37.148 0.0000000000
124995  -12.395  29.710  -37.282 0.0000000000
124996  -13.270  29.593  -37.041 0.0000000000
124997  -14.258  29.061  -37.200 0.0000000000
124998  -14.761  28.995  -36.959 0.0000000000
124999  -18.898  29.053  -36.270 0.0000000000
125000  -19.601  29.181  -36.279 0.0000000000
125001  -20.334  29.296  -36.517 0.0000000000
125002  -21.102  29.515  -36.982 0.0000000000
125003  -24.902  29.131  -37.615 0.0000000000
125004  -25.516  29.654  -37.324 0.0000000000
125008  -12.383  29.205  -37.516 0.0000000000
125009  -13.002  29.167  -37.570 0.0000000000
125010  -13.706  29.036  -37.533 0.0000000000
125011  -13.873  29.173  -37.409 0.0000000000
125012  -21.562  29.439  -37.936 0.0000000000
125013  -23.643  28.732  -38.477 0.0000000000
125014  -24.265  29.342  -38.477 0.0000000000
125017  -21.847  29.326  -38.822 0.0000000000
125018  -22.096  29.594  -39.360 0.0000000000
125019  -23.663  29.056  -39.175 0.0000000000
125020  -24.112  29.644  -39.370 0.0000000000
125025  -22.041  29.137  -39.431 0.0000000000
125026  -22.523  29.612  -39.934 0.0000000000
125027  -23.762  29.323  -39.931 0.0000000000
125028  -24.172  29.868  -40.065 0.0000000000
125034  -23.225  29.808  -40.495 0.0000000000
125035  -23.835  29.824  -40.482 0.0000000000
125036  -24.191  30.089  -40.417 0.0000000000
125883  -6.102  30.525  -32.293 0.0000000000
125886  -6.383  30.905  -32.643 0.0000000000
125887  -6.410  30.676  -32.719 0.0000000000
125893  -6.639  31.159  -33.094 0.0000000000
125894  -7.641  30.434  -33.382 0.0000000000
125895  -7.902  30.796  -36.001 0.0000000000
125896  -15.556  30.925  -33.781 0.0000000000
125897  -16.099  30.872  -33.715 0.0000000000
125898  -17.007  30.891  -33.667 0.0000000000
125899  -17.786  31.001  -33.809 0.0000000000
125905  -7.488  31.272  -35.883 0.0000000000
125906  -8.076  30.770  -36.132 0.0000000000
125907  -13.714  30.537  -35.340 0.0000000000
125908  -14.331  30.451  -34.866 0.0000000000
125909  -15.312  30.376  -34.397 0.0000000000
125910  -16.420  30.188  -34.259 0.0000000000
125911  -17.425  30.223  -34.205 0.0000000000
125912  -18.452  30.581  -34.241 0.0000000000
125913  -19.359  30.687  -34.621 0.0000000000
125914  -20.106  30.816  -35.027 0.0000000000
125915  -28.105  30.267  -35.507 0.0000000000
125920  -7.736  31.213  -36.276 0.0000000000
125921  -8.643  30.826  -36.293 0.0000000000
125922  -9.718  30.297  -36.365 0.0000000000
125923  -10.273  30.003  -36.504 0.0000000000
125924  -12.724  30.720  -36.250 0.0000000000
125925  -13.417  30.248  -36.058 0.0000000000
125926  -14.173  29.974  -35.676 0.0000000000
125927  -14.790  29.917  -35.231 0.0000000000
125928  -20.791  30.633  -35.592 0.0000000000
125929  -21.369  30.519  -36.320 0.0000000000
125930  -25.906  30.962  -36.846 0.0000000000
125931  -26.386  30.387  -36.723 0.0000000000
125932  -27.052  30.270  -36.279 0.0000000000
125933  -27.537  30.074  -35.920 0.0000000000
125937  -8.858  31.201  -36.375 0.0000000000
125938  -9.494  30.945  -36.406 0.0000000000
125939  -10.564  30.386  -36.608 0.0000000000
125940  -11.666  30.365  -36.930 0.0000000000
125941  -12.503  30.267  -36.818 0.0000000000
125942  -13.047  30.140  -36.576 0.0000000000
125943  -21.865  30.515  -37.395 0.0000000000
125944  -22.207  31.159  -37.691 0.0000000000
125945  -25.445  30.438  -37.393 0.0000000000
125946  -25.882  30.096  -37.159 0.0000000000
125950  -21.893  30.034  -38.505 0.0000000000
125951  -22.214  30.887  -38.284 0.0000000000
125952  -24.851  30.242  -38.028 0.0000000000
125955  -21.991  29.792  -39.050 0.0000000000
125956  -22.334  30.475  -39.348 0.0000000000
125957  -24.482  30.226  -38.842 0.0000000000
125962  -23.119  30.903  -40.594 0.0000000000
125963  -24.378  30.208  -39.588 0.0000000000
125969  -23.794  30.623  -40.821 0.0000000000
125970  -24.135  30.380  -40.582 0.0000000000
125971  -24.397  30.557  -40.151 0.0000000000
126825  -6.205  31.490  -32.428 0.0000000000
126828  -6.791  31.768  -33.393 0.0000000000
126829  -6.917  32.302  -34.155 0.0000000000
126834  -6.880  31.622  -33.745 0.0000000000
126835  -7.112  32.094  -34.832 0.0000000000
126836  -13.998  31.683  -33.984 0.0000000000
126837  -14.838  31.528  -33.665 0.0000000000
126838  -15.699  31.471  -33.489 0.0000000000
126839  -16.652  31.671  -33.344 0.0000000000
126840  -17.542  31.772  -33.475 0.0000000000
126841  -18.350  31.659  -33.813 0.0000000000
126847  -7.129  31.826  -36.068 0.0000000000
126848  -12.868  31.541  -34.989 0.0000000000
126849  -13.652  31.155  -34.700 0.0000000000
126850  -14.521  31.019  -34.158 0.0000000000
126851  -15.163  31.048  -33.807 0.0000000000
126852  -19.096  31.545  -34.264 0.0000000000
126853  -19.713  31.508  -34.676 0.0000000000
126854  -20.104  31.641  -34.929 0.0000000000
126861  -7.668  31.703  -36.415 0.0000000000
126862  -8.038  31.302  -36.360 0.0000000000
126863  -9.680  31.888  -36.263 0.0000000000
126864  -10.505  31.853  -36.273 0.0000000000
126865  -11.427  31.778  -36.200 0.0000000000
126866  -12.318  31.543  -35.753 0.0000000000
126867  -13.101  30.955  -35.512 0.0000000000
126868  -20.561  31.535  -35.262 0.0000000000
126869  -21.237  31.458  -35.752 0.0000000000
126870  -25.931  31.564  -36.700 0.0000000000
126871  -26.333  31.648  -36.467 0.0000000000
126872  -26.965  31.355  -36.190 0.0000000000
126873  -27.703  31.135  -35.872 0.0000000000
126877  -7.918  31.842  -36.454 0.0000000000
126878  -8.330  31.539  -36.398 0.0000000000
126879  -9.098  31.574  -36.366 0.0000000000
126880  -10.057  31.296  -36.411 0.0000000000
126881  -11.030  31.156  -36.593 0.0000000000
126882  -11.983  31.071  -36.590 0.0000000000
126883  -21.773  31.461  -36.498 0.0000000000
126884  -22.174  31.610  -37.231 0.0000000000
126885  -25.555  31.578  -36.938 0.0000000000
126886  -25.936  31.995  -36.595 0.0000000000
126890  -22.378  31.707  -37.947 0.0000000000
126891  -25.000  31.259  -37.513 0.0000000000
126895  -22.458  31.629  -38.840 0.0000000000
126896  -24.672  31.120  -38.329 0.0000000000
126902  -22.760  31.752  -39.835 0.0000000000
126903  -24.556  30.941  -39.298 0.0000000000
127806  -6.606  32.446  -32.871 0.0000000000
127807  -6.837  32.617  -33.760 0.0000000000
127808  -12.639  32.883  -32.894 0.0000000000
127809  -13.855  32.925  -32.654 0.0000000000
127810  -14.755  32.930  -32.584 0.0000000000
127811  -15.628  32.985  -32.473 0.0000000000
127812  -16.682  33.265  -32.441 0.0000000000
127813  -17.003  33.422  -32.482 0.0000000000
127816  -6.849  32.814  -34.701 0.0000000000
127817  -10.858  32.813  -34.335 0.0000000000
127818  -11.626  32.627  -34.108 0.0000000000
127819  -12.397  32.538  -33.663 0.0000000000
127820  -13.352  32.240  -33.659 0.0000000000
127821  -14.389  31.893  -33.614 0.0000000000
127822  -15.300  31.816  -33.359 0.0000000000
127823  -16.310  32.186  -33.008 0.0000000000
127824  -17.243  32.752  -32.857 0.0000000000
127825  -18.145  32.616  -33.414 0.0000000000
127828  -6.829  32.968  -36.070 0.0000000000
127829  -8.215  32.965  -35.735 0.0000000000
127830  -9.290  32.790  -35.454 0.0000000000
127831  -10.260  32.706  -35.029 0.0000000000
127832  -11.275  32.489  -34.929 0.0000000000
127833  -12.205  32.144  -34.763 0.0000000000
127834  -13.115  31.934  -34.292 0.0000000000
127835  -18.851  32.493  -34.007 0.0000000000
127836  -19.532  32.362  -34.656 0.0000000000
127837  -19.876  31.969  -34.819 0.0000000000
127841  -7.317  32.219  -36.427 0.0000000000
127842  -7.813  32.435  -36.247 0.0000000000
127843  -8.834  32.286  -36.178 0.0000000000
127844  -9.912  32.311  -35.835 0.0000000000
127845  -10.867  32.290  -35.699 0.0000000000
127846  -11.651  32.113  -35.521 0.0000000000
127847  -19.752  32.604  -34.952 0.0000000000
127848  -20.071  32.319  -35.097 0.0000000000
127849  -20.789  32.293  -35.522 0.0000000000
127850  -26.193  32.467  -36.240 0.0000000000
127851  -26.848  32.593  -35.760 0.0000000000
127852  -27.356  31.918  -35.811 0.0000000000
127855  -7.718  32.068  -36.476 0.0000000000
127856  -8.165  32.031  -36.435 0.0000000000
127857  -8.584  31.872  -36.402 0.0000000000
127858  -21.396  32.352  -36.054 0.0000000000
127859  -21.925  32.425  -36.710 0.0000000000
127860  -25.084  32.087  -37.055 0.0000000000
127861  -25.626  32.602  -36.573 0.0000000000
127865  -22.293  32.494  -37.454 0.0000000000
127866  -24.728  32.081  -37.698 0.0000000000
127870  -22.487  32.543  -38.319 0.0000000000
127871  -24.668  32.004  -38.765 0.0000000000
127877  -22.622  32.516  -39.233 0.0000000000
127892  -24.829  32.254  -40.808 0.0000000000
127899  -24.107  32.671  -41.268 0.0000000000
127900  -24.957  33.168  -41.542 0.0000000000
128720  -13.099  34.069  -31.537 0.0000000000
128721  -13.467  34.240  -31.464 0.0000000000
128722  -14.386  34.568  -31.476 0.0000000000
128723  -15.242  34.571  -31.634 0.0000000000
128726  -6.488  33.485  -32.567 0.0000000000
128727  -6.731  33.136  -33.386 0.0000000000
128728  -8.979  34.204  -33.697 0.0000000000
128729  -9.456  34.014  -33.379 0.0000000000
128730  -10.576  33.655  -32.907 0.0000000000
128731  -11.868  33.293  -32.707 0.0000000000
128732  -12.758  33.759  -31.862 0.0000000000
128733  -14.194  33.470  -32.029 0.0000000000
128734  -15.057  33.542  -32.040 0.0000000000
128735  -16.129  34.217  -31.946 0.0000000000
128736  -16.774  33.979  -32.211 0.0000000000
128739  -6.676  33.851  -33.671 0.0000000000
128740  -6.765  33.340  -34.211 0.0000000000
128741  -8.128  34.236  -34.795 0.0000000000
128742  -8.683  34.051  -34.262 0.0000000000
128743  -9.927  33.282  -34.118 0.0000000000
128744  -11.128  33.064  -33.580 0.0000000000
128745  -11.777  32.835  -33.477 0.0000000000
128746  -17.339  33.815  -32.530 0.0000000000
128747  -17.984  33.613  -33.014 0.0000000000
128750  -6.660  33.951  -34.535 0.0000000000
128751  -6.865  33.653  -35.134 0.0000000000
128752  -7.780  33.859  -35.219 0.0000000000
128753  -8.917  33.356  -34.968 0.0000000000
128754  -9.611  33.038  -34.884 0.0000000000
128755  -18.608  33.483  -33.709 0.0000000000
128756  -19.104  33.281  -34.446 0.0000000000
128757  -26.469  33.752  -35.429 0.0000000000
128758  -26.831  33.615  -35.270 0.0000000000
128761  -19.623  33.106  -35.118 0.0000000000
128762  -20.276  32.969  -35.540 0.0000000000
128763  -20.875  32.944  -35.859 0.0000000000
128764  -26.228  33.406  -35.819 0.0000000000
128765  -26.634  33.218  -35.612 0.0000000000
128768  -19.835  33.520  -35.709 0.0000000000
128769  -20.391  33.514  -36.054 0.0000000000
128770  -21.306  33.366  -36.452 0.0000000000
128771  -21.973  33.138  -37.039 0.0000000000
128772  -24.982  32.936  -36.968 0.0000000000
128773  -25.470  33.622  -36.387 0.0000000000
128777  -21.699  33.760  -37.125 0.0000000000
128778  -22.235  33.470  -37.754 0.0000000000
128779  -24.754  33.091  -37.883 0.0000000000
128784  -22.510  33.408  -38.825 0.0000000000
128785  -24.984  33.148  -39.370 0.0000000000
128793  -23.138  33.264  -40.212 0.0000000000
128794  -25.363  33.851  -39.734 0.0000000000
128804  -25.409  33.579  -40.361 0.0000000000
128813  -23.934  33.837  -41.323 0.0000000000
128814  -25.519  33.697  -41.360 0.0000000000
129595  -10.403  34.950  -31.731 0.0000000000
129596  -10.820  34.848  -31.588 0.0000000000
129597  -11.779  34.695  -31.419 0.0000000000
129598  -12.877  34.461  -31.433 0.0000000000
129599  -13.887  34.860  -31.403 0.0000000000
129600  -14.789  34.984  -31.506 0.0000000000
129601  -15.617  34.888  -31.713 0.0000000000
129604  -6.503  34.570  -33.005 0.0000000000
129605  -8.314  34.816  -33.931 0.0000000000
129606  -8.763  34.592  -33.571 0.0000000000
129607  -9.977  34.694  -32.232 0.0000000000
129608  -11.199  34.111  -31.995 0.0000000000
129609  -12.220  33.947  -31.730 0.0000000000
129610  -12.682  33.990  -31.623 0.0000000000
129611  -16.348  34.778  -32.014 0.0000000000
129612  -17.020  34.693  -32.379 0.0000000000
129615  -6.587  34.581  -34.264 0.0000000000
129616  -6.828  34.782  -35.074 0.0000000000
129617  -7.875  34.647  -34.595 0.0000000000
129618  -8.446  34.427  -34.148 0.0000000000
129619  -17.682  34.607  -32.831 0.0000000000
129620  -18.285  34.497  -33.464 0.0000000000
129623  -6.664  34.265  -35.062 0.0000000000
129624  -7.198  34.311  -35.360 0.0000000000
129625  -7.592  34.312  -35.183 0.0000000000
129626  -18.779  34.359  -34.300 0.0000000000
129627  -19.164  33.866  -34.910 0.0000000000
129628  -26.410  34.229  -35.268 0.0000000000
129631  -18.928  34.616  -35.156 0.0000000000
129632  -19.323  33.948  -35.538 0.0000000000
129633  -25.325  34.558  -36.293 0.0000000000
129634  -25.682  34.470  -35.950 0.0000000000
129637  -18.993  34.647  -35.946 0.0000000000
129638  -19.609  34.059  -36.272 0.0000000000
129639  -20.438  34.101  -36.617 0.0000000000
129640  -21.146  34.158  -36.950 0.0000000000
129641  -25.046  34.133  -36.701 0.0000000000
129642  -25.371  34.089  -36.333 0.0000000000
129646  -19.071  34.714  -36.698 0.0000000000
129647  -19.683  34.497  -37.005 0.0000000000
129648  -20.453  34.616  -37.376 0.0000000000
129649  -21.564  34.481  -37.670 0.0000000000
129650  -22.262  34.169  -38.296 0.0000000000
129651  -24.842  34.219  -37.871 0.0000000000
129657  -19.164  34.868  -37.331 0.0000000000
129658  -19.586  34.819  -37.736 0.0000000000
129659  -20.102  34.933  -38.062 0.0000000000
129660  -21.897  34.762  -38.450 0.0000000000
129661  -22.443  34.444  -39.154 0.0000000000
129662  -25.009  34.482  -38.572 0.0000000000
129672  -22.785  34.638  -39.915 0.0000000000
129673  -23.078  34.614  -40.403 0.0000000000
129674  -25.272  34.395  -39.244 0.0000000000
129675  -25.551  34.483  -39.873 0.0000000000
129685  -23.442  34.459  -40.909 0.0000000000
129686  -25.808  34.538  -40.667 0.0000000000
130504  -10.422  35.383  -31.570 0.0000000000
130505  -11.239  35.582  -31.278 0.0000000000
130506  -12.279  35.574  -31.243 0.0000000000
130507  -13.306  35.609  -31.335 0.0000000000
130508  -14.245  35.705  -31.494 0.0000000000
130509  -15.159  35.727  -31.766 0.0000000000
130510  -15.883  35.401  -31.962 0.0000000000
130514  -8.332  35.246  -33.678 0.0000000000
130515  -8.973  35.508  -32.704 0.0000000000
130516  -9.706  35.886  -31.842 0.0000000000
130517  -15.698  36.005  -32.180 0.0000000000
130518  -16.446  35.679  -32.468 0.0000000000
130519  -17.238  35.339  -32.743 0.0000000000
130525  -17.020  35.985  -33.013 0.0000000000
130526  -17.737  35.597  -33.418 0.0000000000
130527  -18.378  35.188  -33.943 0.0000000000
130530  -18.139  35.864  -34.117 0.0000000000
130531  -18.528  35.438  -34.694 0.0000000000
130532  -26.227  35.377  -34.726 0.0000000000
130534  -18.725  35.413  -35.551 0.0000000000
130535  -25.291  35.026  -36.246 0.0000000000
130536  -25.575  35.578  -35.581 0.0000000000
130540  -18.812  35.407  -36.339 0.0000000000
130541  -24.863  35.163  -36.904 0.0000000000
130545  -18.839  35.364  -37.136 0.0000000000
130546  -20.763  34.999  -37.945 0.0000000000
130547  -21.282  35.073  -38.316 0.0000000000
130548  -24.804  35.286  -37.806 0.0000000000
130556  -18.898  35.256  -38.111 0.0000000000
130557  -19.453  34.997  -38.650 0.0000000000
130558  -20.408  35.225  -38.786 0.0000000000
130559  -21.552  35.309  -39.122 0.0000000000
130560  -22.284  35.222  -39.668 0.0000000000
130561  -25.067  35.409  -38.637 0.0000000000
130562  -25.384  35.836  -39.091 0.0000000000
130575  -20.501  35.425  -39.951 0.0000000000
130576  -21.550  35.573  -40.213 0.0000000000
130577  -22.542  35.388  -40.444 0.0000000000
130578  -23.093  35.123  -40.823 0.0000000000
130579  -25.393  35.144  -39.342 0.0000000000
130580  -25.812  35.611  -39.842 0.0000000000
131401  -10.552  36.512  -31.415 0.0000000000
131402  -11.667  36.618  -31.165 0.0000000000
131403  -12.723  36.616  -31.235 0.0000000000
131404  -13.683  36.625  -31.420 0.0000000000
131405  -14.523  36.638  -31.723 0.0000000000
131406  -15.218  36.678  -32.112 0.0000000000
131414  -15.817  36.655  -32.589 0.0000000000
131415  -16.478  36.648  -33.039 0.0000000000
131422  -17.139  36.617  -33.540 0.0000000000
131423  -17.710  36.505  -34.049 0.0000000000
131429  -18.132  36.452  -34.667 0.0000000000
131430  -18.482  36.082  -35.229 0.0000000000
131431  -25.221  36.748  -35.422 0.0000000000
131432  -25.517  36.304  -35.029 0.0000000000
131437  -18.289  36.736  -35.361 0.0000000000
131438  -18.604  36.275  -35.953 0.0000000000
131439  -25.182  36.135  -35.989 0.0000000000
131440  -25.439  36.026  -35.527 0.0000000000
131444  -18.665  36.104  -36.754 0.0000000000
131445  -24.789  36.142  -37.013 0.0000000000
131448  -18.594  36.092  -37.643 0.0000000000
131449  -24.816  36.257  -37.860 0.0000000000
131454  -25.122  36.435  -38.557 0.0000000000
131455  -25.536  36.576  -39.174 0.0000000000
132390  -13.205  37.631  -31.231 0.0000000000
132391  -14.108  37.606  -31.436 0.0000000000
132392  -14.891  37.591  -31.776 0.0000000000
132393  -15.505  37.581  -32.295 0.0000000000
132402  -16.042  37.556  -32.909 0.0000000000
132403  -16.634  37.515  -33.524 0.0000000000
132411  -17.312  37.443  -34.237 0.0000000000
132412  -17.762  36.971  -34.449 0.0000000000
132417  -17.478  37.779  -34.708 0.0000000000
132418  -17.825  37.391  -34.964 0.0000000000
132419  -25.154  37.304  -34.948 0.0000000000
132425  -18.131  37.282  -36.127 0.0000000000
132426  -18.489  36.647  -36.457 0.0000000000
132427  -25.008  37.182  -35.770 0.0000000000
132432  -18.426  36.825  -37.031 0.0000000000
132433  -24.872  36.895  -36.463 0.0000000000
132440  -24.771  37.049  -37.184 0.0000000000
132448  -24.890  37.150  -37.969 0.0000000000
132449  -25.266  37.325  -38.630 0.0000000000
133464  -17.527  37.928  -34.962 0.0000000000
133465  -25.083  38.163  -34.719 0.0000000000
133478  -24.898  38.016  -35.434 0.0000000000
133491  -24.749  37.904  -36.453 0.0000000000
133492  -24.825  38.523  -37.097 0.0000000000
133504  -24.772  37.870  -37.440 0.0000000000
133505  -25.150  38.545  -37.765 0.0000000000
133513  -25.022  37.884  -38.127 0.0000000000
134487  -25.017  38.643  -34.551 0.0000000000
134500  -24.930  38.729  -35.026 0.0000000000
134501  -25.152  39.451  -35.428 0.0000000000
134516  -24.873  38.758  -35.857 0.0000000000
134517  -25.191  39.435  -36.351 0.0000000000
134530  -24.871  38.819  -36.580 0.0000000000
134531  -25.251  39.212  -37.204 0.0000000000
166185  -23.431  31.312  -40.948 0.0000000000
166186  -24.213  31.271  -40.880 0.0000000000
166187  -23.071  31.904  -40.457 0.0000000000
166188  -24.649  31.714  -39.942 0.0000000000
166189  -24.331  31.084  -40.604 0.0000000000
166190  -23.561  30.906  -40.922 0.0000000000
166191  -23.822  31.403  -40.972 0.0000000000
166192  -23.422  31.854  -40.853 0.0000000000
166193  -24.823  32.313  -40.124 0.0000000000
