#!ascii label  , from subject colin27_FS vox2ras=TkReg
1461
42354  -4.541  -35.968  16.334 0.0000000000
42355  -5.083  -36.247  16.592 0.0000000000
42356  -5.897  -36.553  16.564 0.0000000000
42357  -6.764  -36.595  16.372 0.0000000000
42376  -7.598  -36.452  15.982 0.0000000000
42377  -8.393  -36.476  15.611 0.0000000000
42378  -9.312  -36.549  15.257 0.0000000000
42379  -10.238  -36.852  15.053 0.0000000000
42393  -9.990  -36.187  14.797 0.0000000000
42394  -10.780  -36.278  14.682 0.0000000000
42395  -11.735  -36.342  14.709 0.0000000000
42447  -9.496  -36.160  9.068 0.0000000000
42458  -9.791  -35.895  8.496 0.0000000000
42459  -10.032  -35.617  8.091 0.0000000000
42470  -10.264  -35.651  7.520 0.0000000000
43618  -4.278  -35.389  16.060 0.0000000000
43619  -4.905  -35.325  16.316 0.0000000000
43620  -5.766  -35.814  16.418 0.0000000000
43621  -6.291  -36.140  16.410 0.0000000000
43633  -4.264  -35.590  15.646 0.0000000000
43634  -5.205  -34.864  16.062 0.0000000000
43635  -5.784  -35.165  16.076 0.0000000000
43636  -6.753  -35.703  16.048 0.0000000000
43637  -7.883  -35.648  15.505 0.0000000000
43638  -8.736  -35.903  15.288 0.0000000000
43648  -4.427  -35.483  14.947 0.0000000000
43649  -4.877  -35.683  14.399 0.0000000000
43650  -8.578  -35.327  15.024 0.0000000000
43651  -9.389  -35.643  14.830 0.0000000000
43652  -10.295  -35.518  14.416 0.0000000000
43653  -11.294  -35.682  14.301 0.0000000000
43654  -12.280  -35.677  14.335 0.0000000000
43664  -4.374  -35.231  13.965 0.0000000000
43665  -5.206  -35.586  13.614 0.0000000000
43666  -5.921  -35.779  13.095 0.0000000000
43667  -10.900  -35.102  13.949 0.0000000000
43668  -11.766  -35.097  13.854 0.0000000000
43669  -12.699  -35.035  13.902 0.0000000000
43670  -13.240  -34.918  13.992 0.0000000000
43678  -4.406  -35.168  13.015 0.0000000000
43679  -5.238  -35.380  12.676 0.0000000000
43680  -6.309  -35.646  12.395 0.0000000000
43681  -7.157  -35.819  11.955 0.0000000000
43691  -4.589  -35.109  12.190 0.0000000000
43692  -5.402  -35.215  11.826 0.0000000000
43693  -6.502  -35.342  11.523 0.0000000000
43694  -7.570  -35.727  11.315 0.0000000000
43695  -8.229  -35.915  10.803 0.0000000000
43703  -7.000  -35.179  11.035 0.0000000000
43704  -7.711  -35.323  10.691 0.0000000000
43705  -8.557  -35.679  10.213 0.0000000000
43710  -9.067  -35.605  9.586 0.0000000000
43711  -9.471  -35.427  9.038 0.0000000000
43715  -9.804  -35.212  8.509 0.0000000000
43716  -10.170  -35.079  8.013 0.0000000000
43719  -10.467  -35.026  7.391 0.0000000000
43723  -10.783  -34.869  6.714 0.0000000000
43724  -11.031  -34.717  6.108 0.0000000000
44799  -4.252  -34.925  15.947 0.0000000000
44800  -4.473  -35.035  16.158 0.0000000000
44813  -4.202  -34.980  15.412 0.0000000000
44814  -4.697  -34.725  15.738 0.0000000000
44815  -5.588  -34.676  15.625 0.0000000000
44816  -6.556  -34.940  15.536 0.0000000000
44817  -7.233  -35.231  15.478 0.0000000000
44831  -4.138  -34.801  14.429 0.0000000000
44832  -4.433  -34.367  14.742 0.0000000000
44833  -5.192  -34.295  15.037 0.0000000000
44834  -6.235  -34.382  14.961 0.0000000000
44835  -7.716  -34.642  14.805 0.0000000000
44836  -9.046  -34.923  14.538 0.0000000000
44837  -9.689  -35.165  14.429 0.0000000000
44850  -3.983  -34.634  13.451 0.0000000000
44851  -4.087  -34.315  14.001 0.0000000000
44852  -8.136  -34.133  14.164 0.0000000000
44853  -8.781  -34.268  14.098 0.0000000000
44854  -9.980  -34.610  13.906 0.0000000000
44855  -11.187  -34.444  13.518 0.0000000000
44856  -12.211  -34.408  13.462 0.0000000000
44857  -13.176  -34.354  13.586 0.0000000000
44858  -13.932  -34.170  13.723 0.0000000000
44869  -4.138  -34.675  12.410 0.0000000000
44877  -4.621  -34.752  11.247 0.0000000000
44878  -5.739  -35.037  11.013 0.0000000000
44879  -6.450  -35.092  10.997 0.0000000000
44883  -4.628  -34.385  10.025 0.0000000000
44884  -5.320  -34.783  10.188 0.0000000000
44885  -6.687  -34.843  10.407 0.0000000000
44886  -8.005  -34.976  10.070 0.0000000000
44887  -8.605  -35.269  9.808 0.0000000000
44892  -4.496  -34.177  9.008 0.0000000000
44893  -5.022  -34.547  9.216 0.0000000000
44894  -6.069  -34.518  9.430 0.0000000000
44895  -7.404  -34.503  9.501 0.0000000000
44896  -8.744  -34.839  9.297 0.0000000000
44897  -9.423  -34.933  8.822 0.0000000000
44901  -4.366  -34.068  8.075 0.0000000000
44902  -4.784  -34.381  8.335 0.0000000000
44903  -5.597  -34.396  8.461 0.0000000000
44904  -6.763  -34.205  8.712 0.0000000000
44905  -8.064  -34.114  8.745 0.0000000000
44906  -9.448  -34.385  8.212 0.0000000000
44907  -10.142  -34.674  7.759 0.0000000000
44910  -4.297  -34.010  7.316 0.0000000000
44911  -4.674  -34.295  7.535 0.0000000000
44912  -5.149  -34.399  7.861 0.0000000000
44913  -9.712  -33.952  7.543 0.0000000000
44914  -10.273  -34.264  7.255 0.0000000000
44917  -4.430  -33.953  6.914 0.0000000000
44918  -4.527  -34.175  7.074 0.0000000000
44919  -10.808  -34.228  6.416 0.0000000000
44920  -11.151  -34.250  5.777 0.0000000000
45963  -4.902  -34.103  14.495 0.0000000000
45964  -5.594  -33.970  14.345 0.0000000000
45965  -6.759  -33.929  14.251 0.0000000000
45966  -7.655  -33.962  14.104 0.0000000000
45978  -3.982  -34.148  13.540 0.0000000000
45979  -4.663  -33.936  13.762 0.0000000000
45980  -5.994  -33.494  13.405 0.0000000000
45981  -7.235  -33.482  13.614 0.0000000000
45982  -8.292  -33.621  13.689 0.0000000000
45983  -9.392  -33.665  13.501 0.0000000000
45984  -10.569  -33.562  13.173 0.0000000000
45985  -11.704  -33.703  13.073 0.0000000000
45986  -12.694  -33.662  13.069 0.0000000000
45987  -13.703  -33.372  13.184 0.0000000000
45999  -4.097  -34.081  12.901 0.0000000000
46000  -5.096  -33.609  12.523 0.0000000000
46001  -5.877  -33.313  12.720 0.0000000000
46002  -11.349  -33.014  12.750 0.0000000000
46003  -12.207  -33.002  12.689 0.0000000000
46004  -13.096  -32.930  12.763 0.0000000000
46005  -13.586  -32.853  12.858 0.0000000000
46010  -4.284  -34.100  11.863 0.0000000000
46011  -4.797  -33.611  11.482 0.0000000000
46016  -4.465  -34.072  10.813 0.0000000000
46017  -4.857  -33.549  10.560 0.0000000000
46022  -4.458  -33.885  9.786 0.0000000000
46023  -4.930  -33.421  9.649 0.0000000000
46027  -4.547  -33.577  8.696 0.0000000000
46028  -5.024  -33.252  9.033 0.0000000000
46029  -5.562  -34.340  7.855 0.0000000000
46030  -6.213  -34.173  7.911 0.0000000000
46031  -7.332  -33.835  8.041 0.0000000000
46032  -8.412  -33.728  8.057 0.0000000000
46038  -4.416  -33.583  7.686 0.0000000000
46039  -4.790  -34.237  7.065 0.0000000000
46040  -5.433  -34.177  7.263 0.0000000000
46041  -6.652  -33.719  7.229 0.0000000000
46042  -7.889  -33.437  7.347 0.0000000000
46043  -9.101  -33.569  7.441 0.0000000000
46044  -9.849  -33.677  7.115 0.0000000000
46050  -4.516  -33.475  6.855 0.0000000000
46051  -4.844  -33.864  6.603 0.0000000000
46052  -5.906  -33.605  6.443 0.0000000000
46053  -7.258  -33.129  6.337 0.0000000000
46054  -8.550  -33.060  6.723 0.0000000000
46055  -9.527  -33.234  6.670 0.0000000000
46056  -10.355  -33.557  6.435 0.0000000000
46057  -10.916  -33.785  6.004 0.0000000000
46065  -4.699  -33.191  6.059 0.0000000000
46066  -5.285  -33.285  5.751 0.0000000000
46067  -6.250  -33.073  5.739 0.0000000000
46068  -6.927  -32.800  5.723 0.0000000000
46069  -10.722  -33.360  5.756 0.0000000000
46070  -11.134  -33.698  5.408 0.0000000000
46078  -10.902  -33.158  5.158 0.0000000000
46079  -11.290  -33.549  4.530 0.0000000000
47106  -6.231  -33.196  12.822 0.0000000000
47107  -6.792  -33.013  13.025 0.0000000000
47108  -7.819  -32.916  13.194 0.0000000000
47109  -8.857  -32.934  13.150 0.0000000000
47110  -9.776  -32.955  13.044 0.0000000000
47111  -13.860  -32.769  12.912 0.0000000000
47112  -14.379  -32.466  13.129 0.0000000000
47116  -5.357  -33.335  11.877 0.0000000000
47117  -6.213  -32.790  12.229 0.0000000000
47118  -7.313  -32.290  12.815 0.0000000000
47119  -8.358  -32.191  12.866 0.0000000000
47120  -9.413  -32.210  12.734 0.0000000000
47121  -10.573  -32.402  12.668 0.0000000000
47122  -11.702  -32.245  12.540 0.0000000000
47123  -12.674  -32.227  12.550 0.0000000000
47124  -13.628  -32.285  12.685 0.0000000000
47125  -14.150  -31.957  12.751 0.0000000000
47128  -5.482  -33.176  11.277 0.0000000000
47129  -6.226  -32.475  11.128 0.0000000000
47133  -5.570  -33.050  10.369 0.0000000000
47134  -6.334  -32.360  10.136 0.0000000000
47138  -5.549  -32.910  9.443 0.0000000000
47139  -6.296  -32.309  9.083 0.0000000000
47142  -4.629  -33.249  7.998 0.0000000000
47143  -5.253  -32.831  8.359 0.0000000000
47144  -6.200  -32.137  8.105 0.0000000000
47152  -4.708  -32.857  7.294 0.0000000000
47153  -5.586  -32.162  7.246 0.0000000000
47154  -6.201  -31.844  7.566 0.0000000000
47161  -4.718  -32.489  6.208 0.0000000000
47162  -5.029  -32.355  6.726 0.0000000000
47163  -8.276  -32.661  6.111 0.0000000000
47164  -9.168  -32.662  6.155 0.0000000000
47165  -9.991  -32.911  6.059 0.0000000000
47166  -10.403  -33.163  5.951 0.0000000000
47175  -4.933  -32.460  5.263 0.0000000000
47176  -5.738  -32.662  5.181 0.0000000000
47177  -6.624  -32.545  5.312 0.0000000000
47178  -7.645  -32.402  5.526 0.0000000000
47179  -8.759  -32.260  5.628 0.0000000000
47180  -9.745  -32.306  5.353 0.0000000000
47181  -10.446  -32.863  5.488 0.0000000000
47190  -4.984  -31.972  4.593 0.0000000000
47191  -5.463  -32.115  4.592 0.0000000000
47192  -6.310  -32.168  4.720 0.0000000000
47193  -7.073  -32.111  4.985 0.0000000000
47194  -10.029  -32.047  4.786 0.0000000000
47195  -10.674  -32.465  4.504 0.0000000000
47196  -11.243  -33.035  4.071 0.0000000000
47204  -10.792  -32.057  3.318 0.0000000000
47205  -11.200  -32.819  3.517 0.0000000000
47213  -10.944  -31.959  2.371 0.0000000000
47214  -11.180  -32.649  2.732 0.0000000000
48223  -14.479  -31.532  12.884 0.0000000000
48229  -6.720  -31.597  11.773 0.0000000000
48230  -7.045  -31.532  12.423 0.0000000000
48231  -7.850  -31.430  12.812 0.0000000000
48232  -8.881  -31.313  12.702 0.0000000000
48233  -10.024  -31.304  12.529 0.0000000000
48234  -11.170  -31.371  12.436 0.0000000000
48235  -12.219  -31.393  12.419 0.0000000000
48236  -13.160  -31.444  12.483 0.0000000000
48237  -13.921  -31.473  12.613 0.0000000000
48242  -6.729  -31.508  10.902 0.0000000000
48249  -6.999  -31.313  9.820 0.0000000000
48250  -7.221  -30.645  9.587 0.0000000000
48256  -6.841  -31.578  8.682 0.0000000000
48257  -7.252  -30.838  9.043 0.0000000000
48264  -6.656  -31.553  7.846 0.0000000000
48265  -7.177  -30.993  8.171 0.0000000000
48274  -5.725  -31.645  6.798 0.0000000000
48275  -6.258  -31.383  7.135 0.0000000000
48276  -6.837  -31.054  7.538 0.0000000000
48282  -4.816  -31.872  5.922 0.0000000000
48283  -5.236  -31.681  6.325 0.0000000000
48284  -5.808  -31.240  6.616 0.0000000000
48293  -4.790  -31.812  5.476 0.0000000000
48294  -4.952  -31.493  5.739 0.0000000000
48295  -7.731  -31.862  4.918 0.0000000000
48296  -8.511  -31.874  5.117 0.0000000000
48297  -9.135  -31.980  5.230 0.0000000000
48306  -4.836  -31.628  4.795 0.0000000000
48307  -5.285  -31.365  4.093 0.0000000000
48308  -6.082  -31.628  4.128 0.0000000000
48309  -7.132  -31.624  4.375 0.0000000000
48310  -8.295  -31.453  4.436 0.0000000000
48311  -9.414  -31.710  4.649 0.0000000000
48312  -10.107  -31.903  4.498 0.0000000000
48320  -5.501  -30.918  3.529 0.0000000000
48321  -5.894  -31.127  3.527 0.0000000000
48322  -6.744  -31.165  3.622 0.0000000000
48323  -7.793  -31.030  3.740 0.0000000000
48324  -9.098  -30.944  3.584 0.0000000000
48325  -10.118  -31.621  3.923 0.0000000000
48332  -9.473  -30.727  2.827 0.0000000000
48333  -10.182  -31.160  2.751 0.0000000000
48340  -10.622  -31.404  1.694 0.0000000000
49409  -7.670  -30.070  13.053 0.0000000000
49410  -8.371  -29.812  13.147 0.0000000000
49411  -8.957  -29.569  13.118 0.0000000000
49412  -14.841  -30.751  13.037 0.0000000000
49419  -6.817  -30.409  12.291 0.0000000000
49420  -7.428  -30.653  12.724 0.0000000000
49421  -8.256  -30.586  12.921 0.0000000000
49422  -9.422  -30.113  12.768 0.0000000000
49423  -10.699  -30.376  12.481 0.0000000000
49424  -11.788  -30.478  12.394 0.0000000000
49425  -12.789  -30.571  12.395 0.0000000000
49426  -13.671  -30.694  12.509 0.0000000000
49427  -14.286  -30.890  12.697 0.0000000000
49434  -6.785  -30.668  11.536 0.0000000000
49442  -6.875  -30.430  10.795 0.0000000000
49443  -7.130  -30.255  10.025 0.0000000000
49448  -7.318  -30.129  9.365 0.0000000000
49456  -7.397  -30.179  8.541 0.0000000000
49466  -6.650  -30.822  7.177 0.0000000000
49467  -7.102  -30.339  7.499 0.0000000000
49475  -5.607  -31.010  6.294 0.0000000000
49476  -6.279  -30.457  6.587 0.0000000000
49477  -6.900  -29.972  6.986 0.0000000000
49487  -4.899  -31.325  5.476 0.0000000000
49488  -5.305  -30.702  5.617 0.0000000000
49489  -5.883  -30.020  5.944 0.0000000000
49499  -4.825  -31.239  5.151 0.0000000000
49500  -4.999  -30.678  4.492 0.0000000000
49508  -5.364  -30.442  3.511 0.0000000000
49509  -5.769  -30.600  3.119 0.0000000000
49510  -6.397  -30.699  3.024 0.0000000000
49511  -7.289  -30.669  3.091 0.0000000000
49512  -8.180  -30.618  3.125 0.0000000000
49520  -5.651  -30.109  2.758 0.0000000000
49521  -6.050  -30.290  2.352 0.0000000000
49522  -6.857  -30.337  2.446 0.0000000000
49523  -7.787  -30.346  2.477 0.0000000000
49524  -8.834  -30.446  2.562 0.0000000000
49525  -9.591  -30.614  2.313 0.0000000000
49533  -6.504  -30.086  1.894 0.0000000000
49534  -7.255  -30.030  1.812 0.0000000000
49535  -8.262  -30.089  1.784 0.0000000000
49536  -9.228  -30.258  1.654 0.0000000000
49537  -10.036  -30.704  1.708 0.0000000000
49543  -9.695  -30.329  0.986 0.0000000000
49544  -10.382  -30.889  0.772 0.0000000000
49550  -9.840  -30.240  0.232 0.0000000000
49551  -10.371  -30.605  -0.393 0.0000000000
50620  -6.612  -28.828  13.463 0.0000000000
50621  -7.404  -29.265  13.383 0.0000000000
50622  -8.554  -29.116  13.348 0.0000000000
50623  -9.449  -29.164  13.064 0.0000000000
50624  -10.062  -29.087  12.874 0.0000000000
50635  -5.539  -28.686  12.793 0.0000000000
50636  -6.261  -29.172  12.900 0.0000000000
50637  -7.062  -29.936  12.918 0.0000000000
50638  -9.836  -29.458  12.816 0.0000000000
50639  -10.400  -29.474  12.686 0.0000000000
50640  -11.395  -29.548  12.546 0.0000000000
50641  -12.435  -29.633  12.470 0.0000000000
50642  -13.407  -29.805  12.490 0.0000000000
50643  -14.340  -29.999  12.703 0.0000000000
50651  -5.644  -28.765  12.324 0.0000000000
50652  -6.360  -29.456  11.640 0.0000000000
50660  -6.639  -29.436  10.471 0.0000000000
50661  -7.069  -29.609  9.752 0.0000000000
50667  -6.839  -28.996  9.734 0.0000000000
50668  -7.339  -29.222  9.048 0.0000000000
50676  -7.424  -29.434  8.068 0.0000000000
50686  -7.174  -29.500  7.289 0.0000000000
50693  -6.294  -29.452  6.109 0.0000000000
50694  -6.781  -29.505  6.711 0.0000000000
50702  -5.322  -29.630  4.741 0.0000000000
50703  -5.762  -29.486  5.482 0.0000000000
50717  -5.280  -29.653  3.819 0.0000000000
50731  -5.492  -29.579  2.918 0.0000000000
50742  -5.722  -29.563  1.905 0.0000000000
50743  -6.099  -29.957  1.788 0.0000000000
50754  -5.840  -29.067  0.947 0.0000000000
50755  -6.519  -29.575  1.250 0.0000000000
50756  -7.715  -29.646  1.095 0.0000000000
50757  -8.703  -29.857  1.087 0.0000000000
50758  -9.237  -30.078  1.056 0.0000000000
50766  -5.902  -28.788  0.477 0.0000000000
50767  -6.244  -29.029  0.441 0.0000000000
50768  -7.201  -29.067  0.219 0.0000000000
50769  -8.405  -29.437  0.334 0.0000000000
50770  -9.243  -29.878  0.511 0.0000000000
50777  -7.447  -28.749  -0.381 0.0000000000
50778  -8.098  -28.933  -0.346 0.0000000000
50779  -9.392  -29.482  -0.664 0.0000000000
50780  -10.243  -30.095  -1.015 0.0000000000
50787  -9.642  -29.083  -1.945 0.0000000000
50788  -10.227  -29.808  -1.659 0.0000000000
50796  -9.822  -28.871  -2.455 0.0000000000
51827  -5.243  -28.047  13.330 0.0000000000
51828  -6.026  -28.341  13.550 0.0000000000
51829  -7.006  -28.354  13.700 0.0000000000
51830  -8.046  -28.396  13.660 0.0000000000
51831  -9.110  -28.383  13.495 0.0000000000
51832  -10.214  -28.437  13.167 0.0000000000
51833  -11.235  -28.066  13.044 0.0000000000
51834  -11.857  -27.876  13.030 0.0000000000
51835  -14.650  -29.028  12.976 0.0000000000
51849  -4.671  -27.832  11.866 0.0000000000
51850  -4.945  -28.244  12.603 0.0000000000
51851  -5.535  -28.525  13.094 0.0000000000
51852  -10.411  -28.946  12.844 0.0000000000
51853  -10.953  -28.820  12.781 0.0000000000
51854  -12.069  -28.559  12.764 0.0000000000
51855  -13.125  -28.916  12.602 0.0000000000
51856  -13.970  -29.092  12.648 0.0000000000
51867  -4.766  -27.738  11.469 0.0000000000
51868  -5.364  -28.228  11.333 0.0000000000
51869  -6.129  -28.875  10.958 0.0000000000
51879  -5.616  -27.852  10.501 0.0000000000
51880  -6.228  -28.330  10.235 0.0000000000
51891  -6.983  -28.317  9.124 0.0000000000
51892  -7.262  -28.689  8.904 0.0000000000
51902  -7.145  -28.078  8.575 0.0000000000
51903  -7.318  -28.556  8.455 0.0000000000
51916  -7.289  -28.766  7.607 0.0000000000
51928  -6.685  -28.687  6.446 0.0000000000
51929  -7.063  -28.927  6.996 0.0000000000
51941  -5.677  -28.603  4.937 0.0000000000
51942  -6.231  -28.548  5.667 0.0000000000
51954  -5.461  -28.745  4.113 0.0000000000
51968  -5.509  -28.818  3.222 0.0000000000
51985  -5.587  -28.810  2.284 0.0000000000
52003  -5.683  -28.642  1.362 0.0000000000
52017  -5.791  -28.377  0.509 0.0000000000
52018  -5.995  -28.573  0.078 0.0000000000
52019  -6.468  -28.705  -0.092 0.0000000000
52031  -5.854  -28.059  -0.164 0.0000000000
52032  -6.198  -28.218  -0.556 0.0000000000
52033  -6.907  -28.521  -0.596 0.0000000000
52034  -7.635  -28.552  -0.846 0.0000000000
52035  -8.399  -28.722  -0.962 0.0000000000
52048  -6.532  -28.048  -1.056 0.0000000000
52049  -7.098  -28.113  -1.344 0.0000000000
52050  -7.916  -28.335  -1.461 0.0000000000
52051  -8.818  -28.638  -1.635 0.0000000000
52065  -7.471  -27.904  -1.798 0.0000000000
52066  -8.150  -28.027  -2.113 0.0000000000
52067  -9.318  -28.269  -2.683 0.0000000000
52068  -9.961  -28.826  -2.715 0.0000000000
53145  -5.711  -27.383  13.374 0.0000000000
53146  -6.619  -27.488  13.614 0.0000000000
53147  -7.625  -27.531  13.760 0.0000000000
53148  -8.657  -27.552  13.776 0.0000000000
53149  -9.693  -27.512  13.619 0.0000000000
53150  -10.700  -27.422  13.416 0.0000000000
53151  -11.610  -27.367  13.272 0.0000000000
53152  -12.488  -27.556  13.098 0.0000000000
53153  -13.540  -27.590  13.068 0.0000000000
53154  -14.548  -27.998  13.229 0.0000000000
53166  -4.619  -27.277  12.264 0.0000000000
53167  -5.004  -27.324  12.943 0.0000000000
53168  -13.012  -28.180  12.837 0.0000000000
53169  -13.775  -28.364  12.809 0.0000000000
53170  -14.271  -28.599  12.879 0.0000000000
53182  -4.569  -27.177  11.505 0.0000000000
53183  -4.820  -27.506  11.091 0.0000000000
53196  -4.705  -26.914  10.815 0.0000000000
53197  -5.221  -27.159  10.333 0.0000000000
53198  -5.873  -27.518  10.104 0.0000000000
53213  -5.795  -26.980  9.751 0.0000000000
53214  -6.365  -27.334  9.407 0.0000000000
53229  -6.931  -27.434  8.330 0.0000000000
53230  -7.206  -28.015  8.316 0.0000000000
53245  -6.987  -27.317  7.189 0.0000000000
53246  -7.254  -28.016  7.823 0.0000000000
53256  -6.659  -27.600  6.178 0.0000000000
53257  -7.032  -28.198  7.033 0.0000000000
53261  -5.795  -27.958  4.370 0.0000000000
53262  -6.164  -27.560  5.106 0.0000000000
53265  -5.810  -28.019  3.560 0.0000000000
53266  -6.652  -27.407  4.083 0.0000000000
53267  -7.966  -27.172  3.948 0.0000000000
53268  -9.185  -27.236  3.928 0.0000000000
53269  -9.861  -27.232  3.894 0.0000000000
53272  -5.841  -28.148  2.632 0.0000000000
53273  -6.581  -27.735  2.957 0.0000000000
53274  -7.614  -27.473  3.133 0.0000000000
53275  -8.816  -27.386  3.166 0.0000000000
53276  -10.019  -27.309  3.249 0.0000000000
53277  -10.672  -27.032  2.847 0.0000000000
53280  -5.835  -28.105  1.724 0.0000000000
53281  -6.447  -27.746  2.011 0.0000000000
53282  -7.350  -27.517  2.207 0.0000000000
53283  -8.442  -27.433  2.293 0.0000000000
53284  -9.567  -27.416  2.322 0.0000000000
53285  -10.507  -27.213  2.276 0.0000000000
53290  -5.817  -27.893  0.864 0.0000000000
53291  -6.290  -27.566  1.151 0.0000000000
53292  -7.068  -27.370  1.340 0.0000000000
53293  -8.079  -27.328  1.408 0.0000000000
53294  -9.165  -27.349  1.433 0.0000000000
53295  -10.181  -27.334  1.454 0.0000000000
53303  -5.800  -27.557  0.010 0.0000000000
53304  -6.099  -27.245  0.386 0.0000000000
53305  -6.753  -27.052  0.567 0.0000000000
53306  -7.665  -27.054  0.619 0.0000000000
53307  -8.756  -27.108  0.505 0.0000000000
53308  -9.783  -27.250  0.594 0.0000000000
53318  -5.917  -27.512  -0.800 0.0000000000
53319  -6.232  -27.802  -1.016 0.0000000000
53320  -8.952  -26.937  0.001 0.0000000000
53321  -9.361  -27.047  0.018 0.0000000000
53331  -5.966  -27.097  -1.296 0.0000000000
53332  -6.484  -27.411  -1.596 0.0000000000
53333  -7.036  -27.709  -1.777 0.0000000000
53341  -6.694  -27.161  -2.140 0.0000000000
53342  -7.222  -27.388  -2.293 0.0000000000
53343  -8.237  -27.561  -2.722 0.0000000000
53344  -8.758  -27.619  -3.057 0.0000000000
53348  -7.653  -27.062  -2.911 0.0000000000
53349  -8.312  -27.103  -3.335 0.0000000000
53350  -9.116  -27.583  -3.512 0.0000000000
53355  -8.833  -26.975  -4.000 0.0000000000
54365  -8.833  -25.914  13.877 0.0000000000
54366  -9.652  -25.952  13.903 0.0000000000
54367  -10.109  -25.944  13.883 0.0000000000
54368  -14.592  -26.358  14.097 0.0000000000
54375  -5.472  -26.358  12.970 0.0000000000
54376  -6.327  -26.522  13.355 0.0000000000
54377  -7.285  -26.602  13.588 0.0000000000
54378  -8.259  -26.671  13.784 0.0000000000
54379  -9.221  -26.699  13.854 0.0000000000
54380  -10.220  -26.506  13.753 0.0000000000
54381  -11.203  -26.629  13.575 0.0000000000
54382  -12.144  -26.686  13.477 0.0000000000
54383  -13.127  -26.755  13.402 0.0000000000
54384  -14.115  -26.932  13.491 0.0000000000
54385  -14.867  -27.148  13.743 0.0000000000
54387  -4.467  -26.411  11.808 0.0000000000
54388  -4.819  -26.433  12.462 0.0000000000
54390  -4.495  -26.305  11.012 0.0000000000
54393  -4.826  -26.235  10.104 0.0000000000
54394  -5.125  -26.562  9.959 0.0000000000
54397  -4.992  -25.837  9.529 0.0000000000
54398  -5.439  -26.224  9.417 0.0000000000
54399  -6.020  -26.666  9.348 0.0000000000
54407  -5.755  -25.777  8.709 0.0000000000
54408  -6.228  -26.284  8.569 0.0000000000
54416  -6.692  -26.394  7.415 0.0000000000
54419  -6.747  -26.603  6.466 0.0000000000
54420  -10.739  -26.221  6.100 0.0000000000
54421  -11.110  -26.057  6.038 0.0000000000
54424  -6.735  -26.632  5.535 0.0000000000
54425  -7.683  -26.426  5.348 0.0000000000
54426  -8.870  -26.607  5.404 0.0000000000
54427  -10.118  -26.544  5.607 0.0000000000
54428  -10.912  -26.157  5.556 0.0000000000
54431  -6.574  -26.970  4.835 0.0000000000
54432  -7.262  -26.810  4.705 0.0000000000
54433  -8.442  -26.961  4.682 0.0000000000
54434  -9.852  -27.040  4.513 0.0000000000
54435  -10.697  -26.377  4.712 0.0000000000
54439  -10.189  -27.151  3.822 0.0000000000
54440  -10.674  -26.701  3.538 0.0000000000
54447  -11.034  -26.607  2.251 0.0000000000
54448  -11.274  -26.313  1.733 0.0000000000
54455  -10.959  -27.026  1.475 0.0000000000
54456  -11.266  -26.501  1.393 0.0000000000
54465  -5.900  -26.922  -0.181 0.0000000000
54466  -6.404  -26.662  -0.118 0.0000000000
54467  -7.228  -26.582  -0.046 0.0000000000
54468  -8.163  -26.754  -0.020 0.0000000000
54469  -8.704  -26.880  -0.007 0.0000000000
54470  -10.645  -27.073  0.675 0.0000000000
54471  -11.193  -26.722  0.802 0.0000000000
54481  -5.803  -27.048  -0.559 0.0000000000
54482  -6.082  -26.543  -0.794 0.0000000000
54483  -6.797  -26.170  -0.827 0.0000000000
54484  -7.723  -26.345  -0.721 0.0000000000
54485  -8.847  -26.701  -0.545 0.0000000000
54486  -10.186  -26.862  -0.348 0.0000000000
54487  -10.944  -26.682  0.255 0.0000000000
54494  -5.830  -26.907  -1.021 0.0000000000
54495  -6.194  -26.616  -1.508 0.0000000000
54496  -7.295  -25.898  -1.336 0.0000000000
54497  -8.085  -26.100  -1.494 0.0000000000
54498  -9.296  -26.406  -1.697 0.0000000000
54499  -10.523  -26.433  -1.471 0.0000000000
54505  -6.660  -26.656  -2.314 0.0000000000
54506  -7.162  -26.761  -2.781 0.0000000000
54507  -9.879  -26.272  -2.661 0.0000000000
54508  -10.909  -26.256  -2.458 0.0000000000
54509  -11.371  -26.070  -2.876 0.0000000000
54513  -7.030  -26.308  -2.899 0.0000000000
54514  -7.581  -26.471  -3.211 0.0000000000
54515  -8.302  -26.405  -3.694 0.0000000000
54516  -10.448  -26.299  -3.225 0.0000000000
54517  -11.135  -26.291  -3.417 0.0000000000
54518  -11.580  -26.018  -3.362 0.0000000000
54523  -11.472  -26.059  -3.824 0.0000000000
54524  -11.618  -25.861  -3.722 0.0000000000
55345  -14.895  -25.519  28.865 0.0000000000
55419  -6.590  -24.934  23.066 0.0000000000
55420  -6.729  -25.095  22.944 0.0000000000
55433  -5.583  -25.063  22.573 0.0000000000
55434  -6.080  -25.164  22.807 0.0000000000
55435  -6.808  -25.312  22.462 0.0000000000
55436  -7.458  -25.329  21.939 0.0000000000
55444  -5.464  -25.237  22.209 0.0000000000
55445  -5.958  -25.618  22.057 0.0000000000
55446  -6.805  -25.597  21.623 0.0000000000
55447  -7.871  -25.416  21.222 0.0000000000
55448  -8.669  -25.259  20.636 0.0000000000
55449  -12.818  -24.954  21.526 0.0000000000
55453  -5.268  -25.462  21.425 0.0000000000
55454  -5.979  -25.836  21.131 0.0000000000
55455  -6.975  -25.655  20.748 0.0000000000
55456  -7.948  -25.395  20.356 0.0000000000
55457  -8.767  -25.133  19.964 0.0000000000
55458  -12.825  -25.121  21.091 0.0000000000
55465  -5.351  -25.487  20.611 0.0000000000
55466  -6.155  -25.488  20.272 0.0000000000
55467  -7.209  -25.335  19.977 0.0000000000
55468  -8.139  -25.054  19.730 0.0000000000
55469  -8.719  -24.797  19.633 0.0000000000
55470  -12.995  -25.160  20.407 0.0000000000
55505  -14.986  -25.271  16.285 0.0000000000
55520  -14.733  -25.259  15.403 0.0000000000
55536  -8.606  -25.218  13.878 0.0000000000
55537  -9.294  -25.242  14.069 0.0000000000
55538  -10.239  -25.415  14.114 0.0000000000
55539  -11.230  -25.252  14.181 0.0000000000
55540  -12.172  -25.253  14.216 0.0000000000
55541  -13.127  -25.324  14.343 0.0000000000
55542  -14.171  -25.414  14.606 0.0000000000
55543  -15.058  -25.992  14.813 0.0000000000
55559  -5.562  -25.652  12.824 0.0000000000
55560  -6.072  -25.525  13.065 0.0000000000
55561  -6.954  -25.615  13.414 0.0000000000
55562  -7.946  -25.653  13.687 0.0000000000
55563  -10.356  -25.939  13.872 0.0000000000
55564  -10.826  -25.932  13.859 0.0000000000
55565  -11.712  -25.929  13.811 0.0000000000
55566  -12.674  -25.966  13.804 0.0000000000
55567  -13.678  -26.063  13.879 0.0000000000
55579  -4.597  -25.574  12.023 0.0000000000
55580  -5.146  -25.499  12.538 0.0000000000
55581  -5.613  -25.166  12.780 0.0000000000
55584  -4.435  -25.531  11.314 0.0000000000
55588  -4.489  -25.396  10.444 0.0000000000
55596  -4.772  -25.214  9.431 0.0000000000
55597  -5.127  -25.595  9.224 0.0000000000
55606  -4.862  -24.719  8.837 0.0000000000
55607  -5.395  -25.125  8.520 0.0000000000
55608  -5.935  -25.553  8.296 0.0000000000
55614  -5.746  -24.680  7.783 0.0000000000
55615  -6.298  -25.210  7.426 0.0000000000
55616  -6.969  -24.766  6.940 0.0000000000
55617  -9.563  -25.480  7.278 0.0000000000
55618  -10.543  -25.513  7.372 0.0000000000
55619  -11.213  -25.187  7.373 0.0000000000
55620  -11.376  -24.850  7.294 0.0000000000
55624  -6.779  -25.862  6.586 0.0000000000
55625  -7.335  -25.282  6.548 0.0000000000
55626  -8.639  -25.590  6.699 0.0000000000
55627  -10.026  -26.031  6.584 0.0000000000
55628  -11.126  -25.803  6.622 0.0000000000
55629  -11.394  -25.094  6.855 0.0000000000
55637  -6.780  -26.177  6.077 0.0000000000
55638  -7.084  -25.876  5.870 0.0000000000
55639  -8.082  -25.917  5.922 0.0000000000
55640  -9.142  -26.221  6.075 0.0000000000
55641  -11.198  -25.672  5.859 0.0000000000
55642  -11.314  -25.263  6.278 0.0000000000
55652  -10.998  -25.596  5.041 0.0000000000
55663  -10.783  -25.697  3.984 0.0000000000
55675  -10.904  -25.820  2.727 0.0000000000
55676  -11.217  -26.075  1.978 0.0000000000
55689  -11.043  -25.604  1.749 0.0000000000
55690  -11.370  -26.051  1.403 0.0000000000
55702  -11.161  -25.658  0.857 0.0000000000
55703  -11.303  -26.254  0.763 0.0000000000
55711  -6.434  -26.163  -1.352 0.0000000000
55712  -6.794  -25.833  -1.531 0.0000000000
55713  -11.033  -26.110  -0.193 0.0000000000
55714  -11.170  -26.456  0.419 0.0000000000
55720  -6.532  -25.966  -1.983 0.0000000000
55721  -7.254  -25.620  -2.088 0.0000000000
55722  -8.213  -25.775  -2.406 0.0000000000
55723  -8.959  -25.931  -2.689 0.0000000000
55724  -10.907  -25.884  -1.474 0.0000000000
55730  -6.904  -25.897  -2.672 0.0000000000
55731  -7.512  -25.590  -2.954 0.0000000000
55732  -8.300  -25.649  -3.196 0.0000000000
55733  -9.036  -25.815  -3.285 0.0000000000
55734  -11.120  -25.741  -2.347 0.0000000000
55735  -11.455  -25.663  -2.967 0.0000000000
55740  -7.246  -25.956  -3.158 0.0000000000
55741  -7.812  -25.903  -3.458 0.0000000000
55742  -8.568  -25.885  -3.890 0.0000000000
55743  -9.551  -25.944  -3.790 0.0000000000
55744  -10.425  -26.171  -3.889 0.0000000000
55745  -11.584  -25.624  -3.551 0.0000000000
55752  -10.979  -26.091  -4.412 0.0000000000
55753  -11.542  -25.582  -4.306 0.0000000000
56478  -11.004  -24.780  34.511 0.0000000000
56492  -11.485  -24.789  33.911 0.0000000000
56493  -12.012  -24.876  33.312 0.0000000000
56511  -12.540  -24.972  32.674 0.0000000000
56512  -12.823  -25.267  32.396 0.0000000000
56527  -12.617  -24.442  32.284 0.0000000000
56528  -13.011  -24.800  31.962 0.0000000000
56543  -13.483  -24.795  31.062 0.0000000000
56544  -13.863  -25.168  30.532 0.0000000000
56561  -13.658  -24.510  30.204 0.0000000000
56562  -14.165  -25.056  29.875 0.0000000000
56579  -13.876  -24.335  29.525 0.0000000000
56580  -14.488  -24.697  28.925 0.0000000000
56581  -15.187  -25.177  28.299 0.0000000000
56605  -14.831  -24.330  28.010 0.0000000000
56606  -15.466  -24.655  27.328 0.0000000000
56670  -6.621  -24.603  22.915 0.0000000000
56671  -7.188  -24.669  23.063 0.0000000000
56672  -7.774  -24.498  22.968 0.0000000000
56681  -5.394  -24.953  22.279 0.0000000000
56682  -5.859  -24.718  22.540 0.0000000000
56683  -7.101  -25.058  22.845 0.0000000000
56684  -7.791  -24.856  22.425 0.0000000000
56685  -8.636  -24.464  22.295 0.0000000000
56686  -12.669  -24.252  22.062 0.0000000000
56687  -13.069  -24.588  22.470 0.0000000000
56692  -5.138  -24.861  21.588 0.0000000000
56693  -5.504  -24.674  21.992 0.0000000000
56694  -8.046  -25.123  21.768 0.0000000000
56695  -9.090  -24.789  21.443 0.0000000000
56696  -10.514  -24.475  21.132 0.0000000000
56697  -11.496  -24.369  21.195 0.0000000000
56698  -12.369  -24.477  21.503 0.0000000000
56699  -12.818  -24.759  21.857 0.0000000000
56703  -4.784  -24.364  19.882 0.0000000000
56704  -4.889  -24.830  20.601 0.0000000000
56705  -9.504  -24.958  20.243 0.0000000000
56706  -10.431  -24.710  20.432 0.0000000000
56707  -11.500  -24.668  20.491 0.0000000000
56708  -12.298  -24.832  20.747 0.0000000000
56712  -4.942  -24.233  19.593 0.0000000000
56713  -5.343  -24.833  19.810 0.0000000000
56714  -6.540  -24.856  19.664 0.0000000000
56715  -7.566  -24.693  19.536 0.0000000000
56716  -8.506  -24.312  19.311 0.0000000000
56717  -9.405  -24.533  19.517 0.0000000000
56718  -10.440  -24.542  19.616 0.0000000000
56719  -11.485  -24.594  19.702 0.0000000000
56720  -12.702  -24.807  19.752 0.0000000000
56721  -13.509  -24.971  19.292 0.0000000000
56726  -8.781  -23.729  18.894 0.0000000000
56727  -9.414  -23.823  18.886 0.0000000000
56728  -10.371  -23.970  18.894 0.0000000000
56729  -11.380  -24.158  18.973 0.0000000000
56730  -12.396  -24.302  19.015 0.0000000000
56731  -13.585  -24.563  18.540 0.0000000000
56732  -14.380  -24.927  18.026 0.0000000000
56739  -13.780  -24.127  17.428 0.0000000000
56740  -14.288  -24.635  17.668 0.0000000000
56746  -13.825  -24.099  16.521 0.0000000000
56747  -14.468  -24.572  16.879 0.0000000000
56753  -12.131  -24.167  15.005 0.0000000000
56754  -12.736  -24.174  15.324 0.0000000000
56755  -13.559  -24.216  15.734 0.0000000000
56756  -14.361  -24.611  15.987 0.0000000000
56764  -7.961  -24.336  13.969 0.0000000000
56765  -8.683  -24.482  14.216 0.0000000000
56766  -9.721  -24.481  14.438 0.0000000000
56767  -10.723  -24.519  14.497 0.0000000000
56768  -11.684  -24.507  14.612 0.0000000000
56769  -12.556  -24.665  14.715 0.0000000000
56770  -13.405  -24.714  14.962 0.0000000000
56771  -14.100  -24.777  15.294 0.0000000000
56786  -6.614  -24.681  13.293 0.0000000000
56787  -7.451  -24.673  13.631 0.0000000000
56788  -8.158  -24.850  13.812 0.0000000000
56806  -4.760  -24.654  12.180 0.0000000000
56807  -5.335  -24.533  12.666 0.0000000000
56808  -5.950  -24.597  12.993 0.0000000000
56814  -4.528  -24.834  11.597 0.0000000000
56820  -4.424  -24.584  10.888 0.0000000000
56829  -4.482  -24.407  9.942 0.0000000000
56830  -9.766  -23.989  9.158 0.0000000000
56831  -10.180  -24.080  9.196 0.0000000000
56832  -10.849  -24.120  9.188 0.0000000000
56840  -4.639  -24.280  9.109 0.0000000000
56841  -4.923  -24.243  8.478 0.0000000000
56842  -7.368  -23.964  8.016 0.0000000000
56843  -8.059  -24.124  8.191 0.0000000000
56844  -9.417  -24.216  8.698 0.0000000000
56845  -10.473  -24.484  8.667 0.0000000000
56846  -11.120  -24.253  8.649 0.0000000000
56854  -5.425  -24.229  7.936 0.0000000000
56855  -6.100  -24.272  7.546 0.0000000000
56856  -7.132  -24.354  7.511 0.0000000000
56857  -8.524  -24.864  7.541 0.0000000000
56858  -9.953  -25.021  8.007 0.0000000000
56859  -10.923  -24.979  8.094 0.0000000000
56860  -11.294  -24.469  7.820 0.0000000000
56870  -7.537  -24.853  7.044 0.0000000000
56871  -7.958  -25.141  6.942 0.0000000000
56872  -11.343  -24.488  7.095 0.0000000000
56882  -11.116  -24.844  5.658 0.0000000000
56883  -11.286  -24.695  6.419 0.0000000000
56889  -10.172  -23.969  4.314 0.0000000000
56890  -10.602  -24.607  4.544 0.0000000000
56894  -10.047  -24.202  3.763 0.0000000000
56895  -10.541  -24.965  3.344 0.0000000000
56899  -10.024  -24.442  2.798 0.0000000000
56900  -10.592  -25.034  2.294 0.0000000000
56905  -10.011  -24.528  1.879 0.0000000000
56906  -10.660  -25.008  1.316 0.0000000000
56910  -9.302  -24.237  0.752 0.0000000000
56911  -9.845  -24.497  0.886 0.0000000000
56912  -10.677  -25.155  0.301 0.0000000000
56916  -9.397  -24.296  0.322 0.0000000000
56917  -10.030  -24.595  -0.242 0.0000000000
56918  -10.685  -25.306  -0.740 0.0000000000
56922  -10.298  -24.757  -1.144 0.0000000000
56923  -10.746  -25.288  -1.707 0.0000000000
56928  -10.369  -24.750  -1.918 0.0000000000
56929  -10.977  -25.035  -2.618 0.0000000000
56930  -11.411  -25.272  -3.236 0.0000000000
56935  -11.179  -24.856  -3.298 0.0000000000
56936  -11.588  -25.027  -3.814 0.0000000000
56943  -11.829  -24.917  -4.621 0.0000000000
57675  -11.190  -23.831  33.962 0.0000000000
57676  -11.757  -24.227  33.374 0.0000000000
57697  -11.684  -23.625  32.978 0.0000000000
57698  -12.252  -24.155  32.701 0.0000000000
57721  -11.950  -23.459  32.196 0.0000000000
57722  -12.559  -23.930  31.818 0.0000000000
57723  -13.025  -24.176  31.269 0.0000000000
57743  -12.044  -23.260  31.352 0.0000000000
57744  -12.611  -23.635  30.912 0.0000000000
57745  -13.190  -24.004  30.551 0.0000000000
57763  -11.999  -23.252  30.470 0.0000000000
57764  -12.644  -23.544  30.071 0.0000000000
57765  -13.316  -23.861  29.736 0.0000000000
57784  -12.023  -23.291  29.686 0.0000000000
57785  -12.666  -23.402  29.157 0.0000000000
57786  -13.668  -23.717  28.888 0.0000000000
57787  -14.301  -23.823  28.232 0.0000000000
57804  -12.979  -23.313  28.422 0.0000000000
57805  -13.635  -23.316  27.933 0.0000000000
57806  -14.553  -23.505  27.186 0.0000000000
57807  -15.332  -24.050  26.549 0.0000000000
57830  -14.895  -23.469  25.939 0.0000000000
57831  -15.499  -24.186  25.886 0.0000000000
57858  -14.690  -23.484  25.029 0.0000000000
57859  -15.256  -24.045  25.228 0.0000000000
57879  -7.674  -23.670  23.951 0.0000000000
57880  -8.077  -23.734  24.235 0.0000000000
57881  -8.550  -23.446  24.371 0.0000000000
57882  -13.826  -23.450  23.979 0.0000000000
57883  -14.294  -23.625  24.394 0.0000000000
57884  -14.830  -24.041  24.678 0.0000000000
57892  -6.827  -24.103  22.993 0.0000000000
57893  -7.318  -23.899  23.311 0.0000000000
57894  -8.041  -24.151  23.456 0.0000000000
57895  -8.799  -23.496  23.810 0.0000000000
57896  -13.052  -23.452  23.113 0.0000000000
57897  -13.476  -23.624  23.495 0.0000000000
57898  -13.942  -24.065  23.874 0.0000000000
57902  -6.509  -24.151  22.588 0.0000000000
57903  -7.118  -23.648  22.748 0.0000000000
57904  -8.304  -24.366  22.765 0.0000000000
57905  -9.413  -23.798  22.549 0.0000000000
57906  -10.894  -23.335  22.272 0.0000000000
57907  -11.908  -23.308  22.322 0.0000000000
57908  -12.697  -23.664  22.581 0.0000000000
57909  -13.207  -23.948  22.968 0.0000000000
57914  -5.414  -24.360  21.443 0.0000000000
57915  -6.042  -24.164  21.826 0.0000000000
57916  -6.913  -23.544  21.964 0.0000000000
57917  -9.892  -24.216  21.644 0.0000000000
57918  -10.618  -23.915  21.662 0.0000000000
57919  -11.612  -23.800  21.736 0.0000000000
57920  -12.280  -23.852  21.988 0.0000000000
57925  -4.686  -23.955  20.121 0.0000000000
57926  -5.062  -24.124  20.743 0.0000000000
57927  -5.684  -23.679  21.006 0.0000000000
57928  -6.491  -23.387  21.240 0.0000000000
57933  -4.808  -23.565  19.446 0.0000000000
57934  -5.260  -23.932  19.330 0.0000000000
57935  -6.101  -24.115  19.327 0.0000000000
57936  -7.141  -24.133  19.297 0.0000000000
57937  -7.829  -24.169  19.287 0.0000000000
57941  -4.650  -23.066  18.903 0.0000000000
57942  -4.998  -23.314  18.805 0.0000000000
57943  -5.775  -23.425  18.766 0.0000000000
57944  -6.796  -23.462  18.781 0.0000000000
57945  -8.026  -23.534  18.844 0.0000000000
57946  -9.079  -23.211  18.523 0.0000000000
57947  -10.185  -23.117  18.113 0.0000000000
57948  -11.285  -23.531  18.245 0.0000000000
57949  -12.213  -23.830  18.415 0.0000000000
57950  -12.847  -24.060  18.522 0.0000000000
57954  -10.501  -22.807  17.421 0.0000000000
57955  -11.184  -22.997  17.264 0.0000000000
57956  -12.181  -23.460  17.585 0.0000000000
57957  -13.019  -23.810  17.949 0.0000000000
57961  -10.811  -22.964  16.222 0.0000000000
57962  -11.292  -23.115  16.307 0.0000000000
57963  -12.105  -23.359  16.600 0.0000000000
57964  -13.075  -23.654  16.911 0.0000000000
57967  -9.384  -23.124  15.464 0.0000000000
57968  -9.887  -23.253  15.433 0.0000000000
57969  -10.730  -23.258  15.668 0.0000000000
57970  -11.864  -23.657  15.576 0.0000000000
57971  -12.830  -23.718  16.029 0.0000000000
57972  -13.361  -23.865  16.278 0.0000000000
57975  -7.282  -23.317  14.408 0.0000000000
57976  -7.902  -23.705  14.384 0.0000000000
57977  -9.115  -23.586  14.941 0.0000000000
57978  -10.237  -23.774  14.930 0.0000000000
57979  -11.182  -23.866  14.952 0.0000000000
57980  -11.733  -24.006  14.988 0.0000000000
57987  -5.983  -23.264  13.761 0.0000000000
57988  -6.800  -23.670  13.800 0.0000000000
57989  -7.554  -24.058  13.893 0.0000000000
58005  -4.869  -23.689  12.529 0.0000000000
58006  -5.677  -23.665  13.237 0.0000000000
58007  -6.271  -24.125  13.291 0.0000000000
58021  -4.551  -23.786  11.555 0.0000000000
58032  -4.496  -23.534  10.465 0.0000000000
58033  -9.992  -23.172  10.127 0.0000000000
58034  -10.478  -23.246  10.120 0.0000000000
58035  -11.079  -23.245  9.994 0.0000000000
58044  -4.608  -23.448  9.467 0.0000000000
58045  -4.863  -23.100  8.926 0.0000000000
58046  -7.575  -23.069  9.139 0.0000000000
58047  -8.269  -23.232  9.268 0.0000000000
58048  -9.589  -23.576  9.490 0.0000000000
58049  -10.659  -23.718  9.641 0.0000000000
58050  -11.231  -23.532  9.346 0.0000000000
58058  -4.743  -23.672  8.787 0.0000000000
58059  -5.352  -23.455  8.430 0.0000000000
58060  -6.202  -23.394  8.302 0.0000000000
58061  -7.323  -23.498  8.521 0.0000000000
58062  -8.669  -23.747  8.861 0.0000000000
58063  -9.254  -23.850  9.023 0.0000000000
58064  -11.320  -23.604  8.517 0.0000000000
58074  -5.882  -23.782  7.916 0.0000000000
58075  -6.591  -23.812  7.869 0.0000000000
58076  -7.073  -23.886  7.933 0.0000000000
58077  -10.790  -23.142  7.382 0.0000000000
58078  -11.140  -23.617  7.557 0.0000000000
58086  -10.676  -23.352  6.828 0.0000000000
58087  -11.091  -24.021  6.580 0.0000000000
58091  -9.823  -23.165  5.248 0.0000000000
58092  -10.515  -23.683  5.583 0.0000000000
58093  -11.053  -24.321  6.054 0.0000000000
58097  -8.804  -23.204  4.100 0.0000000000
58098  -9.508  -23.386  4.416 0.0000000000
58099  -10.281  -23.854  4.680 0.0000000000
58103  -7.995  -23.152  3.138 0.0000000000
58104  -8.496  -23.273  3.480 0.0000000000
58105  -9.405  -23.827  3.178 0.0000000000
58109  -7.946  -23.211  2.583 0.0000000000
58110  -8.837  -23.644  2.295 0.0000000000
58111  -9.515  -24.116  2.359 0.0000000000
58116  -8.197  -23.408  1.417 0.0000000000
58117  -8.900  -23.824  1.425 0.0000000000
58118  -9.364  -24.138  1.657 0.0000000000
58123  -8.156  -23.406  0.230 0.0000000000
58124  -8.869  -23.922  0.683 0.0000000000
58125  -9.213  -24.159  1.088 0.0000000000
58129  -8.058  -23.344  -0.908 0.0000000000
58130  -9.059  -24.080  -0.495 0.0000000000
58131  -9.773  -24.471  -0.836 0.0000000000
58134  -7.945  -23.105  -1.975 0.0000000000
58135  -8.844  -23.789  -1.742 0.0000000000
58136  -9.693  -24.397  -1.474 0.0000000000
58140  -7.947  -22.878  -2.553 0.0000000000
58141  -8.630  -23.261  -2.873 0.0000000000
58142  -9.953  -24.237  -2.685 0.0000000000
58143  -10.764  -24.632  -3.102 0.0000000000
58148  -8.816  -23.046  -3.581 0.0000000000
58149  -9.573  -23.398  -3.882 0.0000000000
58150  -10.870  -24.315  -3.814 0.0000000000
58151  -11.529  -24.636  -4.224 0.0000000000
58156  -9.783  -23.144  -4.596 0.0000000000
58157  -10.549  -23.459  -4.867 0.0000000000
58158  -11.499  -24.242  -4.760 0.0000000000
58167  -10.836  -23.212  -5.544 0.0000000000
58965  -11.243  -23.181  33.124 0.0000000000
58985  -10.972  -22.766  32.546 0.0000000000
58986  -11.488  -23.147  32.524 0.0000000000
59008  -10.647  -22.676  31.634 0.0000000000
59009  -11.457  -22.934  31.850 0.0000000000
59031  -10.380  -22.807  30.589 0.0000000000
59032  -11.327  -22.927  30.947 0.0000000000
59050  -10.335  -22.879  29.517 0.0000000000
59051  -11.263  -23.099  29.993 0.0000000000
59074  -10.261  -22.727  28.444 0.0000000000
59075  -11.594  -22.980  28.832 0.0000000000
59076  -12.442  -23.150  28.519 0.0000000000
59099  -9.913  -22.533  27.410 0.0000000000
59100  -11.132  -22.547  27.616 0.0000000000
59101  -12.547  -22.843  27.699 0.0000000000
59102  -13.692  -22.907  27.121 0.0000000000
59103  -14.123  -23.033  26.897 0.0000000000
59125  -9.395  -22.568  26.427 0.0000000000
59126  -10.549  -22.361  26.538 0.0000000000
59127  -11.798  -22.354  26.584 0.0000000000
59128  -13.004  -22.485  26.475 0.0000000000
59129  -14.059  -22.838  26.356 0.0000000000
59147  -8.773  -22.930  25.541 0.0000000000
59148  -9.894  -22.506  25.531 0.0000000000
59149  -11.106  -22.264  25.546 0.0000000000
59150  -12.302  -22.259  25.509 0.0000000000
59151  -13.390  -22.519  25.421 0.0000000000
59152  -14.217  -22.986  25.319 0.0000000000
59169  -8.252  -23.401  24.835 0.0000000000
59170  -9.187  -22.986  24.600 0.0000000000
59171  -10.421  -22.482  24.566 0.0000000000
59172  -11.609  -22.315  24.546 0.0000000000
59173  -12.722  -22.453  24.486 0.0000000000
59174  -13.714  -22.946  24.438 0.0000000000
59175  -14.248  -23.218  24.787 0.0000000000
59191  -7.626  -22.932  23.880 0.0000000000
59192  -8.014  -22.316  23.300 0.0000000000
59193  -9.824  -22.917  23.634 0.0000000000
59194  -10.962  -22.541  23.655 0.0000000000
59195  -12.042  -22.565  23.640 0.0000000000
59196  -13.022  -22.937  23.559 0.0000000000
59197  -13.540  -23.187  23.835 0.0000000000
59208  -7.643  -23.028  23.052 0.0000000000
59209  -8.270  -22.269  22.586 0.0000000000
59210  -10.473  -22.964  22.929 0.0000000000
59211  -11.442  -22.819  22.890 0.0000000000
59212  -12.348  -22.996  22.952 0.0000000000
59213  -12.778  -23.242  23.049 0.0000000000
59218  -7.730  -22.992  22.199 0.0000000000
59219  -8.368  -22.236  21.701 0.0000000000
59224  -4.822  -23.598  20.257 0.0000000000
59225  -5.191  -23.208  20.379 0.0000000000
59226  -6.268  -22.655  20.395 0.0000000000
59227  -7.538  -22.646  21.115 0.0000000000
59228  -8.324  -22.095  21.098 0.0000000000
59233  -4.754  -22.988  19.751 0.0000000000
59234  -5.341  -22.321  19.801 0.0000000000
59235  -6.017  -21.946  19.733 0.0000000000
59240  -4.527  -22.548  18.953 0.0000000000
59241  -4.813  -22.666  18.507 0.0000000000
59242  -5.438  -22.754  18.273 0.0000000000
59243  -6.367  -22.789  18.189 0.0000000000
59244  -7.433  -22.763  18.193 0.0000000000
59245  -8.492  -22.695  18.124 0.0000000000
59246  -9.363  -22.713  17.917 0.0000000000
59250  -4.604  -22.117  18.296 0.0000000000
59251  -4.999  -22.174  17.710 0.0000000000
59252  -5.964  -22.331  17.432 0.0000000000
59253  -6.920  -22.347  17.408 0.0000000000
59254  -7.913  -22.367  17.379 0.0000000000
59255  -8.927  -22.480  17.287 0.0000000000
59256  -9.926  -22.614  17.242 0.0000000000
59257  -10.591  -22.712  16.987 0.0000000000
59261  -5.439  -21.864  16.878 0.0000000000
59262  -6.275  -22.159  16.588 0.0000000000
59263  -7.194  -22.246  16.588 0.0000000000
59264  -8.342  -22.452  16.477 0.0000000000
59265  -9.353  -22.611  16.466 0.0000000000
59266  -10.284  -22.794  16.341 0.0000000000
59267  -10.864  -22.851  16.619 0.0000000000
59270  -5.574  -21.832  15.864 0.0000000000
59271  -6.539  -22.339  15.666 0.0000000000
59272  -7.668  -22.654  15.537 0.0000000000
59273  -8.844  -22.843  15.649 0.0000000000
59274  -9.666  -22.886  15.840 0.0000000000
59275  -10.156  -23.007  15.802 0.0000000000
59281  -5.745  -22.313  14.780 0.0000000000
59282  -6.827  -22.867  14.709 0.0000000000
59283  -7.595  -23.093  14.785 0.0000000000
59284  -8.235  -23.139  15.037 0.0000000000
59292  -5.443  -22.707  13.802 0.0000000000
59293  -6.133  -22.969  14.171 0.0000000000
59302  -4.703  -22.658  12.134 0.0000000000
59303  -4.943  -22.790  13.070 0.0000000000
59315  -4.588  -22.600  11.076 0.0000000000
59327  -4.770  -22.469  9.991 0.0000000000
59328  -5.279  -22.105  9.847 0.0000000000
59329  -8.357  -22.256  10.213 0.0000000000
59330  -9.263  -22.410  10.393 0.0000000000
59331  -10.158  -22.657  10.489 0.0000000000
59332  -10.936  -22.627  10.426 0.0000000000
59333  -11.361  -22.647  9.928 0.0000000000
59341  -4.848  -22.840  9.342 0.0000000000
59342  -5.539  -22.572  9.223 0.0000000000
59343  -6.655  -22.503  9.354 0.0000000000
59344  -7.630  -22.589  9.650 0.0000000000
59345  -8.798  -22.851  9.873 0.0000000000
59346  -9.588  -22.968  10.119 0.0000000000
59347  -11.422  -22.788  9.164 0.0000000000
59355  -5.832  -23.051  8.628 0.0000000000
59356  -6.419  -22.950  8.805 0.0000000000
59357  -7.100  -22.941  9.109 0.0000000000
59358  -10.713  -22.448  8.026 0.0000000000
59359  -11.147  -22.776  8.389 0.0000000000
59366  -9.714  -22.425  6.911 0.0000000000
59367  -10.365  -22.631  7.359 0.0000000000
59368  -10.881  -22.923  7.745 0.0000000000
59373  -8.835  -22.372  5.764 0.0000000000
59374  -9.397  -22.488  6.198 0.0000000000
59375  -10.133  -22.879  6.421 0.0000000000
59381  -9.316  -22.735  5.299 0.0000000000
59382  -9.884  -22.933  5.729 0.0000000000
59387  -8.520  -22.874  4.309 0.0000000000
59388  -9.004  -22.785  4.755 0.0000000000
59403  -7.369  -22.949  1.844 0.0000000000
59411  -7.382  -22.974  0.848 0.0000000000
59421  -7.414  -22.777  -0.188 0.0000000000
59426  -7.324  -22.504  -1.270 0.0000000000
59431  -7.463  -22.305  -2.393 0.0000000000
59432  -7.944  -22.699  -2.930 0.0000000000
59437  -7.689  -22.196  -3.178 0.0000000000
59438  -8.279  -22.646  -3.552 0.0000000000
59439  -8.842  -22.827  -4.000 0.0000000000
59444  -7.892  -22.005  -3.810 0.0000000000
59445  -8.375  -22.281  -4.367 0.0000000000
59446  -9.215  -22.726  -4.602 0.0000000000
59447  -9.828  -22.911  -5.007 0.0000000000
59454  -8.701  -22.240  -5.023 0.0000000000
59455  -9.338  -22.412  -5.420 0.0000000000
59456  -10.258  -22.771  -5.548 0.0000000000
59457  -10.904  -22.932  -5.903 0.0000000000
59471  -9.742  -22.303  -5.996 0.0000000000
59472  -10.407  -22.385  -6.281 0.0000000000
60533  -8.901  -21.317  22.065 0.0000000000
60534  -9.189  -20.736  21.710 0.0000000000
60553  -8.728  -21.602  21.225 0.0000000000
60554  -9.143  -20.964  21.289 0.0000000000
60570  -6.688  -21.846  19.884 0.0000000000
60571  -7.362  -21.932  20.259 0.0000000000
60572  -8.305  -21.617  20.537 0.0000000000
60573  -8.901  -21.169  20.774 0.0000000000
60586  -4.753  -21.648  19.170 0.0000000000
60587  -5.523  -21.440  19.419 0.0000000000
60588  -6.432  -21.274  19.490 0.0000000000
60589  -7.360  -21.301  19.706 0.0000000000
60590  -7.914  -21.430  20.018 0.0000000000
60602  -4.568  -21.670  18.526 0.0000000000
60613  -4.659  -21.411  17.779 0.0000000000
60614  -4.908  -21.592  17.170 0.0000000000
60615  -6.575  -22.210  17.021 0.0000000000
60616  -6.929  -22.173  16.917 0.0000000000
60621  -4.703  -21.122  17.050 0.0000000000
60622  -4.954  -21.349  16.442 0.0000000000
60623  -6.805  -22.202  16.773 0.0000000000
60624  -7.049  -22.210  16.734 0.0000000000
60628  -5.023  -21.286  15.719 0.0000000000
60635  -5.130  -21.488  15.061 0.0000000000
60644  -4.840  -21.136  13.569 0.0000000000
60645  -4.915  -21.683  14.074 0.0000000000
60654  -4.794  -21.638  12.955 0.0000000000
60655  -4.909  -22.237  13.510 0.0000000000
60664  -4.759  -21.530  11.673 0.0000000000
60665  -4.925  -21.083  10.974 0.0000000000
60666  -7.596  -21.040  10.874 0.0000000000
60667  -8.213  -21.116  11.031 0.0000000000
60668  -9.268  -21.181  11.215 0.0000000000
60669  -10.236  -21.277  11.336 0.0000000000
60670  -10.870  -21.212  11.248 0.0000000000
60684  -4.780  -21.795  10.773 0.0000000000
60685  -5.322  -21.523  10.357 0.0000000000
60686  -6.132  -21.469  10.200 0.0000000000
60687  -7.351  -21.620  10.367 0.0000000000
60688  -8.727  -21.741  10.676 0.0000000000
60689  -9.772  -21.896  10.873 0.0000000000
60690  -10.642  -21.957  10.931 0.0000000000
60691  -11.204  -21.668  10.635 0.0000000000
60699  -5.676  -21.918  9.866 0.0000000000
60700  -6.357  -22.011  9.769 0.0000000000
60701  -6.980  -22.183  9.793 0.0000000000
60702  -11.065  -21.264  9.408 0.0000000000
60703  -11.392  -21.757  9.662 0.0000000000
60709  -10.012  -21.275  8.372 0.0000000000
60710  -10.723  -21.708  8.630 0.0000000000
60711  -11.312  -22.254  8.959 0.0000000000
60719  -9.613  -21.677  7.567 0.0000000000
60720  -10.378  -22.113  7.897 0.0000000000
60727  -9.319  -22.139  6.789 0.0000000000
60812  -7.703  -21.361  -4.530 0.0000000000
60813  -8.282  -21.905  -4.917 0.0000000000
60820  -7.888  -21.117  -5.289 0.0000000000
60821  -8.529  -21.612  -5.650 0.0000000000
60822  -9.251  -22.049  -5.961 0.0000000000
60829  -8.793  -21.287  -6.365 0.0000000000
60830  -9.563  -21.637  -6.579 0.0000000000
60831  -10.341  -21.953  -6.695 0.0000000000
60846  -9.899  -21.231  -7.213 0.0000000000
61884  -9.331  -20.282  21.415 0.0000000000
61899  -8.767  -21.012  20.381 0.0000000000
61900  -9.200  -20.457  20.579 0.0000000000
61914  -4.782  -21.026  18.881 0.0000000000
61915  -5.099  -20.868  19.033 0.0000000000
61916  -5.979  -20.705  19.074 0.0000000000
61917  -7.167  -20.435  19.087 0.0000000000
61918  -8.423  -20.676  19.790 0.0000000000
61919  -9.119  -20.104  20.000 0.0000000000
61932  -4.790  -20.611  18.352 0.0000000000
61933  -5.528  -20.215  18.645 0.0000000000
61934  -6.400  -20.053  18.686 0.0000000000
61935  -6.963  -19.911  18.701 0.0000000000
61950  -4.661  -20.515  17.306 0.0000000000
61962  -4.717  -20.641  16.565 0.0000000000
61963  -4.819  -20.777  15.975 0.0000000000
61969  -4.894  -20.787  15.315 0.0000000000
61976  -4.888  -20.850  14.613 0.0000000000
61985  -4.829  -20.549  13.291 0.0000000000
61986  -4.843  -20.706  13.988 0.0000000000
61995  -4.836  -20.600  12.394 0.0000000000
61996  -9.330  -20.023  12.175 0.0000000000
61997  -10.206  -20.021  12.267 0.0000000000
61998  -10.960  -19.976  12.212 0.0000000000
61999  -11.278  -19.781  12.086 0.0000000000
62008  -4.969  -20.528  11.588 0.0000000000
62009  -5.686  -20.593  11.008 0.0000000000
62010  -6.748  -20.401  11.114 0.0000000000
62011  -7.659  -20.584  11.296 0.0000000000
62012  -8.655  -20.485  11.667 0.0000000000
62013  -9.771  -20.613  11.753 0.0000000000
62014  -10.618  -20.597  11.723 0.0000000000
62015  -11.156  -20.407  11.427 0.0000000000
62031  -5.855  -21.103  10.521 0.0000000000
62032  -6.462  -20.966  10.627 0.0000000000
62033  -7.160  -20.887  10.823 0.0000000000
62034  -11.311  -20.834  10.527 0.0000000000
62041  -9.954  -20.486  9.070 0.0000000000
62042  -10.609  -20.723  9.366 0.0000000000
62043  -11.212  -20.847  9.914 0.0000000000
62050  -9.484  -20.724  8.453 0.0000000000
62051  -10.215  -20.940  8.738 0.0000000000
62177  -7.994  -20.881  -5.674 0.0000000000
62183  -8.368  -20.766  -6.265 0.0000000000
62184  -8.919  -20.938  -6.732 0.0000000000
62194  -8.541  -20.288  -6.987 0.0000000000
62195  -9.389  -20.672  -7.321 0.0000000000
63211  -9.315  -19.528  20.297 0.0000000000
63225  -7.382  -19.694  18.736 0.0000000000
63226  -8.179  -19.575  19.015 0.0000000000
63227  -8.977  -19.580  19.643 0.0000000000
63239  -4.831  -19.749  18.043 0.0000000000
63240  -5.233  -19.578  18.222 0.0000000000
63241  -5.952  -19.531  18.407 0.0000000000
63242  -6.818  -19.370  18.500 0.0000000000
63243  -7.596  -19.105  18.604 0.0000000000
63256  -4.739  -19.624  17.528 0.0000000000
63257  -4.948  -19.305  17.852 0.0000000000
63271  -4.725  -19.719  16.456 0.0000000000
63272  -4.783  -20.326  16.174 0.0000000000
63283  -4.708  -19.438  15.417 0.0000000000
63284  -4.841  -20.181  15.704 0.0000000000
63291  -4.676  -19.479  14.780 0.0000000000
63292  -4.856  -20.098  14.889 0.0000000000
63300  -4.733  -19.732  14.063 0.0000000000
63301  -4.838  -20.337  14.379 0.0000000000
63302  -9.786  -18.999  13.074 0.0000000000
63303  -10.171  -19.019  13.124 0.0000000000
63304  -10.810  -19.012  13.126 0.0000000000
63312  -4.767  -19.590  12.910 0.0000000000
63313  -5.043  -19.218  12.285 0.0000000000
63314  -5.870  -19.157  12.176 0.0000000000
63315  -6.959  -19.224  12.174 0.0000000000
63316  -8.291  -19.586  12.253 0.0000000000
63317  -9.589  -19.295  12.762 0.0000000000
63318  -10.566  -19.461  12.733 0.0000000000
63319  -11.181  -19.268  12.610 0.0000000000
63326  -4.875  -19.902  12.117 0.0000000000
63327  -5.395  -19.827  11.751 0.0000000000
63328  -6.292  -19.823  11.620 0.0000000000
63329  -7.307  -19.965  11.713 0.0000000000
63330  -7.968  -20.188  11.781 0.0000000000
63331  -11.395  -19.405  11.942 0.0000000000
63346  -10.196  -19.036  10.315 0.0000000000
63347  -10.700  -19.358  10.487 0.0000000000
63348  -11.264  -19.773  10.964 0.0000000000
63357  -9.866  -19.720  9.664 0.0000000000
63358  -10.867  -20.151  10.149 0.0000000000
63359  -11.204  -20.435  10.420 0.0000000000
63369  -9.566  -20.271  9.057 0.0000000000
64515  -8.823  -18.827  19.276 0.0000000000
64516  -9.302  -18.627  19.938 0.0000000000
64525  -5.659  -19.141  18.172 0.0000000000
64526  -6.208  -18.870  18.144 0.0000000000
64527  -7.185  -18.448  18.186 0.0000000000
64528  -8.243  -18.411  18.699 0.0000000000
64540  -4.929  -19.032  17.538 0.0000000000
64541  -5.397  -18.692  17.725 0.0000000000
64542  -6.335  -18.134  17.704 0.0000000000
64543  -7.049  -17.672  17.746 0.0000000000
64552  -4.782  -18.549  16.970 0.0000000000
64553  -5.197  -18.013  17.230 0.0000000000
64566  -4.595  -18.583  15.899 0.0000000000
64578  -4.510  -18.669  14.776 0.0000000000
64586  -4.604  -18.565  13.620 0.0000000000
64587  -4.969  -18.090  13.125 0.0000000000
64588  -5.640  -17.954  13.010 0.0000000000
64589  -7.815  -18.120  13.038 0.0000000000
64590  -8.392  -18.223  13.080 0.0000000000
64591  -9.504  -18.596  13.190 0.0000000000
64592  -10.458  -18.459  13.381 0.0000000000
64593  -11.121  -18.485  13.197 0.0000000000
64600  -4.799  -18.745  12.825 0.0000000000
64601  -5.390  -18.549  12.625 0.0000000000
64602  -6.406  -18.402  12.688 0.0000000000
64603  -7.674  -18.544  12.733 0.0000000000
64604  -8.818  -18.854  12.815 0.0000000000
64605  -9.322  -18.938  12.961 0.0000000000
64606  -11.318  -18.506  12.595 0.0000000000
64614  -10.689  -17.990  11.550 0.0000000000
64615  -11.136  -18.528  11.730 0.0000000000
64631  -9.513  -18.641  10.289 0.0000000000
64632  -10.498  -18.490  10.909 0.0000000000
64633  -11.029  -19.022  11.000 0.0000000000
64645  -9.178  -19.180  9.785 0.0000000000
65799  -8.988  -17.906  19.347 0.0000000000
65808  -7.828  -17.452  18.220 0.0000000000
65809  -8.543  -17.479  18.778 0.0000000000
65820  -5.700  -17.828  17.332 0.0000000000
65821  -6.405  -17.193  17.251 0.0000000000
65822  -7.284  -17.020  17.641 0.0000000000
65829  -4.616  -17.875  16.286 0.0000000000
65830  -5.322  -17.221  16.566 0.0000000000
65831  -6.112  -16.834  16.763 0.0000000000
65841  -4.496  -17.392  15.427 0.0000000000
65842  -4.946  -16.658  15.719 0.0000000000
65857  -4.474  -17.599  14.267 0.0000000000
65858  -4.719  -17.185  13.863 0.0000000000
65866  -4.699  -17.709  13.614 0.0000000000
65867  -5.277  -17.332  13.473 0.0000000000
65868  -6.384  -17.506  13.251 0.0000000000
65869  -7.642  -17.613  13.259 0.0000000000
65870  -8.834  -17.625  13.465 0.0000000000
65871  -9.919  -17.726  13.657 0.0000000000
65872  -10.785  -17.714  13.617 0.0000000000
65873  -11.268  -17.645  13.258 0.0000000000
65880  -7.121  -18.037  13.014 0.0000000000
65881  -7.558  -18.089  13.036 0.0000000000
65882  -11.269  -17.544  12.634 0.0000000000
65892  -9.609  -17.174  11.180 0.0000000000
65893  -10.160  -17.468  11.344 0.0000000000
65894  -10.865  -17.362  12.060 0.0000000000
65910  -9.297  -17.580  10.780 0.0000000000
65911  -9.897  -18.038  10.815 0.0000000000
67230  -7.842  -16.360  17.994 0.0000000000
67231  -8.373  -16.810  18.583 0.0000000000
67242  -6.497  -16.577  16.890 0.0000000000
67243  -7.062  -16.367  17.213 0.0000000000
67251  -5.536  -16.058  15.753 0.0000000000
67252  -6.173  -16.268  16.483 0.0000000000
67253  -6.673  -16.207  16.805 0.0000000000
67260  -4.570  -16.882  14.560 0.0000000000
67261  -4.914  -16.210  14.987 0.0000000000
67276  -4.605  -17.001  14.160 0.0000000000
67277  -5.034  -16.518  14.048 0.0000000000
67278  -9.805  -16.092  14.388 0.0000000000
67279  -10.751  -16.111  14.312 0.0000000000
67280  -11.323  -16.046  14.001 0.0000000000
67281  -11.369  -15.911  13.697 0.0000000000
67287  -5.858  -16.579  13.624 0.0000000000
67288  -6.924  -16.614  13.557 0.0000000000
67289  -8.137  -16.721  13.689 0.0000000000
67290  -9.305  -16.859  13.930 0.0000000000
67291  -10.334  -16.925  14.020 0.0000000000
67292  -11.040  -16.855  13.798 0.0000000000
67293  -11.285  -16.602  13.373 0.0000000000
67299  -10.777  -16.083  12.485 0.0000000000
67300  -11.061  -16.526  12.634 0.0000000000
67311  -9.620  -16.574  11.442 0.0000000000
67312  -10.541  -16.546  12.057 0.0000000000
67313  -10.877  -16.821  12.263 0.0000000000
67329  -9.350  -17.049  11.113 0.0000000000
68730  -7.966  -15.465  18.220 0.0000000000
68731  -8.412  -15.946  18.822 0.0000000000
68741  -7.496  -15.530  17.507 0.0000000000
68749  -5.762  -15.401  15.583 0.0000000000
68750  -6.162  -15.338  16.014 0.0000000000
68751  -6.855  -15.587  16.729 0.0000000000
68762  -5.551  -15.256  15.134 0.0000000000
68763  -5.886  -14.967  15.522 0.0000000000
68779  -5.589  -15.432  14.292 0.0000000000
68780  -5.983  -15.087  13.909 0.0000000000
68781  -8.228  -15.156  14.260 0.0000000000
68782  -9.260  -15.184  14.555 0.0000000000
68783  -10.338  -15.238  14.677 0.0000000000
68784  -11.109  -15.285  14.437 0.0000000000
68785  -11.452  -15.320  13.956 0.0000000000
68793  -5.583  -15.990  13.839 0.0000000000
68794  -6.253  -15.659  13.770 0.0000000000
68795  -7.433  -15.694  13.901 0.0000000000
68796  -8.677  -15.981  14.196 0.0000000000
68797  -11.265  -15.648  13.342 0.0000000000
68805  -10.461  -15.651  12.384 0.0000000000
68806  -10.897  -15.579  12.792 0.0000000000
68820  -9.413  -15.578  11.712 0.0000000000
68821  -10.029  -15.911  11.939 0.0000000000
70152  -7.645  -14.723  17.965 0.0000000000
70159  -6.642  -14.607  16.425 0.0000000000
70160  -7.233  -14.711  17.121 0.0000000000
70174  -5.817  -14.409  15.258 0.0000000000
70175  -6.166  -14.451  15.785 0.0000000000
70176  -10.236  -13.703  15.321 0.0000000000
70177  -10.584  -13.796  15.235 0.0000000000
70190  -5.791  -14.450  14.729 0.0000000000
70191  -6.139  -14.481  14.169 0.0000000000
70192  -7.233  -14.612  14.189 0.0000000000
70193  -8.589  -14.350  14.629 0.0000000000
70194  -9.879  -14.231  15.072 0.0000000000
70195  -10.909  -14.374  14.923 0.0000000000
70196  -11.274  -14.481  14.369 0.0000000000
70204  -6.414  -14.970  13.897 0.0000000000
70205  -6.785  -15.204  13.863 0.0000000000
70206  -10.902  -13.914  13.203 0.0000000000
70207  -11.235  -14.464  13.580 0.0000000000
70215  -9.812  -13.894  12.278 0.0000000000
70216  -10.506  -14.475  12.644 0.0000000000
70217  -11.037  -15.051  13.116 0.0000000000
70235  -9.348  -14.446  11.935 0.0000000000
70236  -9.940  -15.227  12.174 0.0000000000
71557  -6.635  -13.390  17.186 0.0000000000
71558  -7.218  -13.959  17.595 0.0000000000
71568  -5.769  -13.254  15.621 0.0000000000
71569  -6.243  -13.610  16.263 0.0000000000
71570  -6.887  -14.015  16.866 0.0000000000
71583  -5.746  -13.565  15.074 0.0000000000
71584  -5.956  -13.838  15.555 0.0000000000
71585  -9.857  -12.983  15.396 0.0000000000
71586  -10.474  -13.182  15.350 0.0000000000
71587  -11.139  -13.348  15.061 0.0000000000
71588  -11.344  -12.927  14.800 0.0000000000
71597  -6.016  -13.602  14.580 0.0000000000
71598  -6.772  -13.616  14.442 0.0000000000
71599  -7.871  -13.546  14.663 0.0000000000
71600  -9.131  -13.373  15.062 0.0000000000
71601  -9.915  -13.516  15.322 0.0000000000
71602  -11.228  -13.925  14.728 0.0000000000
71603  -11.305  -13.442  14.374 0.0000000000
71610  -10.604  -13.317  12.970 0.0000000000
71611  -10.996  -13.387  13.605 0.0000000000
71623  -9.316  -13.384  12.096 0.0000000000
71624  -9.984  -13.274  12.440 0.0000000000
72948  -5.624  -12.601  16.083 0.0000000000
72949  -6.112  -12.896  16.807 0.0000000000
72961  -5.594  -12.678  15.289 0.0000000000
72962  -9.425  -12.403  15.392 0.0000000000
72963  -10.323  -12.372  15.467 0.0000000000
72964  -11.001  -12.483  15.343 0.0000000000
72965  -11.372  -12.484  15.033 0.0000000000
72972  -5.800  -12.826  14.823 0.0000000000
72973  -6.402  -12.796  14.591 0.0000000000
72974  -7.318  -12.747  14.686 0.0000000000
72975  -8.366  -12.609  15.061 0.0000000000
72976  -11.365  -12.454  14.599 0.0000000000
72984  -10.658  -12.620  13.362 0.0000000000
72985  -11.096  -12.493  13.938 0.0000000000
72998  -9.138  -12.368  12.253 0.0000000000
72999  -10.110  -12.293  12.822 0.0000000000
74297  -5.378  -11.589  15.392 0.0000000000
74298  -6.531  -11.309  15.195 0.0000000000
74299  -7.632  -11.293  15.289 0.0000000000
74300  -8.800  -11.542  15.450 0.0000000000
74301  -10.063  -11.505  15.539 0.0000000000
74302  -10.865  -11.671  15.416 0.0000000000
74303  -11.296  -11.814  15.199 0.0000000000
74311  -5.631  -12.295  15.040 0.0000000000
74312  -6.012  -12.100  14.824 0.0000000000
74313  -6.908  -12.012  14.813 0.0000000000
74314  -7.783  -12.033  15.031 0.0000000000
74315  -11.451  -11.869  14.864 0.0000000000
74325  -9.878  -11.176  13.192 0.0000000000
74326  -10.342  -11.581  13.429 0.0000000000
74327  -11.132  -11.534  14.364 0.0000000000
74341  -9.528  -11.305  12.782 0.0000000000
74342  -10.008  -11.729  13.002 0.0000000000
75561  -7.337  -10.400  15.565 0.0000000000
75562  -8.547  -10.423  15.638 0.0000000000
75563  -9.759  -10.477  15.647 0.0000000000
75564  -10.810  -10.635  15.321 0.0000000000
75565  -11.151  -11.305  15.248 0.0000000000
75573  -11.000  -10.267  14.771 0.0000000000
75574  -11.304  -11.140  14.948 0.0000000000
75586  -9.784  -10.607  13.323 0.0000000000
75587  -10.580  -10.478  14.080 0.0000000000
75588  -11.101  -10.836  14.558 0.0000000000
75602  -9.243  -10.283  12.871 0.0000000000
77026  -10.360  -9.444  15.484 0.0000000000
77035  -10.850  -9.536  15.063 0.0000000000
77045  -9.218  -9.125  13.244 0.0000000000
77046  -9.677  -9.441  13.533 0.0000000000
77047  -10.491  -9.181  14.429 0.0000000000
77053  -8.824  -9.283  12.921 0.0000000000
77054  -9.395  -9.898  13.127 0.0000000000
