#!ascii label  , from subject colin27_FS vox2ras=TkReg
1745
63457  -39.172  -19.212  -2.784 0.0000000000
63458  -39.963  -19.676  -2.376 0.0000000000
63484  -39.114  -19.186  -3.733 0.0000000000
63485  -39.824  -19.581  -3.468 0.0000000000
63486  -40.966  -20.056  -3.167 0.0000000000
63504  -39.094  -19.140  -4.165 0.0000000000
63505  -39.500  -19.291  -4.368 0.0000000000
63506  -40.488  -19.651  -4.316 0.0000000000
63507  -41.563  -19.858  -4.379 0.0000000000
63522  -39.557  -19.196  -4.941 0.0000000000
63523  -40.084  -19.336  -5.065 0.0000000000
63524  -41.117  -19.451  -5.332 0.0000000000
63525  -42.167  -19.581  -5.224 0.0000000000
63541  -41.294  -19.269  -5.912 0.0000000000
63542  -41.809  -19.356  -5.958 0.0000000000
63543  -42.751  -19.403  -5.996 0.0000000000
64718  -38.167  -18.290  -2.734 0.0000000000
64719  -38.681  -18.491  -2.198 0.0000000000
64720  -39.345  -19.052  -1.774 0.0000000000
64737  -37.930  -18.419  -3.496 0.0000000000
64738  -38.561  -18.814  -3.210 0.0000000000
64751  -37.753  -18.302  -4.448 0.0000000000
64752  -38.725  -18.889  -4.367 0.0000000000
64753  -39.281  -19.104  -4.799 0.0000000000
64767  -37.603  -18.062  -5.045 0.0000000000
64768  -38.297  -18.273  -5.481 0.0000000000
64769  -39.451  -18.876  -5.439 0.0000000000
64770  -40.514  -19.092  -5.771 0.0000000000
64771  -41.035  -19.215  -5.873 0.0000000000
64786  -38.515  -17.951  -6.187 0.0000000000
64787  -39.186  -18.125  -6.425 0.0000000000
64788  -40.184  -18.612  -6.404 0.0000000000
64789  -41.223  -18.984  -6.418 0.0000000000
64790  -42.316  -19.033  -6.673 0.0000000000
64791  -43.324  -18.960  -6.671 0.0000000000
64803  -39.486  -17.840  -6.996 0.0000000000
64804  -39.936  -18.116  -7.093 0.0000000000
64805  -40.833  -18.392  -7.183 0.0000000000
64806  -41.855  -18.524  -7.300 0.0000000000
64807  -42.902  -18.483  -7.341 0.0000000000
64808  -43.904  -18.394  -7.262 0.0000000000
66009  -37.714  -17.792  -2.706 0.0000000000
66010  -38.292  -17.736  -2.161 0.0000000000
66023  -36.054  -17.286  -4.034 0.0000000000
66024  -36.622  -17.550  -3.966 0.0000000000
66025  -37.228  -17.849  -3.593 0.0000000000
66036  -35.756  -17.052  -4.446 0.0000000000
66037  -36.430  -17.326  -4.883 0.0000000000
66038  -37.135  -17.827  -4.594 0.0000000000
66051  -36.675  -17.230  -5.785 0.0000000000
66052  -37.377  -17.666  -5.575 0.0000000000
66053  -38.082  -17.796  -6.088 0.0000000000
66071  -37.152  -17.213  -6.240 0.0000000000
66072  -37.787  -17.397  -6.391 0.0000000000
66073  -38.553  -17.501  -6.669 0.0000000000
66074  -39.187  -17.635  -6.951 0.0000000000
66086  -39.007  -17.297  -7.225 0.0000000000
66087  -39.619  -17.510  -7.523 0.0000000000
66088  -40.485  -17.843  -7.734 0.0000000000
66089  -41.406  -17.975  -7.907 0.0000000000
66090  -42.439  -17.953  -8.011 0.0000000000
66091  -43.495  -17.862  -7.947 0.0000000000
66092  -44.516  -17.841  -7.862 0.0000000000
66105  -40.218  -17.384  -8.181 0.0000000000
66106  -40.969  -17.502  -8.364 0.0000000000
66107  -41.877  -17.391  -8.628 0.0000000000
66108  -43.047  -17.192  -8.662 0.0000000000
66109  -44.119  -17.219  -8.442 0.0000000000
66110  -45.112  -17.210  -8.416 0.0000000000
66129  -42.429  -16.920  -9.044 0.0000000000
66130  -42.865  -16.773  -9.038 0.0000000000
67411  -35.357  -16.163  -2.040 0.0000000000
67412  -35.645  -16.252  -2.048 0.0000000000
67417  -34.631  -16.117  -2.630 0.0000000000
67418  -35.120  -16.278  -2.429 0.0000000000
67419  -36.134  -16.636  -2.524 0.0000000000
67420  -37.138  -17.086  -2.695 0.0000000000
67421  -38.273  -16.847  -2.077 0.0000000000
67431  -34.596  -16.202  -3.136 0.0000000000
67432  -35.424  -16.810  -3.567 0.0000000000
67433  -36.345  -17.171  -3.350 0.0000000000
67434  -36.809  -17.443  -3.390 0.0000000000
67445  -34.616  -16.249  -4.172 0.0000000000
67446  -35.253  -16.674  -4.674 0.0000000000
67447  -35.800  -16.887  -5.057 0.0000000000
67455  -34.770  -16.191  -5.042 0.0000000000
67456  -35.424  -16.439  -5.713 0.0000000000
67457  -36.134  -16.950  -5.599 0.0000000000
67473  -35.628  -16.057  -6.654 0.0000000000
67474  -36.470  -16.668  -6.502 0.0000000000
67475  -37.539  -16.905  -6.839 0.0000000000
67476  -38.097  -17.137  -6.813 0.0000000000
67492  -35.653  -15.729  -7.088 0.0000000000
67493  -36.155  -15.970  -7.290 0.0000000000
67494  -37.235  -16.210  -7.699 0.0000000000
67495  -38.429  -16.874  -7.466 0.0000000000
67496  -39.136  -17.129  -7.642 0.0000000000
67510  -37.524  -15.777  -8.410 0.0000000000
67511  -38.304  -16.061  -8.577 0.0000000000
67512  -39.481  -16.839  -8.362 0.0000000000
67513  -40.623  -17.042  -8.759 0.0000000000
67514  -41.256  -17.190  -8.800 0.0000000000
67515  -43.229  -16.618  -9.076 0.0000000000
67516  -43.856  -16.630  -8.930 0.0000000000
67517  -44.696  -16.622  -8.874 0.0000000000
67518  -45.624  -16.273  -8.824 0.0000000000
67533  -38.661  -15.713  -9.287 0.0000000000
67534  -39.296  -16.053  -9.267 0.0000000000
67535  -40.344  -16.404  -9.297 0.0000000000
67536  -41.575  -16.673  -9.277 0.0000000000
67537  -42.745  -16.396  -9.403 0.0000000000
67538  -43.624  -16.133  -9.387 0.0000000000
67539  -44.435  -16.073  -9.248 0.0000000000
67540  -44.999  -16.144  -9.123 0.0000000000
68905  -34.464  -14.977  0.113 0.0000000000
68906  -34.852  -15.206  0.147 0.0000000000
68907  -35.537  -15.375  0.034 0.0000000000
68913  -34.491  -15.216  -0.339 0.0000000000
68914  -35.091  -15.597  -0.553 0.0000000000
68915  -36.039  -15.721  -0.650 0.0000000000
68916  -36.815  -15.678  -0.978 0.0000000000
68922  -34.468  -15.507  -1.173 0.0000000000
68923  -35.241  -15.998  -1.642 0.0000000000
68924  -36.320  -16.095  -1.633 0.0000000000
68925  -37.359  -15.759  -1.539 0.0000000000
68932  -33.543  -15.015  -2.733 0.0000000000
68933  -34.226  -15.703  -2.386 0.0000000000
68934  -34.860  -16.044  -2.130 0.0000000000
68935  -36.957  -16.385  -2.093 0.0000000000
68936  -37.777  -16.279  -1.956 0.0000000000
68948  -33.640  -15.045  -3.174 0.0000000000
68949  -34.011  -15.440  -3.750 0.0000000000
68960  -34.307  -15.495  -4.854 0.0000000000
68970  -34.683  -15.696  -5.685 0.0000000000
68971  -35.101  -15.796  -6.263 0.0000000000
68981  -34.755  -15.221  -6.292 0.0000000000
68982  -35.259  -15.363  -6.837 0.0000000000
68998  -35.698  -15.363  -7.462 0.0000000000
68999  -36.440  -15.430  -8.098 0.0000000000
69000  -37.086  -15.709  -8.265 0.0000000000
69016  -36.574  -15.054  -8.584 0.0000000000
69017  -37.162  -15.276  -8.787 0.0000000000
69018  -37.757  -15.627  -8.781 0.0000000000
69019  -45.806  -15.609  -9.124 0.0000000000
69020  -46.431  -15.509  -8.892 0.0000000000
69029  -37.444  -14.985  -9.294 0.0000000000
69030  -38.010  -15.333  -9.346 0.0000000000
69031  -39.060  -15.284  -9.864 0.0000000000
69032  -40.068  -15.651  -9.861 0.0000000000
69033  -41.124  -15.856  -9.893 0.0000000000
69034  -42.212  -15.850  -9.915 0.0000000000
69035  -43.225  -15.683  -9.900 0.0000000000
69036  -44.260  -15.454  -9.853 0.0000000000
69037  -45.204  -15.525  -9.428 0.0000000000
69038  -45.943  -15.116  -9.334 0.0000000000
69044  -39.312  -14.857  -10.304 0.0000000000
69045  -39.824  -15.036  -10.358 0.0000000000
69046  -40.760  -15.202  -10.380 0.0000000000
69047  -41.774  -15.251  -10.412 0.0000000000
69048  -42.792  -15.145  -10.411 0.0000000000
69049  -43.686  -15.066  -10.366 0.0000000000
70314  -34.857  -14.367  1.314 0.0000000000
70315  -35.804  -14.469  1.330 0.0000000000
70316  -36.835  -14.302  1.226 0.0000000000
70317  -37.376  -14.027  1.165 0.0000000000
70321  -33.806  -14.317  0.244 0.0000000000
70322  -34.362  -14.595  0.614 0.0000000000
70323  -35.302  -14.932  0.685 0.0000000000
70324  -36.447  -15.045  0.304 0.0000000000
70325  -37.627  -14.277  0.499 0.0000000000
70332  -33.533  -14.385  -0.397 0.0000000000
70333  -34.098  -14.791  -0.046 0.0000000000
70334  -36.732  -15.446  -0.474 0.0000000000
70335  -37.532  -15.104  -0.673 0.0000000000
70340  -33.375  -14.518  -1.310 0.0000000000
70341  -33.964  -14.963  -0.775 0.0000000000
70342  -37.952  -15.273  -1.400 0.0000000000
70349  -33.392  -14.654  -2.287 0.0000000000
70350  -33.844  -15.135  -1.563 0.0000000000
70362  -33.418  -14.344  -3.117 0.0000000000
70363  -33.674  -14.343  -3.826 0.0000000000
70372  -33.931  -14.478  -4.693 0.0000000000
70381  -34.340  -14.656  -5.728 0.0000000000
70390  -34.854  -14.425  -6.723 0.0000000000
70391  -35.316  -14.814  -7.269 0.0000000000
70406  -35.224  -14.278  -7.348 0.0000000000
70407  -35.660  -14.596  -7.929 0.0000000000
70408  -36.218  -14.818  -8.429 0.0000000000
70424  -36.018  -14.305  -8.475 0.0000000000
70425  -36.543  -14.549  -8.909 0.0000000000
70426  -37.112  -14.734  -9.231 0.0000000000
70427  -47.043  -15.036  -8.861 0.0000000000
70428  -47.736  -14.487  -8.823 0.0000000000
70437  -36.918  -14.279  -9.357 0.0000000000
70438  -37.527  -14.449  -9.671 0.0000000000
70439  -38.365  -14.708  -9.998 0.0000000000
70440  -38.951  -14.706  -10.282 0.0000000000
70441  -44.922  -14.991  -9.921 0.0000000000
70442  -45.556  -14.468  -9.879 0.0000000000
70443  -46.688  -14.451  -9.323 0.0000000000
70444  -47.346  -14.029  -9.249 0.0000000000
70451  -38.019  -14.099  -10.197 0.0000000000
70452  -38.609  -14.223  -10.464 0.0000000000
70453  -39.360  -14.377  -10.727 0.0000000000
70454  -40.366  -14.652  -10.847 0.0000000000
70455  -41.346  -14.727  -10.889 0.0000000000
70456  -42.354  -14.657  -10.917 0.0000000000
70457  -43.450  -14.355  -10.916 0.0000000000
70458  -44.581  -14.456  -10.420 0.0000000000
70459  -45.223  -14.027  -10.356 0.0000000000
70468  -39.972  -14.116  -11.262 0.0000000000
70469  -40.873  -14.219  -11.352 0.0000000000
70470  -41.853  -14.215  -11.397 0.0000000000
70471  -42.771  -14.043  -11.358 0.0000000000
70472  -43.297  -13.877  -11.315 0.0000000000
71710  -34.040  -13.107  1.776 0.0000000000
71711  -34.330  -13.147  1.921 0.0000000000
71724  -33.185  -13.111  0.895 0.0000000000
71725  -33.923  -13.496  1.373 0.0000000000
71726  -35.083  -13.663  1.899 0.0000000000
71727  -36.221  -13.764  1.852 0.0000000000
71728  -37.157  -13.592  1.624 0.0000000000
71729  -37.768  -13.238  1.464 0.0000000000
71736  -33.191  -13.673  0.253 0.0000000000
71737  -33.822  -14.045  0.647 0.0000000000
71738  -37.692  -13.748  1.142 0.0000000000
71747  -32.915  -13.817  -0.962 0.0000000000
71754  -33.020  -13.758  -2.009 0.0000000000
71765  -33.256  -13.577  -2.925 0.0000000000
71777  -33.587  -13.408  -3.711 0.0000000000
71778  -33.928  -13.345  -4.527 0.0000000000
71789  -34.285  -13.498  -5.387 0.0000000000
71799  -34.581  -13.660  -6.175 0.0000000000
71810  -34.895  -13.502  -6.734 0.0000000000
71811  -35.199  -13.329  -7.140 0.0000000000
71829  -35.045  -13.837  -7.142 0.0000000000
71830  -35.368  -13.705  -7.623 0.0000000000
71844  -35.716  -13.746  -8.195 0.0000000000
71845  -36.142  -13.741  -8.737 0.0000000000
71846  -47.753  -13.701  -9.238 0.0000000000
71847  -48.551  -13.341  -8.972 0.0000000000
71855  -36.541  -13.883  -9.210 0.0000000000
71856  -36.931  -13.700  -9.585 0.0000000000
71857  -45.599  -13.727  -10.316 0.0000000000
71858  -46.295  -13.522  -10.052 0.0000000000
71859  -47.199  -13.476  -9.607 0.0000000000
71860  -47.901  -13.138  -9.500 0.0000000000
71868  -37.473  -13.563  -10.037 0.0000000000
71869  -38.139  -13.440  -10.633 0.0000000000
71870  -38.792  -13.862  -10.804 0.0000000000
71871  -43.660  -13.707  -11.297 0.0000000000
71872  -44.247  -13.715  -11.050 0.0000000000
71873  -45.094  -13.425  -10.754 0.0000000000
71874  -45.785  -13.176  -10.513 0.0000000000
71883  -38.227  -12.943  -11.002 0.0000000000
71884  -39.011  -13.338  -11.369 0.0000000000
71885  -40.283  -13.633  -11.746 0.0000000000
71886  -41.325  -13.683  -11.833 0.0000000000
71887  -42.281  -13.619  -11.822 0.0000000000
71888  -43.213  -13.391  -11.732 0.0000000000
71889  -43.952  -13.169  -11.463 0.0000000000
71890  -44.551  -13.057  -11.258 0.0000000000
71897  -39.178  -12.724  -11.840 0.0000000000
71898  -39.759  -12.960  -12.074 0.0000000000
71899  -40.758  -13.097  -12.297 0.0000000000
71900  -41.765  -13.123  -12.329 0.0000000000
71901  -42.575  -13.103  -12.229 0.0000000000
73076  -33.278  -12.128  1.786 0.0000000000
73077  -33.839  -12.661  1.943 0.0000000000
73078  -34.865  -12.644  2.304 0.0000000000
73079  -35.862  -12.346  2.450 0.0000000000
73080  -36.751  -12.196  2.412 0.0000000000
73081  -37.500  -12.120  2.296 0.0000000000
73094  -33.201  -12.572  1.364 0.0000000000
73095  -33.652  -12.928  1.602 0.0000000000
73096  -35.722  -13.109  2.187 0.0000000000
73097  -36.530  -12.982  2.121 0.0000000000
73098  -37.346  -12.793  1.968 0.0000000000
73109  -32.080  -11.990  -0.075 0.0000000000
73110  -32.573  -12.567  0.367 0.0000000000
73121  -32.164  -12.210  -0.688 0.0000000000
73122  -32.538  -13.007  -0.701 0.0000000000
73130  -32.396  -12.382  -1.580 0.0000000000
73131  -32.743  -13.027  -1.720 0.0000000000
73144  -32.717  -12.397  -2.293 0.0000000000
73145  -33.105  -12.736  -2.718 0.0000000000
73159  -33.574  -12.610  -3.563 0.0000000000
73160  -34.115  -12.420  -4.292 0.0000000000
73174  -34.786  -12.239  -5.201 0.0000000000
73175  -35.516  -11.703  -5.536 0.0000000000
73184  -34.804  -12.858  -5.959 0.0000000000
73185  -35.358  -12.121  -5.950 0.0000000000
73199  -34.859  -13.168  -6.384 0.0000000000
73200  -35.248  -12.746  -6.682 0.0000000000
73219  -35.542  -12.952  -7.486 0.0000000000
73220  -35.837  -12.492  -7.621 0.0000000000
73234  -35.626  -13.305  -7.885 0.0000000000
73235  -35.938  -12.890  -8.203 0.0000000000
73236  -48.844  -12.637  -9.227 0.0000000000
73237  -49.343  -12.672  -8.916 0.0000000000
73249  -36.445  -13.095  -9.124 0.0000000000
73250  -36.897  -12.898  -9.720 0.0000000000
73251  -46.904  -12.873  -10.108 0.0000000000
73252  -47.550  -12.689  -9.900 0.0000000000
73253  -48.365  -12.404  -9.655 0.0000000000
73254  -49.116  -12.171  -9.419 0.0000000000
73255  -49.720  -12.079  -9.144 0.0000000000
73263  -37.355  -12.751  -10.214 0.0000000000
73264  -37.715  -12.531  -10.672 0.0000000000
73265  -45.605  -12.742  -10.843 0.0000000000
73266  -46.309  -12.470  -10.604 0.0000000000
73267  -47.158  -12.228  -10.395 0.0000000000
73268  -47.782  -12.060  -10.182 0.0000000000
73276  -38.138  -12.346  -11.118 0.0000000000
73277  -38.681  -12.262  -11.652 0.0000000000
73278  -43.679  -12.769  -11.854 0.0000000000
73279  -44.286  -12.454  -11.702 0.0000000000
73280  -45.102  -12.527  -11.314 0.0000000000
73281  -45.723  -12.160  -11.079 0.0000000000
73288  -39.291  -12.200  -12.160 0.0000000000
73289  -40.163  -12.347  -12.562 0.0000000000
73290  -41.218  -12.398  -12.778 0.0000000000
73291  -42.264  -12.505  -12.686 0.0000000000
73292  -43.139  -12.650  -12.333 0.0000000000
73293  -43.726  -12.282  -12.151 0.0000000000
73300  -41.322  -12.009  -13.047 0.0000000000
73301  -41.701  -12.088  -13.057 0.0000000000
74414  -33.450  -11.777  2.092 0.0000000000
74415  -34.173  -11.730  2.436 0.0000000000
74416  -35.140  -11.597  2.624 0.0000000000
74417  -36.107  -11.451  2.682 0.0000000000
74418  -37.030  -11.399  2.620 0.0000000000
74434  -32.080  -11.045  0.948 0.0000000000
74435  -32.677  -11.430  1.540 0.0000000000
74450  -32.095  -11.588  0.496 0.0000000000
74451  -32.592  -12.068  0.993 0.0000000000
74461  -31.508  -10.990  -1.015 0.0000000000
74462  -31.790  -11.438  -0.588 0.0000000000
74474  -31.646  -11.207  -1.364 0.0000000000
74475  -31.994  -11.676  -1.614 0.0000000000
74488  -32.465  -11.869  -2.377 0.0000000000
74489  -32.997  -11.932  -2.919 0.0000000000
74502  -33.512  -11.939  -3.506 0.0000000000
74503  -34.143  -11.754  -4.100 0.0000000000
74516  -34.905  -11.466  -4.706 0.0000000000
74517  -35.892  -11.169  -5.235 0.0000000000
74518  -36.606  -10.768  -5.219 0.0000000000
74526  -36.011  -11.512  -5.851 0.0000000000
74527  -36.793  -10.944  -5.562 0.0000000000
74528  -37.325  -10.653  -5.667 0.0000000000
74543  -35.825  -11.941  -6.603 0.0000000000
74544  -36.528  -11.335  -6.458 0.0000000000
74545  -37.221  -10.806  -6.200 0.0000000000
74564  -35.719  -12.373  -7.191 0.0000000000
74565  -36.235  -11.907  -7.547 0.0000000000
74566  -36.988  -11.067  -7.196 0.0000000000
74578  -36.490  -12.243  -8.691 0.0000000000
74579  -36.876  -11.427  -8.306 0.0000000000
74595  -36.679  -12.499  -9.291 0.0000000000
74596  -37.028  -11.910  -9.490 0.0000000000
74597  -37.451  -11.227  -9.393 0.0000000000
74598  -48.851  -11.749  -9.832 0.0000000000
74599  -49.496  -11.491  -9.703 0.0000000000
74600  -50.309  -11.586  -9.215 0.0000000000
74601  -51.069  -11.334  -9.089 0.0000000000
74602  -51.719  -11.293  -9.024 0.0000000000
74612  -37.369  -12.144  -10.204 0.0000000000
74613  -37.641  -11.515  -10.203 0.0000000000
74614  -46.843  -11.772  -10.810 0.0000000000
74615  -47.509  -11.494  -10.677 0.0000000000
74616  -48.309  -11.518  -10.267 0.0000000000
74617  -48.955  -11.238  -10.154 0.0000000000
74626  -38.186  -11.402  -11.063 0.0000000000
74627  -38.741  -11.346  -11.771 0.0000000000
74628  -44.849  -11.979  -11.845 0.0000000000
74629  -45.476  -11.801  -11.613 0.0000000000
74630  -46.279  -11.510  -11.339 0.0000000000
74631  -47.012  -11.308  -11.159 0.0000000000
74639  -39.490  -11.289  -12.570 0.0000000000
74640  -40.547  -11.803  -12.957 0.0000000000
74641  -41.078  -11.958  -13.034 0.0000000000
74642  -42.823  -12.265  -12.751 0.0000000000
74643  -43.336  -12.045  -12.701 0.0000000000
74644  -44.221  -11.707  -12.452 0.0000000000
74645  -45.153  -11.488  -12.256 0.0000000000
74646  -45.795  -11.296  -12.013 0.0000000000
74654  -39.658  -10.697  -12.830 0.0000000000
74655  -40.152  -11.033  -13.179 0.0000000000
74656  -41.182  -11.548  -13.349 0.0000000000
74657  -42.439  -11.786  -13.264 0.0000000000
74658  -43.473  -11.457  -13.235 0.0000000000
74659  -44.159  -11.153  -13.185 0.0000000000
75676  -33.487  -10.793  2.308 0.0000000000
75677  -34.451  -10.741  2.650 0.0000000000
75678  -35.411  -10.591  2.778 0.0000000000
75679  -36.391  -10.531  2.798 0.0000000000
75680  -37.334  -10.521  2.767 0.0000000000
75700  -31.665  -9.797  0.842 0.0000000000
75701  -31.936  -10.304  1.157 0.0000000000
75702  -32.664  -10.246  1.851 0.0000000000
75729  -31.530  -10.029  0.384 0.0000000000
75730  -31.805  -10.775  0.421 0.0000000000
75755  -31.466  -10.543  -0.525 0.0000000000
75756  -31.799  -11.086  -0.039 0.0000000000
75774  -31.432  -10.650  -1.611 0.0000000000
75775  -31.707  -11.137  -1.976 0.0000000000
75789  -31.668  -10.674  -2.532 0.0000000000
75790  -32.139  -11.242  -2.623 0.0000000000
75791  -32.719  -11.447  -3.015 0.0000000000
75804  -31.996  -10.750  -3.170 0.0000000000
75805  -32.628  -10.893  -3.491 0.0000000000
75806  -33.292  -11.312  -3.651 0.0000000000
75807  -33.927  -11.351  -4.075 0.0000000000
75820  -33.270  -10.749  -4.129 0.0000000000
75821  -33.987  -10.821  -4.353 0.0000000000
75822  -34.765  -10.877  -4.541 0.0000000000
75823  -35.761  -10.644  -4.873 0.0000000000
75824  -36.585  -10.501  -5.038 0.0000000000
75825  -37.059  -10.268  -5.105 0.0000000000
75839  -36.924  -10.613  -5.167 0.0000000000
75840  -37.259  -10.427  -5.362 0.0000000000
75851  -37.743  -10.247  -5.828 0.0000000000
75852  -38.126  -9.814  -5.878 0.0000000000
75862  -37.619  -10.459  -6.832 0.0000000000
75863  -38.082  -9.864  -6.458 0.0000000000
75876  -37.489  -10.772  -7.938 0.0000000000
75877  -38.049  -10.093  -7.553 0.0000000000
75892  -37.314  -11.114  -8.837 0.0000000000
75893  -37.887  -10.545  -8.964 0.0000000000
75894  -50.030  -11.038  -9.824 0.0000000000
75895  -50.653  -10.929  -9.636 0.0000000000
75896  -51.395  -10.856  -9.537 0.0000000000
75897  -52.272  -10.884  -9.352 0.0000000000
75898  -53.171  -10.676  -9.459 0.0000000000
75911  -38.172  -10.600  -10.150 0.0000000000
75912  -48.021  -10.946  -10.754 0.0000000000
75913  -48.640  -10.813  -10.579 0.0000000000
75914  -49.436  -10.681  -10.358 0.0000000000
75915  -50.206  -10.561  -10.198 0.0000000000
75916  -50.911  -10.452  -10.144 0.0000000000
75917  -51.726  -10.391  -10.094 0.0000000000
75918  -52.606  -10.332  -10.077 0.0000000000
75919  -53.424  -10.235  -10.059 0.0000000000
75930  -38.417  -10.535  -11.012 0.0000000000
75931  -38.830  -10.369  -11.738 0.0000000000
75932  -46.851  -10.931  -11.562 0.0000000000
75933  -47.489  -10.786  -11.262 0.0000000000
75934  -48.265  -10.365  -11.180 0.0000000000
75935  -48.897  -10.333  -10.876 0.0000000000
75944  -39.332  -10.177  -12.361 0.0000000000
75945  -44.839  -11.065  -12.907 0.0000000000
75946  -45.605  -10.927  -12.627 0.0000000000
75947  -46.382  -10.706  -12.201 0.0000000000
75948  -47.098  -10.437  -11.871 0.0000000000
75949  -47.708  -10.197  -11.683 0.0000000000
75958  -39.786  -10.188  -13.025 0.0000000000
75959  -40.566  -10.293  -13.690 0.0000000000
75960  -41.734  -10.846  -13.883 0.0000000000
75961  -42.797  -10.931  -13.851 0.0000000000
75962  -43.709  -10.823  -13.775 0.0000000000
75963  -44.520  -10.697  -13.623 0.0000000000
75964  -45.366  -10.466  -13.405 0.0000000000
75965  -45.991  -10.456  -12.935 0.0000000000
75973  -40.763  -9.606  -13.944 0.0000000000
75974  -41.288  -9.916  -14.212 0.0000000000
75975  -42.215  -10.167  -14.344 0.0000000000
75976  -43.165  -10.231  -14.339 0.0000000000
75977  -44.079  -10.253  -14.274 0.0000000000
75978  -44.877  -10.211  -14.084 0.0000000000
77163  -33.975  -10.125  2.523 0.0000000000
77164  -34.646  -9.580  2.593 0.0000000000
77165  -35.765  -9.663  2.743 0.0000000000
77166  -36.676  -9.589  2.762 0.0000000000
77167  -37.600  -9.536  2.827 0.0000000000
77179  -31.792  -9.632  1.074 0.0000000000
77180  -32.223  -9.242  1.422 0.0000000000
77181  -33.427  -9.406  2.194 0.0000000000
77182  -34.143  -8.907  2.328 0.0000000000
77200  -31.587  -9.167  0.626 0.0000000000
77201  -31.850  -8.704  1.020 0.0000000000
77224  -31.229  -9.438  -0.412 0.0000000000
77250  -31.179  -9.761  -1.479 0.0000000000
77272  -31.320  -10.074  -2.346 0.0000000000
77285  -31.545  -10.120  -3.466 0.0000000000
77286  -32.166  -10.566  -3.649 0.0000000000
77297  -31.687  -9.636  -4.671 0.0000000000
77298  -32.587  -10.318  -4.424 0.0000000000
77299  -33.811  -10.320  -4.788 0.0000000000
77300  -34.797  -10.187  -4.819 0.0000000000
77301  -35.698  -10.067  -4.827 0.0000000000
77302  -36.537  -10.044  -4.907 0.0000000000
77303  -36.941  -10.098  -4.986 0.0000000000
77314  -31.669  -9.277  -5.597 0.0000000000
77315  -32.425  -9.650  -5.500 0.0000000000
77316  -33.453  -9.868  -5.475 0.0000000000
77317  -34.669  -9.610  -5.442 0.0000000000
77318  -35.607  -9.467  -5.114 0.0000000000
77319  -36.473  -9.400  -5.019 0.0000000000
77320  -37.464  -9.641  -5.231 0.0000000000
77321  -38.027  -9.090  -5.438 0.0000000000
77327  -31.593  -9.056  -6.165 0.0000000000
77328  -32.166  -9.234  -6.490 0.0000000000
77329  -33.089  -9.538  -6.417 0.0000000000
77330  -34.119  -9.431  -6.345 0.0000000000
77331  -38.015  -9.768  -5.612 0.0000000000
77332  -38.330  -9.216  -5.903 0.0000000000
77333  -38.597  -8.575  -6.224 0.0000000000
77336  -32.316  -9.082  -7.105 0.0000000000
77337  -32.801  -9.198  -7.317 0.0000000000
77338  -33.665  -9.280  -7.268 0.0000000000
77339  -38.505  -9.386  -7.040 0.0000000000
77340  -38.767  -8.700  -6.709 0.0000000000
77349  -32.975  -9.065  -7.849 0.0000000000
77350  -33.286  -9.112  -7.842 0.0000000000
77351  -38.553  -9.622  -8.205 0.0000000000
77352  -38.937  -8.806  -7.671 0.0000000000
77365  -38.571  -9.845  -9.370 0.0000000000
77366  -39.023  -9.015  -8.764 0.0000000000
77380  -38.529  -9.974  -10.263 0.0000000000
77381  -39.019  -9.290  -9.970 0.0000000000
77382  -49.847  -10.287  -10.565 0.0000000000
77383  -50.319  -10.078  -10.658 0.0000000000
77384  -51.124  -9.929  -10.701 0.0000000000
77385  -52.024  -9.880  -10.718 0.0000000000
77386  -52.976  -9.759  -10.617 0.0000000000
77387  -54.197  -9.711  -10.363 0.0000000000
77397  -38.705  -9.827  -10.864 0.0000000000
77398  -39.210  -9.373  -11.262 0.0000000000
77399  -48.744  -10.042  -11.255 0.0000000000
77400  -49.433  -9.938  -11.085 0.0000000000
77401  -50.400  -9.510  -11.347 0.0000000000
77402  -51.381  -9.410  -11.292 0.0000000000
77403  -52.307  -9.300  -11.279 0.0000000000
77404  -53.290  -9.165  -11.172 0.0000000000
77405  -54.106  -9.020  -11.146 0.0000000000
77415  -39.689  -9.311  -12.296 0.0000000000
77416  -40.103  -8.962  -12.711 0.0000000000
77417  -46.860  -10.255  -12.336 0.0000000000
77418  -47.366  -9.960  -12.284 0.0000000000
77419  -48.407  -9.656  -11.926 0.0000000000
77420  -49.505  -9.321  -11.916 0.0000000000
77421  -50.221  -9.067  -12.061 0.0000000000
77431  -40.011  -9.560  -13.115 0.0000000000
77432  -40.423  -9.113  -13.450 0.0000000000
77433  -45.924  -10.139  -13.391 0.0000000000
77434  -46.595  -9.977  -13.011 0.0000000000
77435  -47.613  -9.469  -12.995 0.0000000000
77436  -48.358  -9.189  -12.831 0.0000000000
77448  -40.986  -8.976  -14.123 0.0000000000
77449  -41.779  -9.260  -14.488 0.0000000000
77450  -42.634  -9.467  -14.671 0.0000000000
77451  -43.565  -9.494  -14.799 0.0000000000
77452  -44.571  -9.677  -14.624 0.0000000000
77453  -45.695  -9.614  -14.181 0.0000000000
77454  -46.920  -9.286  -13.802 0.0000000000
77455  -47.550  -9.090  -13.626 0.0000000000
77465  -44.176  -9.101  -15.088 0.0000000000
77466  -44.973  -9.130  -14.998 0.0000000000
77467  -45.474  -9.077  -14.824 0.0000000000
78600  -35.393  -8.947  2.497 0.0000000000
78601  -36.116  -8.872  2.522 0.0000000000
78602  -36.890  -8.542  2.467 0.0000000000
78603  -37.891  -8.606  2.629 0.0000000000
78621  -32.829  -8.174  1.658 0.0000000000
78622  -33.788  -8.266  2.111 0.0000000000
78623  -34.754  -8.409  2.276 0.0000000000
78624  -35.722  -8.293  2.222 0.0000000000
78625  -36.298  -8.342  2.266 0.0000000000
78633  -31.648  -8.090  0.656 0.0000000000
78634  -32.109  -8.304  1.219 0.0000000000
78642  -31.270  -8.366  -0.258 0.0000000000
78655  -31.011  -8.665  -1.356 0.0000000000
78676  -30.976  -9.121  -2.633 0.0000000000
78693  -31.092  -9.077  -4.006 0.0000000000
78700  -31.166  -9.080  -4.981 0.0000000000
78706  -31.253  -8.741  -5.720 0.0000000000
78707  -35.535  -8.995  -5.575 0.0000000000
78708  -36.249  -8.753  -5.369 0.0000000000
78709  -37.107  -8.705  -5.295 0.0000000000
78710  -37.848  -8.740  -5.425 0.0000000000
78711  -38.181  -8.823  -5.599 0.0000000000
78714  -31.645  -8.605  -6.689 0.0000000000
78715  -32.062  -8.984  -6.986 0.0000000000
78716  -35.094  -8.920  -6.236 0.0000000000
78717  -35.933  -8.409  -6.036 0.0000000000
78718  -36.830  -8.051  -5.889 0.0000000000
78719  -37.626  -8.074  -5.711 0.0000000000
78720  -38.308  -8.298  -5.983 0.0000000000
78721  -38.796  -8.136  -6.579 0.0000000000
78723  -31.745  -8.094  -7.563 0.0000000000
78724  -32.283  -8.779  -7.557 0.0000000000
78725  -32.755  -8.994  -7.787 0.0000000000
78726  -34.645  -8.974  -7.259 0.0000000000
78727  -35.697  -8.377  -7.090 0.0000000000
78728  -36.388  -7.962  -6.565 0.0000000000
78729  -39.139  -8.124  -7.248 0.0000000000
78733  -31.716  -7.782  -8.027 0.0000000000
78734  -32.114  -8.115  -8.490 0.0000000000
78735  -32.961  -8.841  -8.366 0.0000000000
78736  -34.033  -8.988  -8.301 0.0000000000
78737  -35.192  -8.551  -8.277 0.0000000000
78738  -39.511  -8.093  -8.283 0.0000000000
78739  -39.890  -7.588  -8.571 0.0000000000
78746  -32.358  -7.790  -9.345 0.0000000000
78747  -32.805  -8.302  -9.339 0.0000000000
78748  -33.661  -8.633  -9.382 0.0000000000
78749  -34.713  -8.590  -9.387 0.0000000000
78750  -39.452  -8.554  -9.251 0.0000000000
78751  -39.947  -7.818  -9.268 0.0000000000
78762  -32.693  -7.805  -9.946 0.0000000000
78763  -33.298  -8.145  -10.224 0.0000000000
78764  -34.252  -8.340  -10.384 0.0000000000
78765  -35.174  -8.294  -10.335 0.0000000000
78766  -39.610  -8.566  -10.213 0.0000000000
78767  -40.226  -7.900  -10.445 0.0000000000
78768  -54.780  -9.148  -10.855 0.0000000000
78779  -34.771  -8.171  -10.933 0.0000000000
78780  -35.319  -8.076  -11.073 0.0000000000
78781  -39.824  -8.576  -11.295 0.0000000000
78782  -40.387  -7.997  -11.494 0.0000000000
78783  -50.857  -9.080  -11.823 0.0000000000
78784  -51.601  -8.883  -11.899 0.0000000000
78785  -52.578  -8.682  -11.826 0.0000000000
78786  -53.567  -8.564  -11.706 0.0000000000
78787  -54.714  -8.542  -11.611 0.0000000000
78798  -40.057  -8.600  -12.077 0.0000000000
78799  -40.453  -8.231  -12.581 0.0000000000
78800  -48.930  -9.104  -12.501 0.0000000000
78801  -49.635  -8.775  -12.576 0.0000000000
78802  -50.678  -8.571  -12.491 0.0000000000
78803  -51.816  -8.215  -12.580 0.0000000000
78804  -52.930  -8.096  -12.332 0.0000000000
78805  -53.881  -8.059  -12.231 0.0000000000
78806  -54.617  -7.983  -12.284 0.0000000000
78811  -40.854  -8.276  -13.478 0.0000000000
78812  -41.260  -8.022  -13.743 0.0000000000
78813  -47.999  -9.008  -13.410 0.0000000000
78814  -48.742  -8.661  -13.264 0.0000000000
78815  -49.806  -8.179  -13.338 0.0000000000
78816  -50.879  -7.949  -13.205 0.0000000000
78817  -51.637  -7.680  -13.266 0.0000000000
78825  -41.130  -8.395  -13.916 0.0000000000
78826  -41.522  -8.333  -14.210 0.0000000000
78827  -42.266  -8.541  -14.676 0.0000000000
78828  -42.913  -8.902  -14.952 0.0000000000
78829  -45.745  -9.016  -14.739 0.0000000000
78830  -46.338  -8.848  -14.598 0.0000000000
78831  -47.631  -8.526  -14.249 0.0000000000
78832  -48.872  -8.082  -14.086 0.0000000000
78833  -49.599  -7.744  -14.069 0.0000000000
78841  -42.795  -8.304  -14.984 0.0000000000
78842  -43.451  -8.544  -15.174 0.0000000000
78843  -44.341  -8.407  -15.362 0.0000000000
78844  -45.470  -8.482  -15.270 0.0000000000
78845  -46.579  -8.123  -15.282 0.0000000000
78846  -47.408  -7.804  -15.199 0.0000000000
79884  -36.880  -8.054  2.174 0.0000000000
79885  -37.293  -7.959  2.175 0.0000000000
79886  -38.185  -7.770  2.192 0.0000000000
79903  -32.821  -7.334  1.512 0.0000000000
79904  -33.410  -7.358  1.783 0.0000000000
79905  -34.324  -7.433  2.001 0.0000000000
79906  -35.323  -7.535  1.927 0.0000000000
79907  -36.505  -7.727  1.888 0.0000000000
79908  -37.530  -7.298  1.556 0.0000000000
79909  -38.451  -7.038  1.515 0.0000000000
79921  -31.704  -7.397  0.548 0.0000000000
79922  -32.185  -7.330  1.095 0.0000000000
79931  -31.471  -7.423  -0.061 0.0000000000
79939  -31.211  -7.432  -1.142 0.0000000000
79953  -30.946  -7.841  -2.277 0.0000000000
79974  -30.889  -8.069  -3.462 0.0000000000
79992  -30.998  -8.173  -4.770 0.0000000000
80003  -31.228  -7.873  -5.900 0.0000000000
80006  -31.465  -7.610  -6.836 0.0000000000
80007  -37.456  -7.614  -6.138 0.0000000000
80008  -38.026  -7.440  -6.249 0.0000000000
80009  -38.769  -7.447  -6.720 0.0000000000
80010  -39.054  -7.741  -6.997 0.0000000000
80014  -31.582  -7.388  -7.624 0.0000000000
80015  -36.420  -7.795  -7.248 0.0000000000
80016  -37.136  -7.455  -6.775 0.0000000000
80017  -37.624  -7.350  -6.440 0.0000000000
80018  -39.154  -6.978  -7.167 0.0000000000
80019  -39.556  -7.305  -7.631 0.0000000000
80020  -40.038  -6.863  -8.123 0.0000000000
80024  -31.704  -7.352  -8.297 0.0000000000
80025  -31.959  -7.304  -9.006 0.0000000000
80026  -36.127  -7.962  -8.108 0.0000000000
80027  -36.818  -7.397  -7.774 0.0000000000
80028  -39.822  -7.488  -8.267 0.0000000000
80029  -40.331  -7.017  -8.668 0.0000000000
80030  -40.855  -6.483  -9.065 0.0000000000
80034  -32.321  -7.217  -9.808 0.0000000000
80035  -35.840  -8.057  -9.390 0.0000000000
80036  -36.682  -7.422  -8.805 0.0000000000
80037  -40.666  -7.221  -9.772 0.0000000000
80038  -40.990  -6.610  -9.423 0.0000000000
80044  -32.850  -7.293  -10.820 0.0000000000
80045  -33.820  -7.862  -11.075 0.0000000000
80046  -34.386  -8.065  -11.036 0.0000000000
80047  -35.997  -7.873  -10.618 0.0000000000
80048  -36.826  -7.294  -10.018 0.0000000000
80049  -37.323  -6.958  -10.381 0.0000000000
80050  -40.879  -7.348  -10.812 0.0000000000
80051  -41.421  -6.634  -10.253 0.0000000000
80052  -41.839  -6.260  -10.433 0.0000000000
80060  -32.963  -6.770  -11.503 0.0000000000
80061  -33.621  -7.072  -11.976 0.0000000000
80062  -34.731  -7.766  -11.658 0.0000000000
80063  -35.830  -7.754  -11.558 0.0000000000
80064  -36.831  -7.394  -11.177 0.0000000000
80065  -37.193  -7.139  -10.659 0.0000000000
80066  -40.988  -7.485  -11.840 0.0000000000
80067  -41.490  -6.914  -11.230 0.0000000000
80068  -41.869  -6.440  -10.946 0.0000000000
80069  -55.400  -8.022  -12.168 0.0000000000
80081  -33.978  -6.717  -12.677 0.0000000000
80082  -34.688  -7.048  -12.802 0.0000000000
80083  -35.566  -7.453  -12.355 0.0000000000
80084  -36.379  -7.335  -12.130 0.0000000000
80085  -41.076  -7.611  -12.854 0.0000000000
80086  -41.702  -6.936  -12.163 0.0000000000
80087  -41.883  -6.639  -11.501 0.0000000000
80088  -52.448  -7.638  -13.006 0.0000000000
80089  -53.377  -7.620  -12.783 0.0000000000
80090  -54.231  -7.633  -12.696 0.0000000000
80091  -55.008  -7.638  -12.671 0.0000000000
80092  -55.852  -7.452  -12.751 0.0000000000
80101  -35.210  -6.865  -13.394 0.0000000000
80102  -35.684  -7.170  -13.066 0.0000000000
80103  -36.116  -7.277  -12.677 0.0000000000
80104  -41.189  -7.796  -13.429 0.0000000000
80105  -41.699  -7.357  -13.557 0.0000000000
80106  -42.255  -6.937  -13.957 0.0000000000
80107  -50.303  -7.626  -13.837 0.0000000000
80108  -51.109  -7.456  -13.781 0.0000000000
80109  -52.028  -7.169  -13.870 0.0000000000
80110  -53.013  -7.188  -13.439 0.0000000000
80111  -53.919  -7.229  -13.242 0.0000000000
80112  -54.771  -7.299  -13.115 0.0000000000
80113  -55.310  -7.354  -12.990 0.0000000000
80117  -41.923  -7.911  -14.363 0.0000000000
80118  -42.497  -7.524  -14.650 0.0000000000
80119  -42.985  -6.887  -14.846 0.0000000000
80120  -48.225  -7.705  -14.853 0.0000000000
80121  -49.110  -7.494  -14.675 0.0000000000
80122  -49.895  -7.331  -14.507 0.0000000000
80123  -50.632  -7.212  -14.358 0.0000000000
80124  -51.287  -7.052  -14.304 0.0000000000
80129  -43.015  -7.961  -15.115 0.0000000000
80130  -43.489  -7.466  -15.276 0.0000000000
80131  -44.559  -7.481  -15.618 0.0000000000
80132  -45.656  -7.272  -15.859 0.0000000000
80133  -46.800  -7.224  -15.798 0.0000000000
80134  -47.736  -7.192  -15.541 0.0000000000
80135  -48.587  -7.068  -15.371 0.0000000000
80136  -49.451  -6.956  -15.226 0.0000000000
80145  -46.186  -6.680  -16.065 0.0000000000
80146  -46.700  -6.542  -16.111 0.0000000000
81140  -32.936  -6.483  1.424 0.0000000000
81141  -33.893  -6.486  1.812 0.0000000000
81142  -34.860  -6.602  1.863 0.0000000000
81143  -35.870  -6.694  1.702 0.0000000000
81144  -36.916  -6.599  1.357 0.0000000000
81145  -37.979  -6.400  0.924 0.0000000000
81146  -38.791  -6.416  0.959 0.0000000000
81162  -31.767  -6.793  0.340 0.0000000000
81163  -32.273  -6.208  0.733 0.0000000000
81164  -38.240  -5.998  0.548 0.0000000000
81165  -38.622  -6.063  0.493 0.0000000000
81179  -31.615  -6.525  -0.606 0.0000000000
81180  -31.959  -6.071  0.008 0.0000000000
81192  -31.514  -6.515  -1.448 0.0000000000
81193  -31.641  -6.268  -1.925 0.0000000000
81205  -31.327  -6.864  -2.067 0.0000000000
81206  -31.626  -6.254  -2.563 0.0000000000
81217  -31.262  -7.063  -2.992 0.0000000000
81218  -31.605  -6.278  -3.512 0.0000000000
81233  -31.170  -7.128  -4.059 0.0000000000
81234  -31.609  -6.301  -4.475 0.0000000000
81252  -31.298  -7.093  -5.119 0.0000000000
81253  -31.656  -6.223  -5.373 0.0000000000
81264  -31.454  -6.918  -6.087 0.0000000000
81265  -31.708  -6.043  -6.226 0.0000000000
81266  -38.060  -7.160  -6.485 0.0000000000
81267  -38.267  -7.156  -6.648 0.0000000000
81271  -31.544  -6.653  -7.038 0.0000000000
81272  -31.738  -5.846  -6.924 0.0000000000
81273  -37.481  -7.196  -6.994 0.0000000000
81274  -37.839  -7.055  -6.835 0.0000000000
81275  -38.631  -6.672  -7.240 0.0000000000
81276  -39.401  -6.589  -7.557 0.0000000000
81277  -39.899  -6.618  -7.942 0.0000000000
81280  -31.594  -6.723  -7.888 0.0000000000
81281  -31.756  -6.627  -8.524 0.0000000000
81282  -37.413  -7.075  -7.419 0.0000000000
81283  -37.859  -6.495  -7.850 0.0000000000
81284  -38.474  -6.056  -7.974 0.0000000000
81285  -40.311  -6.476  -8.336 0.0000000000
81286  -40.812  -6.185  -8.830 0.0000000000
81287  -41.298  -5.825  -9.141 0.0000000000
81290  -32.015  -6.460  -9.280 0.0000000000
81291  -37.238  -6.903  -8.311 0.0000000000
81292  -37.593  -6.403  -8.855 0.0000000000
81293  -41.178  -6.174  -9.250 0.0000000000
81294  -41.606  -5.828  -9.465 0.0000000000
81299  -32.321  -6.394  -10.225 0.0000000000
81300  -37.195  -6.919  -9.168 0.0000000000
81301  -37.527  -6.608  -9.844 0.0000000000
81302  -41.443  -6.238  -9.657 0.0000000000
81303  -41.894  -6.088  -10.121 0.0000000000
81310  -32.597  -6.295  -11.127 0.0000000000
81311  -32.940  -6.236  -11.912 0.0000000000
81312  -37.230  -7.116  -11.361 0.0000000000
81313  -37.555  -6.695  -10.996 0.0000000000
81314  -38.108  -6.102  -11.495 0.0000000000
81315  -42.182  -5.978  -10.639 0.0000000000
81324  -33.505  -6.101  -12.694 0.0000000000
81325  -34.177  -6.455  -13.086 0.0000000000
81326  -37.120  -7.079  -11.836 0.0000000000
81327  -37.730  -6.608  -12.108 0.0000000000
81328  -38.417  -5.944  -12.170 0.0000000000
81329  -42.056  -6.646  -12.131 0.0000000000
81330  -42.373  -6.196  -11.758 0.0000000000
81331  -42.887  -5.795  -12.632 0.0000000000
81332  -55.949  -7.197  -13.098 0.0000000000
81333  -56.387  -7.091  -13.086 0.0000000000
81345  -33.973  -5.969  -13.370 0.0000000000
81346  -34.735  -6.306  -13.823 0.0000000000
81347  -35.738  -6.850  -13.832 0.0000000000
81348  -36.828  -7.020  -13.066 0.0000000000
81349  -38.108  -6.438  -13.045 0.0000000000
81350  -38.771  -5.715  -12.883 0.0000000000
81351  -42.000  -6.692  -12.546 0.0000000000
81352  -42.393  -6.470  -13.187 0.0000000000
81353  -43.051  -5.885  -13.606 0.0000000000
81354  -52.257  -6.699  -14.322 0.0000000000
81355  -52.786  -6.732  -14.084 0.0000000000
81356  -53.654  -6.740  -13.867 0.0000000000
81357  -54.612  -6.797  -13.666 0.0000000000
81358  -55.663  -6.956  -13.384 0.0000000000
81359  -56.734  -6.498  -13.646 0.0000000000
81369  -34.907  -5.989  -14.539 0.0000000000
81370  -35.507  -6.263  -14.826 0.0000000000
81371  -36.593  -6.705  -14.463 0.0000000000
81372  -37.686  -6.581  -14.096 0.0000000000
81373  -38.756  -5.967  -13.912 0.0000000000
81374  -39.259  -5.652  -14.388 0.0000000000
81375  -42.732  -6.601  -14.221 0.0000000000
81376  -43.562  -6.153  -14.803 0.0000000000
81377  -44.225  -5.702  -15.031 0.0000000000
81378  -50.266  -6.875  -15.014 0.0000000000
81379  -50.970  -6.753  -14.825 0.0000000000
81380  -51.731  -6.493  -14.756 0.0000000000
81381  -52.513  -6.303  -14.613 0.0000000000
81382  -53.350  -6.219  -14.516 0.0000000000
81383  -54.355  -6.211  -14.370 0.0000000000
81384  -55.399  -6.321  -14.119 0.0000000000
81385  -56.082  -6.442  -13.915 0.0000000000
81392  -35.739  -5.976  -15.472 0.0000000000
81393  -36.381  -6.199  -15.550 0.0000000000
81394  -37.389  -6.497  -15.116 0.0000000000
81395  -38.289  -6.345  -14.846 0.0000000000
81396  -39.026  -6.043  -14.889 0.0000000000
81397  -44.004  -6.828  -15.421 0.0000000000
81398  -44.597  -6.245  -15.607 0.0000000000
81399  -45.570  -6.182  -16.076 0.0000000000
81400  -47.326  -6.621  -15.998 0.0000000000
81401  -48.073  -6.563  -15.866 0.0000000000
81402  -48.846  -6.247  -15.884 0.0000000000
81403  -49.803  -6.244  -15.551 0.0000000000
81404  -50.658  -6.262  -15.308 0.0000000000
81405  -51.203  -6.347  -15.120 0.0000000000
81412  -36.674  -5.986  -16.099 0.0000000000
81413  -37.215  -6.221  -15.921 0.0000000000
81414  -38.093  -6.317  -15.637 0.0000000000
81415  -38.642  -6.209  -15.353 0.0000000000
81416  -46.274  -6.073  -16.277 0.0000000000
81417  -46.971  -6.030  -16.312 0.0000000000
81418  -47.720  -6.051  -16.218 0.0000000000
81419  -48.256  -6.099  -16.114 0.0000000000
82446  -34.971  -4.948  2.190 0.0000000000
82447  -35.829  -5.057  2.220 0.0000000000
82448  -36.723  -5.003  2.100 0.0000000000
82449  -37.240  -4.828  1.956 0.0000000000
82459  -32.777  -5.304  1.008 0.0000000000
82460  -33.571  -5.462  1.521 0.0000000000
82461  -34.458  -5.625  1.908 0.0000000000
82462  -35.387  -5.815  2.005 0.0000000000
82463  -36.396  -5.818  1.831 0.0000000000
82464  -37.581  -5.460  1.370 0.0000000000
82465  -38.234  -5.105  1.049 0.0000000000
82478  -32.324  -5.368  0.222 0.0000000000
82479  -38.031  -5.877  0.748 0.0000000000
82480  -38.477  -5.501  0.603 0.0000000000
82481  -39.251  -5.642  0.141 0.0000000000
82491  -31.745  -6.052  -1.267 0.0000000000
82492  -32.031  -5.554  -0.749 0.0000000000
82501  -31.720  -6.114  -1.641 0.0000000000
82502  -31.923  -5.630  -1.873 0.0000000000
82514  -31.959  -5.494  -2.989 0.0000000000
82528  -32.009  -5.539  -3.996 0.0000000000
82542  -31.946  -5.651  -4.808 0.0000000000
82556  -32.036  -5.432  -5.539 0.0000000000
82566  -32.020  -5.273  -6.413 0.0000000000
82572  -31.684  -6.052  -7.623 0.0000000000
82573  -31.973  -5.290  -7.311 0.0000000000
82574  -39.115  -5.963  -7.857 0.0000000000
82575  -39.814  -6.060  -7.978 0.0000000000
82576  -40.117  -6.251  -8.130 0.0000000000
82579  -31.692  -6.254  -8.123 0.0000000000
82580  -31.930  -5.642  -8.391 0.0000000000
82581  -38.142  -5.942  -8.649 0.0000000000
82582  -38.750  -5.542  -8.526 0.0000000000
82583  -39.587  -5.360  -8.527 0.0000000000
82584  -40.441  -5.720  -8.480 0.0000000000
82585  -41.188  -5.543  -8.914 0.0000000000
82586  -41.648  -5.453  -9.241 0.0000000000
82589  -32.153  -5.500  -9.549 0.0000000000
82590  -37.937  -6.042  -9.376 0.0000000000
82591  -38.438  -5.463  -9.429 0.0000000000
82592  -39.027  -5.046  -9.089 0.0000000000
82593  -42.063  -5.384  -9.580 0.0000000000
82594  -42.505  -4.971  -9.849 0.0000000000
82597  -32.350  -5.452  -10.555 0.0000000000
82598  -38.043  -5.985  -10.151 0.0000000000
82599  -38.437  -5.270  -10.425 0.0000000000
82600  -42.405  -5.464  -10.137 0.0000000000
82601  -42.904  -4.858  -10.354 0.0000000000
82607  -32.582  -5.429  -11.490 0.0000000000
82608  -32.899  -5.450  -12.258 0.0000000000
82609  -38.105  -5.834  -10.886 0.0000000000
82610  -38.483  -5.310  -11.400 0.0000000000
82611  -42.723  -5.493  -10.800 0.0000000000
82612  -43.333  -4.874  -10.971 0.0000000000
82613  -43.768  -4.573  -11.397 0.0000000000
82620  -33.161  -5.294  -12.723 0.0000000000
82621  -38.829  -5.147  -12.230 0.0000000000
82622  -39.141  -4.786  -12.495 0.0000000000
82623  -42.928  -5.455  -11.297 0.0000000000
82624  -43.261  -5.264  -11.826 0.0000000000
82625  -43.976  -4.674  -12.146 0.0000000000
82635  -33.522  -5.340  -13.258 0.0000000000
82636  -34.003  -5.495  -13.898 0.0000000000
82637  -39.072  -5.170  -12.758 0.0000000000
82638  -39.329  -4.811  -13.006 0.0000000000
82639  -43.524  -5.331  -12.843 0.0000000000
82640  -44.163  -4.875  -13.209 0.0000000000
82641  -56.850  -6.149  -14.034 0.0000000000
82653  -34.480  -5.500  -14.510 0.0000000000
82654  -34.938  -5.750  -14.955 0.0000000000
82655  -39.128  -5.383  -13.272 0.0000000000
82656  -39.492  -5.135  -13.869 0.0000000000
82657  -43.652  -5.390  -13.795 0.0000000000
82658  -44.327  -5.166  -14.368 0.0000000000
82659  -44.937  -4.925  -14.800 0.0000000000
82660  -51.746  -6.079  -15.114 0.0000000000
82661  -52.111  -5.933  -15.078 0.0000000000
82662  -52.894  -5.660  -14.977 0.0000000000
82663  -53.945  -5.356  -14.956 0.0000000000
82664  -55.172  -5.445  -14.700 0.0000000000
82665  -56.508  -5.749  -14.332 0.0000000000
82675  -34.707  -5.205  -15.160 0.0000000000
82676  -35.283  -5.515  -15.559 0.0000000000
82677  -35.828  -5.744  -15.831 0.0000000000
82678  -39.731  -5.416  -14.857 0.0000000000
82679  -40.138  -5.315  -15.561 0.0000000000
82680  -44.618  -5.396  -15.134 0.0000000000
82681  -45.306  -5.219  -15.536 0.0000000000
82682  -45.975  -4.995  -15.855 0.0000000000
82683  -48.836  -5.755  -16.119 0.0000000000
82684  -49.269  -5.523  -16.036 0.0000000000
82685  -50.251  -5.494  -15.721 0.0000000000
82686  -51.392  -5.685  -15.401 0.0000000000
82687  -52.311  -5.183  -15.372 0.0000000000
82688  -53.167  -4.875  -15.285 0.0000000000
82689  -53.854  -4.536  -15.247 0.0000000000
82694  -35.603  -5.322  -16.099 0.0000000000
82695  -36.164  -5.577  -16.348 0.0000000000
82696  -36.917  -5.897  -16.537 0.0000000000
82697  -37.804  -6.167  -16.475 0.0000000000
82698  -39.116  -6.027  -15.995 0.0000000000
82699  -40.312  -5.425  -16.463 0.0000000000
82700  -40.939  -5.215  -16.965 0.0000000000
82701  -45.872  -5.537  -16.111 0.0000000000
82702  -46.516  -5.308  -16.239 0.0000000000
82703  -47.325  -5.386  -16.332 0.0000000000
82704  -48.358  -5.420  -16.304 0.0000000000
82705  -48.977  -4.796  -16.292 0.0000000000
82709  -36.508  -5.413  -17.001 0.0000000000
82710  -37.239  -5.693  -17.199 0.0000000000
82711  -38.236  -5.938  -17.282 0.0000000000
82712  -39.363  -5.794  -17.334 0.0000000000
82713  -40.312  -5.569  -17.564 0.0000000000
82714  -41.127  -5.322  -17.721 0.0000000000
82721  -36.691  -5.156  -17.604 0.0000000000
82722  -37.395  -5.279  -18.101 0.0000000000
82723  -38.514  -5.595  -18.234 0.0000000000
82724  -39.522  -5.605  -18.381 0.0000000000
82725  -40.441  -5.505  -18.515 0.0000000000
82726  -41.156  -5.302  -18.600 0.0000000000
82740  -37.888  -5.040  -18.960 0.0000000000
82741  -38.768  -5.356  -19.143 0.0000000000
82742  -39.714  -5.360  -19.387 0.0000000000
82743  -40.694  -5.267  -19.351 0.0000000000
82744  -41.205  -5.197  -19.095 0.0000000000
82763  -40.209  -5.175  -19.883 0.0000000000
82764  -40.577  -5.147  -19.857 0.0000000000
83777  -34.816  -4.350  2.188 0.0000000000
83778  -35.351  -4.307  2.346 0.0000000000
83779  -36.174  -4.272  2.438 0.0000000000
83780  -37.013  -4.283  2.354 0.0000000000
83786  -32.913  -4.768  0.897 0.0000000000
83787  -33.266  -4.472  1.072 0.0000000000
83788  -34.220  -4.417  1.805 0.0000000000
83789  -37.614  -4.455  1.915 0.0000000000
83790  -38.145  -4.586  1.420 0.0000000000
83801  -32.798  -4.574  0.514 0.0000000000
83802  -33.135  -4.191  0.622 0.0000000000
83803  -38.637  -4.665  0.843 0.0000000000
83804  -39.227  -4.788  0.132 0.0000000000
83816  -32.514  -4.673  -0.386 0.0000000000
83827  -32.387  -4.721  -1.384 0.0000000000
83837  -32.359  -4.711  -2.443 0.0000000000
83844  -32.398  -4.718  -3.516 0.0000000000
83852  -32.381  -4.816  -4.674 0.0000000000
83860  -32.385  -4.591  -5.754 0.0000000000
83867  -32.331  -4.494  -6.735 0.0000000000
83873  -32.307  -4.510  -7.758 0.0000000000
83879  -32.284  -4.531  -8.844 0.0000000000
83880  -40.273  -4.876  -8.773 0.0000000000
83881  -41.014  -4.937  -8.797 0.0000000000
83882  -41.597  -4.939  -8.986 0.0000000000
83883  -41.919  -5.161  -9.316 0.0000000000
83885  -32.277  -4.523  -9.914 0.0000000000
83886  -38.938  -4.750  -9.886 0.0000000000
83887  -39.670  -4.531  -9.331 0.0000000000
83888  -40.576  -4.226  -9.389 0.0000000000
83889  -41.445  -4.465  -9.289 0.0000000000
83890  -42.143  -4.692  -9.533 0.0000000000
83891  -42.807  -4.341  -10.078 0.0000000000
83893  -32.308  -4.532  -10.946 0.0000000000
83894  -38.871  -4.592  -10.846 0.0000000000
83895  -39.559  -4.034  -10.334 0.0000000000
83896  -40.000  -3.998  -9.763 0.0000000000
83897  -43.655  -4.057  -10.621 0.0000000000
83898  -44.317  -3.629  -10.763 0.0000000000
83901  -32.591  -4.550  -12.030 0.0000000000
83902  -32.884  -4.978  -12.492 0.0000000000
83903  -38.960  -4.623  -11.727 0.0000000000
83904  -39.348  -4.049  -11.338 0.0000000000
83905  -43.814  -4.318  -11.011 0.0000000000
83906  -44.508  -3.946  -11.267 0.0000000000
83907  -45.175  -3.504  -11.430 0.0000000000
83912  -32.639  -4.154  -12.497 0.0000000000
83913  -32.941  -4.572  -12.914 0.0000000000
83914  -39.073  -4.672  -12.190 0.0000000000
83915  -39.358  -4.226  -12.349 0.0000000000
83916  -44.687  -4.278  -12.531 0.0000000000
83917  -45.177  -3.676  -12.055 0.0000000000
83924  -33.532  -4.552  -13.962 0.0000000000
83925  -34.002  -5.058  -14.322 0.0000000000
83926  -39.748  -4.255  -13.337 0.0000000000
83927  -44.800  -4.479  -13.684 0.0000000000
83928  -45.301  -3.896  -13.124 0.0000000000
83935  -33.682  -4.136  -14.519 0.0000000000
83936  -34.114  -4.575  -14.837 0.0000000000
83937  -40.271  -4.364  -14.399 0.0000000000
83938  -40.786  -3.938  -14.771 0.0000000000
83939  -44.905  -4.686  -14.351 0.0000000000
83940  -45.604  -4.235  -14.545 0.0000000000
83941  -46.377  -3.848  -14.909 0.0000000000
83942  -54.751  -4.270  -15.129 0.0000000000
83943  -56.034  -4.542  -14.863 0.0000000000
83953  -34.785  -4.614  -15.887 0.0000000000
83954  -35.279  -5.043  -16.058 0.0000000000
83955  -40.256  -4.875  -15.090 0.0000000000
83956  -40.910  -4.481  -15.529 0.0000000000
83957  -41.661  -4.177  -15.813 0.0000000000
83958  -45.824  -4.680  -15.430 0.0000000000
83959  -46.521  -4.390  -15.658 0.0000000000
83960  -47.443  -3.810  -15.777 0.0000000000
83961  -47.992  -3.471  -15.839 0.0000000000
83962  -49.657  -4.595  -16.088 0.0000000000
83963  -50.674  -4.585  -15.862 0.0000000000
83964  -51.674  -4.493  -15.626 0.0000000000
83965  -52.572  -4.287  -15.475 0.0000000000
83966  -53.364  -4.104  -15.392 0.0000000000
83967  -53.991  -3.983  -15.311 0.0000000000
83972  -35.006  -4.355  -16.413 0.0000000000
83973  -35.473  -4.694  -16.633 0.0000000000
83974  -36.042  -5.155  -16.849 0.0000000000
83975  -41.000  -4.938  -16.414 0.0000000000
83976  -41.748  -4.574  -16.733 0.0000000000
83977  -42.484  -4.142  -17.065 0.0000000000
83978  -46.915  -4.873  -16.274 0.0000000000
83979  -47.463  -4.591  -16.286 0.0000000000
83980  -48.354  -4.131  -16.286 0.0000000000
83981  -49.062  -4.260  -16.270 0.0000000000
83986  -35.711  -4.213  -17.470 0.0000000000
83987  -36.118  -4.843  -17.313 0.0000000000
83988  -41.732  -5.000  -18.062 0.0000000000
83989  -42.366  -4.469  -17.803 0.0000000000
83994  -35.763  -3.874  -17.920 0.0000000000
83995  -36.369  -4.357  -18.231 0.0000000000
83996  -37.184  -4.596  -18.799 0.0000000000
83997  -41.545  -5.104  -18.824 0.0000000000
83998  -42.084  -4.772  -18.779 0.0000000000
84017  -36.829  -4.031  -19.121 0.0000000000
84018  -37.462  -4.284  -19.551 0.0000000000
84019  -38.207  -4.744  -19.699 0.0000000000
84020  -38.908  -5.020  -19.841 0.0000000000
84021  -40.820  -5.120  -19.800 0.0000000000
84022  -41.367  -4.963  -19.568 0.0000000000
84023  -42.225  -4.445  -19.661 0.0000000000
84040  -37.847  -4.187  -20.137 0.0000000000
84041  -38.500  -4.386  -20.401 0.0000000000
84042  -39.501  -4.840  -20.308 0.0000000000
84043  -40.571  -4.856  -20.322 0.0000000000
84044  -41.545  -4.400  -20.514 0.0000000000
84045  -42.291  -4.059  -20.350 0.0000000000
84052  -38.986  -4.230  -20.889 0.0000000000
84053  -39.758  -4.320  -21.065 0.0000000000
84054  -40.719  -4.237  -21.162 0.0000000000
84055  -41.398  -3.925  -21.245 0.0000000000
85077  -34.811  -3.715  2.260 0.0000000000
85078  -35.595  -3.454  2.532 0.0000000000
85079  -36.544  -3.391  2.564 0.0000000000
85080  -37.542  -3.474  2.305 0.0000000000
85081  -38.205  -3.321  1.971 0.0000000000
85086  -33.730  -3.600  1.307 0.0000000000
85087  -34.218  -3.158  1.873 0.0000000000
85088  -38.077  -3.944  1.888 0.0000000000
85089  -38.643  -3.721  1.409 0.0000000000
85090  -39.200  -3.381  0.880 0.0000000000
85097  -33.079  -4.102  0.393 0.0000000000
85098  -33.336  -3.574  0.506 0.0000000000
85099  -39.099  -4.092  0.671 0.0000000000
85111  -32.936  -4.011  -0.048 0.0000000000
85112  -33.196  -3.283  -0.456 0.0000000000
85124  -32.835  -3.959  -0.934 0.0000000000
85125  -33.189  -3.199  -1.413 0.0000000000
85138  -32.766  -3.912  -1.924 0.0000000000
85139  -33.226  -3.156  -2.408 0.0000000000
85147  -32.772  -3.890  -2.960 0.0000000000
85148  -33.279  -3.131  -3.432 0.0000000000
85157  -32.806  -3.890  -4.023 0.0000000000
85158  -33.366  -3.103  -4.474 0.0000000000
85165  -32.805  -3.838  -5.084 0.0000000000
85166  -33.379  -3.085  -5.515 0.0000000000
85172  -32.766  -3.747  -6.103 0.0000000000
85173  -33.281  -3.034  -6.491 0.0000000000
85179  -32.695  -3.652  -7.095 0.0000000000
85180  -33.150  -2.845  -7.377 0.0000000000
85185  -32.648  -3.478  -8.165 0.0000000000
85186  -33.062  -2.620  -8.082 0.0000000000
85189  -32.514  -3.570  -9.271 0.0000000000
85190  -40.679  -3.855  -9.726 0.0000000000
85191  -41.087  -3.871  -9.683 0.0000000000
85192  -41.883  -3.950  -9.704 0.0000000000
85193  -42.509  -3.989  -9.927 0.0000000000
85196  -32.377  -3.586  -10.282 0.0000000000
85197  -39.870  -3.673  -10.483 0.0000000000
85198  -40.412  -3.605  -10.250 0.0000000000
85199  -41.465  -3.376  -10.206 0.0000000000
85200  -42.335  -3.351  -10.225 0.0000000000
85201  -43.189  -3.454  -10.358 0.0000000000
85202  -44.212  -3.252  -10.622 0.0000000000
85203  -44.837  -3.002  -10.657 0.0000000000
85206  -32.345  -3.619  -11.293 0.0000000000
85207  -39.802  -3.580  -10.922 0.0000000000
85208  -40.310  -3.109  -11.350 0.0000000000
85209  -44.696  -3.420  -10.736 0.0000000000
85210  -45.210  -3.180  -11.007 0.0000000000
85215  -32.523  -3.556  -12.220 0.0000000000
85216  -32.668  -3.866  -12.784 0.0000000000
85217  -39.712  -3.462  -11.847 0.0000000000
85218  -40.259  -2.927  -12.299 0.0000000000
85219  -45.616  -3.124  -11.743 0.0000000000
85220  -45.982  -2.849  -12.303 0.0000000000
85226  -32.630  -3.333  -12.809 0.0000000000
85227  -32.912  -3.622  -13.375 0.0000000000
85228  -39.916  -3.538  -12.783 0.0000000000
85229  -40.484  -3.024  -13.201 0.0000000000
85230  -45.745  -3.359  -12.578 0.0000000000
85231  -46.372  -2.969  -13.026 0.0000000000
85232  -46.898  -2.750  -13.533 0.0000000000
85239  -33.415  -3.426  -14.402 0.0000000000
85240  -33.758  -3.938  -14.835 0.0000000000
85241  -40.279  -3.672  -13.574 0.0000000000
85242  -40.950  -3.251  -14.227 0.0000000000
85243  -41.454  -2.938  -14.570 0.0000000000
85244  -45.914  -3.533  -13.482 0.0000000000
85245  -46.615  -3.330  -14.216 0.0000000000
85246  -47.281  -2.771  -14.107 0.0000000000
85247  -52.346  -2.712  -15.242 0.0000000000
85248  -53.247  -2.732  -15.139 0.0000000000
85249  -54.064  -2.844  -15.065 0.0000000000
85250  -54.823  -3.134  -14.976 0.0000000000
85251  -55.715  -3.443  -14.860 0.0000000000
85263  -33.988  -3.550  -15.491 0.0000000000
85264  -41.069  -3.751  -14.945 0.0000000000
85265  -41.703  -3.446  -15.241 0.0000000000
85266  -42.337  -3.082  -15.487 0.0000000000
85267  -46.881  -3.622  -15.156 0.0000000000
85268  -47.603  -3.042  -15.076 0.0000000000
85269  -48.678  -3.321  -15.799 0.0000000000
85270  -49.855  -3.564  -15.874 0.0000000000
85271  -50.997  -3.582  -15.695 0.0000000000
85272  -51.985  -3.540  -15.504 0.0000000000
85273  -52.873  -3.461  -15.375 0.0000000000
85274  -53.646  -3.433  -15.295 0.0000000000
85275  -54.271  -3.527  -15.213 0.0000000000
85279  -34.819  -3.732  -16.652 0.0000000000
85280  -35.330  -4.017  -17.083 0.0000000000
85281  -42.045  -4.004  -15.949 0.0000000000
85282  -42.694  -3.509  -16.267 0.0000000000
85283  -43.426  -3.029  -16.421 0.0000000000
85284  -48.874  -3.860  -16.217 0.0000000000
85285  -49.277  -3.883  -16.150 0.0000000000
85290  -34.913  -3.179  -17.196 0.0000000000
85291  -35.342  -3.448  -17.549 0.0000000000
85292  -43.010  -3.917  -17.522 0.0000000000
85293  -43.703  -3.239  -17.153 0.0000000000
85294  -44.227  -2.947  -17.496 0.0000000000
85304  -35.807  -3.425  -18.325 0.0000000000
85305  -36.348  -3.414  -18.979 0.0000000000
85306  -42.912  -4.178  -18.748 0.0000000000
85307  -43.593  -3.594  -18.254 0.0000000000
85308  -44.139  -3.201  -18.087 0.0000000000
85325  -37.018  -3.368  -19.841 0.0000000000
85326  -37.512  -3.831  -20.075 0.0000000000
85327  -42.871  -3.886  -19.867 0.0000000000
85328  -43.649  -3.457  -19.334 0.0000000000
85329  -43.981  -3.333  -18.702 0.0000000000
85338  -37.226  -2.985  -20.413 0.0000000000
85339  -37.802  -3.466  -20.715 0.0000000000
85340  -38.502  -3.900  -20.905 0.0000000000
85341  -42.040  -3.803  -20.978 0.0000000000
85342  -42.664  -3.599  -20.618 0.0000000000
85343  -43.268  -3.329  -20.347 0.0000000000
85354  -38.073  -3.082  -21.364 0.0000000000
85355  -38.836  -3.449  -21.519 0.0000000000
85356  -40.064  -3.721  -21.671 0.0000000000
85357  -40.930  -3.637  -21.674 0.0000000000
85358  -41.678  -3.308  -21.660 0.0000000000
85359  -42.497  -3.246  -21.207 0.0000000000
85360  -42.956  -3.201  -20.864 0.0000000000
85372  -39.082  -2.942  -22.125 0.0000000000
85373  -39.663  -3.142  -22.133 0.0000000000
85374  -40.558  -3.211  -22.088 0.0000000000
85375  -41.137  -3.218  -21.953 0.0000000000
86316  -34.890  -2.582  2.393 0.0000000000
86317  -35.926  -2.420  2.565 0.0000000000
86318  -36.974  -2.411  2.435 0.0000000000
86319  -38.015  -2.433  1.954 0.0000000000
86320  -38.519  -3.005  1.799 0.0000000000
86326  -33.711  -2.378  1.135 0.0000000000
86327  -34.249  -2.251  1.942 0.0000000000
86328  -38.449  -1.966  1.522 0.0000000000
86329  -38.839  -2.586  1.330 0.0000000000
86334  -33.345  -2.489  0.039 0.0000000000
86345  -33.362  -2.449  -0.899 0.0000000000
86357  -33.452  -2.370  -1.851 0.0000000000
86371  -33.556  -2.326  -2.869 0.0000000000
86379  -33.740  -2.349  -3.872 0.0000000000
86387  -33.986  -2.227  -4.945 0.0000000000
86395  -33.875  -2.451  -6.014 0.0000000000
86403  -33.731  -2.395  -6.866 0.0000000000
86414  -32.811  -2.751  -8.781 0.0000000000
86418  -32.672  -2.565  -9.639 0.0000000000
86422  -32.467  -2.750  -10.640 0.0000000000
86423  -41.109  -2.910  -10.980 0.0000000000
86424  -41.952  -2.730  -10.728 0.0000000000
86425  -42.806  -2.492  -10.706 0.0000000000
86426  -43.754  -2.595  -10.645 0.0000000000
86427  -44.574  -2.521  -10.649 0.0000000000
86428  -45.183  -2.473  -10.788 0.0000000000
86431  -32.442  -2.749  -11.572 0.0000000000
86432  -40.882  -2.550  -11.856 0.0000000000
86433  -41.773  -2.225  -11.527 0.0000000000
86434  -42.290  -2.304  -11.089 0.0000000000
86435  -45.693  -2.363  -11.498 0.0000000000
86436  -46.059  -1.926  -12.003 0.0000000000
86441  -40.803  -2.447  -12.721 0.0000000000
86442  -41.365  -2.028  -12.297 0.0000000000
86443  -45.857  -2.616  -11.957 0.0000000000
86444  -46.343  -2.160  -12.420 0.0000000000
86445  -46.850  -1.667  -12.766 0.0000000000
86452  -41.001  -2.599  -13.550 0.0000000000
86453  -41.317  -2.031  -13.121 0.0000000000
86454  -46.722  -2.479  -13.091 0.0000000000
86455  -47.339  -2.056  -13.441 0.0000000000
86456  -47.949  -1.655  -13.776 0.0000000000
86463  -41.154  -2.718  -13.942 0.0000000000
86464  -41.598  -2.379  -14.078 0.0000000000
86465  -42.250  -2.071  -14.390 0.0000000000
86466  -47.809  -2.550  -14.454 0.0000000000
86467  -48.402  -1.983  -14.382 0.0000000000
86468  -49.599  -1.908  -14.824 0.0000000000
86469  -50.698  -1.896  -15.046 0.0000000000
86470  -51.746  -1.924  -14.994 0.0000000000
86471  -52.765  -1.937  -14.875 0.0000000000
86472  -53.726  -2.058  -14.768 0.0000000000
86473  -54.603  -2.285  -14.698 0.0000000000
86474  -55.476  -2.497  -14.621 0.0000000000
86487  -41.710  -2.803  -14.710 0.0000000000
86488  -42.222  -2.564  -14.926 0.0000000000
86489  -42.927  -2.253  -15.214 0.0000000000
86490  -47.878  -2.707  -14.856 0.0000000000
86491  -48.236  -2.639  -15.025 0.0000000000
86492  -49.172  -2.616  -15.301 0.0000000000
86493  -50.291  -2.690  -15.409 0.0000000000
86494  -51.363  -2.710  -15.373 0.0000000000
86499  -42.729  -2.802  -15.534 0.0000000000
86500  -43.405  -2.502  -15.849 0.0000000000
86501  -44.041  -2.224  -16.195 0.0000000000
86507  -43.815  -2.726  -16.485 0.0000000000
86508  -44.373  -2.455  -16.930 0.0000000000
86509  -44.928  -2.169  -17.463 0.0000000000
86525  -35.939  -2.807  -18.775 0.0000000000
86526  -44.592  -2.716  -17.881 0.0000000000
86527  -45.183  -2.251  -18.313 0.0000000000
86540  -36.323  -2.490  -19.437 0.0000000000
86541  -44.027  -3.165  -19.505 0.0000000000
86542  -44.447  -2.934  -19.091 0.0000000000
86543  -45.257  -2.086  -19.440 0.0000000000
86548  -36.872  -2.418  -20.309 0.0000000000
86549  -37.318  -2.702  -20.760 0.0000000000
86550  -43.946  -3.044  -20.023 0.0000000000
86551  -44.540  -2.322  -20.340 0.0000000000
86552  -45.213  -1.710  -20.242 0.0000000000
86559  -37.651  -2.511  -21.383 0.0000000000
86560  -38.185  -2.787  -21.704 0.0000000000
86561  -41.771  -2.979  -21.951 0.0000000000
86562  -42.228  -2.887  -21.794 0.0000000000
86563  -43.375  -2.612  -21.217 0.0000000000
86564  -44.270  -1.872  -21.175 0.0000000000
86570  -38.566  -2.537  -22.204 0.0000000000
86571  -39.344  -2.564  -22.555 0.0000000000
86572  -40.196  -2.724  -22.555 0.0000000000
86573  -41.399  -2.713  -22.359 0.0000000000
86574  -42.558  -2.318  -22.198 0.0000000000
86575  -43.279  -1.906  -22.083 0.0000000000
86583  -39.787  -2.287  -22.899 0.0000000000
86584  -40.470  -2.194  -22.993 0.0000000000
86585  -41.240  -1.983  -23.061 0.0000000000
87516  -34.600  -1.755  2.176 0.0000000000
87517  -35.262  -1.349  2.293 0.0000000000
87518  -36.356  -1.430  2.306 0.0000000000
87519  -37.300  -1.457  2.039 0.0000000000
87525  -33.572  -1.069  1.099 0.0000000000
87526  -34.160  -1.382  1.747 0.0000000000
87527  -34.655  -1.264  2.076 0.0000000000
87528  -38.073  -1.416  1.593 0.0000000000
87535  -33.368  -1.502  0.301 0.0000000000
87546  -33.340  -1.760  -0.466 0.0000000000
87560  -33.354  -1.560  -1.265 0.0000000000
87575  -33.503  -1.446  -2.277 0.0000000000
87586  -33.780  -1.406  -3.411 0.0000000000
87594  -34.037  -1.711  -4.183 0.0000000000
87626  -42.926  -2.084  -10.995 0.0000000000
87627  -43.310  -1.997  -10.970 0.0000000000
87628  -44.181  -1.805  -10.964 0.0000000000
87629  -44.898  -1.860  -10.813 0.0000000000
87633  -42.081  -1.873  -11.676 0.0000000000
87634  -42.605  -1.783  -11.465 0.0000000000
87635  -43.555  -1.349  -11.483 0.0000000000
87636  -44.237  -1.124  -11.562 0.0000000000
87637  -45.369  -1.776  -11.115 0.0000000000
87638  -45.724  -1.553  -11.661 0.0000000000
87642  -41.939  -1.698  -11.966 0.0000000000
87643  -42.407  -1.213  -12.333 0.0000000000
87644  -46.099  -1.410  -12.099 0.0000000000
87645  -46.576  -1.265  -12.458 0.0000000000
87650  -41.839  -1.603  -12.673 0.0000000000
87651  -42.378  -1.181  -13.105 0.0000000000
87652  -47.172  -1.173  -12.869 0.0000000000
87653  -47.789  -1.120  -13.425 0.0000000000
87654  -48.292  -0.809  -13.783 0.0000000000
87655  -53.757  -0.616  -14.468 0.0000000000
87656  -54.127  -0.690  -14.446 0.0000000000
87657  -54.925  -0.843  -14.344 0.0000000000
87669  -41.889  -1.710  -13.360 0.0000000000
87670  -42.503  -1.517  -13.938 0.0000000000
87671  -43.124  -1.260  -14.413 0.0000000000
87672  -48.266  -1.355  -13.916 0.0000000000
87673  -48.956  -1.100  -14.211 0.0000000000
87674  -50.063  -1.127  -14.519 0.0000000000
87675  -51.097  -1.121  -14.708 0.0000000000
87676  -52.136  -1.110  -14.641 0.0000000000
87677  -53.350  -0.944  -14.546 0.0000000000
87678  -54.334  -1.430  -14.535 0.0000000000
87679  -55.212  -1.653  -14.433 0.0000000000
87693  -42.746  -1.854  -14.661 0.0000000000
87694  -43.493  -1.506  -15.108 0.0000000000
87695  -44.128  -1.218  -15.467 0.0000000000
87701  -43.948  -1.804  -15.720 0.0000000000
87702  -44.520  -1.516  -16.130 0.0000000000
87703  -45.116  -1.268  -16.542 0.0000000000
87718  -44.898  -1.795  -16.870 0.0000000000
87719  -45.504  -1.502  -17.388 0.0000000000
87720  -46.175  -1.103  -17.887 0.0000000000
87736  -45.843  -1.550  -18.675 0.0000000000
87737  -46.306  -1.011  -18.703 0.0000000000
87744  -45.821  -1.253  -19.757 0.0000000000
87745  -46.151  -1.129  -19.177 0.0000000000
87751  -44.853  -1.553  -20.864 0.0000000000
87752  -45.396  -1.160  -20.646 0.0000000000
87759  -43.891  -1.655  -21.776 0.0000000000
87760  -44.599  -1.139  -21.576 0.0000000000
87761  -45.059  -1.086  -21.132 0.0000000000
87770  -42.065  -1.952  -22.886 0.0000000000
87771  -42.862  -1.643  -22.625 0.0000000000
87772  -43.604  -1.193  -22.466 0.0000000000
87773  -44.150  -1.165  -22.075 0.0000000000
87786  -41.594  -1.394  -23.413 0.0000000000
87787  -42.522  -1.265  -23.169 0.0000000000
87788  -43.089  -1.183  -22.872 0.0000000000
88903  -44.743  -1.315  -11.320 0.0000000000
88904  -44.944  -1.477  -11.073 0.0000000000
88907  -43.149  -0.906  -12.131 0.0000000000
88908  -43.941  -0.691  -12.098 0.0000000000
88909  -44.730  -0.498  -12.073 0.0000000000
88910  -45.284  -1.030  -11.667 0.0000000000
88911  -45.782  -0.875  -12.074 0.0000000000
88914  -42.967  -0.657  -12.865 0.0000000000
88915  -43.733  -0.257  -12.756 0.0000000000
88916  -44.316  -0.143  -12.534 0.0000000000
88917  -46.250  -0.765  -12.296 0.0000000000
88918  -46.787  -0.471  -12.641 0.0000000000
88924  -43.030  -0.810  -13.605 0.0000000000
88925  -43.553  -0.250  -13.446 0.0000000000
88926  -47.412  -0.371  -13.082 0.0000000000
88927  -47.931  -0.248  -13.498 0.0000000000
88928  -48.615  -0.151  -13.863 0.0000000000
88929  -53.755  -0.159  -14.397 0.0000000000
88930  -54.558  -0.053  -14.282 0.0000000000
88942  -43.105  -0.999  -14.060 0.0000000000
88943  -43.753  -0.502  -14.365 0.0000000000
88944  -44.422  -0.057  -14.620 0.0000000000
88945  -49.494  -0.220  -14.211 0.0000000000
88946  -50.463  -0.261  -14.443 0.0000000000
88947  -51.441  -0.269  -14.548 0.0000000000
88948  -52.398  -0.216  -14.498 0.0000000000
88949  -53.093  -0.052  -14.428 0.0000000000
88954  -43.988  -0.879  -15.083 0.0000000000
88955  -44.652  -0.456  -15.360 0.0000000000
88956  -45.327  -0.066  -15.614 0.0000000000
88962  -44.954  -0.920  -16.104 0.0000000000
88963  -45.620  -0.521  -16.389 0.0000000000
88964  -46.325  -0.116  -16.759 0.0000000000
88980  -45.905  -0.941  -17.223 0.0000000000
88981  -46.295  -0.553  -17.287 0.0000000000
88991  -46.685  -0.524  -18.223 0.0000000000
88992  -47.089  -0.100  -18.700 0.0000000000
88998  -46.093  -0.873  -19.877 0.0000000000
88999  -46.503  -0.577  -19.501 0.0000000000
89000  -47.263  0.124  -19.272 0.0000000000
89006  -45.941  -0.773  -20.330 0.0000000000
89007  -46.328  -0.152  -20.638 0.0000000000
89012  -44.776  -0.721  -21.776 0.0000000000
89013  -45.356  -0.472  -21.402 0.0000000000
89014  -46.126  0.295  -21.309 0.0000000000
89021  -43.775  -0.785  -22.674 0.0000000000
89022  -44.367  -0.556  -22.355 0.0000000000
89023  -45.103  0.167  -22.216 0.0000000000
89037  -42.067  -0.649  -23.808 0.0000000000
89038  -43.323  -0.593  -23.178 0.0000000000
89039  -44.067  0.089  -23.159 0.0000000000
90295  -45.097  0.053  -12.403 0.0000000000
90296  -45.369  -0.228  -12.204 0.0000000000
90297  -45.607  -0.516  -12.112 0.0000000000
90300  -44.313  0.204  -12.938 0.0000000000
90301  -44.878  0.392  -12.753 0.0000000000
90302  -45.454  0.437  -12.538 0.0000000000
90303  -46.152  0.094  -12.383 0.0000000000
90304  -47.339  0.535  -12.893 0.0000000000
90305  -47.937  1.095  -12.979 0.0000000000
90317  -44.118  0.183  -13.374 0.0000000000
90318  -44.654  0.528  -13.302 0.0000000000
90319  -47.667  0.181  -13.213 0.0000000000
90320  -48.217  0.685  -13.325 0.0000000000
90321  -49.093  0.702  -13.847 0.0000000000
90322  -54.006  0.856  -14.249 0.0000000000
90335  -43.965  0.059  -13.804 0.0000000000
90336  -44.631  0.448  -14.080 0.0000000000
90337  -45.261  0.837  -14.291 0.0000000000
90338  -49.905  0.657  -14.213 0.0000000000
90339  -50.800  0.636  -14.422 0.0000000000
90340  -51.726  0.618  -14.519 0.0000000000
90341  -52.611  0.649  -14.480 0.0000000000
90342  -53.317  0.554  -14.392 0.0000000000
90348  -44.756  0.150  -14.746 0.0000000000
90349  -45.433  0.557  -15.014 0.0000000000
90350  -46.127  0.999  -15.273 0.0000000000
90363  -45.687  0.143  -15.755 0.0000000000
90364  -46.459  0.584  -16.049 0.0000000000
90365  -47.213  1.161  -16.283 0.0000000000
90379  -46.882  0.102  -17.375 0.0000000000
90380  -47.385  0.870  -16.943 0.0000000000
90387  -47.136  -0.009  -18.149 0.0000000000
90388  -47.727  0.659  -18.313 0.0000000000
90389  -48.395  1.336  -18.613 0.0000000000
90394  -47.069  0.239  -20.128 0.0000000000
90395  -47.746  0.632  -19.633 0.0000000000
90396  -48.313  1.139  -19.314 0.0000000000
90402  -46.770  0.601  -20.934 0.0000000000
90403  -47.634  1.040  -20.602 0.0000000000
90404  -48.117  1.047  -19.999 0.0000000000
90409  -45.729  0.513  -21.897 0.0000000000
90410  -46.439  0.997  -21.632 0.0000000000
90411  -47.058  1.186  -21.246 0.0000000000
90418  -44.657  0.441  -22.787 0.0000000000
90419  -45.315  0.964  -22.549 0.0000000000
90420  -45.968  1.171  -22.199 0.0000000000
90430  -42.685  -0.014  -23.957 0.0000000000
90431  -43.467  0.483  -23.822 0.0000000000
90432  -44.269  0.851  -23.402 0.0000000000
90433  -44.807  1.115  -23.062 0.0000000000
91646  -45.095  0.721  -12.978 0.0000000000
91647  -45.359  0.891  -12.965 0.0000000000
91648  -45.987  1.085  -12.696 0.0000000000
91649  -46.882  1.223  -12.798 0.0000000000
91650  -47.864  1.611  -12.937 0.0000000000
91651  -48.634  2.041  -13.158 0.0000000000
91663  -45.072  0.762  -13.201 0.0000000000
91664  -45.383  1.075  -13.414 0.0000000000
91665  -48.336  1.451  -13.100 0.0000000000
91666  -49.057  1.700  -13.422 0.0000000000
91667  -49.738  1.999  -13.640 0.0000000000
91668  -53.794  1.698  -14.203 0.0000000000
91675  -45.055  0.787  -13.546 0.0000000000
91676  -45.408  1.123  -13.896 0.0000000000
91677  -45.872  1.467  -14.193 0.0000000000
91678  -49.562  1.375  -13.857 0.0000000000
91679  -50.255  1.617  -14.085 0.0000000000
91680  -51.100  1.485  -14.370 0.0000000000
91681  -51.991  1.525  -14.461 0.0000000000
91682  -53.051  1.596  -14.316 0.0000000000
91688  -45.597  1.142  -14.392 0.0000000000
91689  -46.174  1.430  -14.748 0.0000000000
91690  -46.808  1.773  -15.108 0.0000000000
91702  -46.536  1.302  -15.356 0.0000000000
91703  -47.150  1.605  -15.744 0.0000000000
91712  -47.682  1.686  -16.549 0.0000000000
91713  -48.185  1.985  -17.062 0.0000000000
91721  -47.914  1.379  -17.337 0.0000000000
91722  -48.458  1.751  -17.875 0.0000000000
91728  -48.965  1.893  -18.941 0.0000000000
91729  -49.305  2.185  -19.455 0.0000000000
91735  -47.990  1.529  -20.861 0.0000000000
91736  -48.546  1.646  -20.310 0.0000000000
91737  -49.100  1.969  -19.749 0.0000000000
91743  -46.932  1.496  -21.664 0.0000000000
91744  -47.587  1.745  -21.400 0.0000000000
91745  -48.147  1.778  -21.007 0.0000000000
91751  -45.814  1.688  -22.744 0.0000000000
91752  -46.554  1.668  -22.178 0.0000000000
91753  -47.106  1.815  -21.892 0.0000000000
91763  -44.663  1.670  -23.644 0.0000000000
91764  -45.226  1.541  -23.086 0.0000000000
92999  -45.818  1.371  -13.232 0.0000000000
93000  -46.548  1.678  -13.165 0.0000000000
93001  -47.427  2.083  -13.092 0.0000000000
93002  -48.456  2.598  -13.222 0.0000000000
93003  -49.481  2.722  -13.207 0.0000000000
93004  -50.130  3.193  -13.180 0.0000000000
93016  -45.710  1.373  -13.627 0.0000000000
93017  -46.222  1.686  -13.650 0.0000000000
93018  -47.106  2.334  -13.714 0.0000000000
93019  -47.796  2.557  -13.421 0.0000000000
93020  -49.632  2.338  -13.424 0.0000000000
93021  -50.375  2.720  -13.555 0.0000000000
93022  -51.451  3.120  -13.797 0.0000000000
93023  -52.450  3.156  -13.995 0.0000000000
93024  -53.577  2.642  -14.032 0.0000000000
93032  -45.891  1.533  -13.901 0.0000000000
93033  -46.419  1.875  -14.183 0.0000000000
93034  -47.117  2.413  -14.426 0.0000000000
93035  -50.697  2.096  -14.100 0.0000000000
93036  -51.258  2.302  -14.172 0.0000000000
93037  -52.166  2.410  -14.233 0.0000000000
93038  -52.821  2.473  -14.185 0.0000000000
93045  -46.784  1.995  -14.699 0.0000000000
93046  -47.386  2.405  -15.165 0.0000000000
93047  -47.972  2.857  -15.613 0.0000000000
93060  -47.735  2.354  -15.982 0.0000000000
93061  -48.235  2.958  -16.228 0.0000000000
93070  -48.081  2.377  -16.581 0.0000000000
93071  -48.601  2.752  -17.078 0.0000000000
93072  -49.107  3.131  -17.463 0.0000000000
93079  -49.002  2.492  -17.940 0.0000000000
93080  -49.407  3.006  -18.004 0.0000000000
93085  -49.271  2.491  -18.424 0.0000000000
93086  -49.639  2.609  -18.875 0.0000000000
93087  -50.065  2.870  -19.416 0.0000000000
93093  -48.787  2.092  -20.639 0.0000000000
93094  -49.399  2.370  -20.222 0.0000000000
93095  -50.189  2.974  -20.030 0.0000000000
93100  -47.751  2.165  -21.649 0.0000000000
93101  -48.397  2.300  -21.309 0.0000000000
93102  -49.282  2.860  -21.227 0.0000000000
93108  -45.875  2.022  -23.004 0.0000000000
93109  -46.258  2.147  -22.781 0.0000000000
93110  -47.322  2.409  -22.234 0.0000000000
93111  -48.154  3.001  -22.144 0.0000000000
93120  -45.485  2.275  -23.415 0.0000000000
93121  -46.486  2.795  -23.103 0.0000000000
94252  -48.735  3.260  -13.271 0.0000000000
94253  -49.327  3.353  -13.109 0.0000000000
94254  -50.108  3.574  -13.067 0.0000000000
94255  -50.569  3.830  -13.085 0.0000000000
94266  -47.507  2.713  -14.150 0.0000000000
94267  -48.166  3.101  -13.821 0.0000000000
94268  -50.434  3.496  -13.182 0.0000000000
94269  -50.908  3.730  -13.293 0.0000000000
94270  -51.847  3.939  -13.562 0.0000000000
94271  -52.977  3.899  -13.741 0.0000000000
94280  -47.719  2.888  -14.584 0.0000000000
94281  -48.278  3.512  -14.721 0.0000000000
94288  -47.969  3.035  -15.143 0.0000000000
94289  -48.375  3.545  -15.608 0.0000000000
94301  -48.782  3.620  -16.436 0.0000000000
94302  -49.259  3.950  -16.707 0.0000000000
94309  -49.053  3.473  -16.995 0.0000000000
94310  -49.572  3.770  -17.287 0.0000000000
94311  -50.143  4.045  -17.560 0.0000000000
94319  -49.927  3.415  -18.069 0.0000000000
94320  -50.571  3.871  -18.150 0.0000000000
94321  -51.132  4.064  -18.502 0.0000000000
94328  -50.208  3.210  -18.726 0.0000000000
94329  -50.753  3.421  -19.280 0.0000000000
94330  -51.547  4.004  -19.180 0.0000000000
94337  -49.977  3.080  -20.814 0.0000000000
94338  -50.636  3.363  -20.370 0.0000000000
94339  -51.273  3.696  -20.141 0.0000000000
94344  -48.832  3.213  -21.841 0.0000000000
94345  -49.705  3.566  -21.707 0.0000000000
94346  -50.539  3.632  -21.108 0.0000000000
94347  -50.969  3.706  -20.716 0.0000000000
95534  -49.044  3.835  -13.355 0.0000000000
95535  -49.865  4.078  -13.033 0.0000000000
95536  -50.534  4.128  -13.048 0.0000000000
95537  -50.817  4.050  -13.109 0.0000000000
95547  -48.807  4.098  -14.114 0.0000000000
95548  -49.660  4.661  -13.610 0.0000000000
95549  -50.426  4.709  -13.217 0.0000000000
95550  -51.217  4.556  -13.225 0.0000000000
95551  -52.403  4.764  -13.459 0.0000000000
95552  -53.567  4.809  -13.605 0.0000000000
95562  -48.782  4.240  -15.050 0.0000000000
95563  -49.335  4.776  -14.484 0.0000000000
95569  -48.965  4.239  -15.929 0.0000000000
95570  -49.343  4.824  -15.417 0.0000000000
95580  -49.170  4.144  -16.393 0.0000000000
95581  -49.663  4.701  -16.504 0.0000000000
95582  -50.257  5.225  -16.697 0.0000000000
95589  -49.962  4.378  -17.189 0.0000000000
95590  -50.586  4.850  -17.381 0.0000000000
95591  -51.226  5.298  -17.554 0.0000000000
95598  -50.954  4.437  -18.049 0.0000000000
95599  -51.628  4.881  -18.218 0.0000000000
95600  -52.255  5.340  -18.323 0.0000000000
95607  -52.134  4.469  -19.220 0.0000000000
95608  -52.583  5.070  -18.932 0.0000000000
95609  -53.017  5.248  -19.306 0.0000000000
95615  -51.944  4.136  -20.050 0.0000000000
95616  -52.643  4.695  -19.969 0.0000000000
95617  -52.905  5.049  -19.538 0.0000000000
95624  -50.472  4.057  -21.688 0.0000000000
95625  -51.415  4.245  -21.144 0.0000000000
95626  -52.136  4.502  -20.577 0.0000000000
96785  -49.915  5.028  -13.708 0.0000000000
96786  -50.211  5.163  -13.654 0.0000000000
96787  -50.979  5.489  -13.581 0.0000000000
96788  -51.956  5.505  -13.531 0.0000000000
96789  -53.047  5.647  -13.691 0.0000000000
96800  -49.863  5.159  -14.042 0.0000000000
96801  -50.439  5.645  -14.282 0.0000000000
96802  -50.919  5.821  -14.019 0.0000000000
96809  -49.784  5.316  -14.821 0.0000000000
96810  -50.212  5.744  -15.158 0.0000000000
96819  -49.792  5.331  -15.623 0.0000000000
96820  -50.298  5.674  -16.089 0.0000000000
96821  -50.850  5.951  -16.456 0.0000000000
96829  -50.612  5.526  -16.747 0.0000000000
96830  -51.199  5.792  -17.060 0.0000000000
96831  -51.815  6.069  -17.352 0.0000000000
96839  -51.600  5.584  -17.588 0.0000000000
96840  -52.226  5.832  -17.867 0.0000000000
96841  -52.844  6.039  -18.173 0.0000000000
96849  -52.615  5.587  -18.391 0.0000000000
96850  -53.157  5.702  -18.845 0.0000000000
96857  -52.796  5.021  -20.339 0.0000000000
96858  -53.290  5.307  -19.976 0.0000000000
96866  -51.737  4.792  -21.504 0.0000000000
96867  -52.441  5.086  -21.070 0.0000000000
96868  -53.331  5.814  -20.908 0.0000000000
98037  -51.157  5.898  -13.945 0.0000000000
98038  -51.638  6.033  -13.951 0.0000000000
98039  -52.598  6.260  -14.006 0.0000000000
98049  -50.584  5.949  -14.805 0.0000000000
98050  -51.107  6.084  -14.523 0.0000000000
98051  -52.170  6.476  -14.769 0.0000000000
98052  -53.199  6.897  -14.602 0.0000000000
98059  -50.683  6.102  -15.321 0.0000000000
98060  -51.401  6.336  -15.427 0.0000000000
98061  -52.215  6.699  -15.744 0.0000000000
98069  -50.870  6.187  -15.945 0.0000000000
98070  -51.479  6.341  -16.312 0.0000000000
98071  -52.304  6.729  -16.543 0.0000000000
98077  -51.801  6.359  -16.928 0.0000000000
98078  -52.451  6.611  -17.275 0.0000000000
98079  -53.062  6.871  -17.544 0.0000000000
98086  -52.794  6.412  -17.773 0.0000000000
98087  -53.439  6.670  -18.174 0.0000000000
98088  -54.105  7.075  -18.537 0.0000000000
98096  -53.952  6.325  -19.276 0.0000000000
98097  -54.550  7.146  -19.160 0.0000000000
98106  -53.968  6.143  -20.419 0.0000000000
98107  -54.532  6.707  -20.088 0.0000000000
99366  -53.009  7.107  -15.339 0.0000000000
99367  -53.772  7.490  -15.090 0.0000000000
99376  -52.950  7.212  -16.145 0.0000000000
99377  -53.719  7.811  -15.830 0.0000000000
99387  -52.924  7.210  -16.875 0.0000000000
99388  -53.469  7.698  -16.589 0.0000000000
99397  -53.006  7.079  -17.260 0.0000000000
99398  -53.633  7.550  -17.397 0.0000000000
99399  -54.241  8.043  -17.475 0.0000000000
99408  -53.923  7.330  -18.056 0.0000000000
99409  -54.541  7.887  -18.175 0.0000000000
99410  -55.070  8.423  -18.269 0.0000000000
99418  -54.984  7.638  -19.105 0.0000000000
99419  -55.237  8.125  -18.787 0.0000000000
100606  -54.090  8.265  -16.083 0.0000000000
100616  -53.925  8.123  -16.458 0.0000000000
100617  -54.352  8.510  -16.392 0.0000000000
100626  -53.781  7.961  -16.858 0.0000000000
100627  -54.137  8.272  -17.002 0.0000000000
100628  -54.706  8.799  -16.936 0.0000000000
100642  -54.544  8.406  -17.451 0.0000000000
100643  -55.106  8.830  -17.726 0.0000000000
