#!ascii label  , from subject colin27_FS vox2ras=TkReg
1502
122965  3.698  28.107  9.032 0.0000000000
122970  6.899  27.814  8.630 0.0000000000
122971  4.835  27.836  8.894 0.0000000000
122972  4.512  28.088  8.779 0.0000000000
122980  6.974  27.684  6.906 0.0000000000
122981  6.374  27.306  6.579 0.0000000000
123944  5.775  27.845  8.965 0.0000000000
123945  5.271  27.823  8.912 0.0000000000
123946  3.753  28.324  8.868 0.0000000000
123947  3.549  28.566  9.158 0.0000000000
123951  7.083  28.239  8.332 0.0000000000
123952  6.372  28.283  8.694 0.0000000000
123953  5.169  28.371  8.748 0.0000000000
123954  4.155  28.555  8.581 0.0000000000
123955  3.646  28.882  8.735 0.0000000000
123959  7.316  28.185  7.845 0.0000000000
123968  7.223  28.350  7.186 0.0000000000
123969  6.724  28.411  6.442 0.0000000000
123983  6.492  28.930  6.053 0.0000000000
124924  3.605  29.061  9.617 0.0000000000
124935  3.828  29.714  9.614 0.0000000000
124936  3.474  29.540  8.989 0.0000000000
124943  7.229  28.662  8.033 0.0000000000
124944  6.813  29.029  8.234 0.0000000000
124945  5.862  29.174  8.519 0.0000000000
124946  4.777  29.344  8.440 0.0000000000
124947  3.845  29.643  8.352 0.0000000000
124956  7.209  29.099  7.614 0.0000000000
124957  6.901  29.775  7.862 0.0000000000
124968  7.246  29.343  6.841 0.0000000000
124969  6.851  29.432  6.230 0.0000000000
124981  6.362  29.434  5.786 0.0000000000
125899  4.918  30.352  10.518 0.0000000000
125900  4.312  30.341  9.886 0.0000000000
125913  3.712  30.506  9.233 0.0000000000
125914  3.634  30.511  8.532 0.0000000000
125930  6.346  29.731  8.156 0.0000000000
125931  5.508  30.009  8.180 0.0000000000
125932  4.495  30.262  8.065 0.0000000000
125933  3.796  30.725  7.948 0.0000000000
125950  7.196  30.307  7.255 0.0000000000
125951  6.323  30.547  7.769 0.0000000000
125952  5.198  30.875  7.904 0.0000000000
125953  4.286  31.031  7.774 0.0000000000
125954  3.904  31.182  7.748 0.0000000000
125964  7.127  30.401  6.369 0.0000000000
125965  6.812  30.049  5.875 0.0000000000
125973  6.963  30.716  5.718 0.0000000000
125974  6.328  30.314  5.412 0.0000000000
126927  6.090  32.238  13.646 0.0000000000
126943  5.883  32.027  13.435 0.0000000000
126955  5.913  31.374  11.618 0.0000000000
126966  5.400  31.424  10.541 0.0000000000
126967  4.769  30.893  10.111 0.0000000000
126987  5.161  32.047  9.916 0.0000000000
126988  4.475  31.466  9.523 0.0000000000
126989  3.682  31.382  8.719 0.0000000000
127012  3.622  31.313  8.139 0.0000000000
127033  6.807  31.419  7.266 0.0000000000
127034  5.862  31.613  7.617 0.0000000000
127035  4.748  31.651  7.676 0.0000000000
127036  4.027  31.550  7.610 0.0000000000
127037  3.781  31.413  7.808 0.0000000000
127054  7.166  31.371  6.666 0.0000000000
127063  7.304  31.488  5.892 0.0000000000
127064  6.667  31.396  5.184 0.0000000000
127065  6.088  30.863  5.058 0.0000000000
127071  6.366  31.840  4.789 0.0000000000
127072  5.757  31.417  4.683 0.0000000000
127928  7.942  31.864  13.296 0.0000000000
127929  7.268  32.278  13.360 0.0000000000
127930  6.405  32.527  13.491 0.0000000000
127931  5.867  32.660  13.447 0.0000000000
127947  12.293  32.765  12.810 0.0000000000
127948  11.664  32.381  12.348 0.0000000000
127949  10.814  32.202  12.098 0.0000000000
127950  9.767  32.245  12.187 0.0000000000
127951  8.417  32.401  12.644 0.0000000000
127952  7.420  32.931  12.879 0.0000000000
127953  5.874  31.785  12.665 0.0000000000
127954  5.745  32.401  12.810 0.0000000000
127971  12.010  33.049  12.059 0.0000000000
127972  11.337  32.892  11.702 0.0000000000
127973  10.364  32.847  11.583 0.0000000000
127974  9.282  32.968  11.745 0.0000000000
127975  8.414  33.257  12.005 0.0000000000
127976  5.933  31.879  12.234 0.0000000000
127977  5.880  32.428  11.594 0.0000000000
127996  5.590  32.628  10.391 0.0000000000
128015  4.954  32.748  9.435 0.0000000000
128016  4.013  32.475  8.692 0.0000000000
128017  3.688  31.940  8.242 0.0000000000
128032  3.748  32.674  7.941 0.0000000000
128033  3.732  31.898  7.859 0.0000000000
128046  7.102  32.001  6.900 0.0000000000
128047  6.467  32.531  7.102 0.0000000000
128048  5.257  32.427  7.471 0.0000000000
128049  4.182  32.323  7.548 0.0000000000
128050  3.861  31.794  7.699 0.0000000000
128064  7.213  32.563  6.294 0.0000000000
128065  6.808  33.166  6.633 0.0000000000
128080  7.129  32.469  5.292 0.0000000000
128081  6.715  32.154  4.845 0.0000000000
128092  6.792  32.746  4.680 0.0000000000
128093  6.191  32.400  4.506 0.0000000000
128094  5.345  32.347  4.169 0.0000000000
128868  6.853  33.011  13.152 0.0000000000
128869  6.225  33.231  13.281 0.0000000000
128870  5.738  33.211  13.114 0.0000000000
128885  12.377  33.850  12.282 0.0000000000
128886  7.760  33.229  12.443 0.0000000000
128887  6.895  33.693  12.724 0.0000000000
128888  5.948  33.909  13.033 0.0000000000
128889  5.713  33.552  12.359 0.0000000000
128899  11.836  33.653  11.546 0.0000000000
128900  10.973  33.603  11.097 0.0000000000
128901  9.909  33.535  11.165 0.0000000000
128902  8.875  33.853  11.320 0.0000000000
128903  7.732  33.908  11.970 0.0000000000
128904  7.109  34.142  12.300 0.0000000000
128905  5.795  33.601  11.161 0.0000000000
128914  10.340  34.063  10.782 0.0000000000
128915  9.569  34.144  10.838 0.0000000000
128916  9.087  34.239  10.923 0.0000000000
128917  5.639  33.627  10.022 0.0000000000
128926  5.092  33.783  9.201 0.0000000000
128927  4.500  33.316  8.790 0.0000000000
128936  4.686  33.936  8.588 0.0000000000
128937  4.142  33.567  8.194 0.0000000000
128948  5.587  33.124  7.218 0.0000000000
128949  4.789  33.122  7.355 0.0000000000
128950  4.303  33.406  7.592 0.0000000000
128960  7.037  33.865  6.254 0.0000000000
128961  6.182  33.693  6.857 0.0000000000
128962  5.180  33.721  7.173 0.0000000000
128963  4.696  33.619  7.364 0.0000000000
128974  7.306  33.556  5.456 0.0000000000
128987  7.129  33.386  4.719 0.0000000000
128988  6.462  33.359  4.165 0.0000000000
128989  5.863  32.883  4.143 0.0000000000
129001  6.165  33.903  3.691 0.0000000000
129002  5.476  33.402  3.717 0.0000000000
129724  12.544  34.825  12.159 0.0000000000
129725  6.827  34.225  12.408 0.0000000000
129726  6.402  34.299  12.472 0.0000000000
129727  5.907  34.323  12.438 0.0000000000
129735  12.223  34.595  11.467 0.0000000000
129736  11.647  34.196  11.040 0.0000000000
129737  8.810  34.334  10.987 0.0000000000
129738  8.209  34.632  11.182 0.0000000000
129739  7.021  34.643  11.921 0.0000000000
129740  6.176  34.918  12.115 0.0000000000
129741  5.734  34.647  11.747 0.0000000000
129748  11.834  34.820  10.824 0.0000000000
129749  11.082  34.520  10.568 0.0000000000
129750  10.096  34.630  10.408 0.0000000000
129751  9.073  34.694  10.641 0.0000000000
129752  8.516  34.965  10.736 0.0000000000
129753  5.726  34.567  10.695 0.0000000000
129761  5.560  34.539  9.717 0.0000000000
129769  5.201  34.557  8.861 0.0000000000
129770  4.661  34.505  8.231 0.0000000000
129780  4.541  34.327  7.676 0.0000000000
129790  6.931  34.531  6.073 0.0000000000
129791  6.332  34.711  6.362 0.0000000000
129792  5.354  34.470  6.808 0.0000000000
129793  4.748  34.129  7.304 0.0000000000
129804  7.182  34.670  5.591 0.0000000000
129805  6.808  34.834  5.992 0.0000000000
129818  7.333  34.398  4.607 0.0000000000
129819  7.022  33.858  4.276 0.0000000000
129835  7.236  34.849  4.006 0.0000000000
129836  6.780  34.374  3.804 0.0000000000
129837  5.841  34.558  3.281 0.0000000000
129853  5.650  35.165  2.858 0.0000000000
130660  12.594  35.553  11.724 0.0000000000
130661  8.176  35.201  10.812 0.0000000000
130662  7.484  35.474  11.100 0.0000000000
130663  6.567  35.424  11.594 0.0000000000
130664  6.020  35.535  11.622 0.0000000000
130677  12.334  35.462  10.944 0.0000000000
130678  11.682  35.466  10.299 0.0000000000
130679  10.766  35.209  10.057 0.0000000000
130680  9.729  35.450  10.035 0.0000000000
130681  8.659  35.418  10.442 0.0000000000
130682  8.054  35.553  10.656 0.0000000000
130683  5.761  35.511  11.043 0.0000000000
130697  11.663  35.811  9.987 0.0000000000
130698  11.316  35.756  9.843 0.0000000000
130699  10.577  35.755  9.731 0.0000000000
130700  5.701  35.298  10.267 0.0000000000
130713  5.565  35.416  9.435 0.0000000000
130714  5.210  35.342  8.521 0.0000000000
130730  4.792  35.277  7.808 0.0000000000
130745  6.022  35.333  6.268 0.0000000000
130746  5.404  35.389  6.441 0.0000000000
130747  4.647  35.190  7.026 0.0000000000
130761  7.123  35.442  5.395 0.0000000000
130762  6.519  35.404  5.890 0.0000000000
130763  5.760  35.698  6.142 0.0000000000
130776  7.397  35.265  4.941 0.0000000000
130793  7.365  35.340  4.257 0.0000000000
130794  7.041  35.347  3.527 0.0000000000
130795  6.502  34.942  3.374 0.0000000000
130812  6.913  35.768  3.086 0.0000000000
130813  6.320  35.481  2.918 0.0000000000
131669  7.268  36.060  10.891 0.0000000000
131670  6.739  35.974  11.191 0.0000000000
131671  6.315  35.847  11.417 0.0000000000
131691  12.887  36.534  11.183 0.0000000000
131692  12.362  36.026  10.475 0.0000000000
131693  9.604  35.875  9.825 0.0000000000
131694  9.134  35.952  9.947 0.0000000000
131695  7.957  36.146  10.318 0.0000000000
131696  6.991  36.505  10.754 0.0000000000
131697  6.165  36.377  11.072 0.0000000000
131716  12.646  36.622  10.342 0.0000000000
131717  11.975  36.232  9.865 0.0000000000
131718  11.105  36.275  9.473 0.0000000000
131719  9.963  36.243  9.550 0.0000000000
131720  8.951  36.635  9.642 0.0000000000
131721  8.171  36.947  9.796 0.0000000000
131722  5.740  36.296  10.256 0.0000000000
131738  5.538  36.407  9.069 0.0000000000
131739  5.153  36.021  8.188 0.0000000000
131755  5.269  36.754  8.337 0.0000000000
131756  4.933  36.354  7.533 0.0000000000
131771  5.334  35.936  6.176 0.0000000000
131772  4.839  36.389  6.464 0.0000000000
131784  7.284  35.728  5.128 0.0000000000
131785  6.855  36.101  5.386 0.0000000000
131786  5.729  36.357  5.835 0.0000000000
131787  4.896  37.059  5.826 0.0000000000
131797  7.387  36.030  4.722 0.0000000000
131798  6.983  36.661  4.978 0.0000000000
131807  7.465  36.149  3.849 0.0000000000
131808  7.211  36.004  3.265 0.0000000000
131819  7.343  36.533  3.276 0.0000000000
131820  6.955  36.282  2.785 0.0000000000
131821  6.077  36.325  2.350 0.0000000000
132603  13.029  37.137  10.555 0.0000000000
132604  7.431  37.034  10.203 0.0000000000
132605  6.657  37.207  10.503 0.0000000000
132606  5.965  37.348  10.542 0.0000000000
132613  12.786  37.292  9.811 0.0000000000
132614  11.858  36.953  9.278 0.0000000000
132615  10.876  36.959  9.051 0.0000000000
132616  9.812  37.219  9.089 0.0000000000
132617  8.795  37.386  9.376 0.0000000000
132618  7.926  37.600  9.672 0.0000000000
132619  5.649  37.390  9.841 0.0000000000
132626  12.413  37.645  9.203 0.0000000000
132627  11.726  37.635  8.850 0.0000000000
132628  10.800  37.717  8.688 0.0000000000
132629  10.048  37.910  8.710 0.0000000000
132630  5.438  37.506  8.986 0.0000000000
132638  5.206  37.472  8.091 0.0000000000
132639  4.933  37.448  7.233 0.0000000000
132652  4.720  37.673  6.442 0.0000000000
132668  6.372  36.804  5.324 0.0000000000
132669  5.591  37.393  5.402 0.0000000000
132670  4.758  37.920  5.702 0.0000000000
132687  7.301  36.826  4.418 0.0000000000
132688  6.589  37.377  4.863 0.0000000000
132689  5.852  37.980  4.952 0.0000000000
132703  7.453  37.038  3.712 0.0000000000
132715  7.419  37.187  2.914 0.0000000000
132716  6.847  36.938  2.297 0.0000000000
132717  6.219  36.980  1.996 0.0000000000
132723  7.254  37.588  2.325 0.0000000000
132724  6.775  37.485  1.847 0.0000000000
133466  7.212  37.730  10.128 0.0000000000
133467  6.546  38.105  10.200 0.0000000000
133468  5.865  38.180  10.144 0.0000000000
133476  12.964  38.039  9.388 0.0000000000
133477  9.371  37.812  8.970 0.0000000000
133478  8.633  38.086  9.151 0.0000000000
133479  7.558  38.429  9.542 0.0000000000
133480  6.713  38.744  9.784 0.0000000000
133481  5.518  38.336  9.629 0.0000000000
133487  13.252  38.672  9.367 0.0000000000
133488  12.614  38.371  8.868 0.0000000000
133489  11.671  38.350  8.462 0.0000000000
133490  10.695  38.387  8.378 0.0000000000
133491  9.620  38.450  8.571 0.0000000000
133492  8.610  38.802  8.786 0.0000000000
133493  7.862  39.132  9.032 0.0000000000
133494  5.295  38.508  8.772 0.0000000000
133495  5.036  38.932  8.212 0.0000000000
133500  5.144  38.221  7.895 0.0000000000
133501  4.849  38.616  7.331 0.0000000000
133504  4.553  38.704  6.392 0.0000000000
133512  5.148  38.122  5.174 0.0000000000
133513  4.587  38.848  5.446 0.0000000000
133528  7.155  37.524  4.257 0.0000000000
133529  6.516  38.202  4.428 0.0000000000
133530  5.412  38.670  4.715 0.0000000000
133531  4.741  39.346  4.846 0.0000000000
133548  7.316  37.976  3.667 0.0000000000
133549  6.806  38.705  3.953 0.0000000000
133567  7.468  38.134  2.794 0.0000000000
133574  7.400  38.255  1.982 0.0000000000
133575  6.709  38.043  1.443 0.0000000000
133581  7.240  38.661  1.453 0.0000000000
133582  6.718  38.571  0.983 0.0000000000
134354  6.196  38.704  10.052 0.0000000000
134355  5.771  38.865  9.979 0.0000000000
134361  7.171  39.090  9.407 0.0000000000
134362  6.378  39.328  9.564 0.0000000000
134363  5.502  39.301  9.495 0.0000000000
134368  13.302  39.320  9.017 0.0000000000
134369  12.561  39.201  8.324 0.0000000000
134370  11.528  38.974  8.063 0.0000000000
134371  10.555  39.031  8.082 0.0000000000
134372  9.568  39.217  8.209 0.0000000000
134373  8.571  39.559  8.409 0.0000000000
134374  7.424  39.680  8.907 0.0000000000
134375  6.623  40.017  9.031 0.0000000000
134376  5.141  39.534  8.807 0.0000000000
134377  4.856  39.647  8.087 0.0000000000
134381  12.181  39.530  7.811 0.0000000000
134382  11.435  39.543  7.652 0.0000000000
134383  10.497  39.620  7.660 0.0000000000
134384  9.581  39.823  7.762 0.0000000000
134385  8.855  40.105  7.872 0.0000000000
134386  4.666  39.623  7.218 0.0000000000
134389  4.497  39.707  6.344 0.0000000000
134396  4.453  39.897  5.495 0.0000000000
134409  6.130  38.922  4.262 0.0000000000
134410  5.394  39.512  4.295 0.0000000000
134411  4.577  40.079  4.674 0.0000000000
134420  7.242  38.820  3.376 0.0000000000
134421  6.457  39.412  3.776 0.0000000000
134422  5.742  40.031  3.828 0.0000000000
134433  7.480  38.988  2.638 0.0000000000
134437  7.592  39.204  1.895 0.0000000000
134441  7.396  39.307  1.145 0.0000000000
134442  6.753  39.250  0.448 0.0000000000
134449  6.446  39.604  -0.090 0.0000000000
135246  5.981  39.918  9.280 0.0000000000
135247  5.485  40.038  9.112 0.0000000000
135251  13.384  40.244  8.573 0.0000000000
135252  12.792  39.930  7.951 0.0000000000
135253  8.137  40.113  8.288 0.0000000000
135254  7.329  40.391  8.463 0.0000000000
135255  6.152  40.634  8.721 0.0000000000
135256  4.994  40.524  8.725 0.0000000000
135257  4.749  40.450  7.900 0.0000000000
135260  13.148  40.587  7.863 0.0000000000
135261  12.394  40.244  7.386 0.0000000000
135262  11.375  40.090  7.227 0.0000000000
135263  10.465  40.161  7.213 0.0000000000
135264  9.546  40.351  7.297 0.0000000000
135265  8.418  40.658  7.571 0.0000000000
135266  7.217  41.048  7.977 0.0000000000
135267  6.362  41.333  8.071 0.0000000000
135268  4.655  40.515  7.177 0.0000000000
135271  12.030  40.570  6.888 0.0000000000
135272  11.329  40.577  6.734 0.0000000000
135273  10.424  40.627  6.701 0.0000000000
135274  9.525  40.846  6.757 0.0000000000
135275  8.810  41.173  6.803 0.0000000000
135276  4.562  40.703  6.354 0.0000000000
135289  4.433  40.869  5.429 0.0000000000
135302  5.009  40.206  4.055 0.0000000000
135303  4.499  41.001  4.369 0.0000000000
135312  7.150  39.528  3.215 0.0000000000
135313  6.514  40.231  3.335 0.0000000000
135314  5.373  40.711  3.546 0.0000000000
135315  4.693  41.448  3.599 0.0000000000
135325  7.394  39.962  2.598 0.0000000000
135326  6.873  40.702  2.785 0.0000000000
135329  7.627  40.101  1.681 0.0000000000
135332  7.542  40.231  0.733 0.0000000000
135333  7.083  39.964  0.069 0.0000000000
135337  7.388  40.662  0.047 0.0000000000
135338  6.719  40.323  -0.489 0.0000000000
136098  5.521  41.279  8.268 0.0000000000
136099  4.855  41.163  8.089 0.0000000000
136100  4.758  40.950  7.676 0.0000000000
136104  13.154  41.338  7.298 0.0000000000
136105  12.526  40.847  6.964 0.0000000000
136106  7.947  41.344  7.164 0.0000000000
136107  7.006  41.642  7.495 0.0000000000
136108  5.990  41.852  7.592 0.0000000000
136109  5.150  41.834  7.847 0.0000000000
136110  4.713  41.487  7.296 0.0000000000
136122  13.096  41.855  6.747 0.0000000000
136123  12.328  41.358  6.409 0.0000000000
136124  11.220  40.991  6.291 0.0000000000
136125  10.430  41.133  6.170 0.0000000000
136126  9.520  41.360  6.188 0.0000000000
136127  8.575  41.687  6.348 0.0000000000
136128  7.611  41.890  6.781 0.0000000000
136129  6.779  42.126  7.072 0.0000000000
136130  4.477  41.668  6.299 0.0000000000
136145  12.189  41.814  5.765 0.0000000000
136146  11.449  41.572  5.719 0.0000000000
136147  10.343  41.647  5.557 0.0000000000
136148  9.366  41.848  5.615 0.0000000000
136149  8.625  42.132  5.761 0.0000000000
136150  4.333  41.897  5.359 0.0000000000
136160  4.367  42.160  4.332 0.0000000000
136173  6.178  40.936  3.059 0.0000000000
136174  5.440  41.466  3.009 0.0000000000
136175  4.611  42.279  3.191 0.0000000000
136184  7.298  40.711  2.226 0.0000000000
136185  6.558  41.462  2.383 0.0000000000
136186  5.508  42.175  2.480 0.0000000000
136187  4.869  42.697  2.492 0.0000000000
136190  7.469  41.160  1.502 0.0000000000
136191  6.962  41.997  1.662 0.0000000000
136194  7.574  41.379  0.504 0.0000000000
136198  7.358  41.481  -0.452 0.0000000000
136199  6.602  41.056  -1.039 0.0000000000
136203  7.061  41.819  -1.158 0.0000000000
136204  6.358  41.653  -1.527 0.0000000000
137082  5.439  42.158  7.426 0.0000000000
137083  4.983  42.357  7.354 0.0000000000
137084  4.624  42.268  6.863 0.0000000000
137100  13.107  42.409  6.292 0.0000000000
137101  12.585  42.099  5.835 0.0000000000
137102  8.052  42.180  6.201 0.0000000000
137103  7.251  42.438  6.436 0.0000000000
137104  5.927  42.600  6.800 0.0000000000
137105  4.807  42.982  6.741 0.0000000000
137106  4.374  42.585  6.212 0.0000000000
137116  12.891  42.663  5.577 0.0000000000
137117  12.216  42.339  5.160 0.0000000000
137118  11.114  42.150  4.995 0.0000000000
137119  10.053  42.204  4.943 0.0000000000
137120  9.037  42.395  5.133 0.0000000000
137121  7.999  42.656  5.572 0.0000000000
137122  6.935  42.980  5.973 0.0000000000
137123  6.092  43.301  6.075 0.0000000000
137124  4.436  43.301  6.149 0.0000000000
137125  4.269  43.078  5.332 0.0000000000
137140  11.634  42.686  4.461 0.0000000000
137141  10.736  42.720  4.306 0.0000000000
137142  9.600  42.859  4.355 0.0000000000
137143  8.514  42.966  4.777 0.0000000000
137144  7.928  43.101  5.045 0.0000000000
137145  4.304  43.332  4.101 0.0000000000
137156  10.228  43.106  3.926 0.0000000000
137157  9.821  43.195  3.936 0.0000000000
137158  4.517  43.222  2.964 0.0000000000
137163  6.261  42.310  1.957 0.0000000000
137164  5.472  42.944  1.867 0.0000000000
137165  4.761  43.189  2.270 0.0000000000
137169  7.400  42.046  1.038 0.0000000000
137170  6.670  42.928  1.237 0.0000000000
137171  5.881  43.314  1.475 0.0000000000
137175  7.535  42.680  0.130 0.0000000000
137176  7.080  43.362  0.519 0.0000000000
137179  7.479  42.574  -1.015 0.0000000000
137183  6.896  42.448  -1.642 0.0000000000
137184  6.094  42.324  -2.099 0.0000000000
138149  5.391  43.296  6.332 0.0000000000
138150  4.851  43.558  6.208 0.0000000000
138165  12.955  43.294  4.871 0.0000000000
138166  12.295  43.000  4.446 0.0000000000
138167  7.478  43.205  5.337 0.0000000000
138168  6.705  43.583  5.472 0.0000000000
138169  5.494  43.956  5.630 0.0000000000
138170  4.507  43.946  5.703 0.0000000000
138171  4.246  44.062  4.996 0.0000000000
138192  12.523  43.721  3.927 0.0000000000
138193  11.814  43.210  3.964 0.0000000000
138194  11.324  42.972  4.073 0.0000000000
138195  9.454  43.346  3.959 0.0000000000
138196  8.812  43.406  4.246 0.0000000000
138197  7.703  43.761  4.645 0.0000000000
138198  6.419  44.237  5.053 0.0000000000
138199  5.769  44.482  5.188 0.0000000000
138200  4.329  44.335  4.282 0.0000000000
138215  12.316  44.110  3.409 0.0000000000
138216  11.839  43.783  3.460 0.0000000000
138217  10.950  43.402  3.631 0.0000000000
138218  9.892  43.605  3.611 0.0000000000
138219  9.016  43.815  3.765 0.0000000000
138220  8.445  43.844  4.099 0.0000000000
138221  4.408  44.130  3.424 0.0000000000
138231  4.880  43.469  1.879 0.0000000000
138232  4.573  43.868  2.372 0.0000000000
138244  6.046  43.559  1.200 0.0000000000
138245  5.306  43.768  1.397 0.0000000000
138246  4.778  43.860  1.777 0.0000000000
138257  7.222  43.975  -0.056 0.0000000000
138258  6.434  43.825  0.681 0.0000000000
138259  5.825  43.886  1.026 0.0000000000
138271  7.636  43.661  -0.929 0.0000000000
138284  7.299  43.429  -2.014 0.0000000000
138285  6.709  42.880  -2.138 0.0000000000
138287  7.068  43.769  -2.685 0.0000000000
138288  6.310  43.351  -2.790 0.0000000000
138294  6.007  43.791  -3.476 0.0000000000
139151  5.338  44.680  5.250 0.0000000000
139152  4.791  44.592  5.388 0.0000000000
139153  4.481  44.389  5.267 0.0000000000
139173  13.315  44.251  4.207 0.0000000000
139174  7.506  44.426  4.250 0.0000000000
139175  6.901  44.573  4.525 0.0000000000
139176  5.879  44.990  4.714 0.0000000000
139177  4.984  45.181  5.091 0.0000000000
139178  4.447  44.952  4.806 0.0000000000
139194  12.802  44.617  3.205 0.0000000000
139195  11.977  44.373  3.022 0.0000000000
139196  11.184  44.188  3.062 0.0000000000
139197  10.320  44.158  3.156 0.0000000000
139198  9.320  44.521  3.233 0.0000000000
139199  8.153  44.461  3.790 0.0000000000
139200  7.195  44.930  4.050 0.0000000000
139201  6.598  45.032  4.337 0.0000000000
139202  4.381  45.070  3.811 0.0000000000
139211  12.683  45.142  2.620 0.0000000000
139212  12.150  44.940  2.622 0.0000000000
139213  11.360  44.859  2.616 0.0000000000
139214  10.527  44.775  2.728 0.0000000000
139215  9.951  44.666  2.899 0.0000000000
139216  4.485  44.892  2.762 0.0000000000
139226  5.091  44.295  1.216 0.0000000000
139227  4.741  44.511  1.661 0.0000000000
139236  7.038  44.620  -0.293 0.0000000000
139237  6.437  44.726  0.055 0.0000000000
139238  5.556  44.427  0.827 0.0000000000
139239  5.028  44.611  1.132 0.0000000000
139249  7.328  44.825  -0.811 0.0000000000
139250  6.877  44.945  -0.403 0.0000000000
139267  7.690  44.556  -1.820 0.0000000000
139283  7.384  44.421  -2.911 0.0000000000
139284  6.909  43.931  -3.016 0.0000000000
139292  7.137  44.750  -3.580 0.0000000000
139293  6.557  44.295  -3.591 0.0000000000
139294  5.636  44.112  -3.913 0.0000000000
139308  6.481  44.832  -4.173 0.0000000000
139309  5.961  44.662  -4.366 0.0000000000
140092  5.682  45.581  4.404 0.0000000000
140093  5.174  45.586  4.614 0.0000000000
140094  4.801  45.406  4.687 0.0000000000
140109  13.689  45.132  3.608 0.0000000000
140110  9.043  45.157  2.991 0.0000000000
140111  8.508  45.160  3.242 0.0000000000
140112  7.600  45.535  3.457 0.0000000000
140113  6.410  45.612  4.027 0.0000000000
140114  5.465  46.029  4.148 0.0000000000
140115  4.682  45.924  4.131 0.0000000000
140126  13.998  46.010  2.590 0.0000000000
140127  13.328  45.650  2.465 0.0000000000
140128  12.348  45.463  2.252 0.0000000000
140129  11.584  45.422  2.257 0.0000000000
140130  10.686  45.624  2.265 0.0000000000
140131  9.632  45.336  2.678 0.0000000000
140132  8.703  45.631  2.873 0.0000000000
140133  8.181  45.648  3.121 0.0000000000
140134  4.438  45.969  3.106 0.0000000000
140140  13.079  46.122  1.842 0.0000000000
140141  12.527  45.927  1.857 0.0000000000
140142  11.747  45.860  1.866 0.0000000000
140143  11.231  45.824  1.989 0.0000000000
140144  4.603  45.714  1.990 0.0000000000
140151  6.028  45.271  -0.094 0.0000000000
140152  5.599  45.130  0.296 0.0000000000
140153  4.941  45.287  0.898 0.0000000000
140160  7.151  45.488  -0.997 0.0000000000
140161  6.498  45.581  -0.621 0.0000000000
140162  5.588  45.637  -0.126 0.0000000000
140163  5.213  45.510  0.287 0.0000000000
140170  7.411  45.664  -1.571 0.0000000000
140171  7.003  45.814  -1.098 0.0000000000
140185  7.750  45.440  -2.624 0.0000000000
140202  7.417  45.411  -3.790 0.0000000000
140203  6.853  44.944  -3.977 0.0000000000
140215  7.253  45.788  -4.490 0.0000000000
140216  6.522  45.449  -4.733 0.0000000000
140217  5.363  45.076  -4.981 0.0000000000
140231  6.153  45.910  -5.441 0.0000000000
140232  5.551  45.620  -5.507 0.0000000000
140957  7.491  46.007  3.235 0.0000000000
140958  6.995  46.229  3.361 0.0000000000
140959  6.016  46.458  3.655 0.0000000000
140960  5.219  46.698  3.701 0.0000000000
140974  13.890  46.173  2.304 0.0000000000
140975  10.357  46.185  1.985 0.0000000000
140976  9.849  46.107  2.224 0.0000000000
140977  9.006  46.281  2.450 0.0000000000
140978  7.913  46.241  2.923 0.0000000000
140979  7.152  46.821  2.990 0.0000000000
140980  4.742  46.862  3.274 0.0000000000
140987  13.715  46.591  1.655 0.0000000000
140988  12.713  46.385  1.464 0.0000000000
140989  11.910  46.305  1.493 0.0000000000
140990  10.963  46.409  1.634 0.0000000000
140991  9.980  46.569  1.846 0.0000000000
140992  9.472  46.566  2.112 0.0000000000
140993  4.552  47.005  2.265 0.0000000000
140999  13.480  47.019  1.040 0.0000000000
141000  12.946  46.804  1.037 0.0000000000
141001  12.100  46.725  1.110 0.0000000000
141002  11.530  46.666  1.295 0.0000000000
141003  4.652  46.519  1.067 0.0000000000
141008  6.168  46.236  -0.891 0.0000000000
141009  5.529  46.376  -0.631 0.0000000000
141010  4.961  46.058  0.158 0.0000000000
141014  7.233  46.283  -1.735 0.0000000000
141015  6.637  46.383  -1.354 0.0000000000
141016  5.974  46.522  -1.038 0.0000000000
141018  7.471  46.427  -2.276 0.0000000000
141019  7.086  46.572  -1.831 0.0000000000
141029  7.803  46.295  -3.322 0.0000000000
141039  7.661  46.358  -4.521 0.0000000000
141040  7.114  46.001  -4.837 0.0000000000
141046  7.615  46.757  -5.175 0.0000000000
141047  6.838  46.438  -5.546 0.0000000000
141048  5.719  46.197  -5.904 0.0000000000
141057  6.554  46.934  -6.262 0.0000000000
141058  5.982  46.688  -6.389 0.0000000000
141059  5.150  46.471  -6.584 0.0000000000
141772  6.493  46.848  3.241 0.0000000000
141773  5.799  47.145  3.293 0.0000000000
141774  5.154  47.374  3.298 0.0000000000
141785  8.444  46.765  2.467 0.0000000000
141786  7.797  47.212  2.542 0.0000000000
141787  6.647  47.468  2.856 0.0000000000
141788  5.679  47.820  2.890 0.0000000000
141789  4.857  47.870  2.782 0.0000000000
141794  14.381  47.263  1.473 0.0000000000
141795  10.815  46.866  1.337 0.0000000000
141796  10.328  46.974  1.448 0.0000000000
141797  9.098  47.228  1.933 0.0000000000
141798  8.092  47.855  2.145 0.0000000000
141799  4.649  48.039  2.040 0.0000000000
141803  14.037  47.421  0.872 0.0000000000
141804  13.243  47.239  0.628 0.0000000000
141805  12.406  47.123  0.602 0.0000000000
141806  11.201  47.151  0.917 0.0000000000
141807  10.022  47.527  1.064 0.0000000000
141808  9.232  47.954  1.213 0.0000000000
141809  4.601  47.731  1.228 0.0000000000
141811  13.611  47.660  0.323 0.0000000000
141812  12.968  47.544  0.096 0.0000000000
141813  12.059  47.477  0.029 0.0000000000
141814  11.269  47.659  0.053 0.0000000000
141815  5.226  46.891  -0.724 0.0000000000
141816  4.770  47.281  -0.169 0.0000000000
141819  6.326  46.836  -1.576 0.0000000000
141820  5.627  47.070  -1.273 0.0000000000
141821  4.778  47.929  -1.061 0.0000000000
141824  7.295  46.854  -2.390 0.0000000000
141825  6.750  47.084  -2.050 0.0000000000
141826  5.831  47.710  -1.997 0.0000000000
141833  7.488  47.042  -2.847 0.0000000000
141834  6.932  47.606  -2.817 0.0000000000
141845  7.934  47.132  -3.854 0.0000000000
141856  7.991  47.314  -4.939 0.0000000000
141857  7.538  47.073  -5.564 0.0000000000
141862  7.824  47.613  -5.757 0.0000000000
141863  7.148  47.347  -6.320 0.0000000000
141864  6.262  47.227  -6.766 0.0000000000
141865  5.401  47.127  -6.986 0.0000000000
141874  6.668  47.647  -7.070 0.0000000000
141875  5.910  47.593  -7.568 0.0000000000
141876  5.007  47.344  -7.788 0.0000000000
142649  7.326  47.912  2.423 0.0000000000
142650  6.503  48.251  2.426 0.0000000000
142651  5.553  48.493  2.392 0.0000000000
142652  4.920  48.542  2.194 0.0000000000
142663  8.543  48.075  1.629 0.0000000000
142664  7.580  48.454  1.814 0.0000000000
142665  6.408  48.904  1.733 0.0000000000
142666  5.385  49.058  1.814 0.0000000000
142667  4.713  48.769  1.470 0.0000000000
142673  14.148  47.980  0.312 0.0000000000
142674  10.584  47.695  0.406 0.0000000000
142675  9.787  48.069  0.447 0.0000000000
142676  8.628  48.543  0.770 0.0000000000
142677  7.452  49.017  1.047 0.0000000000
142678  6.656  49.344  1.022 0.0000000000
142679  4.597  48.548  0.511 0.0000000000
142683  13.688  48.099  -0.210 0.0000000000
142684  12.795  47.911  -0.527 0.0000000000
142685  11.837  47.920  -0.599 0.0000000000
142686  10.742  48.107  -0.382 0.0000000000
142687  9.633  48.606  -0.338 0.0000000000
142688  8.734  48.901  -0.106 0.0000000000
142689  4.604  48.653  -0.469 0.0000000000
142692  14.171  48.753  -0.505 0.0000000000
142693  13.544  48.501  -0.898 0.0000000000
142694  12.637  48.354  -1.166 0.0000000000
142695  11.636  48.427  -1.207 0.0000000000
142696  10.632  48.674  -1.148 0.0000000000
142697  9.862  49.015  -1.096 0.0000000000
142698  5.211  48.029  -1.650 0.0000000000
142699  4.652  48.867  -1.489 0.0000000000
142702  6.289  47.845  -2.534 0.0000000000
142703  5.464  48.562  -2.400 0.0000000000
142704  4.726  49.339  -2.224 0.0000000000
142709  7.382  47.654  -3.398 0.0000000000
142710  6.613  48.374  -3.259 0.0000000000
142711  5.734  49.053  -3.139 0.0000000000
142719  7.643  48.120  -4.192 0.0000000000
142720  7.001  48.889  -4.000 0.0000000000
142733  8.193  48.621  -5.764 0.0000000000
142734  8.093  48.395  -5.419 0.0000000000
142746  8.248  48.625  -6.058 0.0000000000
142747  7.886  48.122  -6.385 0.0000000000
142748  7.262  47.958  -6.959 0.0000000000
142752  8.197  48.733  -6.653 0.0000000000
142753  7.748  48.560  -7.288 0.0000000000
142754  6.763  48.192  -7.658 0.0000000000
142755  5.995  48.149  -8.130 0.0000000000
142756  5.318  47.893  -8.284 0.0000000000
142757  4.698  47.639  -8.475 0.0000000000
142766  7.327  48.844  -8.109 0.0000000000
142767  6.493  48.586  -8.455 0.0000000000
142768  5.703  48.380  -8.748 0.0000000000
142769  4.868  48.250  -9.005 0.0000000000
143625  5.948  49.338  1.271 0.0000000000
143626  5.293  49.406  1.088 0.0000000000
143627  4.774  49.273  0.769 0.0000000000
143640  8.086  49.077  0.334 0.0000000000
143641  7.325  49.451  0.366 0.0000000000
143642  6.188  49.745  0.481 0.0000000000
143643  5.147  49.872  0.391 0.0000000000
143644  4.675  49.404  0.081 0.0000000000
143650  9.191  49.115  -0.682 0.0000000000
143651  8.317  49.436  -0.435 0.0000000000
143652  7.258  49.960  -0.362 0.0000000000
143653  6.373  50.176  -0.213 0.0000000000
143654  4.794  50.071  -0.158 0.0000000000
143655  4.527  49.770  -0.764 0.0000000000
143660  13.442  48.953  -1.524 0.0000000000
143661  12.515  48.872  -1.767 0.0000000000
143662  11.523  48.987  -1.813 0.0000000000
143663  10.535  49.238  -1.726 0.0000000000
143664  9.394  49.598  -1.431 0.0000000000
143665  8.251  49.995  -1.137 0.0000000000
143666  7.488  50.364  -1.048 0.0000000000
143667  4.500  49.926  -1.691 0.0000000000
143672  13.355  49.478  -2.103 0.0000000000
143673  12.421  49.452  -2.317 0.0000000000
143674  11.423  49.576  -2.355 0.0000000000
143675  10.420  49.798  -2.280 0.0000000000
143676  9.642  50.131  -2.176 0.0000000000
143677  5.124  49.372  -2.786 0.0000000000
143678  4.642  50.122  -2.583 0.0000000000
143681  6.268  49.173  -3.664 0.0000000000
143682  5.428  49.887  -3.471 0.0000000000
143683  4.717  50.594  -3.176 0.0000000000
143689  7.512  48.935  -4.659 0.0000000000
143690  6.619  49.707  -4.402 0.0000000000
143691  5.702  50.424  -4.153 0.0000000000
143701  8.211  48.876  -5.762 0.0000000000
143702  7.728  49.463  -5.401 0.0000000000
143703  6.959  50.197  -5.182 0.0000000000
143719  8.256  49.258  -6.247 0.0000000000
143720  7.918  49.894  -6.113 0.0000000000
143730  8.334  49.308  -7.165 0.0000000000
143731  7.959  49.158  -7.806 0.0000000000
143736  8.273  49.673  -7.883 0.0000000000
143737  7.831  49.536  -8.499 0.0000000000
143738  6.984  49.210  -8.809 0.0000000000
143739  6.141  48.990  -9.073 0.0000000000
143740  5.452  48.721  -9.308 0.0000000000
143748  7.469  49.754  -9.256 0.0000000000
143749  6.683  49.499  -9.501 0.0000000000
143750  5.793  49.323  -9.802 0.0000000000
143751  4.824  48.902  -9.745 0.0000000000
143763  5.203  49.399  -10.339 0.0000000000
144537  5.733  50.145  0.006 0.0000000000
144538  5.238  50.288  -0.166 0.0000000000
144547  6.803  50.400  -0.706 0.0000000000
144548  5.924  50.499  -0.633 0.0000000000
144549  4.931  50.629  -0.681 0.0000000000
144550  4.593  50.495  -1.264 0.0000000000
144556  8.942  50.226  -1.763 0.0000000000
144557  8.141  50.567  -1.666 0.0000000000
144558  6.965  50.943  -1.378 0.0000000000
144559  5.696  51.082  -1.280 0.0000000000
144560  4.840  51.141  -1.414 0.0000000000
144561  4.500  50.825  -1.960 0.0000000000
144566  13.289  50.024  -2.702 0.0000000000
144567  12.313  50.062  -2.844 0.0000000000
144568  11.301  50.214  -2.826 0.0000000000
144569  10.305  50.431  -2.757 0.0000000000
144570  9.159  50.786  -2.490 0.0000000000
144571  7.978  51.158  -2.179 0.0000000000
144572  7.212  51.532  -2.070 0.0000000000
144573  4.488  51.006  -2.666 0.0000000000
144576  14.011  50.617  -3.043 0.0000000000
144577  13.183  50.638  -3.308 0.0000000000
144578  12.124  50.663  -3.372 0.0000000000
144579  11.113  50.813  -3.320 0.0000000000
144580  10.153  51.041  -3.275 0.0000000000
144581  9.422  51.384  -3.181 0.0000000000
144582  5.041  50.793  -3.732 0.0000000000
144583  4.613  51.283  -3.283 0.0000000000
144588  6.185  50.645  -4.780 0.0000000000
144589  5.363  51.142  -4.351 0.0000000000
144598  7.427  50.223  -5.762 0.0000000000
144599  6.679  50.913  -5.641 0.0000000000
144612  8.251  49.890  -6.664 0.0000000000
144613  7.644  50.633  -6.527 0.0000000000
144614  6.859  51.398  -6.323 0.0000000000
144630  8.328  50.251  -7.412 0.0000000000
144631  7.912  50.985  -7.377 0.0000000000
144635  8.318  50.301  -8.418 0.0000000000
144636  8.052  50.067  -9.056 0.0000000000
144643  8.257  50.677  -9.289 0.0000000000
144644  7.849  50.326  -9.665 0.0000000000
144645  7.181  50.051  -9.909 0.0000000000
144646  6.485  49.811  -10.071 0.0000000000
144657  8.235  50.814  -10.029 0.0000000000
144658  7.660  50.610  -10.448 0.0000000000
144659  6.842  50.278  -10.527 0.0000000000
144660  5.925  49.944  -10.591 0.0000000000
144661  5.035  49.827  -10.918 0.0000000000
144673  7.218  50.675  -10.986 0.0000000000
144674  6.547  50.495  -11.170 0.0000000000
144675  5.716  50.294  -11.404 0.0000000000
144676  4.870  50.175  -11.718 0.0000000000
144687  4.536  50.318  -12.244 0.0000000000
144771  4.384  50.768  -20.023 0.0000000000
144772  3.719  50.648  -19.890 0.0000000000
144782  6.140  50.767  -20.848 0.0000000000
144783  5.428  50.459  -20.702 0.0000000000
145348  6.347  51.591  -1.869 0.0000000000
145349  5.405  51.616  -1.853 0.0000000000
145350  4.788  51.493  -2.079 0.0000000000
145351  4.605  51.286  -2.345 0.0000000000
145359  8.603  51.504  -2.832 0.0000000000
145360  7.749  51.759  -2.578 0.0000000000
145361  6.933  52.138  -2.505 0.0000000000
145362  5.937  52.136  -2.321 0.0000000000
145363  5.150  52.084  -2.397 0.0000000000
145364  4.663  51.813  -2.765 0.0000000000
145369  14.256  51.535  -3.737 0.0000000000
145370  12.895  51.230  -3.879 0.0000000000
145371  11.817  51.273  -3.824 0.0000000000
145372  10.897  51.429  -3.729 0.0000000000
145373  10.089  51.814  -3.731 0.0000000000
145374  9.097  51.955  -3.417 0.0000000000
145375  8.150  52.115  -3.089 0.0000000000
145376  7.538  52.178  -2.819 0.0000000000
145377  4.817  51.535  -3.871 0.0000000000
145378  4.625  51.943  -3.483 0.0000000000
145381  14.048  52.034  -4.338 0.0000000000
145382  13.425  51.840  -4.343 0.0000000000
145383  12.407  51.816  -4.316 0.0000000000
145384  11.384  51.859  -4.181 0.0000000000
145385  10.731  51.855  -4.018 0.0000000000
145386  5.769  51.478  -5.014 0.0000000000
145387  5.023  52.070  -4.449 0.0000000000
145388  4.691  51.987  -3.911 0.0000000000
145396  6.047  52.006  -5.755 0.0000000000
145397  5.480  52.094  -5.125 0.0000000000
145406  7.340  51.485  -7.008 0.0000000000
145407  6.626  52.059  -6.634 0.0000000000
145425  8.306  50.916  -7.961 0.0000000000
145426  7.685  51.702  -7.977 0.0000000000
145427  7.028  52.077  -7.308 0.0000000000
145441  8.320  51.172  -8.739 0.0000000000
145442  7.942  51.908  -9.065 0.0000000000
145449  8.363  51.481  -9.783 0.0000000000
145450  8.175  52.017  -9.615 0.0000000000
145453  8.187  51.306  -10.783 0.0000000000
145454  7.709  50.960  -11.133 0.0000000000
145458  7.869  51.423  -11.693 0.0000000000
145459  7.194  50.958  -11.641 0.0000000000
145460  6.350  50.768  -11.850 0.0000000000
145461  5.582  50.608  -12.090 0.0000000000
145462  4.997  50.509  -12.330 0.0000000000
145470  7.459  51.384  -12.231 0.0000000000
145471  6.855  51.186  -12.298 0.0000000000
145472  6.126  51.101  -12.453 0.0000000000
145473  5.371  51.002  -12.639 0.0000000000
145474  4.608  50.747  -12.755 0.0000000000
145483  6.633  51.394  -12.853 0.0000000000
145484  5.975  51.376  -13.134 0.0000000000
145485  5.133  51.197  -13.339 0.0000000000
145486  4.386  51.099  -13.535 0.0000000000
145494  4.158  51.217  -14.054 0.0000000000
145524  6.706  52.066  -18.918 0.0000000000
145525  6.375  51.947  -18.888 0.0000000000
145526  5.570  51.828  -18.852 0.0000000000
145527  4.684  51.688  -18.755 0.0000000000
145528  3.989  51.513  -18.617 0.0000000000
145539  7.060  52.103  -19.408 0.0000000000
145540  6.823  51.968  -19.267 0.0000000000
145541  6.041  51.609  -19.489 0.0000000000
145542  5.052  51.318  -19.578 0.0000000000
145543  4.151  51.235  -19.393 0.0000000000
145544  3.570  51.065  -19.287 0.0000000000
145550  7.015  52.021  -19.671 0.0000000000
145551  6.544  51.657  -20.168 0.0000000000
145552  5.731  51.101  -20.184 0.0000000000
145553  5.046  50.789  -20.214 0.0000000000
145558  6.524  51.248  -21.158 0.0000000000
146091  6.884  52.485  -2.780 0.0000000000
146092  6.439  52.589  -2.742 0.0000000000
146093  5.559  52.700  -2.738 0.0000000000
146094  4.897  52.599  -2.801 0.0000000000
146101  10.108  52.187  -3.982 0.0000000000
146102  9.670  52.353  -3.887 0.0000000000
146103  8.617  52.720  -3.650 0.0000000000
146104  7.273  52.735  -3.144 0.0000000000
146105  6.164  53.226  -3.173 0.0000000000
146106  5.201  53.266  -3.320 0.0000000000
146107  4.725  52.554  -3.354 0.0000000000
146112  14.600  52.476  -4.507 0.0000000000
146113  13.825  52.354  -4.743 0.0000000000
146114  12.972  52.354  -4.792 0.0000000000
146115  11.879  52.530  -4.698 0.0000000000
146116  10.542  52.447  -4.298 0.0000000000
146117  9.495  53.054  -4.262 0.0000000000
146118  8.652  53.471  -4.088 0.0000000000
146119  4.906  53.078  -4.137 0.0000000000
146120  4.719  52.350  -3.834 0.0000000000
146125  14.210  52.783  -5.095 0.0000000000
146126  13.551  52.831  -5.238 0.0000000000
146127  12.677  52.939  -5.246 0.0000000000
146128  11.884  53.177  -5.233 0.0000000000
146129  5.782  52.674  -5.758 0.0000000000
146130  5.390  52.850  -5.212 0.0000000000
146140  6.106  52.716  -6.238 0.0000000000
146154  7.018  52.450  -7.777 0.0000000000
146155  6.465  52.785  -7.120 0.0000000000
146171  7.199  52.701  -8.596 0.0000000000
146172  6.647  53.040  -7.894 0.0000000000
146183  8.271  52.129  -10.028 0.0000000000
146184  7.716  52.536  -9.612 0.0000000000
146192  8.429  51.978  -10.647 0.0000000000
146193  7.987  52.530  -10.527 0.0000000000
146200  8.403  52.072  -11.623 0.0000000000
146201  8.222  52.366  -11.085 0.0000000000
146206  7.940  51.853  -12.758 0.0000000000
146207  7.203  51.503  -12.762 0.0000000000
146213  7.811  52.284  -14.011 0.0000000000
146214  6.884  51.708  -13.653 0.0000000000
146215  5.691  51.539  -13.945 0.0000000000
146216  4.835  51.347  -14.057 0.0000000000
146217  4.403  51.260  -14.074 0.0000000000
146226  7.835  52.616  -15.007 0.0000000000
146227  7.102  52.239  -14.811 0.0000000000
146228  6.104  52.003  -14.712 0.0000000000
146229  5.156  51.697  -14.754 0.0000000000
146230  4.342  51.419  -14.661 0.0000000000
146240  7.898  52.824  -15.816 0.0000000000
146241  7.293  52.532  -15.783 0.0000000000
146242  6.399  52.277  -15.671 0.0000000000
146243  5.446  52.075  -15.593 0.0000000000
146244  4.611  51.885  -15.530 0.0000000000
146245  4.030  51.689  -15.526 0.0000000000
146253  7.998  52.992  -16.240 0.0000000000
146254  7.581  52.760  -16.743 0.0000000000
146255  6.644  52.441  -16.621 0.0000000000
146256  5.690  52.271  -16.493 0.0000000000
146257  4.824  52.151  -16.388 0.0000000000
146258  4.160  52.029  -16.301 0.0000000000
146269  7.427  52.718  -17.917 0.0000000000
146270  6.787  52.447  -17.603 0.0000000000
146271  5.905  52.304  -17.403 0.0000000000
146272  5.004  52.285  -17.255 0.0000000000
146273  4.275  52.107  -17.128 0.0000000000
146283  7.295  52.638  -18.731 0.0000000000
146284  6.848  52.288  -18.591 0.0000000000
146285  6.124  52.188  -18.257 0.0000000000
146286  5.236  52.136  -18.110 0.0000000000
146287  4.428  52.005  -17.970 0.0000000000
146288  3.896  51.746  -17.779 0.0000000000
146296  7.146  52.392  -19.349 0.0000000000
146297  7.084  52.288  -18.993 0.0000000000
146300  7.072  52.333  -19.988 0.0000000000
146301  6.761  52.162  -20.689 0.0000000000
146305  6.297  51.960  -21.548 0.0000000000
146306  5.517  52.513  -21.781 0.0000000000
146307  5.025  52.827  -21.905 0.0000000000
146870  7.899  53.404  -3.735 0.0000000000
146871  6.942  53.928  -3.688 0.0000000000
146872  5.899  53.900  -3.675 0.0000000000
146873  5.498  53.870  -4.090 0.0000000000
146879  14.711  53.042  -5.159 0.0000000000
146880  11.196  53.120  -4.874 0.0000000000
146881  10.320  53.475  -4.761 0.0000000000
146882  9.239  54.056  -4.588 0.0000000000
146883  7.987  54.137  -4.229 0.0000000000
146884  7.316  54.447  -4.111 0.0000000000
146885  5.543  53.858  -4.859 0.0000000000
146891  14.953  53.564  -5.449 0.0000000000
146892  14.211  53.436  -5.631 0.0000000000
146893  13.310  53.344  -5.709 0.0000000000
146894  12.422  53.512  -5.710 0.0000000000
146895  11.251  53.857  -5.573 0.0000000000
146896  10.089  54.219  -5.140 0.0000000000
146897  9.536  54.445  -4.990 0.0000000000
146898  5.724  53.135  -5.846 0.0000000000
146899  5.572  53.803  -5.684 0.0000000000
146907  13.761  53.730  -6.025 0.0000000000
146908  13.173  53.795  -6.231 0.0000000000
146909  12.242  54.014  -6.229 0.0000000000
146910  11.610  54.286  -6.253 0.0000000000
146911  5.868  53.585  -6.483 0.0000000000
146912  5.566  54.385  -6.255 0.0000000000
146921  6.214  53.755  -7.417 0.0000000000
146932  6.931  53.195  -8.753 0.0000000000
146933  6.580  53.706  -8.470 0.0000000000
146945  7.061  53.257  -9.178 0.0000000000
146946  6.627  54.077  -9.428 0.0000000000
146958  7.265  53.401  -10.222 0.0000000000
146959  6.638  54.349  -10.219 0.0000000000
146974  8.193  52.510  -11.827 0.0000000000
146975  7.840  52.993  -11.508 0.0000000000
146989  8.185  52.566  -12.306 0.0000000000
146990  7.893  53.413  -12.688 0.0000000000
147003  8.230  52.734  -13.327 0.0000000000
147004  7.900  53.588  -13.702 0.0000000000
147008  8.236  52.959  -14.335 0.0000000000
147009  7.854  53.732  -14.638 0.0000000000
147015  8.169  53.128  -15.202 0.0000000000
147016  7.838  53.734  -15.518 0.0000000000
147020  8.060  53.188  -15.851 0.0000000000
147021  7.823  53.494  -16.402 0.0000000000
147029  7.714  53.375  -17.414 0.0000000000
147034  7.584  53.248  -18.363 0.0000000000
147035  7.278  53.536  -18.788 0.0000000000
147040  7.463  53.015  -19.083 0.0000000000
147041  7.035  53.518  -19.349 0.0000000000
147045  7.215  52.873  -19.630 0.0000000000
147046  6.753  53.171  -20.193 0.0000000000
147047  6.152  53.399  -20.680 0.0000000000
147052  6.433  52.749  -20.877 0.0000000000
147053  5.821  53.104  -21.233 0.0000000000
147054  5.137  53.227  -21.574 0.0000000000
147060  10.353  54.105  -23.168 0.0000000000
147061  9.953  54.002  -23.125 0.0000000000
147062  9.058  53.908  -23.119 0.0000000000
147063  8.090  53.914  -23.124 0.0000000000
147064  7.162  54.001  -23.127 0.0000000000
147065  6.386  54.044  -23.171 0.0000000000
147066  4.623  53.303  -22.031 0.0000000000
147072  10.972  54.091  -23.809 0.0000000000
147073  10.559  53.984  -23.559 0.0000000000
147074  9.667  53.561  -23.668 0.0000000000
147083  11.027  53.938  -24.330 0.0000000000
147084  10.287  53.387  -24.327 0.0000000000
147605  6.886  54.635  -4.096 0.0000000000
147606  6.253  54.494  -4.022 0.0000000000
147607  5.807  54.286  -4.069 0.0000000000
147614  9.140  54.648  -4.972 0.0000000000
147615  8.455  54.685  -4.769 0.0000000000
147616  7.493  54.979  -4.584 0.0000000000
147617  6.569  55.051  -4.417 0.0000000000
147618  5.829  54.763  -4.634 0.0000000000
147624  14.766  53.920  -5.806 0.0000000000
147625  11.092  54.449  -6.133 0.0000000000
147626  10.450  54.540  -5.776 0.0000000000
147627  9.603  54.740  -5.404 0.0000000000
147628  8.755  55.116  -5.342 0.0000000000
147629  8.121  55.102  -4.990 0.0000000000
147630  5.550  54.831  -5.681 0.0000000000
147636  15.182  54.797  -6.277 0.0000000000
147637  14.312  54.360  -6.505 0.0000000000
147638  12.971  54.273  -6.808 0.0000000000
147639  12.058  54.403  -6.780 0.0000000000
147640  11.373  54.561  -6.669 0.0000000000
147641  10.699  54.802  -6.545 0.0000000000
147642  9.909  55.033  -6.004 0.0000000000
147643  9.334  55.120  -5.698 0.0000000000
147644  5.696  54.471  -6.932 0.0000000000
147645  5.465  55.099  -6.632 0.0000000000
147651  14.177  54.932  -7.241 0.0000000000
147652  13.507  54.823  -7.492 0.0000000000
147653  12.524  54.615  -7.360 0.0000000000
147654  11.693  54.761  -7.326 0.0000000000
147655  11.152  54.748  -6.974 0.0000000000
147656  5.820  54.831  -7.774 0.0000000000
147657  5.523  55.066  -7.188 0.0000000000
147663  13.290  55.019  -8.081 0.0000000000
147664  12.744  54.856  -7.916 0.0000000000
147665  12.210  54.831  -7.693 0.0000000000
147666  6.109  54.832  -8.780 0.0000000000
147674  12.069  54.886  -10.267 0.0000000000
147675  11.544  54.970  -10.122 0.0000000000
147676  6.180  55.015  -9.717 0.0000000000
147684  12.211  54.866  -11.113 0.0000000000
147685  11.575  54.899  -10.681 0.0000000000
147686  6.973  54.221  -11.062 0.0000000000
147687  6.274  55.143  -10.664 0.0000000000
147695  12.127  55.062  -11.815 0.0000000000
147696  11.639  54.989  -11.481 0.0000000000
147697  7.167  54.192  -12.137 0.0000000000
147698  6.451  55.176  -11.681 0.0000000000
147707  11.875  55.135  -12.146 0.0000000000
147708  11.724  55.087  -11.939 0.0000000000
147709  7.286  54.291  -13.164 0.0000000000
147710  6.608  55.166  -12.717 0.0000000000
147727  7.400  54.403  -14.071 0.0000000000
147728  6.783  55.086  -13.682 0.0000000000
147744  7.318  54.676  -14.984 0.0000000000
147745  6.971  54.932  -14.309 0.0000000000
147757  7.473  54.354  -15.983 0.0000000000
147765  7.289  54.392  -16.941 0.0000000000
147766  6.823  55.065  -17.156 0.0000000000
147777  7.413  53.990  -17.973 0.0000000000
147778  6.848  54.824  -17.784 0.0000000000
147790  7.326  53.738  -18.466 0.0000000000
147791  6.882  54.313  -18.714 0.0000000000
147800  6.330  54.287  -19.639 0.0000000000
147801  5.696  54.612  -20.243 0.0000000000
147805  6.079  53.920  -20.305 0.0000000000
147806  5.486  54.027  -20.761 0.0000000000
147807  4.970  54.308  -21.132 0.0000000000
147812  11.197  55.070  -22.153 0.0000000000
147813  10.817  54.918  -22.120 0.0000000000
147814  9.945  54.739  -22.014 0.0000000000
147815  8.959  54.764  -21.960 0.0000000000
147816  7.984  54.913  -22.060 0.0000000000
147817  7.082  55.024  -22.157 0.0000000000
147818  5.182  53.736  -21.220 0.0000000000
147819  4.706  54.026  -21.594 0.0000000000
147824  11.923  55.177  -22.786 0.0000000000
147825  11.472  54.992  -22.571 0.0000000000
147826  10.542  54.360  -22.852 0.0000000000
147827  9.496  54.329  -22.575 0.0000000000
147828  8.517  54.366  -22.548 0.0000000000
147829  7.554  54.470  -22.595 0.0000000000
147830  6.515  54.658  -22.636 0.0000000000
147831  5.590  54.382  -22.864 0.0000000000
147832  4.490  54.243  -22.521 0.0000000000
147836  12.004  55.104  -23.176 0.0000000000
147837  11.286  54.422  -23.566 0.0000000000
147838  10.812  54.227  -23.309 0.0000000000
147849  12.160  55.044  -24.040 0.0000000000
147850  11.666  54.545  -24.602 0.0000000000
147860  12.144  55.153  -24.832 0.0000000000
148398  7.410  55.352  -4.900 0.0000000000
148399  7.004  55.453  -4.846 0.0000000000
148400  6.312  55.455  -4.889 0.0000000000
148407  8.514  55.382  -5.607 0.0000000000
148408  7.778  55.515  -5.383 0.0000000000
148409  6.671  55.838  -5.386 0.0000000000
148410  5.872  55.748  -5.535 0.0000000000
148415  15.099  55.108  -6.692 0.0000000000
148416  10.583  54.972  -6.846 0.0000000000
148417  10.170  55.130  -6.686 0.0000000000
148418  9.025  55.463  -6.160 0.0000000000
148419  7.864  55.939  -6.451 0.0000000000
148420  5.537  55.806  -6.422 0.0000000000
148426  14.733  55.291  -7.297 0.0000000000
148427  14.185  55.193  -7.702 0.0000000000
148428  11.489  54.930  -7.609 0.0000000000
148429  10.899  54.969  -7.321 0.0000000000
148430  9.864  55.350  -7.337 0.0000000000
148431  8.770  55.719  -7.319 0.0000000000
148432  7.728  56.203  -7.433 0.0000000000
148433  5.587  55.396  -7.826 0.0000000000
148434  5.488  55.760  -7.517 0.0000000000
148439  15.289  55.961  -7.819 0.0000000000
148440  14.665  55.581  -8.139 0.0000000000
148441  13.883  55.236  -8.352 0.0000000000
148442  13.058  54.995  -8.588 0.0000000000
148443  11.882  54.975  -8.195 0.0000000000
148444  10.698  55.222  -8.301 0.0000000000
148445  9.613  55.469  -8.300 0.0000000000
148446  8.554  55.808  -8.341 0.0000000000
148447  7.545  56.287  -8.437 0.0000000000
148448  5.632  55.499  -8.255 0.0000000000
148449  5.429  56.267  -8.636 0.0000000000
148455  15.182  56.070  -8.534 0.0000000000
148456  14.687  55.745  -9.087 0.0000000000
148457  13.776  55.255  -9.347 0.0000000000
148458  12.692  55.019  -9.562 0.0000000000
148459  11.476  55.040  -9.416 0.0000000000
148460  10.411  55.263  -9.271 0.0000000000
148461  9.391  55.501  -9.288 0.0000000000
148462  8.362  55.843  -9.359 0.0000000000
148463  7.432  56.364  -9.432 0.0000000000
148464  5.658  55.686  -9.169 0.0000000000
148465  5.388  56.487  -9.606 0.0000000000
148471  14.445  55.759  -10.059 0.0000000000
148472  13.641  55.329  -10.349 0.0000000000
148473  12.862  55.052  -10.720 0.0000000000
148474  11.044  55.096  -10.116 0.0000000000
148475  10.190  55.265  -10.200 0.0000000000
148476  9.211  55.550  -10.295 0.0000000000
148477  8.171  55.973  -10.406 0.0000000000
148478  7.334  56.442  -10.209 0.0000000000
148479  5.650  55.848  -10.139 0.0000000000
148480  5.380  56.683  -10.438 0.0000000000
148486  14.254  55.878  -10.982 0.0000000000
148487  13.536  55.499  -11.322 0.0000000000
148488  12.799  55.201  -11.656 0.0000000000
148489  10.961  55.087  -11.004 0.0000000000
148490  10.076  55.337  -11.223 0.0000000000
148491  9.081  55.712  -11.285 0.0000000000
148492  8.270  56.123  -11.398 0.0000000000
148493  5.802  56.165  -11.173 0.0000000000
148494  5.389  56.889  -11.072 0.0000000000
148502  14.025  55.992  -11.773 0.0000000000
148503  13.420  55.729  -12.363 0.0000000000
148504  12.383  55.286  -12.489 0.0000000000
148505  11.186  55.198  -12.284 0.0000000000
148506  9.796  55.553  -12.209 0.0000000000
148507  8.892  55.951  -12.135 0.0000000000
148508  8.193  56.327  -12.172 0.0000000000
148509  6.143  56.130  -12.264 0.0000000000
148517  13.005  55.856  -13.513 0.0000000000
148518  11.958  55.446  -13.430 0.0000000000
148519  11.077  55.492  -13.496 0.0000000000
148520  10.277  55.591  -13.152 0.0000000000
148521  9.265  55.995  -13.054 0.0000000000
148522  8.660  56.200  -12.623 0.0000000000
148523  6.237  56.145  -13.374 0.0000000000
148535  12.849  56.086  -14.169 0.0000000000
148536  12.385  55.868  -14.169 0.0000000000
148537  11.450  55.801  -14.345 0.0000000000
148538  10.426  55.832  -14.109 0.0000000000
148539  9.852  55.880  -13.612 0.0000000000
148540  6.828  55.269  -15.171 0.0000000000
148541  6.531  55.664  -14.519 0.0000000000
148553  11.069  56.032  -14.784 0.0000000000
148554  10.854  55.948  -14.567 0.0000000000
148555  6.973  55.023  -15.726 0.0000000000
148556  6.544  55.750  -15.481 0.0000000000
148567  7.100  54.778  -16.280 0.0000000000
148568  6.697  55.451  -16.481 0.0000000000
148577  6.527  55.687  -17.435 0.0000000000
148590  6.261  55.669  -18.513 0.0000000000
148591  5.869  56.308  -19.044 0.0000000000
148607  6.331  54.984  -19.152 0.0000000000
148608  5.843  55.566  -19.676 0.0000000000
148623  11.765  55.744  -21.058 0.0000000000
148624  10.854  55.624  -20.890 0.0000000000
148625  9.888  55.644  -20.810 0.0000000000
148626  8.901  55.717  -20.828 0.0000000000
148627  7.875  55.809  -20.903 0.0000000000
148628  6.831  55.954  -21.047 0.0000000000
148629  6.206  56.091  -21.140 0.0000000000
148630  5.102  55.107  -20.866 0.0000000000
148631  4.807  54.575  -21.336 0.0000000000
148643  12.814  55.955  -21.992 0.0000000000
148644  12.102  55.554  -21.803 0.0000000000
148645  11.304  55.290  -21.773 0.0000000000
148646  10.379  55.216  -21.482 0.0000000000
148647  9.420  55.213  -21.402 0.0000000000
148648  8.420  55.310  -21.452 0.0000000000
148649  7.361  55.429  -21.577 0.0000000000
148650  6.058  55.501  -21.789 0.0000000000
148651  4.982  55.355  -21.736 0.0000000000
148652  4.633  54.773  -21.699 0.0000000000
148655  13.041  56.077  -22.820 0.0000000000
148656  12.263  55.459  -22.606 0.0000000000
148657  11.795  55.310  -22.184 0.0000000000
148658  5.799  54.961  -22.488 0.0000000000
148659  5.144  55.059  -22.400 0.0000000000
148660  4.634  54.978  -22.151 0.0000000000
148663  13.068  56.210  -23.298 0.0000000000
148664  12.710  55.783  -23.524 0.0000000000
148674  12.535  55.819  -24.516 0.0000000000
149276  7.091  56.153  -5.898 0.0000000000
149277  6.330  56.381  -6.006 0.0000000000
149278  5.823  56.333  -6.340 0.0000000000
149284  6.935  56.435  -6.654 0.0000000000
149285  6.143  56.717  -6.845 0.0000000000
149286  5.658  56.517  -7.124 0.0000000000
149290  6.743  56.621  -7.594 0.0000000000
149291  5.959  57.082  -7.797 0.0000000000
149292  5.508  56.763  -8.177 0.0000000000
149296  6.615  56.766  -8.620 0.0000000000
149297  5.857  57.221  -9.016 0.0000000000
149298  5.348  56.998  -9.298 0.0000000000
149303  15.379  56.637  -9.211 0.0000000000
149304  14.972  56.291  -9.807 0.0000000000
149305  6.627  56.818  -9.668 0.0000000000
149306  6.067  57.341  -10.120 0.0000000000
149307  5.116  57.064  -10.028 0.0000000000
149312  15.250  56.904  -9.982 0.0000000000
149313  14.831  56.614  -10.607 0.0000000000
149314  7.624  56.331  -10.853 0.0000000000
149315  6.812  56.764  -10.727 0.0000000000
149316  6.118  57.329  -11.026 0.0000000000
149317  5.180  57.159  -10.653 0.0000000000
149323  14.426  56.663  -11.539 0.0000000000
149324  7.512  56.481  -11.523 0.0000000000
149325  6.704  56.846  -11.676 0.0000000000
149326  5.785  57.111  -11.782 0.0000000000
149327  5.392  57.210  -11.110 0.0000000000
149333  14.008  56.631  -12.450 0.0000000000
149334  13.601  56.307  -13.077 0.0000000000
149335  7.469  56.629  -12.229 0.0000000000
149336  6.828  56.972  -12.524 0.0000000000
149337  6.152  56.874  -12.814 0.0000000000
149343  13.822  56.901  -13.247 0.0000000000
149344  13.551  56.614  -13.738 0.0000000000
149345  8.958  56.248  -13.415 0.0000000000
149346  8.157  56.502  -13.115 0.0000000000
149347  6.842  57.202  -13.456 0.0000000000
149348  5.905  57.133  -13.474 0.0000000000
149357  13.218  56.455  -14.314 0.0000000000
149358  12.699  56.282  -14.635 0.0000000000
149359  12.126  56.105  -14.765 0.0000000000
149360  10.080  56.094  -14.389 0.0000000000
149361  9.353  56.242  -14.060 0.0000000000
149362  7.919  56.944  -14.376 0.0000000000
149363  6.930  57.450  -14.273 0.0000000000
149364  5.770  56.837  -14.229 0.0000000000
149365  5.739  57.255  -14.924 0.0000000000
149374  13.081  56.671  -15.048 0.0000000000
149375  12.432  56.604  -15.343 0.0000000000
149376  11.509  56.291  -15.162 0.0000000000
149377  10.383  56.281  -14.961 0.0000000000
149378  9.027  56.907  -15.284 0.0000000000
149379  8.061  57.365  -15.242 0.0000000000
149380  6.075  56.570  -15.083 0.0000000000
149381  5.714  57.210  -15.553 0.0000000000
149389  11.881  56.805  -15.778 0.0000000000
149390  11.070  56.849  -15.885 0.0000000000
149391  9.997  57.134  -15.947 0.0000000000
149392  9.165  57.546  -16.063 0.0000000000
149393  6.171  56.486  -15.966 0.0000000000
149394  5.705  57.245  -16.385 0.0000000000
149403  6.180  56.481  -16.891 0.0000000000
149404  5.714  57.258  -17.328 0.0000000000
149414  12.568  57.026  -19.117 0.0000000000
149415  12.189  56.988  -19.098 0.0000000000
149416  11.490  56.928  -19.081 0.0000000000
149417  6.098  56.470  -17.736 0.0000000000
149418  5.755  56.973  -18.402 0.0000000000
149427  13.978  57.045  -19.916 0.0000000000
149428  13.646  56.930  -19.817 0.0000000000
149429  12.796  56.826  -19.496 0.0000000000
149430  11.852  56.582  -19.620 0.0000000000
149431  10.848  56.624  -19.484 0.0000000000
149432  9.846  56.636  -19.614 0.0000000000
149433  8.899  56.760  -19.700 0.0000000000
149434  7.913  56.861  -19.782 0.0000000000
149435  7.041  56.933  -19.919 0.0000000000
149436  5.742  56.760  -19.382 0.0000000000
149445  13.986  56.963  -20.268 0.0000000000
149446  13.368  56.603  -20.387 0.0000000000
149447  12.420  56.222  -20.448 0.0000000000
149448  11.356  56.107  -20.254 0.0000000000
149449  10.364  56.105  -20.189 0.0000000000
149450  9.385  56.177  -20.228 0.0000000000
149451  8.398  56.291  -20.311 0.0000000000
149452  7.386  56.400  -20.407 0.0000000000
149453  6.362  56.517  -20.449 0.0000000000
149454  5.779  56.337  -20.314 0.0000000000
149468  13.976  56.841  -21.159 0.0000000000
149469  13.166  56.287  -21.237 0.0000000000
149470  12.471  55.924  -21.303 0.0000000000
149471  5.855  56.177  -21.069 0.0000000000
149472  5.462  55.763  -21.200 0.0000000000
149475  14.130  57.094  -21.786 0.0000000000
149476  13.635  56.659  -22.174 0.0000000000
149479  13.403  56.717  -23.253 0.0000000000
149480  13.077  56.321  -23.550 0.0000000000
149493  13.328  57.171  -23.694 0.0000000000
149494  13.007  56.691  -24.075 0.0000000000
150089  5.502  57.335  -9.855 0.0000000000
150090  5.252  57.227  -9.885 0.0000000000
150094  5.584  57.438  -10.531 0.0000000000
150095  5.228  57.349  -10.289 0.0000000000
150098  15.126  57.582  -10.418 0.0000000000
150099  14.708  57.592  -11.182 0.0000000000
150100  5.612  57.368  -11.041 0.0000000000
150101  5.337  57.387  -10.820 0.0000000000
150105  14.329  57.565  -12.023 0.0000000000
150106  5.557  57.289  -11.258 0.0000000000
150107  5.413  57.454  -11.101 0.0000000000
150110  14.176  57.565  -12.949 0.0000000000
150113  14.042  57.387  -14.034 0.0000000000
150114  13.616  56.847  -14.229 0.0000000000
150115  6.223  57.595  -14.005 0.0000000000
150116  5.842  57.369  -14.053 0.0000000000
150122  13.999  57.672  -15.163 0.0000000000
150123  13.593  57.006  -14.811 0.0000000000
150124  7.279  57.579  -14.971 0.0000000000
150125  6.480  57.744  -14.748 0.0000000000
150126  5.800  57.786  -14.690 0.0000000000
150127  5.532  57.739  -15.235 0.0000000000
150135  13.788  57.945  -15.722 0.0000000000
150136  13.121  57.417  -15.864 0.0000000000
150137  12.365  57.045  -15.884 0.0000000000
150138  8.406  57.678  -15.847 0.0000000000
150139  7.586  57.886  -15.651 0.0000000000
150140  6.687  58.198  -15.522 0.0000000000
150141  6.173  58.113  -15.013 0.0000000000
150142  5.398  57.823  -15.892 0.0000000000
150149  12.594  57.842  -16.547 0.0000000000
150150  11.907  57.450  -16.403 0.0000000000
150151  10.659  57.624  -16.576 0.0000000000
150152  9.634  57.949  -16.578 0.0000000000
150153  8.715  58.238  -16.432 0.0000000000
150154  7.805  58.325  -16.229 0.0000000000
150155  7.239  58.355  -15.952 0.0000000000
150156  5.406  57.992  -16.743 0.0000000000
150163  5.555  58.034  -17.709 0.0000000000
150169  15.238  58.120  -18.702 0.0000000000
150170  14.586  57.800  -18.710 0.0000000000
150171  13.700  57.505  -18.650 0.0000000000
150172  12.722  57.283  -18.780 0.0000000000
150173  11.716  57.395  -18.634 0.0000000000
150174  10.865  57.241  -18.791 0.0000000000
150175  10.046  57.648  -18.624 0.0000000000
150176  9.065  57.944  -18.621 0.0000000000
150177  7.991  58.171  -18.711 0.0000000000
150178  6.873  58.186  -18.789 0.0000000000
150179  5.869  57.902  -18.807 0.0000000000
150186  15.189  57.934  -19.431 0.0000000000
150187  14.274  57.303  -19.658 0.0000000000
150188  13.364  57.105  -19.236 0.0000000000
150189  12.962  57.058  -19.160 0.0000000000
150190  10.197  57.066  -19.107 0.0000000000
150191  9.415  57.258  -19.150 0.0000000000
150192  8.442  57.431  -19.218 0.0000000000
150193  7.398  57.515  -19.344 0.0000000000
150194  6.385  57.341  -19.640 0.0000000000
150195  5.864  57.062  -19.785 0.0000000000
150203  15.104  57.827  -20.371 0.0000000000
150204  14.505  57.339  -20.685 0.0000000000
150205  5.923  56.917  -20.125 0.0000000000
150206  5.735  56.765  -20.067 0.0000000000
150223  14.955  57.794  -21.083 0.0000000000
150224  14.559  57.521  -21.538 0.0000000000
150236  14.227  57.448  -22.219 0.0000000000
150237  13.876  57.248  -22.791 0.0000000000
150240  14.104  57.909  -22.722 0.0000000000
150241  13.592  57.713  -23.347 0.0000000000
150256  13.129  57.646  -23.980 0.0000000000
150864  15.129  58.791  -13.731 0.0000000000
150865  14.751  58.477  -13.451 0.0000000000
150869  15.188  58.742  -14.182 0.0000000000
150870  14.609  58.222  -14.619 0.0000000000
150871  5.792  58.120  -14.980 0.0000000000
150872  5.616  58.072  -15.117 0.0000000000
150876  15.169  58.810  -15.197 0.0000000000
150877  14.313  58.373  -15.680 0.0000000000
150878  13.658  58.172  -16.129 0.0000000000
150879  6.250  58.638  -15.930 0.0000000000
150880  5.837  58.344  -15.419 0.0000000000
150881  5.472  58.137  -15.510 0.0000000000
150885  15.048  58.822  -16.410 0.0000000000
150886  13.946  58.646  -16.564 0.0000000000
150887  13.048  58.271  -16.670 0.0000000000
150888  12.143  58.112  -16.935 0.0000000000
150889  11.166  58.122  -17.010 0.0000000000
150890  10.130  58.405  -17.030 0.0000000000
150891  9.133  58.808  -16.921 0.0000000000
150892  8.031  58.920  -16.818 0.0000000000
150893  6.837  58.776  -16.485 0.0000000000
150894  5.853  58.936  -16.314 0.0000000000
150895  5.455  58.418  -16.125 0.0000000000
150901  16.031  58.681  -17.932 0.0000000000
150902  15.453  58.658  -17.484 0.0000000000
150903  14.458  58.589  -17.287 0.0000000000
150904  13.480  58.504  -17.324 0.0000000000
150905  12.563  58.229  -17.406 0.0000000000
150906  11.565  58.122  -17.514 0.0000000000
150907  10.516  58.357  -17.567 0.0000000000
150908  9.478  58.761  -17.558 0.0000000000
150909  8.375  59.067  -17.514 0.0000000000
150910  7.182  59.203  -17.413 0.0000000000
150911  6.067  59.303  -17.233 0.0000000000
150912  5.475  58.741  -17.012 0.0000000000
150917  16.201  58.764  -18.569 0.0000000000
150918  15.630  58.426  -18.292 0.0000000000
150919  14.923  58.204  -18.015 0.0000000000
150920  14.032  58.115  -17.966 0.0000000000
150921  13.089  57.945  -17.981 0.0000000000
150922  12.094  57.935  -18.088 0.0000000000
150923  10.948  57.945  -18.171 0.0000000000
150924  9.831  58.389  -18.148 0.0000000000
150925  8.735  58.692  -18.139 0.0000000000
150926  7.567  58.865  -18.146 0.0000000000
150927  6.449  58.894  -18.100 0.0000000000
150928  5.789  58.698  -17.789 0.0000000000
150933  16.254  58.943  -19.373 0.0000000000
150934  15.754  58.428  -19.083 0.0000000000
150941  16.252  59.151  -19.890 0.0000000000
150942  15.797  58.638  -20.088 0.0000000000
150954  15.378  58.477  -21.186 0.0000000000
150955  14.949  58.033  -21.514 0.0000000000
150968  15.261  58.949  -21.712 0.0000000000
150969  14.725  58.440  -22.113 0.0000000000
150974  13.938  58.757  -23.012 0.0000000000
150975  13.096  58.641  -23.784 0.0000000000
151595  15.887  59.161  -14.577 0.0000000000
151601  16.138  59.177  -15.789 0.0000000000
151605  16.846  59.388  -16.751 0.0000000000
151606  16.033  58.987  -16.958 0.0000000000
151610  16.623  59.098  -17.833 0.0000000000
151611  16.060  58.807  -17.538 0.0000000000
151614  16.695  59.284  -18.879 0.0000000000
151617  16.670  59.544  -19.673 0.0000000000
151621  16.281  59.482  -20.404 0.0000000000
151622  15.878  59.089  -20.834 0.0000000000
151632  16.010  59.548  -20.932 0.0000000000
151633  15.636  59.436  -21.370 0.0000000000
151646  15.101  59.512  -22.009 0.0000000000
151647  14.395  59.571  -22.599 0.0000000000
151661  13.922  59.463  -22.958 0.0000000000
151662  13.442  59.613  -23.306 0.0000000000
