#!ascii label  , from subject colin27_FS vox2ras=TkReg
350
122252  6.770  26.780  -26.797 0.0000000000
123243  6.399  27.242  -26.529 0.0000000000
123250  6.752  27.449  -27.238 0.0000000000
124238  5.979  27.481  -26.180 0.0000000000
124239  5.500  27.941  -25.962 0.0000000000
124240  4.766  28.802  -25.543 0.0000000000
124241  4.310  29.312  -25.167 0.0000000000
124245  6.130  27.968  -26.662 0.0000000000
124246  5.602  28.888  -26.574 0.0000000000
124247  5.084  29.245  -26.191 0.0000000000
124253  6.514  28.683  -27.535 0.0000000000
124254  5.995  29.211  -27.141 0.0000000000
124262  6.923  29.061  -28.163 0.0000000000
125202  4.425  29.744  -25.469 0.0000000000
125203  4.086  29.767  -24.883 0.0000000000
125206  5.273  29.639  -26.537 0.0000000000
125207  4.847  29.706  -26.040 0.0000000000
125212  6.236  29.674  -27.442 0.0000000000
125213  5.701  29.637  -26.954 0.0000000000
125220  6.765  29.576  -27.971 0.0000000000
126260  3.885  30.497  -24.505 0.0000000000
126262  4.637  30.466  -25.833 0.0000000000
126263  4.216  30.483  -25.194 0.0000000000
126265  5.449  30.024  -26.807 0.0000000000
126266  5.172  30.404  -26.518 0.0000000000
126268  7.169  31.040  -28.206 0.0000000000
126269  6.717  30.538  -27.869 0.0000000000
126270  5.804  30.453  -27.098 0.0000000000
126271  5.440  30.781  -26.813 0.0000000000
126278  7.048  30.032  -28.275 0.0000000000
127313  3.828  31.341  -24.227 0.0000000000
127315  4.500  31.336  -25.419 0.0000000000
127316  4.078  31.106  -24.847 0.0000000000
127318  5.900  31.999  -26.767 0.0000000000
127319  5.377  31.625  -26.427 0.0000000000
127320  4.963  31.141  -26.142 0.0000000000
127323  6.953  31.675  -27.859 0.0000000000
127324  6.258  31.395  -27.302 0.0000000000
127325  5.655  31.215  -26.868 0.0000000000
127326  5.285  31.039  -26.597 0.0000000000
127330  6.865  31.973  -29.796 0.0000000000
127331  6.623  31.740  -29.417 0.0000000000
127332  6.392  31.534  -29.060 0.0000000000
127337  7.168  32.022  -30.202 0.0000000000
128288  3.925  32.986  -23.733 0.0000000000
128292  4.773  33.093  -24.870 0.0000000000
128293  4.308  32.832  -24.390 0.0000000000
128294  3.878  32.217  -23.991 0.0000000000
128297  5.679  33.105  -25.933 0.0000000000
128298  5.195  32.897  -25.484 0.0000000000
128299  4.654  32.323  -25.136 0.0000000000
128300  4.182  31.860  -24.700 0.0000000000
128304  6.025  32.875  -26.483 0.0000000000
128305  5.540  32.398  -26.165 0.0000000000
128306  5.025  31.952  -25.823 0.0000000000
128310  7.010  32.381  -27.772 0.0000000000
128311  6.557  32.541  -27.254 0.0000000000
128315  6.971  32.158  -29.830 0.0000000000
128316  7.002  32.264  -29.609 0.0000000000
128317  6.733  32.091  -29.100 0.0000000000
128318  7.036  32.914  -27.727 0.0000000000
128322  6.978  31.988  -30.018 0.0000000000
128323  7.270  32.334  -29.997 0.0000000000
129160  4.278  35.516  -23.214 0.0000000000
129161  4.083  35.532  -22.966 0.0000000000
129164  5.075  33.764  -24.934 0.0000000000
129165  4.606  33.721  -24.379 0.0000000000
129170  5.986  33.711  -26.076 0.0000000000
129171  5.549  33.746  -25.503 0.0000000000
129176  6.408  33.597  -26.726 0.0000000000
129180  6.851  33.597  -27.382 0.0000000000
129184  7.510  32.897  -29.878 0.0000000000
129185  7.358  32.776  -29.565 0.0000000000
129186  7.301  33.653  -27.987 0.0000000000
129190  7.830  33.227  -30.343 0.0000000000
130043  4.004  35.748  -22.773 0.0000000000
130046  4.534  35.732  -23.485 0.0000000000
130047  4.269  35.694  -23.143 0.0000000000
130055  5.570  36.173  -24.765 0.0000000000
130056  5.020  35.978  -24.076 0.0000000000
130062  6.365  36.382  -25.884 0.0000000000
130063  6.012  36.299  -25.374 0.0000000000
130067  6.702  34.435  -26.961 0.0000000000
130071  7.658  36.271  -27.973 0.0000000000
130072  7.479  36.321  -27.673 0.0000000000
130076  8.032  34.003  -30.002 0.0000000000
130077  7.536  34.490  -28.315 0.0000000000
130078  7.309  34.214  -27.986 0.0000000000
130083  8.291  34.218  -30.743 0.0000000000
131061  3.839  36.266  -22.439 0.0000000000
131066  4.470  36.431  -23.222 0.0000000000
131067  4.247  36.155  -22.935 0.0000000000
131075  4.620  36.084  -23.509 0.0000000000
131076  4.368  35.905  -23.188 0.0000000000
131085  5.431  36.351  -24.510 0.0000000000
131086  5.030  36.170  -24.021 0.0000000000
131090  6.313  36.567  -25.740 0.0000000000
131091  5.830  36.362  -25.113 0.0000000000
131095  7.181  36.737  -27.193 0.0000000000
131096  6.734  36.550  -26.533 0.0000000000
131100  7.586  36.471  -27.843 0.0000000000
131101  7.227  36.450  -27.302 0.0000000000
131104  8.231  35.828  -29.440 0.0000000000
131105  7.865  36.243  -28.447 0.0000000000
131109  8.402  35.275  -30.387 0.0000000000
131120  8.301  35.183  -31.250 0.0000000000
131996  4.355  36.972  -22.964 0.0000000000
131997  4.002  36.757  -22.545 0.0000000000
132007  5.146  37.236  -23.961 0.0000000000
132008  4.718  36.751  -23.508 0.0000000000
132014  5.523  36.969  -24.539 0.0000000000
132015  5.088  36.534  -23.990 0.0000000000
132019  6.414  37.175  -25.792 0.0000000000
132020  5.934  36.752  -25.124 0.0000000000
132023  7.137  37.332  -27.215 0.0000000000
132024  6.759  36.944  -26.496 0.0000000000
132028  7.598  37.035  -27.906 0.0000000000
132031  8.180  36.721  -29.415 0.0000000000
132032  7.937  36.596  -28.625 0.0000000000
132036  8.330  36.288  -30.107 0.0000000000
132047  8.171  36.200  -31.014 0.0000000000
132048  7.857  36.744  -31.409 0.0000000000
132057  8.128  35.763  -31.607 0.0000000000
132882  4.430  37.976  -22.811 0.0000000000
132883  4.055  37.538  -22.377 0.0000000000
132891  5.145  38.098  -23.936 0.0000000000
132892  4.740  37.553  -23.423 0.0000000000
132895  5.578  37.769  -24.517 0.0000000000
132899  6.477  38.004  -25.845 0.0000000000
132900  6.026  37.462  -25.131 0.0000000000
132903  6.994  38.050  -27.304 0.0000000000
132904  6.763  37.645  -26.568 0.0000000000
132908  7.432  37.807  -27.952 0.0000000000
132911  8.067  37.192  -29.559 0.0000000000
132912  7.839  37.450  -28.931 0.0000000000
132916  8.225  36.995  -30.049 0.0000000000
132917  7.856  37.585  -29.925 0.0000000000
132927  8.170  36.681  -30.491 0.0000000000
132928  7.847  37.217  -30.854 0.0000000000
133758  4.524  38.987  -22.706 0.0000000000
133763  5.090  38.993  -23.930 0.0000000000
133764  4.787  38.502  -23.363 0.0000000000
133767  5.511  38.697  -24.506 0.0000000000
133770  6.314  38.947  -25.926 0.0000000000
133771  5.998  38.352  -25.159 0.0000000000
133774  6.890  38.477  -27.372 0.0000000000
133775  6.720  38.587  -26.837 0.0000000000
133778  7.048  38.606  -27.916 0.0000000000
133779  6.840  38.739  -27.445 0.0000000000
133782  7.407  38.339  -28.746 0.0000000000
133785  7.518  38.210  -29.608 0.0000000000
134623  4.567  40.002  -22.621 0.0000000000
134627  5.100  39.484  -23.899 0.0000000000
134628  4.911  39.545  -23.403 0.0000000000
134630  5.360  39.724  -24.363 0.0000000000
134631  5.110  39.733  -23.871 0.0000000000
134636  6.067  39.863  -25.970 0.0000000000
134637  5.845  39.351  -25.202 0.0000000000
134643  6.409  39.561  -26.721 0.0000000000
134651  6.853  39.110  -28.229 0.0000000000
134652  6.694  39.339  -27.678 0.0000000000
134660  7.017  38.993  -28.724 0.0000000000
135533  4.580  40.985  -22.531 0.0000000000
135537  4.989  40.544  -23.101 0.0000000000
135541  5.352  40.814  -24.377 0.0000000000
135542  5.148  40.234  -23.794 0.0000000000
135549  5.902  40.426  -26.063 0.0000000000
135550  5.642  40.558  -25.382 0.0000000000
135557  6.069  40.342  -26.600 0.0000000000
135558  5.773  40.964  -26.304 0.0000000000
135566  6.265  40.255  -27.414 0.0000000000
135567  5.896  41.006  -27.135 0.0000000000
136472  4.531  41.925  -22.517 0.0000000000
136476  5.315  42.031  -23.535 0.0000000000
136477  5.079  41.503  -22.929 0.0000000000
136483  5.343  41.651  -24.161 0.0000000000
136484  5.250  41.113  -23.628 0.0000000000
136493  5.292  41.662  -24.933 0.0000000000
136502  5.470  41.699  -25.854 0.0000000000
136511  5.641  41.786  -26.761 0.0000000000
137455  4.449  42.690  -22.525 0.0000000000
137456  3.983  42.428  -22.250 0.0000000000
137462  5.335  42.795  -23.492 0.0000000000
137463  5.046  42.504  -22.870 0.0000000000
137470  5.332  42.691  -24.333 0.0000000000
137471  5.275  43.330  -24.576 0.0000000000
137477  5.140  42.670  -25.421 0.0000000000
137478  5.052  43.245  -24.920 0.0000000000
137486  5.379  42.587  -26.297 0.0000000000
138444  4.674  43.214  -22.707 0.0000000000
138445  4.030  43.404  -22.412 0.0000000000
138446  3.569  44.095  -22.291 0.0000000000
138454  5.467  43.315  -23.737 0.0000000000
138455  5.143  43.471  -23.150 0.0000000000
138464  5.484  43.603  -24.219 0.0000000000
138465  5.178  43.832  -24.749 0.0000000000
138473  5.098  43.132  -25.971 0.0000000000
138474  4.989  43.786  -25.545 0.0000000000
138484  5.436  43.571  -26.464 0.0000000000
138485  5.128  44.411  -26.155 0.0000000000
139453  4.623  44.014  -22.756 0.0000000000
139454  4.050  44.486  -22.486 0.0000000000
139455  3.472  44.870  -22.219 0.0000000000
139463  5.403  44.055  -23.623 0.0000000000
139464  5.091  44.427  -23.107 0.0000000000
139473  5.488  44.447  -24.227 0.0000000000
139474  5.006  44.654  -24.918 0.0000000000
139484  4.868  44.895  -25.600 0.0000000000
139496  5.859  44.620  -26.779 0.0000000000
139497  5.082  45.230  -26.163 0.0000000000
140378  5.113  45.395  -22.977 0.0000000000
140379  4.749  45.098  -22.778 0.0000000000
140380  3.714  45.517  -22.264 0.0000000000
140390  5.278  45.107  -23.379 0.0000000000
140391  5.112  44.860  -23.047 0.0000000000
140399  5.379  45.438  -24.318 0.0000000000
140400  4.808  45.586  -25.033 0.0000000000
140413  4.787  45.725  -25.641 0.0000000000
140431  6.273  45.261  -26.934 0.0000000000
140432  5.600  45.703  -26.443 0.0000000000
140433  4.958  46.039  -26.027 0.0000000000
141208  5.083  46.037  -22.896 0.0000000000
141209  4.327  46.100  -22.470 0.0000000000
141210  3.806  46.188  -22.215 0.0000000000
141219  5.448  46.322  -23.591 0.0000000000
141231  5.202  46.568  -24.559 0.0000000000
141232  4.743  46.257  -25.230 0.0000000000
141255  4.819  47.004  -25.205 0.0000000000
141256  4.828  46.371  -25.663 0.0000000000
141274  6.908  46.534  -26.894 0.0000000000
141275  6.429  46.306  -26.716 0.0000000000
141276  5.269  46.784  -25.910 0.0000000000
141277  4.935  46.403  -25.893 0.0000000000
141286  6.776  46.025  -27.059 0.0000000000
142033  4.261  47.603  -21.917 0.0000000000
142034  3.581  47.356  -21.743 0.0000000000
142046  5.484  47.382  -22.814 0.0000000000
142047  4.682  46.975  -22.430 0.0000000000
142048  3.982  46.763  -22.111 0.0000000000
142060  5.608  47.523  -23.699 0.0000000000
142076  5.284  47.893  -24.521 0.0000000000
142077  5.259  48.483  -24.503 0.0000000000
142095  5.564  48.174  -25.475 0.0000000000
142096  5.047  47.961  -25.206 0.0000000000
142097  5.156  48.278  -24.732 0.0000000000
142103  7.780  47.690  -27.144 0.0000000000
142104  7.090  47.173  -26.744 0.0000000000
142105  6.072  47.572  -26.045 0.0000000000
142106  5.438  47.615  -25.655 0.0000000000
142944  3.429  48.771  -21.121 0.0000000000
142961  5.189  48.680  -21.876 0.0000000000
142962  4.515  48.421  -21.661 0.0000000000
142963  3.802  48.206  -21.522 0.0000000000
142975  5.454  48.368  -22.403 0.0000000000
142976  4.967  47.907  -22.177 0.0000000000
142988  5.905  48.828  -22.912 0.0000000000
142989  5.668  49.660  -23.301 0.0000000000
142990  5.504  50.323  -23.063 0.0000000000
143001  5.604  48.300  -23.808 0.0000000000
143002  5.289  49.004  -23.952 0.0000000000
143003  5.173  50.145  -23.617 0.0000000000
143011  7.122  48.958  -25.929 0.0000000000
143012  6.181  48.789  -25.498 0.0000000000
143013  5.322  48.973  -24.997 0.0000000000
143014  5.261  48.764  -24.585 0.0000000000
143017  8.205  48.486  -27.202 0.0000000000
143018  7.508  48.246  -26.581 0.0000000000
143019  6.794  48.142  -26.161 0.0000000000
143900  5.062  49.840  -21.102 0.0000000000
143901  4.345  49.652  -20.902 0.0000000000
143902  3.687  49.480  -20.766 0.0000000000
143903  3.191  49.289  -20.706 0.0000000000
143907  5.956  49.549  -21.972 0.0000000000
143908  5.423  49.375  -21.648 0.0000000000
143909  4.754  49.171  -21.420 0.0000000000
143910  4.058  48.959  -21.221 0.0000000000
143913  5.622  48.964  -22.166 0.0000000000
143930  8.222  49.942  -26.132 0.0000000000
143931  7.542  49.765  -25.727 0.0000000000
143932  6.723  49.777  -25.332 0.0000000000
143933  5.774  50.069  -24.725 0.0000000000
143934  4.878  49.994  -24.134 0.0000000000
143937  8.528  49.461  -26.883 0.0000000000
143938  7.887  49.123  -26.389 0.0000000000
144784  4.681  50.290  -20.567 0.0000000000
144785  3.975  50.180  -20.445 0.0000000000
144786  3.414  50.007  -20.323 0.0000000000
144790  6.174  50.390  -21.622 0.0000000000
144791  5.731  50.069  -21.339 0.0000000000
144795  4.239  51.007  -23.033 0.0000000000
144808  7.678  50.956  -25.180 0.0000000000
144814  9.038  51.008  -26.170 0.0000000000
144815  8.502  50.677  -25.842 0.0000000000
144816  7.915  50.448  -25.546 0.0000000000
144817  7.245  50.479  -25.231 0.0000000000
144821  8.755  50.315  -26.553 0.0000000000
145563  6.357  50.815  -22.042 0.0000000000
145564  5.636  50.918  -22.546 0.0000000000
145565  4.999  51.320  -22.612 0.0000000000
145566  4.377  51.375  -22.820 0.0000000000
145574  4.981  51.005  -24.257 0.0000000000
145575  4.339  51.156  -23.509 0.0000000000
145582  8.408  51.673  -25.042 0.0000000000
145583  8.024  51.496  -24.969 0.0000000000
145584  7.085  51.329  -24.757 0.0000000000
145588  9.245  51.472  -25.917 0.0000000000
145589  8.737  51.469  -25.414 0.0000000000
145590  8.175  51.002  -25.376 0.0000000000
145593  9.463  51.489  -26.470 0.0000000000
146313  6.124  51.358  -22.118 0.0000000000
146314  5.652  51.729  -22.175 0.0000000000
146315  4.753  52.294  -22.323 0.0000000000
146316  3.883  52.196  -22.940 0.0000000000
146323  8.028  52.752  -24.186 0.0000000000
146324  7.163  52.810  -24.026 0.0000000000
146325  6.334  52.891  -23.948 0.0000000000
146326  5.559  52.821  -23.962 0.0000000000
146327  4.834  52.210  -23.911 0.0000000000
146328  4.151  52.199  -23.472 0.0000000000
146332  10.025  52.754  -25.034 0.0000000000
146333  9.229  52.389  -24.858 0.0000000000
146334  8.470  52.062  -24.786 0.0000000000
146335  7.568  52.105  -24.490 0.0000000000
146336  6.663  52.189  -24.332 0.0000000000
146337  5.988  52.357  -24.190 0.0000000000
146338  5.538  52.253  -24.152 0.0000000000
146341  9.561  52.032  -25.687 0.0000000000
146342  9.008  51.978  -25.171 0.0000000000
147067  4.077  53.190  -22.599 0.0000000000
147075  8.657  53.322  -23.764 0.0000000000
147076  7.638  53.380  -23.620 0.0000000000
147077  6.761  53.458  -23.562 0.0000000000
147078  5.815  53.579  -23.496 0.0000000000
147079  4.927  53.308  -23.578 0.0000000000
147080  4.044  53.134  -23.373 0.0000000000
147085  9.446  52.988  -24.304 0.0000000000
147086  8.755  52.707  -24.370 0.0000000000
147833  4.093  53.721  -22.896 0.0000000000
147839  5.017  53.956  -23.217 0.0000000000
147840  4.400  53.803  -23.226 0.0000000000
147841  4.028  53.714  -23.201 0.0000000000
165581  6.162  49.912  -22.248 0.0000000000
165582  6.045  50.068  -22.736 0.0000000000
165583  6.529  50.630  -24.889 0.0000000000
165584  4.652  51.145  -22.766 0.0000000000
165585  5.135  51.016  -22.692 0.0000000000
165586  4.558  50.486  -23.591 0.0000000000
165587  5.886  51.517  -24.418 0.0000000000
165588  4.747  50.827  -22.976 0.0000000000
165589  4.332  50.506  -23.823 0.0000000000
