#!ascii label  , from subject colin27_FS vox2ras=TkReg
1187
81945  31.938  -3.909  -9.063 0.0000000000
83243  36.108  -2.798  0.522 0.0000000000
83298  31.068  -3.089  -4.429 0.0000000000
83302  31.075  -3.214  -5.071 0.0000000000
83312  31.240  -3.032  -6.228 0.0000000000
83323  31.705  -2.723  -7.937 0.0000000000
83324  31.354  -3.330  -7.310 0.0000000000
83330  31.917  -2.939  -8.809 0.0000000000
83331  31.609  -3.629  -8.220 0.0000000000
83341  31.965  -3.179  -9.789 0.0000000000
83358  32.301  -3.359  -10.750 0.0000000000
83376  32.647  -3.440  -11.644 0.0000000000
83390  32.861  -3.300  -12.168 0.0000000000
84592  34.497  -2.238  1.872 0.0000000000
84593  34.102  -2.245  2.043 0.0000000000
84594  33.372  -2.119  2.044 0.0000000000
84609  35.456  -2.801  0.986 0.0000000000
84610  34.624  -2.606  1.594 0.0000000000
84611  33.548  -2.777  1.733 0.0000000000
84612  32.637  -2.481  1.678 0.0000000000
84613  31.710  -2.517  1.325 0.0000000000
84632  36.716  -2.322  -0.018 0.0000000000
84633  36.091  -2.342  0.589 0.0000000000
84634  31.079  -2.589  0.707 0.0000000000
84635  30.518  -2.665  0.043 0.0000000000
84655  37.842  -2.147  -0.764 0.0000000000
84656  37.295  -2.063  -0.617 0.0000000000
84657  36.936  -2.006  -0.493 0.0000000000
84658  30.428  -2.714  -0.784 0.0000000000
84678  30.450  -2.690  -1.649 0.0000000000
84694  30.870  -2.073  -2.756 0.0000000000
84695  30.657  -2.612  -2.641 0.0000000000
84703  31.034  -2.156  -3.261 0.0000000000
84704  30.892  -2.916  -3.621 0.0000000000
84707  31.209  -2.455  -4.294 0.0000000000
84708  31.056  -3.039  -4.135 0.0000000000
84712  31.382  -2.324  -5.393 0.0000000000
84718  31.515  -2.171  -6.208 0.0000000000
84729  31.830  -2.005  -7.741 0.0000000000
84730  31.605  -2.361  -7.044 0.0000000000
84740  31.986  -2.048  -8.462 0.0000000000
84749  32.038  -2.040  -9.491 0.0000000000
84762  32.044  -2.347  -10.536 0.0000000000
84782  32.360  -2.533  -11.443 0.0000000000
84799  32.922  -2.166  -12.822 0.0000000000
84800  32.706  -2.747  -12.185 0.0000000000
84814  33.731  -2.701  -13.945 0.0000000000
84815  33.371  -2.363  -13.478 0.0000000000
84829  34.056  -2.389  -14.541 0.0000000000
84830  33.643  -2.087  -14.084 0.0000000000
84847  34.957  -2.323  -16.017 0.0000000000
84848  34.512  -2.339  -15.303 0.0000000000
84866  35.477  -2.331  -16.758 0.0000000000
84881  35.825  -2.033  -17.394 0.0000000000
86081  36.380  -1.180  1.777 0.0000000000
86082  35.900  -1.413  1.885 0.0000000000
86083  34.842  -1.813  2.036 0.0000000000
86084  33.815  -1.509  2.336 0.0000000000
86085  32.934  -1.484  2.088 0.0000000000
86105  37.028  -1.192  0.915 0.0000000000
86106  36.520  -1.409  1.186 0.0000000000
86107  35.673  -2.105  1.198 0.0000000000
86108  35.052  -2.235  1.602 0.0000000000
86109  32.150  -1.548  1.565 0.0000000000
86110  31.442  -1.659  1.021 0.0000000000
86126  38.481  -1.826  -0.858 0.0000000000
86127  37.034  -1.408  0.397 0.0000000000
86128  36.466  -1.903  0.334 0.0000000000
86129  36.028  -1.996  0.796 0.0000000000
86130  30.934  -1.705  0.297 0.0000000000
86131  30.591  -2.064  -0.395 0.0000000000
86142  40.002  -1.270  -1.080 0.0000000000
86143  39.250  -1.258  -1.288 0.0000000000
86144  38.101  -1.551  -0.922 0.0000000000
86145  37.235  -1.665  -0.365 0.0000000000
86146  36.785  -1.977  -0.278 0.0000000000
86147  30.868  -1.368  -0.572 0.0000000000
86148  30.591  -2.004  -1.146 0.0000000000
86157  39.928  -1.075  -1.556 0.0000000000
86158  39.778  -0.956  -1.661 0.0000000000
86159  30.914  -1.343  -1.532 0.0000000000
86160  30.681  -2.009  -2.014 0.0000000000
86176  31.045  -1.528  -2.577 0.0000000000
86177  30.793  -2.041  -2.502 0.0000000000
86193  31.432  -1.355  -3.676 0.0000000000
86195  31.582  -1.534  -4.809 0.0000000000
86198  32.096  -0.928  -6.222 0.0000000000
86199  31.679  -1.551  -5.766 0.0000000000
86202  32.209  -1.065  -7.055 0.0000000000
86203  31.800  -1.612  -6.603 0.0000000000
86212  32.220  -1.299  -7.924 0.0000000000
86213  31.908  -1.661  -7.278 0.0000000000
86223  32.214  -1.243  -8.887 0.0000000000
86234  32.169  -1.120  -9.641 0.0000000000
86246  32.127  -1.361  -10.347 0.0000000000
86259  32.253  -1.546  -11.238 0.0000000000
86275  32.832  -1.368  -12.864 0.0000000000
86276  32.573  -1.692  -12.162 0.0000000000
86290  33.130  -1.503  -13.350 0.0000000000
86302  33.792  -1.442  -14.452 0.0000000000
86303  33.445  -1.496  -13.891 0.0000000000
86316  34.704  -1.394  -15.761 0.0000000000
86317  34.243  -1.426  -15.062 0.0000000000
86336  35.166  -1.396  -16.466 0.0000000000
86356  36.031  -1.377  -17.840 0.0000000000
86357  35.551  -1.365  -17.185 0.0000000000
86366  36.528  -1.494  -18.629 0.0000000000
86374  37.371  -2.082  -19.807 0.0000000000
86375  37.018  -1.686  -19.532 0.0000000000
86382  38.235  -2.083  -20.719 0.0000000000
86383  37.634  -1.725  -20.435 0.0000000000
86384  37.098  -1.014  -20.149 0.0000000000
86394  38.587  -1.631  -21.362 0.0000000000
86395  37.771  -1.042  -21.160 0.0000000000
86406  39.397  -1.160  -22.252 0.0000000000
86407  38.630  -0.808  -22.093 0.0000000000
87610  37.311  0.073  3.071 0.0000000000
87611  36.802  -0.119  3.121 0.0000000000
87612  35.951  -0.245  3.126 0.0000000000
87613  35.209  -0.216  3.059 0.0000000000
87621  38.126  -0.270  2.137 0.0000000000
87622  37.495  -0.312  2.444 0.0000000000
87623  36.471  -0.789  2.306 0.0000000000
87624  35.471  -0.890  2.595 0.0000000000
87625  34.443  -0.643  2.751 0.0000000000
87626  33.397  -0.560  2.336 0.0000000000
87627  32.605  -0.625  1.775 0.0000000000
87640  38.423  -0.532  0.572 0.0000000000
87641  38.047  -0.562  1.318 0.0000000000
87642  37.087  -0.891  1.497 0.0000000000
87643  36.615  -1.066  1.693 0.0000000000
87644  31.855  -0.564  1.049 0.0000000000
87645  31.386  -1.148  0.653 0.0000000000
87658  38.615  -0.567  -0.102 0.0000000000
87659  38.001  -0.811  0.262 0.0000000000
87660  37.466  -1.030  0.700 0.0000000000
87661  31.697  -0.296  0.469 0.0000000000
87662  31.357  -0.694  0.131 0.0000000000
87671  41.873  -0.513  -1.474 0.0000000000
87672  40.849  -0.953  -1.278 0.0000000000
87673  40.263  -1.043  -1.504 0.0000000000
87674  38.883  -0.685  -1.125 0.0000000000
87675  38.001  -1.043  -0.507 0.0000000000
87676  37.551  -1.221  0.026 0.0000000000
87677  31.259  -0.639  -0.947 0.0000000000
87686  42.082  -0.046  -2.200 0.0000000000
87687  41.170  -0.407  -1.946 0.0000000000
87688  40.291  -0.725  -1.686 0.0000000000
87689  39.744  -0.741  -1.541 0.0000000000
87690  31.308  -0.680  -1.963 0.0000000000
87698  31.490  -0.690  -2.865 0.0000000000
87712  32.134  -0.038  -4.059 0.0000000000
87713  31.786  -0.417  -3.535 0.0000000000
87720  32.247  -0.036  -4.906 0.0000000000
87721  31.834  -0.693  -4.391 0.0000000000
87724  32.442  -0.173  -5.837 0.0000000000
87725  31.941  -0.807  -5.331 0.0000000000
87729  32.530  -0.345  -6.727 0.0000000000
87735  32.531  -0.448  -7.598 0.0000000000
87744  32.495  -0.475  -8.491 0.0000000000
87754  32.400  -0.462  -9.345 0.0000000000
87765  32.287  -0.515  -10.136 0.0000000000
87777  32.327  -0.615  -10.970 0.0000000000
87793  32.689  -0.737  -12.588 0.0000000000
87794  32.465  -0.726  -11.822 0.0000000000
87808  33.010  -0.732  -13.225 0.0000000000
87822  33.574  -0.695  -14.182 0.0000000000
87823  33.288  -0.885  -13.692 0.0000000000
87838  34.514  -0.442  -15.457 0.0000000000
87839  34.010  -0.557  -14.781 0.0000000000
87848  35.034  -0.439  -16.164 0.0000000000
87862  35.812  -0.503  -17.576 0.0000000000
87863  35.440  -0.519  -16.870 0.0000000000
87873  36.296  -0.491  -18.360 0.0000000000
87881  36.772  -0.556  -19.409 0.0000000000
87888  37.392  -0.820  -20.729 0.0000000000
87889  37.182  -0.146  -20.445 0.0000000000
87896  38.094  -0.751  -21.664 0.0000000000
87897  37.523  -0.095  -21.383 0.0000000000
87898  37.257  0.277  -20.962 0.0000000000
87911  38.140  -0.090  -22.227 0.0000000000
87912  37.663  0.330  -22.025 0.0000000000
89226  37.855  0.827  3.251 0.0000000000
89227  37.151  0.633  3.368 0.0000000000
89228  36.254  0.605  3.407 0.0000000000
89229  35.462  0.484  3.273 0.0000000000
89230  34.753  0.408  3.037 0.0000000000
89236  39.834  0.576  1.849 0.0000000000
89237  39.009  0.406  2.323 0.0000000000
89238  38.208  0.248  2.656 0.0000000000
89239  37.645  0.267  3.023 0.0000000000
89240  33.902  0.445  2.621 0.0000000000
89241  33.000  0.441  1.806 0.0000000000
89242  32.478  -0.083  1.458 0.0000000000
89254  40.803  0.580  0.442 0.0000000000
89255  40.028  0.301  0.638 0.0000000000
89256  39.031  -0.154  1.012 0.0000000000
89257  38.548  -0.148  1.929 0.0000000000
89258  32.810  0.818  1.288 0.0000000000
89259  32.467  0.397  1.099 0.0000000000
89273  41.281  0.625  -0.403 0.0000000000
89274  40.348  0.296  -0.485 0.0000000000
89275  39.458  -0.173  -0.318 0.0000000000
89276  31.979  0.174  0.411 0.0000000000
89277  31.652  -0.166  0.180 0.0000000000
89288  42.336  0.996  -1.806 0.0000000000
89289  41.927  0.798  -1.394 0.0000000000
89290  40.859  0.336  -1.395 0.0000000000
89291  39.948  -0.183  -1.352 0.0000000000
89292  32.149  0.640  -0.187 0.0000000000
89293  31.662  0.058  -0.384 0.0000000000
89303  41.476  0.244  -2.039 0.0000000000
89304  40.595  -0.184  -1.862 0.0000000000
89305  40.134  -0.463  -1.707 0.0000000000
89306  32.065  0.690  -0.986 0.0000000000
89307  31.628  0.043  -1.443 0.0000000000
89317  32.092  0.642  -1.998 0.0000000000
89318  31.708  -0.053  -2.411 0.0000000000
89329  32.135  0.420  -3.185 0.0000000000
89330  31.781  -0.184  -2.999 0.0000000000
89339  32.436  0.668  -4.317 0.0000000000
89342  33.157  1.084  -5.781 0.0000000000
89343  32.830  0.809  -5.452 0.0000000000
89347  33.256  0.978  -6.138 0.0000000000
89348  32.902  0.377  -6.393 0.0000000000
89352  33.369  0.846  -6.932 0.0000000000
89353  32.933  0.241  -7.266 0.0000000000
89360  33.438  0.779  -7.803 0.0000000000
89361  32.879  0.226  -8.136 0.0000000000
89371  33.271  0.802  -8.599 0.0000000000
89372  32.761  0.346  -9.074 0.0000000000
89389  32.534  0.201  -9.844 0.0000000000
89403  32.440  0.197  -10.635 0.0000000000
89418  32.603  -0.045  -12.281 0.0000000000
89419  32.495  0.227  -11.549 0.0000000000
89437  32.909  0.079  -12.956 0.0000000000
89454  33.759  0.067  -14.364 0.0000000000
89455  33.344  -0.035  -13.706 0.0000000000
89472  35.023  0.664  -15.785 0.0000000000
89473  34.388  0.331  -15.057 0.0000000000
89484  35.529  0.386  -16.568 0.0000000000
89495  36.290  0.491  -17.777 0.0000000000
89496  35.779  0.151  -17.178 0.0000000000
89506  36.676  0.468  -18.840 0.0000000000
89515  37.052  0.523  -19.825 0.0000000000
89524  37.154  0.708  -20.725 0.0000000000
89530  37.338  0.829  -21.876 0.0000000000
89531  37.252  0.649  -21.286 0.0000000000
90567  37.940  1.345  3.330 0.0000000000
90568  37.435  1.405  3.400 0.0000000000
90569  36.583  1.504  3.404 0.0000000000
90570  35.608  1.456  3.213 0.0000000000
90571  35.078  0.962  3.176 0.0000000000
90577  41.093  1.544  2.038 0.0000000000
90578  40.324  1.481  2.367 0.0000000000
90579  39.442  1.374  2.767 0.0000000000
90580  38.499  1.195  3.109 0.0000000000
90581  35.211  1.996  2.784 0.0000000000
90582  34.646  1.425  2.729 0.0000000000
90583  33.756  1.418  2.076 0.0000000000
90590  43.132  1.697  0.421 0.0000000000
90591  42.491  1.480  0.633 0.0000000000
90592  41.636  1.125  1.021 0.0000000000
90593  40.667  0.838  1.454 0.0000000000
90594  33.130  1.442  1.106 0.0000000000
90595  32.708  0.931  1.021 0.0000000000
90609  42.668  1.370  -0.376 0.0000000000
90610  42.031  1.098  -0.287 0.0000000000
90611  32.922  1.806  0.051 0.0000000000
90612  32.548  0.959  0.449 0.0000000000
90626  42.289  1.142  -0.950 0.0000000000
90627  32.923  1.963  -0.912 0.0000000000
90628  32.510  1.248  -0.496 0.0000000000
90640  32.999  2.068  -1.914 0.0000000000
90641  32.510  1.341  -1.466 0.0000000000
90653  33.167  2.076  -2.974 0.0000000000
90654  32.554  1.346  -2.527 0.0000000000
90663  33.251  2.062  -4.028 0.0000000000
90664  32.661  1.370  -3.620 0.0000000000
90673  33.357  1.902  -4.944 0.0000000000
90674  32.858  1.407  -4.616 0.0000000000
90679  33.387  1.504  -5.735 0.0000000000
90680  33.085  1.407  -5.199 0.0000000000
90684  34.245  2.025  -6.924 0.0000000000
90685  33.679  1.457  -6.567 0.0000000000
90687  34.424  1.927  -7.768 0.0000000000
90688  33.884  1.385  -7.409 0.0000000000
90692  34.453  1.964  -8.294 0.0000000000
90693  33.940  1.486  -8.436 0.0000000000
90701  33.224  1.267  -9.490 0.0000000000
90702  32.761  0.694  -9.651 0.0000000000
90719  33.026  1.518  -10.584 0.0000000000
90720  32.674  0.851  -10.202 0.0000000000
90736  32.844  1.379  -11.421 0.0000000000
90737  32.578  0.910  -11.035 0.0000000000
90754  32.740  0.731  -12.275 0.0000000000
90755  32.631  0.882  -11.623 0.0000000000
90771  33.769  1.707  -13.798 0.0000000000
90772  33.232  0.768  -13.334 0.0000000000
90783  34.031  1.272  -14.340 0.0000000000
90784  33.512  0.519  -13.911 0.0000000000
90799  35.300  1.598  -15.586 0.0000000000
90800  34.869  1.379  -15.210 0.0000000000
90814  36.467  1.761  -16.742 0.0000000000
90815  35.948  1.579  -16.370 0.0000000000
90822  36.625  1.518  -17.188 0.0000000000
90823  36.094  0.794  -16.972 0.0000000000
90832  37.016  1.393  -18.251 0.0000000000
90841  37.220  1.312  -19.294 0.0000000000
90850  37.210  1.466  -20.310 0.0000000000
90857  37.191  1.277  -21.913 0.0000000000
90858  37.107  1.541  -21.474 0.0000000000
91798  37.911  1.917  3.343 0.0000000000
91799  37.127  2.147  3.328 0.0000000000
91800  36.456  2.222  3.219 0.0000000000
91801  36.092  1.948  3.236 0.0000000000
91805  42.470  2.771  1.863 0.0000000000
91806  41.718  2.298  2.125 0.0000000000
91807  40.760  2.446  2.500 0.0000000000
91808  39.820  2.473  2.803 0.0000000000
91809  38.724  2.449  3.154 0.0000000000
91810  37.654  2.824  3.181 0.0000000000
91811  36.733  2.868  3.025 0.0000000000
91812  35.807  2.513  2.855 0.0000000000
91813  34.820  2.579  2.289 0.0000000000
91814  34.293  1.990  2.169 0.0000000000
91822  42.996  2.138  1.302 0.0000000000
91823  42.316  1.878  1.495 0.0000000000
91824  34.512  3.090  1.743 0.0000000000
91825  33.997  2.516  1.494 0.0000000000
91840  33.430  2.533  0.432 0.0000000000
91855  33.274  2.484  -0.421 0.0000000000
91864  33.439  2.718  -1.278 0.0000000000
91874  33.619  2.797  -2.333 0.0000000000
91884  34.409  3.296  -3.525 0.0000000000
91885  33.899  2.854  -3.431 0.0000000000
91893  34.461  3.177  -4.065 0.0000000000
91894  33.872  2.576  -4.512 0.0000000000
91900  34.497  3.035  -5.072 0.0000000000
91901  33.925  2.346  -5.472 0.0000000000
91905  35.137  3.135  -6.458 0.0000000000
91906  34.716  2.865  -6.233 0.0000000000
91907  33.947  2.063  -6.213 0.0000000000
91909  35.218  3.025  -6.842 0.0000000000
91910  34.815  2.517  -7.271 0.0000000000
91914  35.320  2.893  -7.563 0.0000000000
91915  34.876  2.515  -8.224 0.0000000000
91916  34.431  2.072  -8.684 0.0000000000
91918  34.635  2.559  -9.067 0.0000000000
91919  34.063  2.006  -9.295 0.0000000000
91929  34.306  2.694  -9.787 0.0000000000
91930  33.641  2.127  -10.120 0.0000000000
91944  34.019  2.783  -10.449 0.0000000000
91945  33.493  2.251  -10.901 0.0000000000
91959  33.231  1.889  -12.355 0.0000000000
91972  34.081  2.131  -14.021 0.0000000000
91973  33.706  2.155  -13.343 0.0000000000
91985  35.270  2.658  -15.157 0.0000000000
91986  35.052  2.301  -15.023 0.0000000000
91998  35.530  2.440  -15.519 0.0000000000
91999  35.138  1.924  -15.234 0.0000000000
92013  36.716  2.230  -16.749 0.0000000000
92014  36.272  2.750  -16.201 0.0000000000
92023  37.919  2.951  -18.009 0.0000000000
92024  37.506  2.538  -17.665 0.0000000000
92032  37.964  2.938  -18.506 0.0000000000
92033  37.645  2.147  -18.838 0.0000000000
92043  37.676  3.105  -19.635 0.0000000000
92044  37.411  2.124  -19.765 0.0000000000
92052  37.484  3.339  -20.389 0.0000000000
92053  37.267  2.678  -20.731 0.0000000000
93000  42.505  3.613  2.024 0.0000000000
93001  41.982  3.387  2.205 0.0000000000
93002  41.222  3.408  2.434 0.0000000000
93003  40.278  3.493  2.633 0.0000000000
93004  39.279  3.541  2.832 0.0000000000
93005  38.250  3.650  2.919 0.0000000000
93006  37.239  3.725  2.831 0.0000000000
93007  36.204  3.684  2.626 0.0000000000
93008  35.436  3.299  2.385 0.0000000000
93015  43.254  3.329  1.715 0.0000000000
93016  35.509  4.030  2.290 0.0000000000
93017  34.880  3.708  1.915 0.0000000000
93018  34.290  3.599  1.342 0.0000000000
93032  33.818  3.453  0.664 0.0000000000
93046  33.609  3.411  -0.446 0.0000000000
93059  34.128  4.096  -1.961 0.0000000000
93060  33.882  3.758  -1.716 0.0000000000
93066  34.385  4.018  -2.384 0.0000000000
93067  34.182  3.423  -2.743 0.0000000000
93075  35.422  4.045  -3.570 0.0000000000
93076  34.945  3.774  -3.362 0.0000000000
93077  34.355  3.347  -3.262 0.0000000000
93085  35.681  3.917  -3.959 0.0000000000
93086  35.152  3.524  -4.501 0.0000000000
93093  36.594  3.994  -5.361 0.0000000000
93094  36.098  3.893  -5.059 0.0000000000
93095  35.161  3.382  -5.534 0.0000000000
93098  36.538  3.875  -5.798 0.0000000000
93099  35.557  3.436  -6.225 0.0000000000
93100  35.106  3.277  -6.024 0.0000000000
93102  36.453  3.735  -6.713 0.0000000000
93103  35.768  3.351  -7.199 0.0000000000
93107  36.342  3.718  -7.568 0.0000000000
93108  35.695  3.341  -8.218 0.0000000000
93109  35.101  3.023  -8.816 0.0000000000
93111  35.450  3.526  -9.072 0.0000000000
93112  34.899  3.166  -9.469 0.0000000000
93118  35.285  3.731  -9.755 0.0000000000
93119  34.696  3.427  -10.258 0.0000000000
93133  34.275  3.274  -10.857 0.0000000000
93134  33.559  2.483  -11.812 0.0000000000
93146  34.190  3.528  -12.474 0.0000000000
93147  33.556  2.324  -12.709 0.0000000000
93159  34.876  3.914  -14.168 0.0000000000
93160  34.264  3.049  -13.740 0.0000000000
93161  33.805  2.565  -13.277 0.0000000000
93173  35.441  3.226  -15.193 0.0000000000
93174  35.043  3.198  -14.275 0.0000000000
93184  36.380  3.842  -16.202 0.0000000000
93185  35.925  3.483  -15.796 0.0000000000
93198  37.515  3.882  -17.314 0.0000000000
93199  37.006  3.417  -16.691 0.0000000000
93200  36.395  3.376  -16.214 0.0000000000
93212  37.857  3.534  -18.012 0.0000000000
93213  37.544  3.318  -17.383 0.0000000000
93219  38.209  3.736  -18.992 0.0000000000
93228  37.982  4.018  -19.721 0.0000000000
93236  37.709  3.875  -20.296 0.0000000000
94165  42.191  3.954  2.118 0.0000000000
94166  41.718  4.165  2.171 0.0000000000
94167  40.802  4.490  2.286 0.0000000000
94168  39.780  4.467  2.489 0.0000000000
94169  38.829  4.563  2.594 0.0000000000
94170  37.842  4.645  2.656 0.0000000000
94171  36.846  4.643  2.599 0.0000000000
94172  35.970  4.703  2.381 0.0000000000
94180  43.728  4.529  1.562 0.0000000000
94181  42.569  4.540  1.866 0.0000000000
94182  41.575  5.026  1.856 0.0000000000
94183  40.866  5.330  1.874 0.0000000000
94184  35.258  4.706  1.912 0.0000000000
94185  34.504  4.635  1.358 0.0000000000
94186  34.051  4.198  0.860 0.0000000000
94197  34.092  4.865  0.661 0.0000000000
94198  33.874  4.377  0.068 0.0000000000
94213  34.045  4.769  -1.283 0.0000000000
94214  33.906  4.470  -0.968 0.0000000000
94227  34.161  4.532  -1.776 0.0000000000
94228  33.983  4.247  -1.476 0.0000000000
94238  35.202  4.736  -3.196 0.0000000000
94239  34.842  4.656  -2.885 0.0000000000
94248  35.511  4.533  -3.496 0.0000000000
94249  35.145  4.293  -3.210 0.0000000000
94260  36.904  4.757  -4.585 0.0000000000
94261  36.291  4.391  -4.239 0.0000000000
94269  37.845  4.715  -5.859 0.0000000000
94270  37.019  4.293  -5.289 0.0000000000
94271  36.631  4.305  -4.757 0.0000000000
94274  37.941  4.601  -6.799 0.0000000000
94275  37.254  4.110  -6.247 0.0000000000
94278  37.741  4.662  -7.813 0.0000000000
94279  37.096  4.124  -7.254 0.0000000000
94283  37.424  4.963  -8.779 0.0000000000
94284  36.564  4.219  -8.404 0.0000000000
94285  35.858  3.829  -8.750 0.0000000000
94288  37.271  5.196  -9.330 0.0000000000
94289  36.582  4.881  -9.577 0.0000000000
94290  35.850  4.126  -9.345 0.0000000000
94296  36.232  5.023  -10.296 0.0000000000
94297  35.518  4.464  -10.523 0.0000000000
94298  34.799  3.840  -10.766 0.0000000000
94313  35.270  4.781  -11.759 0.0000000000
94314  34.888  4.204  -11.256 0.0000000000
94326  35.178  4.767  -12.726 0.0000000000
94327  34.977  4.530  -12.224 0.0000000000
94337  35.228  4.564  -13.568 0.0000000000
94338  34.912  4.469  -12.963 0.0000000000
94349  35.858  4.831  -14.809 0.0000000000
94350  35.475  4.324  -14.608 0.0000000000
94363  36.195  4.513  -15.688 0.0000000000
94364  35.675  4.112  -15.275 0.0000000000
94381  37.220  4.651  -16.876 0.0000000000
94382  36.672  4.369  -16.347 0.0000000000
94396  37.624  4.579  -17.781 0.0000000000
94402  38.412  5.261  -18.987 0.0000000000
94403  38.084  4.531  -18.604 0.0000000000
94410  38.523  5.312  -19.438 0.0000000000
94411  38.354  4.753  -19.520 0.0000000000
95461  40.173  5.277  2.118 0.0000000000
95462  39.369  5.325  2.295 0.0000000000
95463  38.535  5.705  2.380 0.0000000000
95464  37.433  5.560  2.511 0.0000000000
95465  36.504  5.527  2.416 0.0000000000
95466  35.710  5.561  2.097 0.0000000000
95474  44.159  5.397  1.257 0.0000000000
95475  43.295  5.694  1.379 0.0000000000
95476  42.261  5.693  1.483 0.0000000000
95477  41.340  5.842  1.508 0.0000000000
95478  40.509  5.928  1.670 0.0000000000
95479  39.733  5.940  1.932 0.0000000000
95480  39.208  5.906  2.181 0.0000000000
95481  35.031  5.621  1.549 0.0000000000
95482  34.420  5.640  0.877 0.0000000000
95493  43.859  5.940  1.126 0.0000000000
95494  34.024  5.392  -0.070 0.0000000000
95495  33.915  4.811  -0.385 0.0000000000
95510  34.115  5.311  -1.131 0.0000000000
95511  33.970  4.996  -0.625 0.0000000000
95526  34.481  5.459  -2.159 0.0000000000
95540  35.239  5.068  -3.213 0.0000000000
95541  34.889  5.543  -2.919 0.0000000000
95550  35.636  5.342  -3.526 0.0000000000
95551  35.287  5.650  -3.311 0.0000000000
95560  36.968  5.253  -4.575 0.0000000000
95561  36.353  5.307  -4.063 0.0000000000
95570  37.989  5.234  -5.765 0.0000000000
95571  37.569  5.216  -5.065 0.0000000000
95574  38.889  5.582  -6.687 0.0000000000
95575  38.472  5.363  -6.438 0.0000000000
95578  39.076  5.595  -7.031 0.0000000000
95579  38.645  5.106  -7.369 0.0000000000
95581  39.783  6.000  -8.287 0.0000000000
95582  39.500  5.692  -7.967 0.0000000000
95583  38.429  5.273  -8.340 0.0000000000
95586  39.581  6.104  -8.540 0.0000000000
95587  38.987  5.858  -8.882 0.0000000000
95588  37.920  5.520  -9.328 0.0000000000
95589  37.188  5.383  -9.686 0.0000000000
95594  37.470  5.702  -9.942 0.0000000000
95595  36.805  5.494  -10.342 0.0000000000
95596  36.130  5.189  -10.742 0.0000000000
95609  36.451  5.633  -11.124 0.0000000000
95610  35.795  5.250  -11.399 0.0000000000
95623  36.214  5.826  -11.926 0.0000000000
95624  35.604  5.322  -12.344 0.0000000000
95636  36.087  5.860  -12.927 0.0000000000
95637  35.557  5.164  -13.294 0.0000000000
95649  35.990  5.649  -14.068 0.0000000000
95650  35.580  4.883  -14.075 0.0000000000
95664  36.315  5.516  -15.146 0.0000000000
95680  37.128  5.458  -16.765 0.0000000000
95681  36.706  5.420  -16.176 0.0000000000
95696  37.439  5.506  -17.390 0.0000000000
95708  38.383  5.889  -18.799 0.0000000000
95709  37.922  5.500  -18.317 0.0000000000
95722  38.685  5.860  -19.388 0.0000000000
95723  38.626  5.445  -19.769 0.0000000000
96837  38.561  6.527  2.263 0.0000000000
96838  37.925  6.456  2.373 0.0000000000
96839  37.014  6.358  2.427 0.0000000000
96840  36.198  6.324  2.255 0.0000000000
96851  43.274  6.230  1.176 0.0000000000
96852  42.968  6.439  1.213 0.0000000000
96853  41.989  6.521  1.250 0.0000000000
96854  41.048  6.602  1.507 0.0000000000
96855  40.134  6.657  1.774 0.0000000000
96856  39.194  6.594  2.084 0.0000000000
96857  35.548  6.453  1.829 0.0000000000
96858  34.913  6.713  1.192 0.0000000000
96872  34.407  6.537  0.343 0.0000000000
96886  34.270  6.431  -0.600 0.0000000000
96903  34.429  6.383  -1.610 0.0000000000
96923  34.747  6.306  -2.562 0.0000000000
96940  35.611  6.144  -3.708 0.0000000000
96941  35.077  6.128  -3.192 0.0000000000
96956  36.889  5.770  -4.693 0.0000000000
96957  36.333  6.255  -4.364 0.0000000000
96969  37.870  5.733  -5.825 0.0000000000
96970  37.184  6.211  -5.397 0.0000000000
96971  36.735  6.332  -4.859 0.0000000000
96977  38.920  5.869  -6.694 0.0000000000
96978  38.198  6.197  -6.446 0.0000000000
96979  37.665  6.238  -5.940 0.0000000000
96982  39.805  6.547  -7.828 0.0000000000
96983  39.353  6.221  -7.315 0.0000000000
96984  38.788  6.295  -6.848 0.0000000000
96987  39.757  6.395  -8.385 0.0000000000
96988  39.835  6.155  -7.814 0.0000000000
96990  39.487  6.606  -9.465 0.0000000000
96991  38.471  6.179  -9.744 0.0000000000
96992  37.865  5.905  -9.869 0.0000000000
96995  39.604  6.964  -10.236 0.0000000000
96996  38.861  6.864  -10.606 0.0000000000
96997  37.627  6.167  -10.536 0.0000000000
96998  36.945  5.858  -10.862 0.0000000000
97008  38.665  7.209  -11.344 0.0000000000
97009  37.814  6.968  -11.654 0.0000000000
97010  36.926  6.188  -11.401 0.0000000000
97022  37.293  7.093  -12.885 0.0000000000
97023  36.756  6.488  -12.371 0.0000000000
97034  37.077  7.112  -13.469 0.0000000000
97035  36.640  6.620  -13.531 0.0000000000
97044  36.514  6.370  -14.588 0.0000000000
97055  36.925  6.520  -16.041 0.0000000000
97056  36.663  6.343  -15.569 0.0000000000
97068  37.213  6.265  -16.628 0.0000000000
97069  36.811  6.155  -16.123 0.0000000000
97081  38.388  6.868  -18.194 0.0000000000
97082  37.926  6.570  -17.840 0.0000000000
97089  39.213  7.040  -19.010 0.0000000000
97090  38.746  6.722  -18.755 0.0000000000
97091  38.213  6.170  -18.441 0.0000000000
97100  39.376  6.982  -19.330 0.0000000000
97101  39.182  6.482  -19.629 0.0000000000
98176  39.187  7.920  2.324 0.0000000000
98177  38.625  7.343  2.276 0.0000000000
98178  37.458  7.216  2.342 0.0000000000
98179  36.624  7.035  2.292 0.0000000000
98180  36.001  6.984  2.119 0.0000000000
98193  41.734  7.274  1.503 0.0000000000
98194  40.760  7.341  1.775 0.0000000000
98195  39.706  7.505  2.115 0.0000000000
98196  39.156  7.148  2.113 0.0000000000
98197  36.281  7.564  2.140 0.0000000000
98198  35.614  7.500  1.712 0.0000000000
98199  35.067  7.676  1.170 0.0000000000
98213  34.709  7.509  0.667 0.0000000000
98226  34.406  7.488  -0.121 0.0000000000
98237  34.371  7.435  -1.114 0.0000000000
98253  34.505  7.298  -2.174 0.0000000000
98266  35.399  6.615  -3.763 0.0000000000
98267  34.998  6.980  -3.389 0.0000000000
98283  35.629  6.705  -4.151 0.0000000000
98284  35.060  7.265  -4.542 0.0000000000
98301  36.936  6.625  -5.593 0.0000000000
98302  36.308  6.898  -5.190 0.0000000000
98303  35.081  7.489  -5.614 0.0000000000
98312  37.951  6.563  -6.619 0.0000000000
98313  37.252  6.678  -6.258 0.0000000000
98314  35.909  7.427  -6.482 0.0000000000
98315  34.926  7.799  -6.418 0.0000000000
98319  39.759  6.786  -7.877 0.0000000000
98320  39.434  6.779  -7.754 0.0000000000
98321  38.358  6.800  -7.198 0.0000000000
98322  36.898  7.420  -7.390 0.0000000000
98323  35.854  7.750  -7.403 0.0000000000
98326  39.697  6.879  -8.196 0.0000000000
98327  39.028  7.305  -8.338 0.0000000000
98328  37.844  7.528  -8.142 0.0000000000
98329  36.941  7.804  -8.224 0.0000000000
98331  40.074  7.712  -9.766 0.0000000000
98332  39.773  7.387  -9.289 0.0000000000
98333  39.152  7.730  -9.145 0.0000000000
98336  40.261  7.779  -10.047 0.0000000000
98337  39.973  7.373  -10.198 0.0000000000
98338  39.621  7.277  -10.664 0.0000000000
98342  40.441  7.874  -10.762 0.0000000000
98343  40.056  7.644  -11.050 0.0000000000
98344  39.337  7.463  -11.372 0.0000000000
98345  38.637  7.450  -11.834 0.0000000000
98356  40.438  7.995  -11.457 0.0000000000
98357  40.027  7.897  -11.945 0.0000000000
98358  39.193  7.831  -12.292 0.0000000000
98359  38.224  7.566  -12.625 0.0000000000
98372  39.773  8.184  -12.646 0.0000000000
98373  39.040  8.214  -13.439 0.0000000000
98374  37.558  7.529  -13.740 0.0000000000
98375  36.982  7.117  -13.738 0.0000000000
98388  38.261  7.988  -14.877 0.0000000000
98389  37.261  7.432  -14.730 0.0000000000
98390  36.862  7.073  -14.220 0.0000000000
98403  38.326  7.874  -16.203 0.0000000000
98404  37.251  7.204  -15.786 0.0000000000
98405  36.754  6.990  -14.999 0.0000000000
98417  38.508  7.638  -17.136 0.0000000000
98418  37.785  7.202  -16.881 0.0000000000
98432  39.476  7.741  -18.146 0.0000000000
98433  38.612  7.290  -17.965 0.0000000000
98434  38.142  7.213  -17.474 0.0000000000
98448  40.760  7.804  -19.159 0.0000000000
98449  39.599  7.399  -18.891 0.0000000000
98450  39.070  7.306  -18.452 0.0000000000
99524  41.274  8.600  2.342 0.0000000000
99525  40.481  8.639  2.386 0.0000000000
99526  39.664  8.464  2.371 0.0000000000
99527  38.798  8.418  2.360 0.0000000000
99528  37.708  8.363  2.282 0.0000000000
99529  36.888  7.746  2.285 0.0000000000
99540  41.485  7.929  1.993 0.0000000000
99541  40.625  8.008  2.176 0.0000000000
99542  40.106  8.146  2.273 0.0000000000
99543  37.229  9.010  2.048 0.0000000000
99544  36.484  8.471  1.944 0.0000000000
99545  35.427  8.544  1.230 0.0000000000
99546  34.924  8.077  0.910 0.0000000000
99557  35.222  9.065  0.769 0.0000000000
99558  34.749  8.528  0.423 0.0000000000
99569  34.344  8.425  -0.594 0.0000000000
99579  34.074  8.486  -1.668 0.0000000000
99580  33.767  9.142  -1.926 0.0000000000
99591  34.125  7.999  -2.819 0.0000000000
99592  33.653  8.885  -2.476 0.0000000000
99604  34.231  7.848  -3.920 0.0000000000
99605  33.568  8.620  -3.414 0.0000000000
99620  34.225  7.856  -5.000 0.0000000000
99621  33.541  8.488  -4.438 0.0000000000
99640  34.304  8.072  -5.978 0.0000000000
99641  33.589  8.528  -5.485 0.0000000000
99658  35.131  7.992  -7.115 0.0000000000
99659  34.442  8.323  -6.790 0.0000000000
99660  33.796  8.681  -6.486 0.0000000000
99666  36.177  8.001  -8.026 0.0000000000
99667  35.339  8.216  -7.859 0.0000000000
99668  34.471  8.605  -7.670 0.0000000000
99669  34.032  8.723  -7.108 0.0000000000
99672  38.370  7.830  -8.926 0.0000000000
99673  37.370  7.974  -8.832 0.0000000000
99674  36.479  8.162  -8.696 0.0000000000
99675  35.577  8.497  -8.650 0.0000000000
99676  34.950  8.554  -8.240 0.0000000000
99678  40.163  7.989  -9.839 0.0000000000
99679  39.578  8.087  -9.604 0.0000000000
99680  38.810  8.200  -9.479 0.0000000000
99681  37.872  8.394  -9.559 0.0000000000
99682  36.800  8.402  -9.289 0.0000000000
99683  36.150  8.464  -9.066 0.0000000000
99686  40.373  8.311  -10.594 0.0000000000
99687  39.875  8.440  -10.211 0.0000000000
99688  39.108  8.535  -9.977 0.0000000000
99689  38.505  8.496  -9.829 0.0000000000
99694  40.483  8.396  -11.366 0.0000000000
99703  40.411  8.446  -12.194 0.0000000000
99704  40.160  8.276  -12.479 0.0000000000
99715  40.685  8.877  -12.919 0.0000000000
99716  40.216  8.501  -13.188 0.0000000000
99717  39.843  8.515  -13.840 0.0000000000
99729  40.759  8.962  -13.790 0.0000000000
99730  40.353  8.691  -14.226 0.0000000000
99731  39.559  8.460  -14.545 0.0000000000
99744  40.976  8.922  -14.797 0.0000000000
99745  40.354  8.617  -15.222 0.0000000000
99746  39.363  8.333  -15.654 0.0000000000
99759  41.043  8.857  -15.863 0.0000000000
99760  40.310  8.521  -16.317 0.0000000000
99761  39.301  8.161  -16.733 0.0000000000
99775  41.115  8.785  -17.039 0.0000000000
99776  40.240  8.278  -17.515 0.0000000000
99777  39.197  7.851  -17.501 0.0000000000
99795  41.751  8.574  -18.470 0.0000000000
99796  40.388  7.957  -18.433 0.0000000000
100889  40.203  9.329  2.404 0.0000000000
100890  39.268  9.324  2.348 0.0000000000
100891  38.448  9.079  2.299 0.0000000000
100904  38.680  9.716  2.161 0.0000000000
100905  37.886  9.537  2.006 0.0000000000
100906  36.976  9.525  1.619 0.0000000000
100907  36.178  9.224  1.456 0.0000000000
100917  36.458  9.814  1.229 0.0000000000
100918  35.727  9.615  0.961 0.0000000000
100919  35.060  9.551  0.427 0.0000000000
100928  34.483  9.440  -0.244 0.0000000000
100929  34.168  9.749  -0.829 0.0000000000
100937  34.148  9.130  -0.933 0.0000000000
100938  33.860  9.535  -1.437 0.0000000000
100946  33.519  9.652  -2.146 0.0000000000
100956  33.222  9.542  -3.014 0.0000000000
100957  32.899  9.881  -3.595 0.0000000000
100968  32.998  9.180  -3.925 0.0000000000
100969  32.698  9.889  -4.306 0.0000000000
100980  32.949  9.129  -4.922 0.0000000000
100981  32.627  9.966  -5.284 0.0000000000
100998  33.107  9.246  -6.024 0.0000000000
100999  32.700  10.141  -6.359 0.0000000000
101011  34.150  8.989  -7.951 0.0000000000
101012  33.545  9.388  -7.454 0.0000000000
101013  32.789  10.488  -7.206 0.0000000000
101016  35.296  8.789  -8.984 0.0000000000
101017  34.575  9.078  -8.680 0.0000000000
101018  33.679  9.936  -8.569 0.0000000000
101020  37.731  8.640  -9.936 0.0000000000
101021  37.195  8.726  -9.880 0.0000000000
101022  35.848  8.904  -9.556 0.0000000000
101023  34.818  9.667  -9.927 0.0000000000
101025  40.368  8.569  -10.826 0.0000000000
101026  40.164  8.746  -10.759 0.0000000000
101027  39.418  8.957  -10.606 0.0000000000
101028  38.140  8.876  -10.327 0.0000000000
101029  36.847  9.283  -10.501 0.0000000000
101030  35.693  9.720  -10.702 0.0000000000
101031  34.911  10.193  -10.651 0.0000000000
101034  40.398  8.734  -11.157 0.0000000000
101035  39.973  9.372  -11.376 0.0000000000
101036  38.843  9.523  -11.235 0.0000000000
101037  37.656  9.626  -11.229 0.0000000000
101038  36.584  9.850  -11.329 0.0000000000
101039  35.866  10.192  -11.443 0.0000000000
101044  40.599  9.151  -12.148 0.0000000000
101045  40.087  9.796  -12.248 0.0000000000
101053  40.747  9.467  -13.330 0.0000000000
101059  40.810  9.556  -14.344 0.0000000000
101065  40.884  9.604  -15.485 0.0000000000
101072  41.123  9.339  -16.620 0.0000000000
101078  41.502  9.251  -17.697 0.0000000000
101085  42.072  9.333  -18.437 0.0000000000
102123  39.961  10.088  2.256 0.0000000000
102124  39.234  10.092  2.134 0.0000000000
102139  39.680  10.672  1.771 0.0000000000
102140  38.675  10.438  1.740 0.0000000000
102141  37.672  10.385  1.411 0.0000000000
102142  36.964  10.173  1.211 0.0000000000
102153  37.209  10.666  0.978 0.0000000000
102154  36.483  10.455  0.799 0.0000000000
102155  35.580  10.393  0.346 0.0000000000
102156  34.868  10.147  0.052 0.0000000000
102166  35.165  10.635  -0.179 0.0000000000
102167  34.545  10.410  -0.600 0.0000000000
102168  34.040  10.178  -1.101 0.0000000000
102177  34.219  10.679  -1.198 0.0000000000
102178  33.751  10.423  -1.689 0.0000000000
102185  33.347  10.447  -2.539 0.0000000000
102186  33.120  10.791  -3.066 0.0000000000
102199  33.064  10.256  -3.166 0.0000000000
102200  32.813  10.619  -3.660 0.0000000000
102212  32.559  10.755  -4.530 0.0000000000
102223  32.465  10.917  -5.489 0.0000000000
102236  32.534  11.249  -6.492 0.0000000000
102247  33.109  10.703  -8.107 0.0000000000
102248  32.740  11.264  -7.395 0.0000000000
102251  34.071  10.091  -9.385 0.0000000000
102252  33.571  10.755  -9.026 0.0000000000
102254  34.299  10.576  -10.244 0.0000000000
102255  33.819  10.800  -9.698 0.0000000000
102257  35.252  10.387  -11.244 0.0000000000
102258  34.663  10.798  -11.035 0.0000000000
102261  39.350  10.041  -12.024 0.0000000000
102262  38.279  10.159  -11.943 0.0000000000
102263  37.233  10.256  -11.906 0.0000000000
102264  36.352  10.434  -11.917 0.0000000000
102265  35.567  10.733  -11.919 0.0000000000
102266  35.002  10.890  -11.584 0.0000000000
102268  40.470  10.053  -12.920 0.0000000000
102269  39.782  10.468  -12.743 0.0000000000
102270  38.776  10.795  -12.729 0.0000000000
102271  37.720  10.758  -12.514 0.0000000000
102272  36.818  10.774  -12.467 0.0000000000
102273  36.090  10.852  -12.428 0.0000000000
102281  40.560  10.346  -13.921 0.0000000000
102282  40.113  10.843  -13.441 0.0000000000
102283  39.433  11.081  -13.295 0.0000000000
102290  40.610  10.305  -14.834 0.0000000000
102297  40.324  10.602  -15.658 0.0000000000
102298  39.896  11.160  -15.956 0.0000000000
102304  40.580  10.107  -16.478 0.0000000000
102305  39.935  10.905  -16.492 0.0000000000
102312  40.830  9.862  -17.441 0.0000000000
102313  40.156  10.660  -17.327 0.0000000000
102324  41.335  10.006  -18.499 0.0000000000
102325  40.468  10.462  -18.055 0.0000000000
103326  40.288  11.301  1.280 0.0000000000
103327  39.303  11.249  1.237 0.0000000000
103328  38.377  11.134  1.132 0.0000000000
103329  37.706  11.017  0.930 0.0000000000
103345  39.890  11.739  0.566 0.0000000000
103346  38.921  11.713  0.495 0.0000000000
103347  38.078  11.521  0.517 0.0000000000
103348  37.193  11.255  0.480 0.0000000000
103349  36.282  11.122  0.168 0.0000000000
103350  35.648  10.999  -0.142 0.0000000000
103360  38.438  11.957  0.052 0.0000000000
103361  37.753  11.894  -0.118 0.0000000000
103362  36.851  11.727  -0.293 0.0000000000
103363  35.997  11.565  -0.527 0.0000000000
103364  35.205  11.171  -0.642 0.0000000000
103365  34.607  11.062  -1.034 0.0000000000
103373  35.578  11.676  -1.013 0.0000000000
103374  35.016  11.533  -1.320 0.0000000000
103375  34.237  11.265  -1.676 0.0000000000
103376  33.712  11.026  -2.153 0.0000000000
103387  33.964  11.473  -2.286 0.0000000000
103388  33.470  11.366  -2.771 0.0000000000
103389  33.068  11.224  -3.312 0.0000000000
103402  33.280  11.718  -3.351 0.0000000000
103403  32.845  11.534  -3.872 0.0000000000
103409  32.595  11.621  -4.701 0.0000000000
103414  32.502  11.846  -5.550 0.0000000000
103419  32.546  12.091  -6.279 0.0000000000
103422  32.961  11.834  -7.953 0.0000000000
103423  32.696  12.079  -7.070 0.0000000000
103427  33.351  11.611  -8.742 0.0000000000
103430  33.901  11.217  -10.113 0.0000000000
103431  33.671  11.524  -9.556 0.0000000000
103433  34.228  11.504  -10.721 0.0000000000
103434  33.874  11.785  -10.173 0.0000000000
103437  35.166  11.269  -11.932 0.0000000000
103438  34.735  11.512  -11.501 0.0000000000
103441  37.986  11.253  -13.096 0.0000000000
103442  37.181  11.217  -13.041 0.0000000000
103443  36.371  11.265  -12.893 0.0000000000
103444  35.576  11.500  -12.531 0.0000000000
103445  35.066  11.766  -12.046 0.0000000000
103455  40.222  11.183  -14.083 0.0000000000
103456  39.574  11.606  -13.979 0.0000000000
103457  38.641  11.595  -13.693 0.0000000000
103458  37.547  11.744  -13.653 0.0000000000
103459  36.676  11.735  -13.418 0.0000000000
103460  36.026  11.785  -13.179 0.0000000000
103469  40.338  11.017  -14.651 0.0000000000
103470  39.879  11.739  -14.701 0.0000000000
103471  38.484  11.975  -14.091 0.0000000000
103472  38.093  11.973  -14.088 0.0000000000
103480  40.351  10.873  -15.119 0.0000000000
103481  39.938  11.517  -15.464 0.0000000000
103489  39.741  11.728  -16.362 0.0000000000
103498  39.736  11.592  -17.240 0.0000000000
103507  40.483  10.759  -18.691 0.0000000000
103508  39.912  11.347  -18.247 0.0000000000
104593  40.390  12.169  -0.191 0.0000000000
104594  39.398  12.097  -0.139 0.0000000000
104595  38.847  12.055  -0.065 0.0000000000
104612  40.752  12.518  -1.106 0.0000000000
104613  39.670  12.344  -1.026 0.0000000000
104614  38.536  12.227  -0.759 0.0000000000
104615  37.372  12.159  -0.971 0.0000000000
104616  36.450  12.015  -1.026 0.0000000000
104617  35.940  11.886  -1.025 0.0000000000
104626  41.640  13.110  -1.719 0.0000000000
104627  41.018  12.944  -2.022 0.0000000000
104628  39.957  12.558  -2.032 0.0000000000
104629  38.874  12.370  -1.970 0.0000000000
104630  37.793  12.287  -1.915 0.0000000000
104631  36.748  12.272  -1.849 0.0000000000
104632  35.702  12.043  -1.671 0.0000000000
104633  34.734  11.822  -2.013 0.0000000000
104634  34.280  11.633  -2.176 0.0000000000
104645  40.851  13.067  -2.627 0.0000000000
104646  40.219  12.851  -3.031 0.0000000000
104647  39.126  12.497  -3.029 0.0000000000
104648  38.078  12.399  -2.980 0.0000000000
104649  37.048  12.459  -2.837 0.0000000000
104650  36.037  12.460  -2.665 0.0000000000
104651  35.042  12.362  -2.615 0.0000000000
104652  34.070  12.046  -2.699 0.0000000000
104653  33.565  11.916  -3.130 0.0000000000
104662  40.067  12.863  -4.176 0.0000000000
104663  39.289  12.678  -4.038 0.0000000000
104664  38.365  12.621  -3.934 0.0000000000
104665  37.329  12.741  -3.822 0.0000000000
104666  36.311  12.835  -3.511 0.0000000000
104667  35.347  12.896  -3.365 0.0000000000
104668  34.400  12.770  -3.371 0.0000000000
104669  33.379  12.512  -3.717 0.0000000000
104670  32.828  12.082  -4.198 0.0000000000
104673  39.490  12.652  -4.930 0.0000000000
104674  38.698  12.798  -4.853 0.0000000000
104675  37.915  12.865  -4.430 0.0000000000
104676  33.130  13.013  -4.324 0.0000000000
104677  32.774  12.554  -4.698 0.0000000000
104682  39.235  12.793  -5.299 0.0000000000
104683  32.586  12.650  -5.711 0.0000000000
104688  32.629  12.683  -6.539 0.0000000000
104690  32.967  12.809  -7.668 0.0000000000
104691  32.732  12.695  -7.079 0.0000000000
104694  33.342  12.533  -8.501 0.0000000000
104698  33.914  12.918  -9.763 0.0000000000
104699  33.621  12.329  -9.241 0.0000000000
104702  34.108  12.465  -10.467 0.0000000000
104703  33.775  12.212  -9.858 0.0000000000
104705  34.486  12.265  -11.229 0.0000000000
104707  35.160  12.408  -12.384 0.0000000000
104708  34.820  12.161  -11.792 0.0000000000
104715  38.972  12.036  -14.171 0.0000000000
104716  38.731  11.997  -14.105 0.0000000000
104717  36.885  12.161  -13.830 0.0000000000
104718  36.229  12.499  -13.550 0.0000000000
104719  35.645  12.221  -12.991 0.0000000000
104727  39.229  12.451  -14.785 0.0000000000
104728  38.425  12.397  -14.448 0.0000000000
104729  37.402  12.466  -14.210 0.0000000000
104730  36.747  12.565  -13.991 0.0000000000
104736  39.582  12.516  -15.482 0.0000000000
104743  39.712  12.618  -16.180 0.0000000000
104751  39.749  12.579  -17.013 0.0000000000
104758  39.619  12.439  -17.987 0.0000000000
105864  41.565  13.211  -2.006 0.0000000000
105878  40.791  13.124  -2.917 0.0000000000
105887  40.743  13.194  -3.463 0.0000000000
105888  38.929  13.845  -5.030 0.0000000000
105889  38.223  13.598  -4.541 0.0000000000
105890  37.511  13.418  -4.162 0.0000000000
105891  36.589  13.512  -3.850 0.0000000000
105892  35.686  13.553  -3.793 0.0000000000
105893  34.669  13.624  -3.979 0.0000000000
105894  33.948  13.225  -3.796 0.0000000000
105903  39.237  13.436  -5.724 0.0000000000
105904  38.646  13.253  -5.151 0.0000000000
105905  38.073  13.128  -4.773 0.0000000000
105906  34.341  14.056  -4.452 0.0000000000
105907  33.618  13.642  -4.524 0.0000000000
105908  33.027  13.172  -4.628 0.0000000000
105917  39.133  12.959  -5.544 0.0000000000
105918  33.249  13.988  -5.642 0.0000000000
105919  32.888  13.290  -5.175 0.0000000000
105928  33.176  14.015  -6.642 0.0000000000
105929  32.771  13.355  -6.108 0.0000000000
105937  33.266  13.778  -7.516 0.0000000000
105938  32.825  13.251  -6.953 0.0000000000
105940  33.920  14.125  -8.788 0.0000000000
105941  33.455  13.443  -8.284 0.0000000000
105944  34.179  13.819  -9.573 0.0000000000
105945  33.733  13.189  -9.032 0.0000000000
105949  34.327  13.401  -10.300 0.0000000000
105951  34.905  13.658  -11.446 0.0000000000
105952  34.515  13.082  -11.011 0.0000000000
105954  35.164  13.392  -12.274 0.0000000000
105955  34.778  12.841  -11.726 0.0000000000
105960  35.958  13.373  -13.540 0.0000000000
105961  35.505  12.999  -13.041 0.0000000000
105969  39.092  12.916  -15.133 0.0000000000
105970  38.718  13.057  -15.014 0.0000000000
105971  37.675  13.457  -14.819 0.0000000000
105972  36.613  13.234  -14.150 0.0000000000
105980  39.249  13.336  -15.486 0.0000000000
105981  38.466  13.857  -15.335 0.0000000000
105982  37.894  14.107  -15.227 0.0000000000
105990  40.261  14.204  -16.353 0.0000000000
105991  39.988  13.629  -16.060 0.0000000000
106000  40.339  14.080  -16.564 0.0000000000
106001  40.132  13.574  -16.806 0.0000000000
106010  39.815  13.422  -17.668 0.0000000000
107153  37.723  14.712  -2.936 0.0000000000
107172  38.753  14.170  -3.986 0.0000000000
107173  37.892  14.080  -3.686 0.0000000000
107174  37.013  14.375  -3.418 0.0000000000
107175  36.008  14.481  -3.642 0.0000000000
107176  35.333  14.224  -4.052 0.0000000000
107194  35.415  14.916  -3.896 0.0000000000
107195  34.836  14.668  -4.406 0.0000000000
107196  34.207  14.395  -4.738 0.0000000000
107211  34.391  14.999  -4.899 0.0000000000
107212  33.884  14.660  -5.341 0.0000000000
107224  33.593  14.710  -6.274 0.0000000000
107236  34.116  15.204  -7.700 0.0000000000
107237  33.775  14.830  -7.340 0.0000000000
107245  34.145  14.988  -8.233 0.0000000000
107246  33.671  14.244  -8.056 0.0000000000
107251  35.100  15.248  -9.538 0.0000000000
107252  34.687  14.931  -9.286 0.0000000000
107256  35.153  14.988  -9.924 0.0000000000
107257  34.689  14.246  -10.130 0.0000000000
107261  35.137  14.492  -10.873 0.0000000000
107262  34.712  13.782  -10.760 0.0000000000
107265  35.313  14.279  -11.927 0.0000000000
107268  36.102  14.062  -13.748 0.0000000000
107269  35.622  14.107  -12.943 0.0000000000
107276  37.466  14.398  -15.057 0.0000000000
107277  36.690  14.445  -14.466 0.0000000000
107288  39.731  14.018  -15.816 0.0000000000
107289  39.111  14.450  -15.898 0.0000000000
107290  38.064  14.786  -15.486 0.0000000000
107298  40.401  14.520  -16.609 0.0000000000
107299  40.030  14.611  -16.296 0.0000000000
107300  39.474  15.239  -16.284 0.0000000000
107308  40.673  14.465  -16.997 0.0000000000
107309  40.244  14.102  -17.450 0.0000000000
107317  40.463  14.739  -17.639 0.0000000000
107318  39.887  14.331  -18.246 0.0000000000
108403  37.318  15.389  -2.640 0.0000000000
108418  36.533  15.408  -3.039 0.0000000000
108419  35.877  15.568  -3.506 0.0000000000
108434  35.364  15.647  -4.081 0.0000000000
108435  34.868  15.619  -4.703 0.0000000000
108449  34.446  15.548  -5.449 0.0000000000
108450  33.933  15.266  -6.011 0.0000000000
108463  34.414  15.755  -6.371 0.0000000000
108464  34.023  15.271  -6.775 0.0000000000
108474  35.097  16.121  -7.703 0.0000000000
108475  34.567  15.698  -7.472 0.0000000000
108476  34.093  15.278  -7.208 0.0000000000
108485  35.198  16.046  -8.201 0.0000000000
108486  34.815  15.505  -8.632 0.0000000000
108493  36.056  16.236  -9.580 0.0000000000
108494  35.470  15.814  -9.339 0.0000000000
108495  34.975  15.421  -9.107 0.0000000000
108501  36.167  16.037  -10.020 0.0000000000
108502  35.629  15.364  -10.436 0.0000000000
108506  36.184  15.801  -11.011 0.0000000000
108507  35.628  15.092  -11.471 0.0000000000
108512  36.122  15.583  -12.090 0.0000000000
108513  35.704  14.834  -12.457 0.0000000000
108517  36.065  15.132  -13.317 0.0000000000
108518  35.757  14.699  -12.919 0.0000000000
108523  37.247  15.263  -14.958 0.0000000000
108524  36.740  15.583  -14.224 0.0000000000
108533  38.688  15.633  -16.019 0.0000000000
108534  37.849  15.893  -15.417 0.0000000000
108542  41.146  15.886  -17.312 0.0000000000
108543  40.795  15.367  -16.789 0.0000000000
108544  40.068  15.694  -16.558 0.0000000000
108545  39.401  15.986  -16.359 0.0000000000
108552  41.187  15.970  -17.788 0.0000000000
108553  40.904  15.281  -17.447 0.0000000000
108563  41.057  16.137  -18.124 0.0000000000
108564  40.485  15.513  -18.199 0.0000000000
109572  37.070  16.361  -2.556 0.0000000000
109586  36.455  16.437  -3.095 0.0000000000
109587  36.010  16.487  -3.737 0.0000000000
109600  35.598  16.490  -4.507 0.0000000000
109601  35.003  16.183  -5.124 0.0000000000
109613  35.539  16.779  -5.292 0.0000000000
109614  34.892  16.298  -5.842 0.0000000000
109626  35.515  16.860  -6.210 0.0000000000
109627  34.938  16.278  -6.751 0.0000000000
109636  36.154  17.157  -7.546 0.0000000000
109637  35.521  16.635  -7.422 0.0000000000
109638  35.003  16.197  -7.209 0.0000000000
109645  36.285  17.094  -8.152 0.0000000000
109646  35.806  16.483  -8.602 0.0000000000
109653  37.168  17.294  -9.621 0.0000000000
109654  36.561  16.842  -9.345 0.0000000000
109655  35.932  16.387  -9.111 0.0000000000
109662  37.281  17.169  -10.089 0.0000000000
109663  36.717  16.520  -10.517 0.0000000000
109668  37.416  16.940  -11.068 0.0000000000
109669  36.694  16.352  -11.587 0.0000000000
109674  37.298  16.930  -12.149 0.0000000000
109675  36.575  16.230  -12.702 0.0000000000
109680  37.211  16.850  -13.285 0.0000000000
109681  36.708  16.087  -13.721 0.0000000000
109689  37.298  16.401  -14.472 0.0000000000
109690  36.878  16.036  -14.154 0.0000000000
109697  38.400  16.450  -15.674 0.0000000000
109698  38.033  16.721  -15.195 0.0000000000
109705  41.210  16.315  -17.052 0.0000000000
109706  40.707  16.492  -16.771 0.0000000000
109707  39.863  16.681  -16.458 0.0000000000
109708  39.001  16.715  -16.082 0.0000000000
109714  41.497  16.568  -17.479 0.0000000000
109724  41.524  16.709  -18.076 0.0000000000
110762  36.472  17.412  -3.270 0.0000000000
110763  36.142  17.431  -3.935 0.0000000000
110778  35.984  17.483  -4.662 0.0000000000
110790  36.002  17.550  -5.498 0.0000000000
110803  36.609  17.960  -6.883 0.0000000000
110804  36.215  17.561  -6.572 0.0000000000
110815  36.601  17.658  -7.474 0.0000000000
110816  36.142  17.257  -7.232 0.0000000000
110824  37.104  17.683  -8.557 0.0000000000
110832  37.733  17.774  -9.410 0.0000000000
110833  37.111  17.476  -9.107 0.0000000000
110843  38.142  17.537  -10.545 0.0000000000
110851  38.966  17.929  -11.124 0.0000000000
110852  38.155  17.407  -11.601 0.0000000000
110857  39.707  18.242  -11.653 0.0000000000
110858  38.954  17.799  -12.121 0.0000000000
110859  38.019  17.501  -12.698 0.0000000000
110861  39.635  18.198  -12.495 0.0000000000
110862  38.926  18.004  -13.260 0.0000000000
110863  37.968  17.420  -13.854 0.0000000000
110869  39.227  18.065  -14.690 0.0000000000
110870  38.866  17.895  -14.451 0.0000000000
110871  38.113  17.165  -14.788 0.0000000000
110879  39.245  17.921  -15.090 0.0000000000
110880  38.659  17.226  -15.400 0.0000000000
110881  38.234  17.047  -15.148 0.0000000000
110887  42.136  17.809  -17.068 0.0000000000
110888  41.653  17.389  -16.943 0.0000000000
110889  40.584  17.546  -16.412 0.0000000000
110890  39.550  17.561  -15.883 0.0000000000
110891  39.033  17.187  -15.830 0.0000000000
110896  42.324  17.865  -17.319 0.0000000000
110897  41.969  17.326  -17.651 0.0000000000
110907  42.570  17.921  -17.805 0.0000000000
110908  42.053  17.656  -18.165 0.0000000000
112090  40.433  18.563  -12.247 0.0000000000
112097  41.055  18.981  -12.947 0.0000000000
112098  40.006  18.415  -13.325 0.0000000000
112099  39.284  18.278  -13.961 0.0000000000
112101  41.635  19.441  -13.591 0.0000000000
112102  40.798  18.833  -13.980 0.0000000000
112103  39.660  18.300  -14.483 0.0000000000
112104  39.240  18.181  -14.314 0.0000000000
112112  41.564  19.238  -14.628 0.0000000000
112113  40.642  18.563  -15.044 0.0000000000
112114  39.845  18.133  -15.381 0.0000000000
112123  42.325  18.245  -16.859 0.0000000000
112124  41.619  18.650  -15.932 0.0000000000
112125  40.322  18.151  -15.810 0.0000000000
112126  39.868  17.987  -15.737 0.0000000000
112135  43.461  19.034  -17.627 0.0000000000
112136  43.129  18.637  -17.408 0.0000000000
112150  43.490  18.980  -17.920 0.0000000000
112151  42.921  18.522  -18.349 0.0000000000
113459  42.288  19.568  -15.101 0.0000000000
113467  42.890  19.253  -16.369 0.0000000000
113468  42.446  19.344  -15.716 0.0000000000
113476  43.346  19.319  -16.989 0.0000000000
