#!ascii label  , from subject colin27_FS vox2ras=TkReg
1316
3441  30.247  -74.209  -4.766 0.0000000000
3442  29.958  -74.163  -4.494 0.0000000000
3451  31.236  -74.329  -6.082 0.0000000000
3452  30.562  -74.586  -5.488 0.0000000000
3453  29.801  -74.622  -4.943 0.0000000000
3467  32.158  -74.181  -7.051 0.0000000000
3468  31.471  -74.550  -6.609 0.0000000000
3479  33.286  -73.922  -7.850 0.0000000000
3480  32.790  -74.271  -7.726 0.0000000000
3493  33.334  -74.116  -8.209 0.0000000000
4050  29.105  -72.946  -3.876 0.0000000000
4051  28.723  -72.823  -3.832 0.0000000000
4061  30.246  -73.651  -4.347 0.0000000000
4062  29.546  -73.769  -4.453 0.0000000000
4063  28.921  -73.192  -4.310 0.0000000000
4073  32.286  -73.461  -6.381 0.0000000000
4074  31.533  -73.667  -5.845 0.0000000000
4075  30.758  -73.715  -5.037 0.0000000000
4076  29.411  -74.325  -4.922 0.0000000000
4090  33.480  -73.214  -7.286 0.0000000000
4091  32.942  -73.475  -7.041 0.0000000000
4092  31.890  -73.907  -6.510 0.0000000000
4104  33.533  -73.501  -7.710 0.0000000000
4105  33.178  -73.778  -7.631 0.0000000000
4115  33.439  -73.690  -8.571 0.0000000000
4116  33.031  -73.361  -9.019 0.0000000000
4618  29.926  -72.338  -3.831 0.0000000000
4619  29.298  -72.371  -3.500 0.0000000000
4620  28.451  -72.372  -3.378 0.0000000000
4621  27.872  -72.018  -3.162 0.0000000000
4634  31.082  -72.247  -4.848 0.0000000000
4635  30.368  -72.723  -4.259 0.0000000000
4636  29.781  -73.078  -3.883 0.0000000000
4637  28.402  -72.743  -4.071 0.0000000000
4638  27.772  -72.109  -3.728 0.0000000000
4650  33.547  -72.258  -6.452 0.0000000000
4651  32.748  -72.772  -6.231 0.0000000000
4652  31.522  -72.894  -5.310 0.0000000000
4653  30.790  -73.111  -4.694 0.0000000000
4665  34.334  -72.183  -7.163 0.0000000000
4666  33.771  -72.685  -7.046 0.0000000000
4667  33.216  -73.000  -6.755 0.0000000000
4676  34.369  -72.225  -7.548 0.0000000000
4677  34.070  -72.872  -7.960 0.0000000000
4686  34.341  -72.200  -8.070 0.0000000000
4687  33.763  -72.528  -8.521 0.0000000000
4688  32.856  -72.315  -8.784 0.0000000000
5171  28.406  -70.732  -2.540 0.0000000000
5172  27.978  -70.978  -2.585 0.0000000000
5173  27.524  -71.182  -2.804 0.0000000000
5183  29.706  -71.676  -3.550 0.0000000000
5184  28.861  -71.322  -2.935 0.0000000000
5185  27.945  -71.716  -2.867 0.0000000000
5186  27.416  -71.625  -3.154 0.0000000000
5198  31.392  -71.507  -4.815 0.0000000000
5199  30.536  -71.510  -4.280 0.0000000000
5200  27.160  -71.577  -3.653 0.0000000000
5210  34.385  -71.689  -6.751 0.0000000000
5211  34.041  -71.849  -6.508 0.0000000000
5212  33.375  -71.731  -5.992 0.0000000000
5213  32.227  -71.665  -5.337 0.0000000000
5220  34.550  -71.770  -7.175 0.0000000000
5221  34.317  -72.047  -6.902 0.0000000000
5228  34.610  -71.688  -7.812 0.0000000000
5238  34.259  -71.640  -8.306 0.0000000000
5239  33.561  -71.532  -8.636 0.0000000000
5240  32.611  -71.301  -8.769 0.0000000000
5688  32.828  -70.127  3.986 0.0000000000
5689  32.530  -70.064  3.990 0.0000000000
5702  32.962  -70.407  3.373 0.0000000000
5703  32.565  -70.288  3.494 0.0000000000
5704  32.297  -70.184  3.472 0.0000000000
5718  33.252  -70.371  2.821 0.0000000000
5719  32.878  -70.504  2.725 0.0000000000
5720  32.307  -70.290  2.772 0.0000000000
5736  33.784  -70.200  1.457 0.0000000000
5737  33.487  -70.355  1.849 0.0000000000
5738  32.757  -70.553  1.766 0.0000000000
5739  32.010  -70.309  1.649 0.0000000000
5751  33.898  -70.206  0.886 0.0000000000
5752  33.365  -70.448  0.719 0.0000000000
5753  32.510  -70.438  0.700 0.0000000000
5754  31.702  -69.997  0.614 0.0000000000
5758  34.162  -70.284  -0.595 0.0000000000
5759  33.161  -70.338  -0.377 0.0000000000
5760  32.084  -69.993  -0.285 0.0000000000
5761  31.656  -69.858  0.098 0.0000000000
5765  34.398  -70.276  -2.055 0.0000000000
5766  33.696  -70.395  -1.565 0.0000000000
5767  32.787  -70.144  -1.345 0.0000000000
5774  34.457  -70.203  -3.012 0.0000000000
5775  33.944  -70.446  -2.664 0.0000000000
5776  33.185  -70.205  -2.347 0.0000000000
5777  28.874  -70.266  -2.430 0.0000000000
5778  28.131  -70.337  -2.175 0.0000000000
5783  34.435  -70.090  -3.722 0.0000000000
5784  33.979  -70.352  -3.636 0.0000000000
5785  33.283  -70.187  -3.319 0.0000000000
5786  30.038  -70.664  -3.391 0.0000000000
5787  29.356  -70.544  -2.841 0.0000000000
5794  34.391  -70.014  -4.057 0.0000000000
5795  33.887  -70.158  -4.597 0.0000000000
5796  33.089  -70.336  -4.405 0.0000000000
5797  31.755  -70.680  -4.607 0.0000000000
5798  30.802  -70.509  -4.093 0.0000000000
5805  34.252  -71.478  -6.509 0.0000000000
5806  34.094  -71.073  -5.848 0.0000000000
5807  33.265  -70.865  -5.331 0.0000000000
5808  32.618  -70.824  -5.018 0.0000000000
5815  34.417  -71.255  -6.713 0.0000000000
5816  34.151  -70.691  -6.325 0.0000000000
5823  34.607  -71.152  -7.428 0.0000000000
5830  34.578  -71.021  -8.103 0.0000000000
5831  34.064  -70.848  -8.505 0.0000000000
5832  33.191  -70.551  -8.699 0.0000000000
6342  34.199  -68.712  6.917 0.0000000000
6343  34.028  -68.613  7.062 0.0000000000
6349  34.073  -69.033  6.361 0.0000000000
6350  33.775  -68.783  6.517 0.0000000000
6351  33.520  -68.695  6.312 0.0000000000
6358  33.910  -69.335  5.395 0.0000000000
6359  33.439  -69.227  5.588 0.0000000000
6360  33.246  -68.924  5.820 0.0000000000
6370  33.833  -69.514  4.359 0.0000000000
6371  33.275  -69.715  4.617 0.0000000000
6372  32.600  -69.505  4.553 0.0000000000
6373  32.191  -69.453  3.989 0.0000000000
6384  33.804  -69.571  3.654 0.0000000000
6385  33.400  -70.056  3.557 0.0000000000
6386  32.362  -70.061  3.856 0.0000000000
6387  32.057  -69.804  3.508 0.0000000000
6396  33.847  -69.576  2.890 0.0000000000
6397  33.594  -70.146  2.470 0.0000000000
6398  31.764  -69.830  2.395 0.0000000000
6408  33.981  -69.854  1.674 0.0000000000
6409  33.687  -70.178  2.004 0.0000000000
6410  31.500  -69.692  1.417 0.0000000000
6423  34.357  -69.579  0.200 0.0000000000
6424  31.245  -69.477  0.680 0.0000000000
6425  30.772  -69.179  0.354 0.0000000000
6436  34.538  -69.653  -0.900 0.0000000000
6437  31.582  -69.673  -0.724 0.0000000000
6438  31.172  -69.546  -0.164 0.0000000000
6439  30.155  -69.067  -0.272 0.0000000000
6440  29.634  -68.892  -0.461 0.0000000000
6447  34.744  -69.915  -1.719 0.0000000000
6448  31.932  -69.701  -1.317 0.0000000000
6449  31.110  -69.514  -1.229 0.0000000000
6450  30.244  -69.300  -1.064 0.0000000000
6451  29.262  -69.189  -0.983 0.0000000000
6461  34.718  -69.975  -2.674 0.0000000000
6462  32.330  -69.862  -2.216 0.0000000000
6463  31.388  -69.596  -2.180 0.0000000000
6464  30.414  -69.540  -2.023 0.0000000000
6465  29.463  -69.528  -1.863 0.0000000000
6466  28.614  -69.666  -1.845 0.0000000000
6476  34.651  -69.987  -3.300 0.0000000000
6477  32.631  -69.988  -2.969 0.0000000000
6478  31.795  -69.801  -3.056 0.0000000000
6479  30.721  -69.793  -3.064 0.0000000000
6480  29.743  -69.938  -2.679 0.0000000000
6491  34.547  -69.869  -3.729 0.0000000000
6492  34.222  -69.876  -4.268 0.0000000000
6493  32.343  -70.050  -3.783 0.0000000000
6494  31.329  -70.024  -3.829 0.0000000000
6495  30.697  -70.188  -3.651 0.0000000000
6506  33.776  -70.139  -5.368 0.0000000000
6516  34.383  -70.730  -6.969 0.0000000000
6517  33.894  -70.067  -6.651 0.0000000000
6528  34.351  -70.379  -7.685 0.0000000000
6529  33.779  -69.551  -7.605 0.0000000000
6535  34.254  -70.547  -8.219 0.0000000000
6536  33.719  -69.856  -8.428 0.0000000000
6537  32.579  -69.375  -9.156 0.0000000000
6964  36.054  -67.991  8.389 0.0000000000
6965  35.855  -67.892  8.529 0.0000000000
6976  36.041  -68.135  8.052 0.0000000000
6977  35.498  -68.146  8.048 0.0000000000
6978  34.530  -68.344  7.323 0.0000000000
6979  33.998  -68.453  7.016 0.0000000000
6988  36.262  -68.081  7.648 0.0000000000
6989  35.729  -68.281  7.474 0.0000000000
6990  34.835  -68.597  7.042 0.0000000000
6991  33.665  -68.443  6.598 0.0000000000
6992  33.367  -68.585  6.103 0.0000000000
6998  36.225  -68.132  6.961 0.0000000000
6999  35.507  -68.438  6.575 0.0000000000
7000  34.658  -68.814  6.031 0.0000000000
7001  33.400  -68.225  6.127 0.0000000000
7002  32.924  -68.544  5.435 0.0000000000
7011  36.203  -68.162  6.129 0.0000000000
7012  35.516  -68.375  5.461 0.0000000000
7013  34.517  -68.931  4.953 0.0000000000
7014  32.476  -68.588  4.481 0.0000000000
7015  32.260  -69.106  4.111 0.0000000000
7024  35.128  -68.388  4.505 0.0000000000
7025  34.373  -68.829  3.698 0.0000000000
7026  32.217  -68.590  3.783 0.0000000000
7027  32.054  -69.170  3.623 0.0000000000
7036  34.360  -68.704  2.300 0.0000000000
7037  32.049  -68.678  3.209 0.0000000000
7038  31.821  -69.095  2.766 0.0000000000
7048  34.428  -68.796  1.020 0.0000000000
7049  31.500  -69.217  1.912 0.0000000000
7060  34.518  -68.678  0.082 0.0000000000
7061  31.048  -68.998  1.043 0.0000000000
7062  30.477  -68.759  0.259 0.0000000000
7071  34.557  -68.934  -0.683 0.0000000000
7077  34.560  -69.137  -1.571 0.0000000000
7084  34.556  -69.340  -2.535 0.0000000000
7085  34.485  -69.266  -3.128 0.0000000000
7092  34.588  -69.660  -3.272 0.0000000000
7093  34.346  -69.209  -3.578 0.0000000000
7101  34.420  -69.617  -3.826 0.0000000000
7102  33.894  -69.251  -4.413 0.0000000000
7103  33.296  -68.676  -4.997 0.0000000000
7112  33.468  -69.370  -5.647 0.0000000000
7113  32.984  -68.516  -5.851 0.0000000000
7126  33.333  -69.141  -6.737 0.0000000000
7127  32.791  -68.254  -6.819 0.0000000000
7140  33.226  -68.778  -7.655 0.0000000000
7141  32.706  -67.918  -7.703 0.0000000000
7151  33.465  -69.203  -8.129 0.0000000000
7152  32.977  -68.524  -8.630 0.0000000000
7566  37.805  -67.013  7.972 0.0000000000
7567  37.213  -67.211  8.370 0.0000000000
7568  36.314  -67.492  8.431 0.0000000000
7569  35.720  -67.689  8.450 0.0000000000
7575  38.017  -67.192  7.239 0.0000000000
7576  37.318  -67.448  7.666 0.0000000000
7577  36.541  -67.780  8.058 0.0000000000
7578  35.042  -67.860  8.071 0.0000000000
7579  34.260  -67.958  7.369 0.0000000000
7580  33.892  -68.236  6.970 0.0000000000
7590  38.147  -67.210  6.284 0.0000000000
7591  37.468  -67.525  6.778 0.0000000000
7592  36.765  -67.800  7.285 0.0000000000
7593  34.129  -67.672  6.811 0.0000000000
7594  33.741  -68.027  6.738 0.0000000000
7603  38.239  -67.194  5.375 0.0000000000
7604  37.578  -67.505  5.814 0.0000000000
7605  36.843  -67.803  6.372 0.0000000000
7606  34.125  -67.370  6.393 0.0000000000
7607  33.664  -67.591  6.039 0.0000000000
7608  33.177  -67.941  5.557 0.0000000000
7619  38.269  -67.185  4.869 0.0000000000
7620  37.840  -67.425  4.984 0.0000000000
7621  36.777  -67.718  5.219 0.0000000000
7622  35.912  -67.953  4.600 0.0000000000
7623  33.358  -67.438  5.134 0.0000000000
7624  32.888  -67.794  4.760 0.0000000000
7636  38.226  -67.178  4.496 0.0000000000
7637  37.645  -67.341  4.290 0.0000000000
7638  36.677  -67.527  4.045 0.0000000000
7639  35.464  -67.771  3.650 0.0000000000
7640  34.716  -68.083  3.005 0.0000000000
7641  32.520  -67.815  3.923 0.0000000000
7654  35.138  -67.549  2.840 0.0000000000
7655  34.762  -67.741  2.317 0.0000000000
7656  32.268  -67.950  3.017 0.0000000000
7657  31.946  -68.419  2.650 0.0000000000
7668  34.677  -67.789  1.485 0.0000000000
7669  32.011  -67.934  2.348 0.0000000000
7670  31.608  -68.312  1.796 0.0000000000
7682  34.639  -67.839  0.431 0.0000000000
7694  34.524  -67.966  -0.485 0.0000000000
7703  34.461  -68.183  -1.315 0.0000000000
7713  34.280  -68.367  -2.151 0.0000000000
7714  34.169  -68.584  -3.044 0.0000000000
7724  33.903  -68.599  -3.735 0.0000000000
7732  33.427  -68.178  -4.284 0.0000000000
7733  32.889  -67.816  -5.039 0.0000000000
7741  32.601  -67.541  -5.966 0.0000000000
7754  32.531  -67.291  -6.896 0.0000000000
7762  32.520  -67.103  -7.637 0.0000000000
7768  32.575  -67.338  -8.408 0.0000000000
7774  32.516  -67.334  -9.445 0.0000000000
8246  38.835  -66.284  8.208 0.0000000000
8247  38.057  -66.507  8.539 0.0000000000
8248  37.104  -66.703  8.711 0.0000000000
8249  36.107  -66.953  8.502 0.0000000000
8250  35.492  -67.479  8.340 0.0000000000
8256  39.032  -66.366  7.343 0.0000000000
8257  38.414  -66.706  7.744 0.0000000000
8258  35.979  -66.518  7.659 0.0000000000
8259  35.108  -67.292  7.764 0.0000000000
8260  34.509  -67.584  7.253 0.0000000000
8266  39.072  -66.419  6.493 0.0000000000
8267  38.582  -66.769  6.817 0.0000000000
8268  35.831  -66.378  6.775 0.0000000000
8269  35.300  -66.746  6.946 0.0000000000
8270  34.595  -67.206  6.780 0.0000000000
8276  39.322  -66.290  5.871 0.0000000000
8277  38.745  -66.704  5.776 0.0000000000
8278  35.405  -66.404  6.301 0.0000000000
8279  34.846  -66.620  6.206 0.0000000000
8280  34.223  -66.915  5.795 0.0000000000
8281  33.725  -67.107  5.315 0.0000000000
8287  39.319  -66.377  5.020 0.0000000000
8288  38.697  -66.862  4.707 0.0000000000
8289  33.928  -66.707  5.022 0.0000000000
8290  33.557  -66.795  4.630 0.0000000000
8291  33.232  -67.177  4.508 0.0000000000
8303  40.143  -66.070  3.485 0.0000000000
8304  39.550  -66.403  3.855 0.0000000000
8305  38.532  -66.880  3.711 0.0000000000
8306  37.556  -66.980  3.384 0.0000000000
8307  36.472  -67.021  3.180 0.0000000000
8308  35.667  -67.166  2.882 0.0000000000
8309  33.331  -66.720  4.209 0.0000000000
8310  33.028  -66.977  3.967 0.0000000000
8324  40.213  -66.144  2.784 0.0000000000
8325  39.395  -66.528  2.736 0.0000000000
8326  38.473  -66.604  2.581 0.0000000000
8327  37.381  -66.529  2.359 0.0000000000
8328  36.177  -66.637  2.322 0.0000000000
8329  35.253  -67.057  2.217 0.0000000000
8330  34.837  -67.377  1.920 0.0000000000
8331  32.669  -66.964  3.185 0.0000000000
8344  40.017  -66.372  1.992 0.0000000000
8345  39.363  -66.374  1.610 0.0000000000
8346  38.439  -66.298  1.643 0.0000000000
8347  37.657  -66.126  1.567 0.0000000000
8348  36.789  -66.149  1.647 0.0000000000
8349  35.693  -66.358  1.331 0.0000000000
8350  34.968  -67.039  1.576 0.0000000000
8363  39.348  -66.212  0.972 0.0000000000
8364  39.013  -66.244  1.163 0.0000000000
8365  35.369  -66.182  0.272 0.0000000000
8366  34.883  -66.925  0.816 0.0000000000
8374  35.227  -66.067  -0.301 0.0000000000
8375  34.824  -66.782  -0.313 0.0000000000
8383  40.753  -66.307  -1.767 0.0000000000
8384  40.452  -66.455  -2.072 0.0000000000
8385  40.112  -66.569  -2.537 0.0000000000
8386  34.527  -67.274  -1.078 0.0000000000
8395  41.051  -66.404  -2.257 0.0000000000
8396  40.629  -66.723  -2.790 0.0000000000
8397  40.129  -66.845  -3.263 0.0000000000
8398  34.276  -67.227  -1.847 0.0000000000
8399  33.876  -67.403  -2.630 0.0000000000
8408  41.250  -66.439  -3.102 0.0000000000
8409  40.757  -66.868  -3.581 0.0000000000
8410  40.198  -67.089  -4.075 0.0000000000
8411  33.582  -67.518  -3.487 0.0000000000
8423  41.248  -66.452  -3.815 0.0000000000
8424  40.824  -66.735  -4.414 0.0000000000
8425  40.162  -67.128  -4.873 0.0000000000
8426  39.594  -67.133  -5.100 0.0000000000
8427  33.119  -67.005  -4.351 0.0000000000
8428  32.736  -66.783  -5.243 0.0000000000
8442  40.537  -66.612  -5.201 0.0000000000
8443  39.972  -66.990  -5.862 0.0000000000
8444  39.247  -66.937  -5.591 0.0000000000
8445  32.548  -66.492  -6.097 0.0000000000
8462  39.241  -66.880  -6.409 0.0000000000
8463  32.502  -66.440  -7.079 0.0000000000
8472  32.396  -66.525  -7.972 0.0000000000
8481  32.455  -66.596  -8.824 0.0000000000
8972  39.576  -65.101  8.892 0.0000000000
8973  38.989  -65.705  8.891 0.0000000000
8974  37.941  -65.847  9.008 0.0000000000
8975  37.025  -66.155  8.689 0.0000000000
8976  36.558  -66.287  8.254 0.0000000000
8985  39.820  -65.297  8.395 0.0000000000
8986  39.427  -65.868  7.888 0.0000000000
8987  37.611  -65.529  8.507 0.0000000000
8988  37.018  -65.839  8.173 0.0000000000
8989  36.590  -66.058  7.770 0.0000000000
8999  40.099  -65.438  7.330 0.0000000000
9000  39.607  -65.965  6.641 0.0000000000
9001  37.425  -65.511  7.821 0.0000000000
9002  36.967  -65.739  7.381 0.0000000000
9003  36.408  -66.069  6.982 0.0000000000
9013  40.394  -65.423  6.002 0.0000000000
9014  39.790  -65.928  5.448 0.0000000000
9015  36.857  -65.573  6.277 0.0000000000
9016  35.975  -66.050  5.944 0.0000000000
9017  35.110  -66.263  5.643 0.0000000000
9018  34.653  -66.520  5.624 0.0000000000
9025  40.339  -65.559  4.640 0.0000000000
9026  39.820  -66.053  4.567 0.0000000000
9030  34.441  -66.280  4.898 0.0000000000
9031  33.852  -66.436  4.558 0.0000000000
9037  41.141  -65.230  2.704 0.0000000000
9038  40.591  -65.560  3.412 0.0000000000
9039  40.106  -65.962  3.972 0.0000000000
9055  41.201  -65.307  1.980 0.0000000000
9056  40.776  -65.640  2.483 0.0000000000
9073  41.172  -65.411  1.433 0.0000000000
9074  40.664  -65.844  1.659 0.0000000000
9075  40.127  -66.237  1.273 0.0000000000
9076  38.717  -66.102  1.110 0.0000000000
9077  38.235  -65.893  1.054 0.0000000000
9078  37.364  -65.722  1.039 0.0000000000
9079  36.539  -65.797  1.016 0.0000000000
9095  41.142  -65.467  0.831 0.0000000000
9096  40.550  -65.907  0.623 0.0000000000
9097  39.832  -66.195  0.576 0.0000000000
9098  39.029  -65.893  0.511 0.0000000000
9099  37.993  -65.370  0.194 0.0000000000
9100  36.939  -65.327  0.416 0.0000000000
9101  36.059  -65.658  0.459 0.0000000000
9109  41.098  -65.561  -0.180 0.0000000000
9110  40.462  -66.008  -0.373 0.0000000000
9111  39.756  -66.007  -0.513 0.0000000000
9112  38.892  -65.422  -0.783 0.0000000000
9113  38.228  -65.149  -0.468 0.0000000000
9114  36.438  -65.261  -0.085 0.0000000000
9115  35.735  -65.496  -0.449 0.0000000000
9116  35.149  -65.953  -0.779 0.0000000000
9123  41.134  -65.858  -1.403 0.0000000000
9124  40.391  -66.211  -1.311 0.0000000000
9125  39.779  -66.118  -1.734 0.0000000000
9126  39.160  -65.501  -2.115 0.0000000000
9127  35.381  -65.330  -1.428 0.0000000000
9128  34.727  -66.247  -1.444 0.0000000000
9135  41.623  -65.605  -2.581 0.0000000000
9136  39.604  -66.254  -2.855 0.0000000000
9137  39.166  -65.719  -2.867 0.0000000000
9138  34.890  -65.384  -2.083 0.0000000000
9139  34.225  -65.974  -2.633 0.0000000000
9140  33.700  -66.689  -3.037 0.0000000000
9150  41.615  -65.736  -3.527 0.0000000000
9151  39.623  -66.735  -3.838 0.0000000000
9152  39.151  -65.965  -3.575 0.0000000000
9153  34.026  -65.426  -3.271 0.0000000000
9154  33.602  -66.036  -3.634 0.0000000000
9165  41.394  -65.938  -4.274 0.0000000000
9166  40.916  -66.034  -4.817 0.0000000000
9167  39.693  -67.113  -4.510 0.0000000000
9168  39.012  -66.579  -4.711 0.0000000000
9169  33.014  -65.809  -4.829 0.0000000000
9170  32.719  -66.173  -5.433 0.0000000000
9180  40.641  -65.935  -5.270 0.0000000000
9181  40.385  -66.146  -5.819 0.0000000000
9182  38.564  -66.355  -5.915 0.0000000000
9183  38.156  -65.778  -6.082 0.0000000000
9184  32.948  -65.342  -5.363 0.0000000000
9185  32.736  -65.733  -5.649 0.0000000000
9198  38.726  -66.558  -6.809 0.0000000000
9199  38.139  -65.731  -6.815 0.0000000000
9200  32.551  -65.674  -6.431 0.0000000000
9210  32.284  -65.638  -7.393 0.0000000000
9211  31.997  -65.359  -8.021 0.0000000000
9223  32.230  -65.960  -8.352 0.0000000000
9727  40.989  -64.068  8.501 0.0000000000
9728  40.300  -64.497  8.725 0.0000000000
9729  39.223  -64.731  9.067 0.0000000000
9730  38.587  -65.326  9.035 0.0000000000
9736  41.022  -64.398  7.720 0.0000000000
9737  40.435  -64.971  7.894 0.0000000000
9738  38.813  -64.450  8.479 0.0000000000
9739  38.300  -65.085  8.885 0.0000000000
9745  41.270  -64.365  6.457 0.0000000000
9746  40.719  -64.931  6.909 0.0000000000
9747  38.883  -64.223  7.248 0.0000000000
9748  38.092  -65.015  7.579 0.0000000000
9749  37.415  -65.415  7.048 0.0000000000
9759  41.351  -64.368  5.344 0.0000000000
9760  40.914  -64.801  5.949 0.0000000000
9763  37.538  -65.084  6.156 0.0000000000
9774  41.350  -64.516  4.281 0.0000000000
9775  40.867  -64.951  5.050 0.0000000000
9786  41.265  -64.855  3.350 0.0000000000
9787  40.833  -65.039  4.122 0.0000000000
9799  41.974  -64.070  2.229 0.0000000000
9800  41.632  -64.582  2.374 0.0000000000
9814  41.990  -64.128  1.657 0.0000000000
9815  41.552  -64.869  1.295 0.0000000000
9830  42.046  -64.210  0.621 0.0000000000
9831  41.577  -64.874  0.188 0.0000000000
9832  37.381  -65.131  -0.013 0.0000000000
9833  36.970  -64.978  -0.143 0.0000000000
9843  42.065  -64.176  -0.503 0.0000000000
9844  41.641  -64.951  -0.935 0.0000000000
9845  38.298  -65.007  -0.821 0.0000000000
9846  37.630  -64.887  -0.594 0.0000000000
9847  36.555  -64.862  -0.747 0.0000000000
9848  35.909  -64.978  -1.155 0.0000000000
9856  42.331  -64.121  -1.796 0.0000000000
9857  41.771  -65.073  -1.863 0.0000000000
9858  38.307  -64.787  -1.578 0.0000000000
9859  37.170  -64.479  -1.513 0.0000000000
9860  36.242  -64.613  -1.619 0.0000000000
9861  35.764  -64.849  -1.660 0.0000000000
9867  42.665  -64.078  -2.752 0.0000000000
9868  42.137  -64.720  -2.486 0.0000000000
9869  38.670  -65.025  -2.923 0.0000000000
9870  37.597  -64.367  -2.554 0.0000000000
9871  36.626  -64.266  -2.315 0.0000000000
9872  35.518  -64.558  -2.461 0.0000000000
9873  34.731  -65.074  -2.604 0.0000000000
9885  42.704  -63.926  -3.128 0.0000000000
9886  42.203  -64.638  -3.227 0.0000000000
9887  38.497  -65.391  -4.133 0.0000000000
9888  37.830  -64.446  -3.596 0.0000000000
9889  35.219  -64.235  -3.313 0.0000000000
9890  34.471  -64.682  -3.420 0.0000000000
9891  33.885  -65.213  -3.569 0.0000000000
9903  41.659  -64.952  -3.911 0.0000000000
9904  40.980  -65.072  -4.480 0.0000000000
9905  40.588  -64.921  -4.872 0.0000000000
9906  38.306  -65.685  -5.193 0.0000000000
9907  37.835  -64.709  -4.728 0.0000000000
9908  34.132  -64.400  -4.238 0.0000000000
9909  33.667  -64.957  -4.199 0.0000000000
9919  40.665  -65.443  -4.950 0.0000000000
9920  40.345  -65.080  -5.364 0.0000000000
9921  38.192  -65.766  -5.764 0.0000000000
9922  37.829  -65.078  -5.846 0.0000000000
9923  33.240  -64.821  -5.210 0.0000000000
9924  32.787  -65.090  -5.824 0.0000000000
9938  37.509  -64.626  -6.709 0.0000000000
9940  33.033  -64.427  -5.933 0.0000000000
9941  32.516  -64.699  -6.584 0.0000000000
9951  32.161  -64.645  -7.524 0.0000000000
10532  40.729  -62.967  9.529 0.0000000000
10533  40.512  -62.856  9.450 0.0000000000
10544  41.554  -63.189  8.896 0.0000000000
10545  41.150  -63.437  9.081 0.0000000000
10546  40.148  -63.551  9.105 0.0000000000
10547  39.384  -63.971  8.880 0.0000000000
10556  41.702  -63.197  8.483 0.0000000000
10557  41.433  -63.716  8.095 0.0000000000
10558  39.831  -63.345  8.655 0.0000000000
10559  39.358  -63.844  8.108 0.0000000000
10563  42.006  -63.185  7.527 0.0000000000
10564  41.638  -63.764  7.001 0.0000000000
10565  39.821  -63.197  7.695 0.0000000000
10571  42.225  -63.079  6.378 0.0000000000
10572  41.757  -63.715  5.798 0.0000000000
10584  42.368  -63.063  5.134 0.0000000000
10585  41.865  -63.807  4.589 0.0000000000
10597  42.457  -63.116  3.766 0.0000000000
10598  41.861  -64.078  3.311 0.0000000000
10610  42.256  -63.490  2.352 0.0000000000
10611  41.955  -64.063  2.558 0.0000000000
10629  42.300  -63.456  1.064 0.0000000000
10645  42.373  -63.502  -0.023 0.0000000000
10657  42.555  -63.437  -1.051 0.0000000000
10664  43.276  -62.939  -2.221 0.0000000000
10665  43.007  -63.190  -1.964 0.0000000000
10675  43.333  -62.953  -2.451 0.0000000000
10676  43.020  -63.456  -2.518 0.0000000000
10677  37.386  -64.240  -3.150 0.0000000000
10678  36.963  -64.098  -2.992 0.0000000000
10679  36.302  -64.082  -2.961 0.0000000000
10690  43.430  -62.966  -2.802 0.0000000000
10691  43.158  -63.350  -3.052 0.0000000000
10692  42.631  -63.565  -3.357 0.0000000000
10693  42.117  -63.451  -3.598 0.0000000000
10694  37.201  -64.107  -3.492 0.0000000000
10695  36.633  -63.932  -3.589 0.0000000000
10696  35.774  -63.876  -3.541 0.0000000000
10697  35.043  -63.916  -3.801 0.0000000000
10708  42.029  -64.135  -3.639 0.0000000000
10709  41.439  -63.925  -4.046 0.0000000000
10710  40.506  -64.047  -4.707 0.0000000000
10711  37.195  -64.035  -4.191 0.0000000000
10712  36.353  -63.693  -4.421 0.0000000000
10713  35.412  -63.591  -4.508 0.0000000000
10714  34.500  -63.865  -4.498 0.0000000000
10715  33.835  -64.261  -4.865 0.0000000000
10727  39.720  -63.690  -5.586 0.0000000000
10728  37.064  -64.021  -5.334 0.0000000000
10729  35.946  -63.430  -5.469 0.0000000000
10730  34.860  -63.357  -5.455 0.0000000000
10731  33.980  -63.662  -5.509 0.0000000000
10732  33.443  -64.112  -5.590 0.0000000000
10747  37.337  -64.280  -6.125 0.0000000000
10748  36.687  -63.680  -6.590 0.0000000000
10749  35.200  -62.999  -6.639 0.0000000000
10750  34.158  -63.126  -6.262 0.0000000000
10751  33.161  -63.622  -6.539 0.0000000000
10752  32.510  -64.102  -7.007 0.0000000000
11404  41.711  -62.103  10.055 0.0000000000
11405  41.177  -62.165  10.235 0.0000000000
11406  40.900  -62.036  10.264 0.0000000000
11424  41.889  -62.450  9.555 0.0000000000
11425  41.252  -62.671  9.783 0.0000000000
11426  40.699  -62.384  9.926 0.0000000000
11443  41.814  -62.875  8.965 0.0000000000
11444  41.502  -62.862  9.391 0.0000000000
11445  40.253  -62.573  9.149 0.0000000000
11460  42.231  -62.637  8.100 0.0000000000
11461  40.160  -62.661  8.239 0.0000000000
11476  42.511  -62.473  7.036 0.0000000000
11477  40.182  -62.429  7.186 0.0000000000
11486  43.081  -61.727  5.628 0.0000000000
11487  42.813  -62.139  5.839 0.0000000000
11497  43.181  -61.659  5.059 0.0000000000
11498  42.809  -62.386  4.541 0.0000000000
11511  43.084  -61.828  3.832 0.0000000000
11512  42.778  -62.415  3.727 0.0000000000
11525  42.963  -61.663  3.133 0.0000000000
11526  42.716  -62.274  2.810 0.0000000000
11539  42.499  -62.570  1.449 0.0000000000
11550  42.513  -62.735  0.274 0.0000000000
11562  42.636  -62.906  -0.589 0.0000000000
11576  43.394  -62.595  -2.177 0.0000000000
11577  42.952  -62.701  -1.402 0.0000000000
11589  43.661  -62.435  -2.720 0.0000000000
11602  43.644  -62.463  -3.061 0.0000000000
11603  43.279  -62.603  -3.311 0.0000000000
11604  42.659  -62.708  -3.520 0.0000000000
11605  41.829  -62.804  -3.696 0.0000000000
11619  40.920  -62.856  -4.122 0.0000000000
11620  40.026  -62.695  -4.655 0.0000000000
11636  39.467  -62.191  -5.344 0.0000000000
12322  42.003  -61.580  10.129 0.0000000000
12323  41.523  -61.719  10.279 0.0000000000
12324  41.095  -61.751  10.316 0.0000000000
12342  42.212  -61.743  9.669 0.0000000000
12343  40.842  -61.695  10.107 0.0000000000
12360  42.841  -61.442  8.058 0.0000000000
12361  42.460  -61.968  8.784 0.0000000000
12362  40.588  -61.573  9.471 0.0000000000
12375  42.951  -61.418  7.435 0.0000000000
12376  42.674  -61.951  7.688 0.0000000000
12377  40.886  -60.702  7.798 0.0000000000
12378  40.553  -61.488  8.096 0.0000000000
12394  43.137  -61.177  6.973 0.0000000000
12395  42.895  -61.744  6.728 0.0000000000
12396  41.134  -60.717  6.898 0.0000000000
12411  43.190  -61.351  6.055 0.0000000000
12412  42.971  -61.742  6.187 0.0000000000
12425  43.431  -60.928  5.280 0.0000000000
12433  43.399  -60.982  4.350 0.0000000000
12439  43.200  -61.081  3.314 0.0000000000
12440  42.875  -61.358  2.572 0.0000000000
12449  42.662  -61.537  1.666 0.0000000000
12460  42.552  -61.794  0.461 0.0000000000
12474  42.731  -62.038  -0.771 0.0000000000
12489  43.833  -61.773  -2.537 0.0000000000
12490  43.397  -61.902  -1.781 0.0000000000
12503  44.245  -61.270  -3.223 0.0000000000
12504  44.123  -61.675  -3.013 0.0000000000
12518  44.104  -61.278  -3.347 0.0000000000
12519  43.928  -61.620  -3.275 0.0000000000
12520  43.320  -61.819  -3.516 0.0000000000
12521  42.462  -61.873  -3.572 0.0000000000
12522  41.454  -61.865  -3.674 0.0000000000
12534  40.541  -61.751  -4.081 0.0000000000
12535  39.776  -61.508  -4.578 0.0000000000
12548  39.267  -61.173  -5.145 0.0000000000
13176  41.806  -61.255  10.197 0.0000000000
13177  41.350  -61.317  10.196 0.0000000000
13178  41.027  -61.420  10.202 0.0000000000
13191  42.762  -60.717  9.090 0.0000000000
13192  42.327  -60.919  9.755 0.0000000000
13193  41.711  -60.677  10.037 0.0000000000
13194  41.031  -60.814  9.891 0.0000000000
13208  42.854  -61.079  8.601 0.0000000000
13209  42.554  -61.285  9.224 0.0000000000
13210  40.835  -59.706  8.660 0.0000000000
13211  40.772  -60.379  8.934 0.0000000000
13223  43.203  -60.846  7.774 0.0000000000
13224  41.108  -59.933  7.911 0.0000000000
13225  40.821  -60.647  8.234 0.0000000000
13238  43.365  -60.522  6.910 0.0000000000
13239  41.356  -59.779  6.689 0.0000000000
13253  43.449  -60.315  5.995 0.0000000000
13269  43.460  -60.128  4.997 0.0000000000
13283  43.413  -59.967  3.723 0.0000000000
13290  43.028  -60.397  2.372 0.0000000000
13291  42.760  -61.009  2.066 0.0000000000
13300  42.839  -60.189  1.712 0.0000000000
13301  42.724  -60.637  1.555 0.0000000000
13308  42.629  -60.882  0.676 0.0000000000
13315  43.462  -60.449  -1.493 0.0000000000
13316  42.771  -60.876  -0.567 0.0000000000
13326  44.761  -60.567  -2.764 0.0000000000
13327  44.036  -60.816  -2.259 0.0000000000
13328  43.189  -61.227  -1.467 0.0000000000
13345  44.645  -60.898  -3.115 0.0000000000
13346  44.384  -61.182  -2.792 0.0000000000
13361  44.337  -61.067  -3.300 0.0000000000
13362  43.997  -60.998  -3.523 0.0000000000
13363  43.152  -60.978  -3.630 0.0000000000
13364  42.120  -60.941  -3.541 0.0000000000
13365  41.077  -60.865  -3.582 0.0000000000
13378  40.218  -60.741  -3.985 0.0000000000
13379  39.562  -60.481  -4.533 0.0000000000
13380  39.181  -59.983  -4.827 0.0000000000
13392  39.098  -60.519  -5.077 0.0000000000
14061  42.844  -60.077  9.212 0.0000000000
14062  42.241  -59.965  9.673 0.0000000000
14063  41.535  -59.802  9.776 0.0000000000
14064  40.966  -59.577  9.547 0.0000000000
14076  43.178  -60.301  8.552 0.0000000000
14077  40.822  -59.294  8.475 0.0000000000
14078  40.663  -59.188  9.031 0.0000000000
14090  43.536  -59.894  7.767 0.0000000000
14091  40.925  -58.990  7.988 0.0000000000
14103  43.634  -59.554  6.865 0.0000000000
14104  41.279  -58.905  7.064 0.0000000000
14117  43.573  -59.315  5.880 0.0000000000
14135  43.495  -59.094  4.799 0.0000000000
14152  43.434  -58.668  3.744 0.0000000000
14164  43.258  -59.139  2.617 0.0000000000
14172  42.983  -59.498  1.430 0.0000000000
14173  42.780  -60.134  1.405 0.0000000000
14182  43.053  -59.330  0.197 0.0000000000
14183  42.713  -60.111  0.883 0.0000000000
14193  43.389  -59.651  -0.899 0.0000000000
14194  42.763  -60.158  0.022 0.0000000000
14205  45.342  -59.328  -2.722 0.0000000000
14206  45.018  -59.701  -2.407 0.0000000000
14207  44.246  -59.723  -1.797 0.0000000000
14225  45.339  -59.507  -2.998 0.0000000000
14226  45.192  -60.041  -2.990 0.0000000000
14245  45.214  -59.655  -3.123 0.0000000000
14246  44.725  -60.198  -3.324 0.0000000000
14247  43.859  -60.094  -3.519 0.0000000000
14248  42.791  -60.041  -3.498 0.0000000000
14249  41.738  -59.989  -3.466 0.0000000000
14250  40.770  -59.830  -3.684 0.0000000000
14251  40.198  -59.339  -3.798 0.0000000000
14267  40.012  -59.977  -3.986 0.0000000000
14268  39.597  -59.466  -4.272 0.0000000000
14269  39.009  -59.296  -4.866 0.0000000000
14932  42.776  -59.395  9.284 0.0000000000
14933  42.147  -58.983  9.547 0.0000000000
14934  41.284  -58.806  9.731 0.0000000000
14935  40.776  -58.513  9.457 0.0000000000
14944  43.499  -59.246  8.648 0.0000000000
14945  42.943  -58.784  9.134 0.0000000000
14946  40.630  -58.622  8.530 0.0000000000
14947  40.442  -58.195  9.037 0.0000000000
14960  44.297  -58.273  7.494 0.0000000000
14961  43.999  -58.949  7.674 0.0000000000
14962  40.741  -58.131  7.788 0.0000000000
14963  40.417  -57.912  8.527 0.0000000000
14975  44.453  -58.049  7.216 0.0000000000
14976  44.077  -58.469  6.810 0.0000000000
14977  41.075  -58.081  6.930 0.0000000000
14990  43.761  -58.366  5.712 0.0000000000
15006  43.541  -58.057  4.731 0.0000000000
15026  43.527  -57.764  3.842 0.0000000000
15047  43.389  -57.903  2.818 0.0000000000
15057  43.332  -58.252  1.686 0.0000000000
15065  43.406  -58.379  0.573 0.0000000000
15073  46.676  -58.032  -1.487 0.0000000000
15074  46.134  -58.242  -1.295 0.0000000000
15075  45.228  -58.361  -0.980 0.0000000000
15076  43.968  -58.453  -0.544 0.0000000000
15084  46.705  -57.991  -1.746 0.0000000000
15085  45.957  -58.521  -2.059 0.0000000000
15086  45.227  -58.907  -1.703 0.0000000000
15087  44.395  -58.972  -1.295 0.0000000000
15098  45.410  -58.927  -2.915 0.0000000000
15099  45.026  -58.573  -3.102 0.0000000000
15113  45.086  -59.510  -3.232 0.0000000000
15114  44.602  -59.122  -3.340 0.0000000000
15115  43.417  -59.132  -3.423 0.0000000000
15116  42.320  -59.116  -3.405 0.0000000000
15117  41.444  -59.179  -3.471 0.0000000000
15118  40.778  -58.807  -3.552 0.0000000000
15119  39.986  -58.613  -3.734 0.0000000000
15135  39.331  -58.565  -4.265 0.0000000000
15882  41.696  -58.211  9.540 0.0000000000
15883  41.049  -57.879  9.679 0.0000000000
15884  40.530  -57.568  9.303 0.0000000000
15895  43.355  -58.372  8.705 0.0000000000
15896  42.550  -58.046  9.119 0.0000000000
15897  40.097  -57.408  8.900 0.0000000000
15908  44.446  -57.806  7.476 0.0000000000
15909  44.125  -58.221  8.159 0.0000000000
15910  40.552  -57.666  7.706 0.0000000000
15911  40.269  -57.228  8.024 0.0000000000
15921  44.590  -57.696  6.942 0.0000000000
15922  44.266  -57.850  6.298 0.0000000000
15923  40.689  -57.594  7.297 0.0000000000
15924  40.438  -56.917  6.930 0.0000000000
15935  44.737  -57.307  6.215 0.0000000000
15936  44.139  -57.590  5.527 0.0000000000
15949  44.707  -57.076  5.378 0.0000000000
15950  44.028  -57.185  4.517 0.0000000000
15962  43.756  -57.133  3.387 0.0000000000
15981  43.670  -57.178  2.614 0.0000000000
16001  47.543  -57.183  0.265 0.0000000000
16002  47.053  -57.175  0.735 0.0000000000
16003  46.538  -57.054  1.062 0.0000000000
16004  43.595  -57.341  1.927 0.0000000000
16014  47.514  -57.317  -0.372 0.0000000000
16015  47.005  -57.498  -0.039 0.0000000000
16016  46.055  -57.350  0.481 0.0000000000
16017  44.874  -57.301  0.490 0.0000000000
16018  43.826  -57.348  0.929 0.0000000000
16026  47.423  -57.379  -0.885 0.0000000000
16027  46.971  -57.740  -0.856 0.0000000000
16028  46.158  -57.803  -0.533 0.0000000000
16029  45.085  -57.709  -0.288 0.0000000000
16030  44.177  -57.758  0.145 0.0000000000
16037  47.345  -57.379  -1.107 0.0000000000
16038  47.072  -57.568  -1.286 0.0000000000
16039  46.606  -57.714  -1.825 0.0000000000
16045  45.887  -57.917  -2.302 0.0000000000
16046  45.121  -57.978  -2.722 0.0000000000
16047  44.305  -57.601  -2.859 0.0000000000
16048  43.353  -57.429  -2.918 0.0000000000
16049  42.345  -57.358  -2.964 0.0000000000
16050  41.482  -57.282  -2.984 0.0000000000
16060  44.647  -58.297  -3.110 0.0000000000
16061  43.897  -58.262  -3.258 0.0000000000
16062  42.843  -58.235  -3.224 0.0000000000
16063  41.690  -58.220  -3.305 0.0000000000
16064  40.648  -57.733  -3.304 0.0000000000
16065  39.632  -57.669  -3.658 0.0000000000
16790  41.658  -57.456  9.328 0.0000000000
16791  40.892  -56.896  9.499 0.0000000000
16792  40.077  -56.647  9.171 0.0000000000
16793  39.852  -56.231  9.073 0.0000000000
16804  43.374  -57.670  8.400 0.0000000000
16805  42.423  -57.078  8.706 0.0000000000
16806  41.593  -56.801  9.084 0.0000000000
16807  39.828  -56.705  8.676 0.0000000000
16808  39.706  -56.218  8.919 0.0000000000
16821  44.582  -57.445  7.287 0.0000000000
16822  44.209  -57.334  7.696 0.0000000000
16823  43.285  -57.025  8.060 0.0000000000
16824  39.796  -56.583  8.242 0.0000000000
16825  39.518  -56.149  8.354 0.0000000000
16837  44.953  -57.033  7.007 0.0000000000
16838  44.358  -56.876  7.361 0.0000000000
16839  39.730  -56.324  7.604 0.0000000000
16840  39.298  -55.919  7.874 0.0000000000
16851  46.667  -56.161  5.527 0.0000000000
16852  46.230  -56.286  5.583 0.0000000000
16853  45.327  -56.686  5.814 0.0000000000
16854  39.953  -56.167  6.374 0.0000000000
16869  47.614  -55.850  4.931 0.0000000000
16870  47.030  -56.189  5.102 0.0000000000
16871  46.128  -56.440  4.847 0.0000000000
16872  45.029  -56.672  4.552 0.0000000000
16873  44.312  -56.784  3.845 0.0000000000
16892  47.722  -55.843  4.046 0.0000000000
16893  46.836  -56.265  3.864 0.0000000000
16894  45.792  -56.441  3.693 0.0000000000
16895  44.825  -56.563  3.447 0.0000000000
16896  44.202  -56.736  3.231 0.0000000000
16914  47.469  -56.208  2.519 0.0000000000
16915  46.408  -56.442  2.626 0.0000000000
16916  45.322  -56.501  2.630 0.0000000000
16917  44.452  -56.632  2.692 0.0000000000
16918  43.927  -56.825  2.817 0.0000000000
16943  47.544  -56.616  0.971 0.0000000000
16944  46.888  -56.737  1.550 0.0000000000
16945  45.792  -56.798  1.504 0.0000000000
16946  44.697  -56.651  1.912 0.0000000000
16947  43.961  -56.794  2.214 0.0000000000
16965  47.843  -56.879  0.020 0.0000000000
16966  45.385  -57.071  0.875 0.0000000000
16967  44.750  -56.913  1.143 0.0000000000
16968  44.075  -56.880  1.551 0.0000000000
16984  47.701  -57.076  -0.637 0.0000000000
16985  47.438  -56.824  -0.939 0.0000000000
16986  46.810  -56.608  -1.185 0.0000000000
16998  47.467  -57.184  -1.036 0.0000000000
16999  47.038  -57.159  -1.394 0.0000000000
17000  46.170  -56.931  -1.784 0.0000000000
17001  45.288  -56.672  -1.989 0.0000000000
17002  44.558  -56.423  -2.076 0.0000000000
17014  45.504  -57.325  -2.272 0.0000000000
17015  44.797  -57.096  -2.428 0.0000000000
17016  43.861  -56.661  -2.478 0.0000000000
17017  42.837  -56.582  -2.613 0.0000000000
17018  41.889  -56.526  -2.669 0.0000000000
17019  40.889  -56.613  -2.773 0.0000000000
17020  40.166  -56.285  -2.896 0.0000000000
17031  40.149  -56.974  -3.172 0.0000000000
17032  39.501  -56.556  -3.370 0.0000000000
17771  40.458  -56.247  9.265 0.0000000000
17772  39.946  -56.086  9.128 0.0000000000
17773  39.734  -55.990  9.023 0.0000000000
17779  41.902  -56.563  8.691 0.0000000000
17780  41.301  -56.113  8.998 0.0000000000
17781  40.406  -55.716  9.004 0.0000000000
17782  39.613  -55.572  8.610 0.0000000000
17783  39.224  -54.969  8.341 0.0000000000
17795  43.748  -56.795  7.594 0.0000000000
17796  42.475  -56.254  7.960 0.0000000000
17797  41.516  -55.768  8.408 0.0000000000
17798  39.209  -55.641  8.081 0.0000000000
17799  38.742  -54.984  7.877 0.0000000000
17800  38.106  -54.667  7.085 0.0000000000
17815  44.996  -56.585  6.498 0.0000000000
17816  44.089  -56.442  6.941 0.0000000000
17817  42.933  -55.777  6.997 0.0000000000
17818  39.338  -55.897  7.576 0.0000000000
17819  39.034  -55.565  7.467 0.0000000000
17820  38.350  -55.225  6.989 0.0000000000
17821  37.709  -54.841  6.484 0.0000000000
17835  46.819  -56.054  5.482 0.0000000000
17836  46.383  -56.005  5.683 0.0000000000
17837  45.182  -56.140  5.966 0.0000000000
17838  43.633  -55.677  6.109 0.0000000000
17839  42.805  -55.464  6.498 0.0000000000
17840  39.412  -55.882  7.116 0.0000000000
17841  39.100  -55.566  6.410 0.0000000000
17842  38.279  -55.241  5.952 0.0000000000
17858  48.573  -54.577  4.205 0.0000000000
17859  48.037  -55.270  4.591 0.0000000000
17860  46.955  -55.627  5.224 0.0000000000
17861  45.729  -55.575  5.392 0.0000000000
17862  44.459  -55.500  5.469 0.0000000000
17863  43.720  -55.378  5.538 0.0000000000
17879  48.641  -54.976  3.726 0.0000000000
17880  48.262  -55.456  3.881 0.0000000000
17893  48.685  -54.890  3.094 0.0000000000
17894  48.274  -55.426  2.891 0.0000000000
17909  47.920  -55.833  1.557 0.0000000000
17923  47.616  -56.008  0.353 0.0000000000
17924  46.554  -55.495  -0.172 0.0000000000
17925  45.890  -55.299  -0.431 0.0000000000
17940  47.640  -56.657  -0.385 0.0000000000
17941  47.100  -56.251  -0.592 0.0000000000
17942  45.841  -55.834  -0.987 0.0000000000
17943  44.957  -55.437  -1.182 0.0000000000
17958  45.586  -56.352  -1.609 0.0000000000
17959  44.940  -55.953  -1.605 0.0000000000
17960  43.916  -55.739  -1.910 0.0000000000
17961  43.106  -55.259  -2.158 0.0000000000
17975  43.217  -55.955  -2.325 0.0000000000
17976  42.382  -55.646  -2.413 0.0000000000
17977  41.448  -55.706  -2.487 0.0000000000
17978  40.614  -55.635  -2.599 0.0000000000
17979  39.811  -55.607  -2.844 0.0000000000
18776  41.010  -55.520  8.677 0.0000000000
18777  40.415  -55.109  8.561 0.0000000000
18778  39.674  -54.780  8.367 0.0000000000
18779  39.192  -54.668  8.092 0.0000000000
18785  42.278  -55.614  7.467 0.0000000000
18786  41.473  -55.296  7.900 0.0000000000
18787  40.459  -54.567  7.780 0.0000000000
18788  39.593  -54.355  7.839 0.0000000000
18789  38.963  -54.304  7.657 0.0000000000
18790  38.357  -54.269  7.212 0.0000000000
18801  42.242  -55.271  6.982 0.0000000000
18802  41.436  -54.703  6.958 0.0000000000
18803  40.636  -54.205  6.904 0.0000000000
18804  37.446  -54.077  6.655 0.0000000000
18819  43.306  -55.306  5.623 0.0000000000
18820  42.481  -55.049  5.984 0.0000000000
18821  41.236  -54.244  5.977 0.0000000000
18822  40.576  -53.985  6.383 0.0000000000
18823  37.054  -54.639  6.236 0.0000000000
18836  49.393  -53.413  4.325 0.0000000000
18837  48.988  -53.884  4.396 0.0000000000
18838  48.032  -54.255  4.369 0.0000000000
18839  47.170  -54.797  4.664 0.0000000000
18840  46.100  -54.952  4.819 0.0000000000
18841  44.853  -55.010  4.802 0.0000000000
18842  43.440  -54.978  5.027 0.0000000000
18843  42.054  -54.327  5.004 0.0000000000
18844  41.374  -54.082  5.310 0.0000000000
18855  49.653  -53.607  4.080 0.0000000000
18856  49.161  -54.324  3.921 0.0000000000
18857  47.167  -54.118  4.165 0.0000000000
18858  46.328  -54.246  4.203 0.0000000000
18859  45.241  -54.314  4.172 0.0000000000
18860  44.018  -54.334  4.177 0.0000000000
18861  42.807  -54.235  4.267 0.0000000000
18862  42.196  -54.010  4.433 0.0000000000
18872  49.550  -53.947  3.528 0.0000000000
18873  49.115  -54.424  3.149 0.0000000000
18874  48.561  -54.588  2.483 0.0000000000
18885  47.840  -54.781  1.629 0.0000000000
18886  47.123  -54.291  1.292 0.0000000000
18900  47.615  -55.404  1.074 0.0000000000
18901  46.870  -54.794  0.726 0.0000000000
18902  45.682  -54.646  -0.096 0.0000000000
18903  45.019  -54.170  -0.266 0.0000000000
18920  45.502  -55.134  -0.547 0.0000000000
18921  44.705  -54.658  -0.785 0.0000000000
18922  43.862  -54.106  -1.055 0.0000000000
18934  44.390  -55.277  -1.397 0.0000000000
18935  43.526  -54.601  -1.554 0.0000000000
18936  42.359  -54.630  -2.109 0.0000000000
18937  41.676  -54.567  -2.223 0.0000000000
18951  41.811  -55.039  -2.388 0.0000000000
18952  41.144  -54.819  -2.367 0.0000000000
18953  40.308  -54.787  -2.490 0.0000000000
19784  40.041  -54.123  7.376 0.0000000000
19785  39.458  -53.920  7.297 0.0000000000
19786  38.758  -53.782  7.071 0.0000000000
19787  38.097  -53.725  6.772 0.0000000000
19794  40.099  -53.831  6.776 0.0000000000
19795  39.403  -53.573  6.525 0.0000000000
19796  38.488  -53.279  6.258 0.0000000000
19797  37.503  -53.223  6.340 0.0000000000
19798  36.510  -53.276  6.379 0.0000000000
19811  41.034  -53.957  5.475 0.0000000000
19812  40.364  -53.696  5.811 0.0000000000
19813  39.254  -53.192  5.590 0.0000000000
19814  38.664  -53.034  5.766 0.0000000000
19826  49.748  -52.944  4.346 0.0000000000
19827  49.160  -53.088  4.449 0.0000000000
19828  48.414  -53.293  4.293 0.0000000000
19829  41.872  -53.920  4.546 0.0000000000
19830  41.189  -53.779  4.838 0.0000000000
19831  40.045  -53.221  4.752 0.0000000000
19832  39.420  -53.025  4.998 0.0000000000
19844  50.566  -52.546  4.002 0.0000000000
19845  50.257  -52.844  4.059 0.0000000000
19846  47.508  -53.397  4.075 0.0000000000
19847  46.575  -53.456  3.837 0.0000000000
19848  45.597  -53.545  3.682 0.0000000000
19849  44.496  -53.587  3.582 0.0000000000
19850  43.297  -53.586  3.658 0.0000000000
19851  42.023  -53.603  3.979 0.0000000000
19852  40.810  -53.266  3.995 0.0000000000
19853  40.211  -53.006  4.088 0.0000000000
19865  50.618  -52.554  3.549 0.0000000000
19866  50.020  -53.280  3.455 0.0000000000
19867  49.582  -53.716  2.898 0.0000000000
19868  48.792  -53.681  2.443 0.0000000000
19880  48.000  -53.832  2.000 0.0000000000
19881  47.323  -53.781  1.525 0.0000000000
19894  46.554  -53.723  1.132 0.0000000000
19895  45.840  -53.852  0.551 0.0000000000
19896  45.198  -53.736  0.077 0.0000000000
19912  44.626  -53.628  -0.319 0.0000000000
19913  44.009  -53.578  -0.759 0.0000000000
19927  43.387  -53.562  -1.250 0.0000000000
19928  42.557  -53.700  -1.647 0.0000000000
19929  41.388  -53.836  -2.013 0.0000000000
19942  40.760  -54.279  -2.289 0.0000000000
20837  38.387  -52.940  5.828 0.0000000000
20838  37.863  -52.721  5.854 0.0000000000
20839  36.720  -52.231  6.013 0.0000000000
20848  39.120  -52.919  5.116 0.0000000000
20849  38.560  -52.668  5.321 0.0000000000
20850  37.586  -51.902  5.245 0.0000000000
20851  36.910  -51.616  5.509 0.0000000000
20861  51.393  -51.441  3.567 0.0000000000
20862  51.026  -51.606  3.944 0.0000000000
20863  50.355  -52.136  4.355 0.0000000000
20864  49.509  -52.323  4.457 0.0000000000
20865  48.716  -52.416  4.376 0.0000000000
20866  39.906  -52.881  4.200 0.0000000000
20867  39.296  -52.679  4.509 0.0000000000
20868  38.318  -51.910  4.471 0.0000000000
20869  37.759  -51.610  4.690 0.0000000000
20881  51.229  -51.940  3.562 0.0000000000
20882  50.793  -52.236  4.023 0.0000000000
20883  50.477  -52.412  4.189 0.0000000000
20884  47.823  -52.487  4.072 0.0000000000
20885  46.870  -52.579  3.742 0.0000000000
20886  45.918  -52.666  3.550 0.0000000000
20887  44.978  -52.760  3.305 0.0000000000
20888  43.856  -52.645  3.208 0.0000000000
20889  42.652  -52.840  3.277 0.0000000000
20890  41.488  -52.802  3.332 0.0000000000
20891  40.181  -52.484  3.498 0.0000000000
20892  39.009  -52.000  3.771 0.0000000000
20893  38.509  -51.668  3.911 0.0000000000
20905  49.924  -53.010  2.792 0.0000000000
20906  49.253  -53.110  2.461 0.0000000000
20907  48.766  -53.055  2.231 0.0000000000
20908  43.086  -52.152  2.892 0.0000000000
20909  42.177  -52.178  2.811 0.0000000000
20910  41.165  -52.117  2.824 0.0000000000
20911  40.577  -51.994  2.872 0.0000000000
20922  48.930  -52.733  2.052 0.0000000000
20923  48.194  -52.772  1.787 0.0000000000
20924  47.585  -53.273  1.678 0.0000000000
20937  47.707  -52.224  1.163 0.0000000000
20938  46.995  -52.761  1.281 0.0000000000
20939  45.865  -52.765  0.587 0.0000000000
20940  45.401  -53.285  0.355 0.0000000000
20955  45.413  -52.240  0.068 0.0000000000
20956  44.933  -52.810  0.045 0.0000000000
20957  44.254  -52.784  -0.491 0.0000000000
20970  43.588  -52.708  -0.961 0.0000000000
20971  42.810  -52.767  -1.373 0.0000000000
20972  41.943  -52.856  -1.622 0.0000000000
21923  36.358  -51.207  5.705 0.0000000000
21931  37.479  -51.461  4.785 0.0000000000
21932  36.925  -51.154  4.947 0.0000000000
21937  51.777  -51.383  3.106 0.0000000000
21938  51.426  -50.916  3.539 0.0000000000
21939  50.525  -51.092  4.026 0.0000000000
21940  49.801  -51.534  4.292 0.0000000000
21941  49.109  -51.758  4.333 0.0000000000
21942  38.239  -51.487  4.002 0.0000000000
21943  37.650  -51.099  4.201 0.0000000000
21944  37.084  -50.714  4.523 0.0000000000
21954  51.762  -50.479  2.748 0.0000000000
21955  49.884  -51.017  3.952 0.0000000000
21956  49.235  -51.152  3.934 0.0000000000
21957  48.260  -51.559  3.995 0.0000000000
21958  47.178  -51.724  3.660 0.0000000000
21959  46.192  -51.771  3.430 0.0000000000
21960  45.372  -51.989  3.231 0.0000000000
21961  44.608  -52.062  3.079 0.0000000000
21962  40.199  -51.788  2.851 0.0000000000
21963  39.515  -51.634  3.102 0.0000000000
21964  38.547  -51.156  3.406 0.0000000000
21965  37.948  -50.564  3.546 0.0000000000
21977  45.620  -51.391  3.166 0.0000000000
21978  44.957  -51.419  2.910 0.0000000000
21979  43.903  -51.583  2.817 0.0000000000
21980  42.830  -51.474  2.578 0.0000000000
21981  41.833  -51.448  2.484 0.0000000000
21982  40.833  -51.436  2.498 0.0000000000
21983  39.995  -51.200  2.492 0.0000000000
21984  39.297  -50.975  2.722 0.0000000000
21995  51.706  -51.664  2.013 0.0000000000
21996  48.905  -52.369  1.605 0.0000000000
22005  52.400  -51.445  0.581 0.0000000000
22006  50.646  -51.788  0.642 0.0000000000
22007  48.665  -51.727  0.737 0.0000000000
22008  47.167  -51.887  0.648 0.0000000000
22009  46.476  -52.214  0.611 0.0000000000
22021  51.623  -51.605  -0.390 0.0000000000
22022  50.618  -51.550  -0.537 0.0000000000
22023  49.664  -51.498  -0.330 0.0000000000
22024  48.854  -51.306  -0.488 0.0000000000
22025  48.197  -51.273  -0.351 0.0000000000
22026  47.421  -51.364  -0.118 0.0000000000
22027  46.071  -51.552  -0.154 0.0000000000
22028  45.009  -51.974  -0.344 0.0000000000
22029  44.575  -52.329  -0.426 0.0000000000
22043  51.120  -51.481  -1.230 0.0000000000
22044  50.002  -51.303  -1.333 0.0000000000
22045  49.294  -51.287  -0.967 0.0000000000
22046  45.663  -50.975  -0.840 0.0000000000
22047  45.101  -51.260  -0.800 0.0000000000
22048  44.175  -51.796  -0.843 0.0000000000
22049  43.155  -51.869  -1.267 0.0000000000
22050  42.272  -51.982  -1.442 0.0000000000
22064  50.726  -51.246  -1.874 0.0000000000
23073  36.304  -50.341  5.395 0.0000000000
23077  36.695  -50.272  4.738 0.0000000000
23080  51.020  -50.552  3.118 0.0000000000
23081  50.761  -50.739  3.531 0.0000000000
23082  37.524  -50.163  3.730 0.0000000000
23083  37.115  -50.226  4.233 0.0000000000
23086  49.854  -50.640  3.062 0.0000000000
23087  48.457  -50.840  3.396 0.0000000000
23088  47.420  -50.986  3.435 0.0000000000
23089  46.493  -51.110  3.330 0.0000000000
23090  45.969  -51.205  3.260 0.0000000000
23091  38.246  -50.240  3.073 0.0000000000
23092  37.845  -50.041  3.328 0.0000000000
23099  48.446  -50.592  2.694 0.0000000000
23100  47.593  -50.590  2.832 0.0000000000
23101  46.685  -50.624  2.873 0.0000000000
23102  45.670  -50.796  2.868 0.0000000000
23103  44.537  -50.763  2.545 0.0000000000
23104  43.491  -50.764  2.372 0.0000000000
23105  42.479  -50.736  2.235 0.0000000000
23106  41.504  -50.714  2.157 0.0000000000
23107  40.600  -50.640  2.133 0.0000000000
23108  39.736  -50.359  2.202 0.0000000000
23109  38.870  -50.331  2.633 0.0000000000
23117  52.479  -51.038  2.514 0.0000000000
23118  47.714  -50.443  2.087 0.0000000000
23119  46.952  -50.387  2.229 0.0000000000
23120  46.105  -50.245  2.238 0.0000000000
23121  45.124  -50.119  2.194 0.0000000000
23122  44.108  -50.102  2.010 0.0000000000
23123  43.110  -50.101  1.852 0.0000000000
23124  42.114  -50.037  1.800 0.0000000000
23125  41.155  -50.004  1.797 0.0000000000
23126  40.399  -50.015  1.856 0.0000000000
23134  53.324  -50.904  0.611 0.0000000000
23135  53.018  -50.782  1.510 0.0000000000
23136  52.492  -50.453  2.172 0.0000000000
23137  48.692  -50.495  1.925 0.0000000000
23148  53.069  -50.101  1.476 0.0000000000
23149  52.635  -50.023  1.798 0.0000000000
23150  48.918  -51.208  -1.026 0.0000000000
23151  48.480  -51.079  -1.000 0.0000000000
23152  47.721  -50.930  -0.871 0.0000000000
23153  46.911  -50.929  -0.724 0.0000000000
23167  49.666  -51.094  -1.728 0.0000000000
23168  49.144  -51.016  -1.543 0.0000000000
23169  48.182  -50.685  -1.611 0.0000000000
23170  47.245  -50.532  -1.468 0.0000000000
23171  46.246  -50.635  -1.182 0.0000000000
23172  45.374  -50.620  -1.327 0.0000000000
23173  44.523  -50.815  -1.392 0.0000000000
23174  43.595  -51.013  -1.544 0.0000000000
23175  42.637  -51.110  -1.650 0.0000000000
23189  49.879  -50.935  -2.247 0.0000000000
23190  48.784  -50.612  -2.350 0.0000000000
23191  47.703  -50.239  -2.451 0.0000000000
23192  46.756  -50.160  -2.037 0.0000000000
23193  45.878  -50.126  -1.945 0.0000000000
23194  44.981  -50.108  -1.928 0.0000000000
23195  44.071  -50.254  -2.046 0.0000000000
23196  43.110  -50.326  -2.106 0.0000000000
24243  37.207  -49.430  3.893 0.0000000000
24244  36.791  -49.510  4.493 0.0000000000
24247  38.001  -49.695  3.043 0.0000000000
24248  37.655  -49.427  3.341 0.0000000000
24251  39.236  -49.553  2.122 0.0000000000
24252  38.434  -49.488  2.626 0.0000000000
24253  37.957  -49.203  2.927 0.0000000000
24256  47.183  -50.267  1.734 0.0000000000
24257  46.615  -50.051  1.561 0.0000000000
24258  45.686  -49.755  1.510 0.0000000000
24259  44.696  -49.593  1.503 0.0000000000
24260  43.706  -49.456  1.406 0.0000000000
24261  42.746  -49.434  1.406 0.0000000000
24262  41.699  -49.217  1.363 0.0000000000
24263  40.629  -49.349  1.553 0.0000000000
24264  39.922  -49.607  1.790 0.0000000000
24271  53.676  -50.421  0.749 0.0000000000
24272  53.652  -50.128  1.074 0.0000000000
24273  52.073  -50.183  1.991 0.0000000000
24274  48.793  -50.329  0.945 0.0000000000
24275  47.580  -50.104  1.053 0.0000000000
24276  46.364  -49.499  0.580 0.0000000000
24277  45.263  -49.270  0.789 0.0000000000
24278  44.295  -49.072  0.891 0.0000000000
24279  43.713  -49.010  0.943 0.0000000000
24289  53.541  -49.680  0.716 0.0000000000
24290  52.423  -49.981  1.021 0.0000000000
24291  50.976  -50.148  0.829 0.0000000000
24292  49.577  -50.029  0.329 0.0000000000
24293  48.372  -49.713  0.100 0.0000000000
24294  47.234  -49.356  -0.185 0.0000000000
24295  46.593  -49.221  -0.062 0.0000000000
24310  53.080  -49.429  -0.133 0.0000000000
24311  51.777  -49.594  -0.238 0.0000000000
24312  50.398  -49.558  -0.469 0.0000000000
24313  49.130  -49.376  -0.677 0.0000000000
24314  48.018  -49.180  -0.786 0.0000000000
24315  47.446  -48.999  -0.759 0.0000000000
24333  47.042  -49.932  -2.593 0.0000000000
24334  46.427  -49.761  -2.643 0.0000000000
24335  45.530  -49.597  -2.587 0.0000000000
24336  44.603  -49.575  -2.551 0.0000000000
24337  43.657  -49.611  -2.601 0.0000000000
25430  37.936  -48.248  3.176 0.0000000000
25431  37.612  -48.506  3.531 0.0000000000
25436  38.874  -48.815  2.178 0.0000000000
25437  38.181  -48.488  2.784 0.0000000000
25438  37.788  -48.897  3.105 0.0000000000
25441  43.268  -49.022  1.037 0.0000000000
25442  42.596  -48.765  0.938 0.0000000000
25443  41.786  -48.380  0.865 0.0000000000
25444  40.911  -48.513  1.209 0.0000000000
25445  39.794  -48.632  1.631 0.0000000000
25448  46.299  -49.144  -0.014 0.0000000000
25449  45.780  -48.970  0.046 0.0000000000
25450  44.812  -48.680  0.192 0.0000000000
25451  43.598  -48.466  0.416 0.0000000000
25452  42.516  -48.090  0.461 0.0000000000
25453  41.856  -47.775  0.555 0.0000000000
25456  47.154  -48.923  -0.710 0.0000000000
25457  46.519  -48.842  -0.574 0.0000000000
25458  45.455  -48.393  -0.706 0.0000000000
25459  44.447  -48.111  -0.427 0.0000000000
25460  43.731  -47.780  -0.306 0.0000000000
25470  51.157  -49.101  -1.348 0.0000000000
25471  49.867  -48.909  -1.455 0.0000000000
25472  48.653  -48.723  -1.527 0.0000000000
25473  47.401  -48.614  -1.349 0.0000000000
25474  46.242  -48.166  -1.579 0.0000000000
25475  45.528  -48.000  -1.328 0.0000000000
25499  47.079  -47.897  -2.181 0.0000000000
25500  46.524  -47.749  -2.095 0.0000000000
26568  39.031  -47.895  2.135 0.0000000000
26569  38.569  -47.683  2.731 0.0000000000
26574  41.228  -47.799  0.851 0.0000000000
26575  40.491  -47.633  1.288 0.0000000000
26576  39.754  -47.598  1.668 0.0000000000
26580  43.047  -47.684  -0.028 0.0000000000
26581  42.301  -47.330  0.190 0.0000000000
26582  41.540  -47.213  0.574 0.0000000000
26583  40.969  -47.239  0.904 0.0000000000
26587  44.971  -47.805  -1.121 0.0000000000
26588  44.227  -47.367  -0.862 0.0000000000
26589  43.431  -47.190  -0.480 0.0000000000
26590  42.832  -47.123  -0.220 0.0000000000
26594  46.168  -47.600  -2.057 0.0000000000
26595  45.546  -47.469  -1.721 0.0000000000
26596  44.843  -47.244  -1.376 0.0000000000
26611  46.665  -47.267  -2.394 0.0000000000
26612  46.025  -47.189  -2.189 0.0000000000
27721  40.928  -46.326  1.424 0.0000000000
27722  40.245  -46.700  1.701 0.0000000000
27723  39.464  -47.242  1.954 0.0000000000
27726  42.022  -46.594  0.404 0.0000000000
27727  41.133  -46.594  0.957 0.0000000000
27728  40.658  -47.018  1.151 0.0000000000
27732  43.889  -46.557  -0.759 0.0000000000
27733  43.068  -46.633  -0.338 0.0000000000
27734  42.538  -46.786  -0.039 0.0000000000
27739  45.153  -46.712  -1.643 0.0000000000
27740  44.495  -46.828  -1.244 0.0000000000
27746  46.260  -46.695  -2.288 0.0000000000
27747  45.693  -46.893  -2.055 0.0000000000
28904  41.726  -46.184  0.766 0.0000000000
28915  43.240  -45.994  -0.247 0.0000000000
28916  42.630  -46.344  0.027 0.0000000000
28927  44.641  -46.333  -1.174 0.0000000000
28936  45.766  -46.444  -1.939 0.0000000000
165034  51.041  -52.270  3.230 0.0000000000
165035  50.326  -52.849  3.140 0.0000000000
165036  51.366  -51.964  2.969 0.0000000000
165037  50.689  -52.414  2.691 0.0000000000
165038  50.978  -50.398  2.211 0.0000000000
165039  50.527  -52.132  1.741 0.0000000000
165040  52.106  -50.796  2.927 0.0000000000
165041  49.658  -52.529  1.999 0.0000000000
165042  49.741  -52.065  1.317 0.0000000000
165043  50.257  -50.484  2.347 0.0000000000
165044  49.223  -52.160  1.422 0.0000000000
165045  51.662  -50.205  1.539 0.0000000000
165046  49.881  -50.441  1.661 0.0000000000
