#!ascii label  , from subject colin27_FS vox2ras=TkReg
1220
5920  36.698  -70.647  -16.507 0.0000000000
5921  35.584  -70.711  -16.913 0.0000000000
5930  34.660  -70.778  -17.484 0.0000000000
5931  34.108  -69.973  -17.956 0.0000000000
5943  33.908  -69.726  -18.560 0.0000000000
5965  33.999  -70.109  -18.963 0.0000000000
6626  37.406  -69.703  -16.600 0.0000000000
6627  36.063  -69.500  -17.051 0.0000000000
6628  35.149  -70.096  -17.159 0.0000000000
6640  35.399  -68.862  -17.348 0.0000000000
6641  34.660  -69.365  -17.470 0.0000000000
6642  33.790  -69.149  -18.053 0.0000000000
6656  33.760  -68.988  -18.704 0.0000000000
6671  33.989  -69.367  -19.270 0.0000000000
6676  34.268  -69.072  -19.852 0.0000000000
7232  38.099  -68.707  -16.577 0.0000000000
7233  37.224  -68.899  -17.042 0.0000000000
7234  36.631  -68.762  -17.211 0.0000000000
7238  37.729  -68.256  -17.039 0.0000000000
7239  37.098  -68.249  -17.304 0.0000000000
7240  36.117  -68.381  -17.412 0.0000000000
7241  34.984  -68.162  -17.565 0.0000000000
7242  34.031  -68.313  -17.809 0.0000000000
7249  33.675  -68.280  -18.504 0.0000000000
7256  33.612  -68.357  -19.243 0.0000000000
7259  34.316  -68.316  -20.447 0.0000000000
7260  33.893  -68.538  -19.801 0.0000000000
7267  34.822  -68.025  -21.156 0.0000000000
7846  38.659  -67.761  -16.455 0.0000000000
7847  38.190  -67.904  -16.884 0.0000000000
7852  38.445  -67.389  -17.069 0.0000000000
7853  37.837  -67.600  -17.379 0.0000000000
7854  36.882  -67.581  -17.633 0.0000000000
7855  35.866  -67.538  -17.849 0.0000000000
7856  35.031  -67.274  -17.841 0.0000000000
7857  34.325  -67.454  -17.911 0.0000000000
7866  33.791  -67.464  -18.289 0.0000000000
7873  33.431  -67.311  -19.065 0.0000000000
7874  33.379  -66.755  -19.704 0.0000000000
7877  33.976  -67.738  -20.561 0.0000000000
7878  33.564  -67.485  -20.175 0.0000000000
7879  33.415  -66.593  -20.103 0.0000000000
7882  35.049  -67.353  -21.713 0.0000000000
7883  34.163  -67.370  -21.047 0.0000000000
7884  33.715  -66.756  -20.810 0.0000000000
8550  38.878  -66.844  -15.976 0.0000000000
8551  38.362  -66.145  -15.523 0.0000000000
8556  38.705  -66.828  -16.909 0.0000000000
8564  38.357  -66.833  -17.531 0.0000000000
8565  37.613  -66.882  -17.848 0.0000000000
8566  36.635  -66.857  -18.033 0.0000000000
8567  35.628  -66.756  -18.126 0.0000000000
8568  34.588  -66.543  -18.162 0.0000000000
8569  34.002  -66.953  -18.113 0.0000000000
8579  34.213  -65.950  -18.356 0.0000000000
8580  33.759  -66.417  -18.547 0.0000000000
8586  33.397  -66.266  -19.309 0.0000000000
8587  33.333  -66.125  -19.872 0.0000000000
8590  33.542  -66.515  -20.466 0.0000000000
8591  33.427  -66.074  -20.298 0.0000000000
8594  34.503  -66.711  -21.630 0.0000000000
8595  34.003  -66.214  -21.370 0.0000000000
8596  33.609  -66.107  -20.873 0.0000000000
8597  33.522  -66.070  -20.568 0.0000000000
8608  35.018  -66.337  -22.074 0.0000000000
8609  34.458  -66.164  -21.720 0.0000000000
9283  37.702  -65.808  -15.004 0.0000000000
9294  38.541  -65.731  -16.043 0.0000000000
9295  38.126  -65.422  -15.498 0.0000000000
9304  38.637  -66.099  -16.671 0.0000000000
9314  38.646  -65.910  -17.509 0.0000000000
9315  38.233  -66.191  -18.094 0.0000000000
9316  37.370  -66.185  -18.262 0.0000000000
9317  36.340  -66.133  -18.335 0.0000000000
9318  35.428  -66.058  -18.287 0.0000000000
9325  38.655  -65.468  -18.245 0.0000000000
9326  38.066  -65.523  -18.562 0.0000000000
9327  37.028  -65.442  -18.571 0.0000000000
9328  35.912  -65.377  -18.504 0.0000000000
9329  34.801  -65.475  -18.375 0.0000000000
9330  33.977  -65.400  -18.558 0.0000000000
9335  33.487  -65.467  -19.025 0.0000000000
9336  33.323  -65.504  -19.657 0.0000000000
9339  33.298  -65.542  -20.173 0.0000000000
9341  33.967  -65.674  -21.501 0.0000000000
9342  33.676  -65.414  -21.265 0.0000000000
9343  33.425  -65.608  -20.668 0.0000000000
9355  36.122  -65.359  -23.155 0.0000000000
9356  35.347  -65.351  -22.468 0.0000000000
9357  34.315  -65.373  -21.827 0.0000000000
9358  33.786  -64.812  -21.584 0.0000000000
9372  36.558  -65.205  -24.082 0.0000000000
9497  40.303  -65.785  -34.008 0.0000000000
9517  40.248  -65.550  -34.716 0.0000000000
9532  40.133  -65.275  -35.156 0.0000000000
10028  37.008  -65.078  -14.843 0.0000000000
10040  38.266  -64.786  -15.850 0.0000000000
10041  37.496  -64.711  -15.258 0.0000000000
10042  36.781  -64.446  -14.882 0.0000000000
10051  38.668  -65.069  -16.758 0.0000000000
10060  39.383  -64.424  -18.320 0.0000000000
10061  39.111  -64.727  -17.946 0.0000000000
10067  39.447  -64.360  -18.591 0.0000000000
10068  38.861  -64.703  -18.740 0.0000000000
10069  37.736  -64.686  -18.796 0.0000000000
10070  36.543  -64.563  -18.706 0.0000000000
10071  35.397  -64.546  -18.605 0.0000000000
10072  34.412  -64.570  -18.646 0.0000000000
10073  33.719  -64.637  -18.907 0.0000000000
10076  39.608  -64.253  -18.987 0.0000000000
10077  39.305  -64.100  -19.144 0.0000000000
10078  33.390  -64.645  -19.497 0.0000000000
10079  33.169  -64.989  -20.012 0.0000000000
10082  33.287  -64.312  -20.229 0.0000000000
10083  33.296  -64.994  -20.530 0.0000000000
10085  33.428  -64.386  -21.146 0.0000000000
10086  33.384  -65.100  -20.919 0.0000000000
10098  36.265  -64.423  -23.506 0.0000000000
10099  35.714  -64.441  -22.875 0.0000000000
10100  34.821  -64.303  -22.422 0.0000000000
10101  33.962  -64.064  -21.943 0.0000000000
10116  36.541  -64.301  -24.055 0.0000000000
10131  36.562  -64.532  -24.710 0.0000000000
10145  36.546  -64.600  -25.569 0.0000000000
10206  44.416  -64.184  -30.574 0.0000000000
10207  44.177  -64.226  -30.485 0.0000000000
10226  44.336  -64.231  -31.205 0.0000000000
10227  43.705  -64.275  -30.903 0.0000000000
10243  44.270  -64.339  -32.520 0.0000000000
10244  43.483  -64.711  -31.931 0.0000000000
10245  42.479  -64.952  -32.107 0.0000000000
10246  41.965  -64.981  -32.156 0.0000000000
10247  40.086  -64.629  -32.092 0.0000000000
10248  39.081  -64.584  -31.796 0.0000000000
10264  44.218  -64.285  -33.177 0.0000000000
10265  43.716  -64.503  -33.257 0.0000000000
10266  42.827  -64.833  -32.993 0.0000000000
10267  41.787  -65.047  -32.842 0.0000000000
10268  40.550  -65.341  -33.057 0.0000000000
10269  39.436  -65.209  -32.634 0.0000000000
10285  43.599  -64.411  -33.776 0.0000000000
10286  43.124  -64.572  -33.885 0.0000000000
10287  42.237  -64.939  -33.815 0.0000000000
10288  41.190  -65.362  -34.063 0.0000000000
10300  42.425  -64.475  -34.283 0.0000000000
10301  41.699  -64.664  -34.478 0.0000000000
10302  40.778  -64.909  -34.960 0.0000000000
10303  39.982  -64.858  -35.412 0.0000000000
10864  36.332  -64.016  -14.780 0.0000000000
10876  38.437  -64.216  -16.232 0.0000000000
10877  37.745  -63.705  -15.739 0.0000000000
10878  36.791  -63.768  -15.104 0.0000000000
10879  36.225  -63.611  -14.849 0.0000000000
10888  38.795  -63.901  -16.867 0.0000000000
10889  38.339  -63.721  -16.217 0.0000000000
10898  40.446  -63.736  -18.467 0.0000000000
10899  39.618  -64.026  -18.204 0.0000000000
10900  39.230  -64.033  -17.626 0.0000000000
10906  41.347  -63.610  -19.192 0.0000000000
10907  40.766  -63.963  -19.075 0.0000000000
10908  40.073  -64.169  -18.874 0.0000000000
10909  38.455  -63.971  -19.052 0.0000000000
10910  37.204  -63.590  -18.889 0.0000000000
10911  35.932  -63.640  -18.734 0.0000000000
10912  34.901  -63.714  -18.809 0.0000000000
10913  33.995  -63.763  -18.907 0.0000000000
10914  33.601  -64.126  -19.185 0.0000000000
10916  41.255  -63.479  -19.400 0.0000000000
10917  40.919  -63.656  -19.330 0.0000000000
10918  40.132  -63.835  -19.324 0.0000000000
10919  39.165  -63.448  -19.316 0.0000000000
10920  38.148  -63.020  -19.187 0.0000000000
10921  34.026  -63.200  -19.241 0.0000000000
10922  33.622  -63.564  -19.619 0.0000000000
10924  33.501  -63.397  -20.567 0.0000000000
10926  34.111  -62.859  -21.915 0.0000000000
10927  33.852  -63.113  -21.561 0.0000000000
10944  36.074  -63.725  -23.181 0.0000000000
10945  35.426  -63.451  -22.784 0.0000000000
10946  34.422  -63.082  -22.250 0.0000000000
10947  34.013  -63.407  -21.964 0.0000000000
10969  37.304  -62.882  -23.777 0.0000000000
10970  36.706  -63.456  -23.706 0.0000000000
10985  45.188  -63.433  -25.295 0.0000000000
10986  44.294  -63.520  -25.228 0.0000000000
10987  43.490  -63.378  -25.256 0.0000000000
10988  42.830  -63.168  -25.315 0.0000000000
10989  42.448  -63.038  -25.423 0.0000000000
10990  37.443  -63.227  -24.410 0.0000000000
10991  36.749  -63.866  -24.389 0.0000000000
11006  46.037  -63.148  -26.227 0.0000000000
11007  45.420  -63.553  -26.048 0.0000000000
11008  44.619  -63.687  -25.898 0.0000000000
11009  43.817  -63.500  -25.809 0.0000000000
11010  43.145  -63.289  -25.722 0.0000000000
11011  42.654  -63.107  -25.741 0.0000000000
11012  37.308  -63.259  -25.608 0.0000000000
11013  36.790  -63.888  -25.139 0.0000000000
11028  46.033  -63.027  -26.646 0.0000000000
11029  45.629  -63.282  -26.910 0.0000000000
11030  44.920  -63.681  -26.743 0.0000000000
11031  44.144  -63.536  -26.620 0.0000000000
11032  43.266  -63.257  -26.473 0.0000000000
11033  42.895  -63.179  -26.052 0.0000000000
11034  37.122  -63.241  -26.577 0.0000000000
11035  36.610  -63.932  -26.250 0.0000000000
11052  45.490  -63.193  -27.582 0.0000000000
11053  45.142  -63.472  -27.585 0.0000000000
11054  44.506  -63.496  -27.591 0.0000000000
11055  43.761  -63.343  -27.511 0.0000000000
11056  37.325  -62.975  -27.253 0.0000000000
11057  36.772  -63.704  -27.458 0.0000000000
11074  45.420  -63.118  -28.251 0.0000000000
11075  44.903  -63.565  -28.573 0.0000000000
11076  44.174  -63.615  -28.675 0.0000000000
11077  43.372  -63.276  -28.572 0.0000000000
11078  37.315  -63.185  -28.150 0.0000000000
11079  36.744  -63.753  -28.648 0.0000000000
11092  45.445  -63.157  -29.388 0.0000000000
11093  44.706  -63.999  -30.023 0.0000000000
11094  43.733  -63.899  -29.843 0.0000000000
11095  42.764  -63.301  -29.659 0.0000000000
11096  41.893  -63.198  -29.908 0.0000000000
11097  39.876  -63.317  -29.836 0.0000000000
11098  39.473  -63.319  -29.778 0.0000000000
11099  38.613  -63.313  -29.632 0.0000000000
11100  37.617  -63.335  -29.243 0.0000000000
11109  45.382  -63.066  -30.748 0.0000000000
11110  44.956  -63.777  -31.142 0.0000000000
11111  43.140  -63.939  -30.690 0.0000000000
11112  42.277  -63.751  -30.669 0.0000000000
11113  41.140  -63.490  -30.428 0.0000000000
11114  40.054  -63.505  -30.312 0.0000000000
11115  39.098  -63.667  -30.346 0.0000000000
11116  38.162  -63.673  -30.230 0.0000000000
11126  45.203  -63.328  -31.636 0.0000000000
11127  44.907  -63.758  -32.133 0.0000000000
11128  43.281  -64.427  -31.209 0.0000000000
11129  42.760  -64.437  -31.366 0.0000000000
11130  41.794  -64.425  -31.605 0.0000000000
11131  40.648  -64.085  -31.357 0.0000000000
11132  39.607  -64.048  -31.178 0.0000000000
11133  38.644  -64.028  -31.042 0.0000000000
11145  44.537  -63.762  -33.294 0.0000000000
11146  44.117  -64.201  -33.500 0.0000000000
11147  41.697  -64.904  -32.191 0.0000000000
11148  41.125  -64.723  -32.241 0.0000000000
11160  44.222  -63.270  -33.852 0.0000000000
11161  43.709  -63.865  -33.982 0.0000000000
11162  42.784  -63.937  -34.409 0.0000000000
11171  42.090  -64.041  -34.610 0.0000000000
11172  41.297  -64.078  -34.839 0.0000000000
11173  40.416  -64.080  -35.135 0.0000000000
11174  39.486  -64.084  -35.298 0.0000000000
11773  42.961  -62.080  -12.762 0.0000000000
11774  42.385  -62.127  -12.941 0.0000000000
11775  41.978  -62.093  -13.005 0.0000000000
11797  42.954  -62.809  -16.502 0.0000000000
11798  42.020  -62.453  -16.396 0.0000000000
11799  41.445  -62.126  -16.346 0.0000000000
11800  37.548  -62.547  -15.761 0.0000000000
11801  36.807  -62.872  -15.370 0.0000000000
11802  36.168  -63.115  -14.977 0.0000000000
11809  44.027  -62.598  -17.527 0.0000000000
11810  43.334  -63.043  -17.424 0.0000000000
11811  42.397  -62.998  -17.239 0.0000000000
11812  41.284  -62.497  -16.983 0.0000000000
11813  40.232  -62.461  -17.095 0.0000000000
11814  39.437  -62.624  -16.887 0.0000000000
11815  38.780  -62.889  -16.616 0.0000000000
11816  38.240  -63.162  -16.200 0.0000000000
11824  44.156  -62.546  -17.932 0.0000000000
11825  43.697  -62.879  -18.228 0.0000000000
11826  42.795  -63.325  -18.137 0.0000000000
11827  41.819  -63.350  -17.940 0.0000000000
11828  40.852  -63.175  -17.827 0.0000000000
11829  39.956  -63.182  -17.722 0.0000000000
11830  39.303  -63.422  -17.342 0.0000000000
11835  43.368  -62.669  -18.703 0.0000000000
11836  42.956  -63.091  -18.859 0.0000000000
11837  42.103  -63.453  -18.858 0.0000000000
11838  41.258  -63.622  -18.628 0.0000000000
11839  37.184  -62.446  -19.049 0.0000000000
11840  36.282  -62.726  -18.867 0.0000000000
11841  35.294  -62.794  -18.882 0.0000000000
11842  34.494  -63.039  -19.043 0.0000000000
11844  42.386  -63.063  -19.240 0.0000000000
11845  41.726  -63.249  -19.372 0.0000000000
11846  40.934  -63.222  -19.462 0.0000000000
11847  39.918  -62.885  -19.357 0.0000000000
11848  38.883  -62.425  -19.242 0.0000000000
11849  37.959  -62.083  -19.128 0.0000000000
11850  34.785  -62.415  -19.180 0.0000000000
11851  34.193  -62.569  -19.546 0.0000000000
11852  33.733  -62.788  -20.077 0.0000000000
11854  33.990  -62.218  -20.085 0.0000000000
11855  33.855  -62.440  -20.697 0.0000000000
11862  34.236  -62.439  -21.794 0.0000000000
11863  34.044  -62.182  -21.247 0.0000000000
11879  36.225  -62.814  -23.081 0.0000000000
11880  35.453  -62.342  -22.596 0.0000000000
11881  34.757  -61.976  -22.137 0.0000000000
11900  45.974  -62.388  -24.404 0.0000000000
11901  45.449  -62.472  -24.386 0.0000000000
11902  44.458  -62.577  -24.371 0.0000000000
11903  43.235  -62.595  -24.487 0.0000000000
11904  42.030  -62.296  -24.433 0.0000000000
11905  40.943  -62.101  -24.307 0.0000000000
11906  39.926  -62.023  -24.135 0.0000000000
11907  38.944  -62.097  -23.935 0.0000000000
11908  37.959  -62.412  -23.719 0.0000000000
11909  37.124  -62.374  -23.357 0.0000000000
11928  46.440  -62.482  -25.220 0.0000000000
11929  45.888  -62.734  -24.779 0.0000000000
11930  44.861  -63.087  -24.747 0.0000000000
11931  43.890  -63.144  -24.800 0.0000000000
11932  43.100  -63.150  -24.928 0.0000000000
11933  42.219  -62.938  -25.038 0.0000000000
11934  41.110  -62.599  -24.907 0.0000000000
11935  40.072  -62.383  -24.790 0.0000000000
11936  39.105  -62.462  -24.565 0.0000000000
11937  38.343  -62.673  -24.289 0.0000000000
11953  46.472  -62.530  -25.880 0.0000000000
11954  45.961  -63.115  -25.513 0.0000000000
11955  42.126  -62.890  -25.757 0.0000000000
11956  41.304  -62.721  -25.662 0.0000000000
11957  40.278  -62.514  -25.566 0.0000000000
11958  39.181  -62.515  -25.414 0.0000000000
11959  38.242  -62.856  -25.063 0.0000000000
11972  46.352  -62.596  -26.555 0.0000000000
11973  46.085  -62.797  -26.992 0.0000000000
11974  42.920  -63.067  -26.699 0.0000000000
11975  42.561  -62.967  -26.441 0.0000000000
11976  41.608  -62.722  -26.477 0.0000000000
11977  40.612  -62.536  -26.454 0.0000000000
11978  39.479  -62.380  -26.413 0.0000000000
11979  38.094  -62.632  -26.395 0.0000000000
11993  46.549  -62.175  -27.260 0.0000000000
11994  45.867  -62.681  -27.684 0.0000000000
11995  42.950  -63.003  -27.321 0.0000000000
11996  42.062  -62.704  -27.376 0.0000000000
11997  41.073  -62.522  -27.404 0.0000000000
11998  40.014  -62.353  -27.423 0.0000000000
11999  38.891  -62.426  -27.455 0.0000000000
12000  37.954  -62.711  -27.708 0.0000000000
12012  46.436  -61.851  -28.213 0.0000000000
12013  45.920  -62.458  -28.778 0.0000000000
12014  42.513  -62.833  -28.426 0.0000000000
12015  41.581  -62.613  -28.385 0.0000000000
12016  40.570  -62.548  -28.444 0.0000000000
12017  39.524  -62.584  -28.412 0.0000000000
12018  38.578  -62.708  -28.401 0.0000000000
12019  37.910  -62.968  -28.583 0.0000000000
12029  46.333  -61.721  -29.147 0.0000000000
12030  46.023  -62.102  -30.018 0.0000000000
12031  42.025  -62.803  -29.212 0.0000000000
12032  41.152  -62.869  -29.427 0.0000000000
12033  40.101  -63.032  -29.481 0.0000000000
12034  39.083  -62.942  -29.146 0.0000000000
12035  38.271  -63.030  -29.006 0.0000000000
12036  37.919  -63.101  -28.947 0.0000000000
12045  45.762  -62.140  -31.094 0.0000000000
12046  40.721  -63.139  -29.855 0.0000000000
12047  40.499  -63.287  -30.021 0.0000000000
12060  45.484  -62.602  -31.991 0.0000000000
12061  45.235  -63.188  -32.165 0.0000000000
12072  45.382  -62.417  -32.657 0.0000000000
12073  45.145  -62.855  -32.846 0.0000000000
12083  44.549  -62.659  -33.665 0.0000000000
12084  43.779  -62.577  -34.143 0.0000000000
12085  42.632  -62.820  -34.484 0.0000000000
12086  41.377  -62.547  -34.521 0.0000000000
12087  40.343  -62.490  -34.546 0.0000000000
12088  39.397  -62.528  -34.490 0.0000000000
12089  38.561  -62.579  -34.331 0.0000000000
12097  42.349  -63.563  -34.597 0.0000000000
12098  41.795  -63.391  -34.715 0.0000000000
12099  40.877  -63.291  -34.848 0.0000000000
12100  39.937  -63.227  -34.994 0.0000000000
12101  39.023  -63.196  -34.957 0.0000000000
12647  43.283  -61.584  -12.418 0.0000000000
12648  41.533  -61.790  -12.827 0.0000000000
12668  43.492  -61.355  -13.209 0.0000000000
12669  42.951  -61.979  -13.641 0.0000000000
12670  42.023  -61.904  -13.683 0.0000000000
12671  41.163  -61.316  -13.411 0.0000000000
12685  44.750  -60.912  -14.810 0.0000000000
12686  43.861  -61.318  -14.487 0.0000000000
12687  42.814  -62.141  -14.641 0.0000000000
12688  41.850  -61.848  -14.755 0.0000000000
12689  37.483  -60.917  -14.941 0.0000000000
12690  36.833  -61.190  -14.834 0.0000000000
12705  46.569  -60.828  -15.644 0.0000000000
12706  45.979  -60.986  -15.822 0.0000000000
12707  44.931  -61.267  -15.616 0.0000000000
12708  43.605  -62.176  -15.794 0.0000000000
12709  42.443  -62.376  -15.590 0.0000000000
12710  41.445  -61.806  -15.679 0.0000000000
12711  40.558  -61.394  -15.823 0.0000000000
12712  39.721  -61.240  -15.942 0.0000000000
12713  38.863  -61.330  -15.891 0.0000000000
12714  37.839  -61.475  -15.556 0.0000000000
12715  36.694  -61.911  -15.311 0.0000000000
12716  36.096  -62.363  -15.067 0.0000000000
12724  46.612  -60.890  -16.083 0.0000000000
12725  45.677  -61.327  -16.668 0.0000000000
12726  44.449  -62.068  -16.736 0.0000000000
12727  43.696  -62.616  -16.839 0.0000000000
12728  41.039  -61.826  -16.309 0.0000000000
12729  40.388  -61.809  -16.464 0.0000000000
12730  39.543  -61.860  -16.446 0.0000000000
12731  38.741  -62.035  -16.290 0.0000000000
12732  38.188  -62.376  -16.127 0.0000000000
12740  45.478  -61.229  -17.236 0.0000000000
12741  44.623  -61.903  -17.650 0.0000000000
12742  44.119  -62.438  -18.100 0.0000000000
12746  44.399  -61.762  -18.069 0.0000000000
12747  43.896  -62.117  -18.366 0.0000000000
12748  42.678  -62.250  -19.005 0.0000000000
12749  41.441  -61.593  -18.984 0.0000000000
12750  40.349  -61.162  -18.893 0.0000000000
12751  39.406  -60.821  -18.894 0.0000000000
12752  38.905  -60.561  -18.974 0.0000000000
12753  36.428  -61.969  -19.073 0.0000000000
12754  35.663  -62.079  -19.064 0.0000000000
12755  35.150  -62.195  -19.110 0.0000000000
12757  42.151  -62.859  -19.368 0.0000000000
12758  41.637  -62.623  -19.355 0.0000000000
12759  40.662  -62.244  -19.268 0.0000000000
12760  39.613  -61.800  -19.131 0.0000000000
12761  38.488  -61.170  -19.076 0.0000000000
12762  37.113  -61.363  -19.155 0.0000000000
12763  35.974  -61.353  -19.220 0.0000000000
12764  34.953  -61.676  -19.550 0.0000000000
12765  34.312  -61.965  -19.855 0.0000000000
12768  34.794  -61.311  -20.077 0.0000000000
12769  34.354  -61.661  -20.430 0.0000000000
12770  34.026  -61.968  -20.854 0.0000000000
12778  35.109  -61.105  -21.715 0.0000000000
12779  34.569  -61.565  -21.366 0.0000000000
12780  34.187  -61.793  -20.995 0.0000000000
12790  38.116  -61.205  -23.216 0.0000000000
12791  37.579  -61.142  -23.070 0.0000000000
12792  36.559  -61.514  -22.864 0.0000000000
12793  35.462  -61.291  -22.262 0.0000000000
12794  34.937  -61.453  -21.908 0.0000000000
12802  47.618  -61.181  -24.019 0.0000000000
12803  47.251  -61.425  -24.033 0.0000000000
12804  46.286  -61.932  -24.061 0.0000000000
12805  45.230  -61.957  -23.909 0.0000000000
12806  44.107  -61.904  -23.947 0.0000000000
12807  42.948  -61.772  -23.961 0.0000000000
12808  41.834  -61.613  -23.882 0.0000000000
12809  40.793  -61.475  -23.770 0.0000000000
12810  39.743  -61.322  -23.609 0.0000000000
12811  38.618  -61.456  -23.423 0.0000000000
12812  37.781  -61.731  -23.317 0.0000000000
12813  37.260  -61.689  -23.179 0.0000000000
12822  47.568  -61.179  -24.288 0.0000000000
12823  46.800  -61.912  -24.632 0.0000000000
12824  46.243  -62.273  -24.455 0.0000000000
12833  47.543  -61.105  -24.961 0.0000000000
12834  46.979  -61.817  -25.475 0.0000000000
12843  47.473  -60.955  -25.801 0.0000000000
12844  46.985  -61.742  -26.455 0.0000000000
12856  47.427  -60.835  -26.588 0.0000000000
12857  47.165  -61.082  -27.593 0.0000000000
12868  46.680  -61.067  -28.801 0.0000000000
12875  46.413  -61.155  -29.907 0.0000000000
12876  46.208  -61.502  -30.242 0.0000000000
12891  46.290  -60.772  -30.484 0.0000000000
12892  46.104  -61.267  -30.826 0.0000000000
12893  36.876  -61.147  -31.045 0.0000000000
12912  45.829  -61.601  -31.931 0.0000000000
12913  39.239  -61.150  -32.328 0.0000000000
12914  38.468  -61.267  -32.210 0.0000000000
12915  37.503  -61.301  -31.822 0.0000000000
12925  45.501  -61.872  -32.754 0.0000000000
12926  45.291  -62.241  -32.959 0.0000000000
12927  42.331  -60.628  -33.218 0.0000000000
12928  41.858  -60.926  -33.266 0.0000000000
12929  40.991  -61.110  -33.268 0.0000000000
12930  40.001  -61.319  -32.968 0.0000000000
12931  39.037  -61.617  -33.051 0.0000000000
12932  37.984  -61.843  -33.095 0.0000000000
12940  45.434  -61.345  -33.201 0.0000000000
12941  45.085  -61.758  -33.480 0.0000000000
12942  44.141  -61.528  -33.939 0.0000000000
12943  42.891  -61.208  -33.795 0.0000000000
12944  41.757  -61.650  -34.022 0.0000000000
12945  40.702  -61.804  -33.923 0.0000000000
12946  39.708  -61.910  -33.871 0.0000000000
12947  38.821  -62.085  -33.818 0.0000000000
12948  38.275  -62.251  -33.812 0.0000000000
13447  44.864  -60.046  -11.671 0.0000000000
13459  45.933  -59.891  -12.958 0.0000000000
13460  45.158  -60.042  -12.535 0.0000000000
13461  43.956  -60.649  -12.362 0.0000000000
13462  40.428  -60.871  -13.365 0.0000000000
13481  47.322  -60.155  -13.787 0.0000000000
13482  46.512  -60.176  -13.564 0.0000000000
13483  45.416  -60.211  -13.536 0.0000000000
13484  44.372  -60.614  -13.411 0.0000000000
13485  41.394  -61.423  -14.155 0.0000000000
13486  40.756  -60.909  -13.976 0.0000000000
13487  39.935  -60.543  -13.891 0.0000000000
13488  38.919  -60.389  -13.804 0.0000000000
13506  48.525  -60.034  -14.829 0.0000000000
13507  48.335  -60.076  -14.664 0.0000000000
13508  47.804  -60.223  -14.413 0.0000000000
13509  46.874  -60.425  -14.451 0.0000000000
13510  45.669  -60.595  -14.632 0.0000000000
13511  44.742  -60.622  -14.230 0.0000000000
13512  41.378  -61.499  -14.596 0.0000000000
13513  41.001  -61.172  -14.567 0.0000000000
13514  40.325  -60.781  -14.595 0.0000000000
13515  39.403  -60.569  -14.642 0.0000000000
13516  38.231  -60.615  -14.796 0.0000000000
13517  37.218  -60.672  -14.385 0.0000000000
13529  48.485  -60.012  -15.013 0.0000000000
13530  48.184  -60.242  -15.077 0.0000000000
13531  47.295  -60.606  -15.351 0.0000000000
13532  46.367  -60.754  -15.224 0.0000000000
13533  45.726  -60.882  -15.372 0.0000000000
13534  41.301  -61.480  -14.952 0.0000000000
13535  40.779  -61.188  -15.161 0.0000000000
13536  39.987  -60.862  -15.301 0.0000000000
13537  39.088  -60.822  -15.384 0.0000000000
13538  38.464  -60.988  -15.447 0.0000000000
13547  48.561  -59.956  -15.328 0.0000000000
13548  48.261  -60.279  -15.798 0.0000000000
13549  47.407  -60.607  -16.196 0.0000000000
13550  46.713  -60.856  -16.610 0.0000000000
13557  48.022  -60.228  -16.424 0.0000000000
13558  47.395  -60.398  -16.784 0.0000000000
13559  46.402  -60.754  -17.159 0.0000000000
13560  45.387  -60.869  -17.541 0.0000000000
13561  44.681  -60.693  -17.731 0.0000000000
13562  44.097  -60.622  -17.922 0.0000000000
13564  44.634  -61.386  -17.806 0.0000000000
13565  44.232  -61.327  -18.088 0.0000000000
13566  43.405  -61.016  -18.241 0.0000000000
13567  42.203  -60.769  -18.499 0.0000000000
13568  41.065  -60.436  -18.608 0.0000000000
13569  39.972  -60.044  -18.696 0.0000000000
13570  39.208  -60.231  -18.909 0.0000000000
13572  39.250  -59.734  -19.005 0.0000000000
13573  38.585  -60.093  -19.145 0.0000000000
13574  37.581  -60.357  -19.337 0.0000000000
13575  36.338  -60.481  -19.643 0.0000000000
13576  35.603  -61.053  -19.602 0.0000000000
13579  35.918  -60.240  -20.567 0.0000000000
13580  35.236  -60.888  -20.138 0.0000000000
13581  34.789  -61.237  -20.322 0.0000000000
13594  35.945  -60.221  -21.366 0.0000000000
13595  35.230  -60.747  -21.096 0.0000000000
13596  34.798  -61.171  -20.668 0.0000000000
13608  47.532  -60.506  -23.336 0.0000000000
13609  46.807  -60.583  -23.120 0.0000000000
13610  45.778  -60.576  -23.013 0.0000000000
13611  44.667  -60.451  -23.032 0.0000000000
13612  43.548  -60.323  -23.045 0.0000000000
13613  42.468  -60.279  -22.960 0.0000000000
13614  41.462  -60.195  -22.926 0.0000000000
13615  40.542  -60.114  -22.915 0.0000000000
13616  39.635  -60.134  -22.939 0.0000000000
13617  38.490  -60.470  -22.982 0.0000000000
13618  37.357  -60.388  -22.609 0.0000000000
13619  36.312  -60.416  -22.138 0.0000000000
13620  35.559  -60.688  -21.767 0.0000000000
13632  48.386  -60.292  -24.034 0.0000000000
13633  47.905  -60.774  -23.819 0.0000000000
13634  47.017  -61.149  -23.604 0.0000000000
13635  46.036  -61.246  -23.547 0.0000000000
13636  44.958  -61.173  -23.568 0.0000000000
13637  43.829  -61.062  -23.580 0.0000000000
13638  42.711  -60.978  -23.493 0.0000000000
13639  41.658  -60.885  -23.396 0.0000000000
13640  40.697  -60.753  -23.339 0.0000000000
13641  39.981  -60.604  -23.246 0.0000000000
13642  39.292  -60.795  -23.252 0.0000000000
13655  48.561  -59.938  -24.197 0.0000000000
13656  48.137  -60.498  -24.434 0.0000000000
13670  48.497  -59.825  -24.572 0.0000000000
13671  48.115  -60.209  -25.205 0.0000000000
13684  47.751  -60.230  -26.081 0.0000000000
13698  47.441  -60.302  -26.866 0.0000000000
13699  47.185  -60.215  -27.509 0.0000000000
13713  46.817  -60.272  -28.429 0.0000000000
13725  46.537  -60.458  -29.444 0.0000000000
13726  37.884  -60.183  -30.084 0.0000000000
13727  37.109  -60.236  -29.832 0.0000000000
13745  46.330  -60.383  -30.221 0.0000000000
13746  46.179  -60.342  -31.030 0.0000000000
13747  39.971  -60.026  -31.241 0.0000000000
13748  39.307  -60.185  -31.066 0.0000000000
13749  38.482  -60.322  -30.737 0.0000000000
13750  37.529  -60.709  -30.736 0.0000000000
13751  36.606  -60.753  -30.314 0.0000000000
13767  45.924  -60.597  -31.976 0.0000000000
13768  41.952  -59.901  -32.201 0.0000000000
13769  41.389  -60.097  -31.968 0.0000000000
13770  40.619  -60.233  -31.765 0.0000000000
13771  39.784  -60.642  -31.913 0.0000000000
13772  38.899  -60.738  -31.605 0.0000000000
13773  38.176  -60.871  -31.417 0.0000000000
13786  45.645  -60.995  -32.798 0.0000000000
13787  43.133  -59.962  -33.259 0.0000000000
13788  42.705  -60.128  -32.955 0.0000000000
13789  41.914  -60.401  -32.669 0.0000000000
13790  41.210  -60.598  -32.564 0.0000000000
13791  40.514  -60.785  -32.494 0.0000000000
13798  45.360  -60.718  -33.562 0.0000000000
13799  44.665  -60.608  -34.022 0.0000000000
13800  43.564  -60.271  -33.612 0.0000000000
13801  43.061  -60.540  -33.509 0.0000000000
14339  45.480  -59.242  -11.795 0.0000000000
14340  45.207  -59.372  -11.305 0.0000000000
14342  45.640  -59.472  -12.458 0.0000000000
14343  45.398  -59.622  -11.849 0.0000000000
14354  47.180  -59.876  -13.365 0.0000000000
14355  46.453  -59.606  -13.164 0.0000000000
14369  48.455  -59.830  -14.708 0.0000000000
14370  48.255  -59.739  -14.382 0.0000000000
14371  47.752  -59.724  -13.781 0.0000000000
14372  47.177  -59.476  -13.505 0.0000000000
14383  48.522  -59.563  -14.994 0.0000000000
14384  48.282  -59.371  -14.560 0.0000000000
14394  49.225  -58.898  -16.134 0.0000000000
14395  48.958  -59.449  -15.834 0.0000000000
14396  48.577  -59.856  -16.335 0.0000000000
14401  49.303  -59.015  -16.415 0.0000000000
14402  49.017  -59.327  -16.649 0.0000000000
14403  48.305  -59.728  -16.922 0.0000000000
14404  47.401  -59.876  -17.272 0.0000000000
14405  46.383  -59.887  -17.441 0.0000000000
14406  45.341  -59.736  -17.663 0.0000000000
14407  44.411  -59.895  -17.741 0.0000000000
14408  43.719  -60.078  -17.842 0.0000000000
14410  44.762  -59.159  -17.822 0.0000000000
14411  44.025  -59.294  -18.041 0.0000000000
14412  43.002  -59.694  -18.236 0.0000000000
14413  41.781  -59.546  -18.581 0.0000000000
14414  40.782  -59.543  -18.677 0.0000000000
14415  40.243  -59.416  -18.825 0.0000000000
14417  41.202  -59.060  -18.904 0.0000000000
14418  40.542  -59.019  -19.046 0.0000000000
14419  39.746  -59.217  -19.125 0.0000000000
14420  38.867  -59.314  -19.507 0.0000000000
14421  37.978  -59.590  -19.637 0.0000000000
14422  37.163  -59.803  -19.765 0.0000000000
14430  38.367  -59.096  -20.156 0.0000000000
14431  37.528  -59.408  -20.320 0.0000000000
14432  36.694  -59.805  -20.353 0.0000000000
14451  48.302  -59.271  -22.252 0.0000000000
14452  47.439  -59.332  -21.983 0.0000000000
14453  46.263  -59.385  -21.753 0.0000000000
14454  45.053  -59.373  -21.672 0.0000000000
14455  43.901  -59.363  -21.653 0.0000000000
14456  42.819  -59.316  -21.688 0.0000000000
14457  41.809  -59.224  -21.773 0.0000000000
14458  40.874  -59.187  -21.837 0.0000000000
14459  39.992  -59.182  -21.796 0.0000000000
14460  39.089  -59.170  -21.596 0.0000000000
14461  38.114  -59.151  -21.098 0.0000000000
14462  37.046  -59.534  -21.024 0.0000000000
14463  36.397  -59.859  -20.965 0.0000000000
14480  49.087  -59.103  -23.388 0.0000000000
14481  48.683  -59.414  -22.893 0.0000000000
14482  47.689  -59.906  -22.758 0.0000000000
14483  46.602  -59.970  -22.490 0.0000000000
14484  45.466  -59.950  -22.372 0.0000000000
14485  44.326  -59.820  -22.394 0.0000000000
14486  43.219  -59.761  -22.379 0.0000000000
14487  42.176  -59.685  -22.390 0.0000000000
14488  41.198  -59.617  -22.416 0.0000000000
14489  40.259  -59.593  -22.421 0.0000000000
14490  39.274  -59.602  -22.395 0.0000000000
14491  38.213  -59.575  -22.216 0.0000000000
14492  37.225  -59.715  -21.830 0.0000000000
14493  36.566  -59.900  -21.489 0.0000000000
14510  49.118  -59.145  -23.825 0.0000000000
14511  48.622  -59.740  -23.723 0.0000000000
14512  48.123  -60.079  -23.311 0.0000000000
14528  49.230  -58.962  -24.004 0.0000000000
14529  48.947  -59.301  -24.206 0.0000000000
14545  48.567  -59.360  -24.789 0.0000000000
14546  48.037  -59.508  -25.477 0.0000000000
14547  47.578  -59.359  -25.804 0.0000000000
14562  47.560  -59.780  -26.298 0.0000000000
14563  47.088  -59.474  -26.492 0.0000000000
14564  46.484  -59.360  -26.901 0.0000000000
14575  47.262  -59.889  -26.959 0.0000000000
14576  46.789  -59.737  -27.516 0.0000000000
14577  45.923  -59.408  -27.612 0.0000000000
14578  45.156  -59.243  -27.933 0.0000000000
14586  46.241  -59.723  -28.529 0.0000000000
14587  45.468  -59.439  -28.638 0.0000000000
14588  44.640  -59.084  -28.632 0.0000000000
14589  38.228  -59.200  -29.228 0.0000000000
14600  46.339  -59.930  -29.412 0.0000000000
14601  45.734  -59.565  -29.523 0.0000000000
14602  44.964  -59.186  -29.593 0.0000000000
14603  39.187  -59.303  -30.061 0.0000000000
14604  38.510  -59.665  -29.895 0.0000000000
14605  37.676  -59.696  -29.450 0.0000000000
14619  46.342  -60.074  -29.915 0.0000000000
14620  45.916  -59.593  -30.608 0.0000000000
14621  45.368  -59.117  -30.309 0.0000000000
14622  41.008  -59.190  -31.143 0.0000000000
14623  40.476  -59.490  -31.013 0.0000000000
14624  39.716  -59.507  -30.568 0.0000000000
14625  39.034  -59.801  -30.456 0.0000000000
14636  45.832  -59.571  -31.996 0.0000000000
14637  42.153  -59.329  -32.079 0.0000000000
14638  41.504  -59.368  -31.604 0.0000000000
14639  40.996  -59.692  -31.465 0.0000000000
14652  45.705  -59.830  -33.150 0.0000000000
14653  43.144  -59.456  -33.090 0.0000000000
14654  42.625  -59.226  -32.509 0.0000000000
14661  45.099  -59.679  -33.982 0.0000000000
14662  44.307  -59.524  -33.934 0.0000000000
14663  43.704  -59.303  -33.563 0.0000000000
15220  45.309  -58.929  -11.602 0.0000000000
15221  44.808  -58.694  -11.185 0.0000000000
15222  43.940  -58.125  -10.969 0.0000000000
15223  43.380  -57.939  -11.265 0.0000000000
15229  45.505  -58.938  -12.161 0.0000000000
15230  44.905  -58.657  -11.964 0.0000000000
15231  44.153  -58.388  -11.788 0.0000000000
15232  43.448  -58.098  -11.717 0.0000000000
15245  45.684  -59.155  -13.019 0.0000000000
15246  44.903  -58.793  -12.826 0.0000000000
15247  44.169  -58.527  -12.581 0.0000000000
15248  43.435  -58.285  -12.492 0.0000000000
15260  48.000  -59.327  -14.217 0.0000000000
15261  47.475  -59.165  -14.145 0.0000000000
15262  46.389  -59.038  -13.910 0.0000000000
15263  44.950  -58.628  -14.069 0.0000000000
15264  43.972  -58.468  -13.507 0.0000000000
15265  43.541  -58.362  -13.060 0.0000000000
15279  48.730  -59.098  -15.361 0.0000000000
15280  48.143  -58.924  -14.943 0.0000000000
15281  46.869  -58.492  -15.171 0.0000000000
15282  45.590  -58.375  -14.904 0.0000000000
15283  44.877  -58.299  -14.838 0.0000000000
15294  49.289  -58.578  -16.540 0.0000000000
15295  48.816  -58.543  -15.951 0.0000000000
15296  47.699  -58.214  -15.858 0.0000000000
15297  47.023  -58.045  -15.823 0.0000000000
15299  49.421  -58.666  -16.995 0.0000000000
15300  49.105  -59.049  -17.370 0.0000000000
15301  48.345  -59.126  -17.579 0.0000000000
15302  47.391  -59.076  -17.723 0.0000000000
15303  46.325  -58.964  -17.835 0.0000000000
15304  45.439  -58.834  -17.915 0.0000000000
15306  49.530  -58.291  -17.745 0.0000000000
15307  49.156  -58.565  -18.069 0.0000000000
15308  48.393  -58.546  -18.309 0.0000000000
15309  47.299  -58.488  -18.478 0.0000000000
15310  46.082  -58.561  -18.550 0.0000000000
15311  44.817  -58.618  -18.435 0.0000000000
15312  43.646  -58.792  -18.647 0.0000000000
15313  42.590  -58.880  -18.824 0.0000000000
15314  41.788  -58.886  -19.032 0.0000000000
15316  49.570  -57.968  -18.418 0.0000000000
15317  49.252  -58.125  -18.853 0.0000000000
15318  48.415  -58.138  -19.297 0.0000000000
15319  47.016  -58.213  -19.361 0.0000000000
15320  45.641  -58.424  -19.333 0.0000000000
15321  44.387  -58.508  -19.354 0.0000000000
15322  43.257  -58.589  -19.451 0.0000000000
15323  42.235  -58.667  -19.557 0.0000000000
15324  41.195  -58.732  -19.550 0.0000000000
15325  40.202  -58.784  -19.690 0.0000000000
15326  39.399  -58.877  -19.779 0.0000000000
15327  38.867  -58.917  -19.953 0.0000000000
15335  49.459  -57.729  -20.974 0.0000000000
15336  49.068  -58.149  -20.888 0.0000000000
15337  48.098  -58.191  -20.383 0.0000000000
15338  46.471  -58.427  -20.229 0.0000000000
15339  45.115  -58.505  -20.178 0.0000000000
15340  43.914  -58.565  -20.189 0.0000000000
15341  42.820  -58.626  -20.250 0.0000000000
15342  41.773  -58.673  -20.331 0.0000000000
15343  40.670  -58.749  -20.486 0.0000000000
15344  39.718  -58.784  -20.356 0.0000000000
15345  39.081  -58.850  -20.281 0.0000000000
15346  38.747  -58.932  -20.230 0.0000000000
15363  49.322  -58.184  -21.726 0.0000000000
15364  48.387  -58.642  -21.533 0.0000000000
15365  47.101  -58.737  -21.164 0.0000000000
15366  45.764  -58.820  -20.999 0.0000000000
15367  44.529  -58.903  -20.932 0.0000000000
15368  43.395  -58.949  -20.939 0.0000000000
15369  42.340  -58.922  -21.020 0.0000000000
15370  41.351  -58.902  -21.132 0.0000000000
15371  40.559  -58.938  -21.279 0.0000000000
15372  39.856  -58.879  -21.077 0.0000000000
15373  39.089  -58.922  -20.835 0.0000000000
15374  38.680  -58.973  -20.525 0.0000000000
15389  49.225  -58.553  -22.777 0.0000000000
15390  48.881  -58.819  -22.236 0.0000000000
15400  49.186  -58.613  -23.673 0.0000000000
15401  49.124  -58.306  -23.879 0.0000000000
15402  47.977  -58.233  -24.258 0.0000000000
15403  47.572  -58.301  -24.357 0.0000000000
15416  49.172  -58.785  -24.101 0.0000000000
15417  48.989  -58.644  -24.232 0.0000000000
15418  48.427  -58.478  -24.440 0.0000000000
15419  47.624  -58.561  -24.792 0.0000000000
15420  46.815  -58.580  -25.060 0.0000000000
15421  46.073  -58.495  -25.116 0.0000000000
15435  48.490  -58.940  -24.887 0.0000000000
15436  47.984  -58.918  -25.241 0.0000000000
15437  47.177  -58.971  -25.644 0.0000000000
15438  46.330  -58.787  -25.739 0.0000000000
15439  45.370  -58.607  -25.663 0.0000000000
15440  44.468  -58.505  -25.857 0.0000000000
15455  46.607  -59.132  -26.277 0.0000000000
15456  45.864  -59.009  -26.587 0.0000000000
15457  44.872  -58.803  -26.566 0.0000000000
15458  43.855  -58.482  -26.523 0.0000000000
15459  43.082  -58.204  -26.751 0.0000000000
15471  45.269  -59.084  -27.248 0.0000000000
15472  44.411  -58.874  -27.555 0.0000000000
15473  43.381  -58.415  -27.496 0.0000000000
15474  42.650  -57.979  -27.318 0.0000000000
15486  43.744  -58.589  -28.493 0.0000000000
15487  42.778  -57.864  -28.288 0.0000000000
15488  42.394  -57.621  -27.744 0.0000000000
15505  44.188  -58.601  -29.516 0.0000000000
15506  43.399  -57.938  -29.289 0.0000000000
15508  39.716  -58.596  -30.035 0.0000000000
15509  38.918  -58.869  -29.496 0.0000000000
15521  45.492  -58.656  -31.000 0.0000000000
15522  44.774  -58.261  -30.614 0.0000000000
15523  43.926  -57.870  -30.128 0.0000000000
15524  41.225  -58.610  -31.163 0.0000000000
15525  40.748  -58.695  -30.766 0.0000000000
15526  40.232  -58.919  -30.493 0.0000000000
15540  45.607  -58.453  -31.979 0.0000000000
15541  45.266  -57.993  -31.518 0.0000000000
15542  42.223  -58.554  -32.069 0.0000000000
15543  41.705  -58.611  -31.591 0.0000000000
15558  45.724  -58.554  -33.066 0.0000000000
15559  43.340  -58.580  -33.238 0.0000000000
15560  42.752  -58.561  -32.651 0.0000000000
15570  45.287  -58.637  -33.814 0.0000000000
15571  44.621  -58.618  -34.048 0.0000000000
15572  43.936  -58.602  -33.802 0.0000000000
16186  42.981  -57.879  -11.572 0.0000000000
16187  42.264  -57.556  -11.774 0.0000000000
16188  41.580  -57.197  -11.696 0.0000000000
16200  42.761  -57.959  -12.318 0.0000000000
16201  42.014  -57.550  -12.799 0.0000000000
16211  44.492  -58.193  -14.791 0.0000000000
16212  43.767  -57.859  -14.667 0.0000000000
16213  42.760  -57.883  -13.568 0.0000000000
16214  41.911  -57.331  -13.448 0.0000000000
16227  46.673  -57.868  -15.779 0.0000000000
16228  45.941  -57.482  -15.754 0.0000000000
16229  44.623  -57.603  -15.307 0.0000000000
16230  43.913  -57.226  -15.148 0.0000000000
16240  49.457  -58.305  -16.905 0.0000000000
16241  49.275  -57.960  -16.743 0.0000000000
16242  48.336  -57.475  -16.706 0.0000000000
16243  46.902  -57.399  -16.281 0.0000000000
16244  46.129  -56.976  -16.265 0.0000000000
16247  49.568  -57.977  -17.339 0.0000000000
16248  49.153  -57.265  -17.496 0.0000000000
16249  48.600  -57.039  -17.256 0.0000000000
16251  49.676  -57.417  -18.212 0.0000000000
16252  49.482  -56.971  -18.035 0.0000000000
16254  49.703  -57.437  -19.185 0.0000000000
16255  49.353  -57.786  -19.712 0.0000000000
16256  48.911  -57.912  -20.059 0.0000000000
16267  49.750  -57.325  -20.453 0.0000000000
16268  49.314  -57.768  -20.424 0.0000000000
16269  48.956  -58.019  -20.442 0.0000000000
16284  49.647  -57.500  -21.434 0.0000000000
16285  48.635  -56.996  -22.099 0.0000000000
16286  47.706  -57.084  -22.053 0.0000000000
16287  46.541  -57.187  -22.010 0.0000000000
16288  45.442  -57.152  -22.049 0.0000000000
16289  44.869  -57.079  -22.097 0.0000000000
16306  49.416  -57.741  -22.317 0.0000000000
16307  49.081  -57.409  -22.557 0.0000000000
16308  48.124  -57.528  -22.818 0.0000000000
16309  46.951  -57.574  -22.830 0.0000000000
16310  45.761  -57.506  -22.782 0.0000000000
16311  44.652  -57.298  -22.656 0.0000000000
16312  43.699  -57.218  -22.902 0.0000000000
16313  43.233  -57.144  -23.028 0.0000000000
16323  49.321  -58.204  -23.072 0.0000000000
16324  49.193  -58.049  -23.440 0.0000000000
16325  48.552  -57.916  -23.682 0.0000000000
16326  47.396  -58.048  -23.814 0.0000000000
16327  46.141  -57.925  -23.664 0.0000000000
16328  44.995  -57.791  -23.596 0.0000000000
16329  43.979  -57.529  -23.585 0.0000000000
16330  43.279  -57.273  -23.500 0.0000000000
16339  49.091  -58.153  -23.988 0.0000000000
16340  48.977  -58.216  -23.993 0.0000000000
16341  47.181  -58.380  -24.503 0.0000000000
16342  46.484  -58.296  -24.457 0.0000000000
16343  45.392  -58.238  -24.578 0.0000000000
16344  44.288  -57.919  -24.468 0.0000000000
16345  43.204  -57.493  -24.463 0.0000000000
16346  42.632  -57.350  -24.984 0.0000000000
16357  44.622  -58.301  -25.187 0.0000000000
16358  43.771  -58.047  -25.438 0.0000000000
16359  42.919  -57.648  -25.479 0.0000000000
16360  42.275  -57.271  -25.528 0.0000000000
16370  43.208  -58.041  -26.100 0.0000000000
16371  42.549  -57.709  -26.382 0.0000000000
16372  41.854  -57.142  -26.374 0.0000000000
16378  42.121  -57.477  -27.197 0.0000000000
16379  41.684  -56.883  -27.199 0.0000000000
16387  42.505  -57.381  -28.485 0.0000000000
17142  41.544  -57.252  -12.336 0.0000000000
17143  40.828  -56.842  -12.151 0.0000000000
17156  41.281  -56.858  -13.204 0.0000000000
17157  40.707  -56.539  -13.016 0.0000000000
17169  43.544  -57.040  -15.067 0.0000000000
17170  42.824  -56.652  -14.824 0.0000000000
17171  41.839  -56.865  -14.041 0.0000000000
17184  45.751  -56.784  -16.228 0.0000000000
17185  45.042  -56.426  -16.053 0.0000000000
17186  43.824  -56.404  -15.422 0.0000000000
17187  43.173  -55.874  -15.229 0.0000000000
17195  48.252  -56.928  -17.163 0.0000000000
17196  47.476  -56.736  -17.032 0.0000000000
17197  45.970  -56.335  -16.741 0.0000000000
17198  45.230  -55.947  -16.458 0.0000000000
17201  49.168  -56.877  -17.970 0.0000000000
17202  48.391  -56.680  -17.729 0.0000000000
17203  46.766  -56.029  -17.720 0.0000000000
17204  45.918  -55.967  -17.295 0.0000000000
17207  49.881  -56.981  -18.911 0.0000000000
17208  49.273  -56.675  -18.588 0.0000000000
17209  47.929  -56.198  -18.662 0.0000000000
17210  46.544  -56.030  -18.819 0.0000000000
17211  45.469  -56.128  -19.208 0.0000000000
17212  44.484  -56.138  -19.006 0.0000000000
17213  43.562  -56.077  -18.808 0.0000000000
17214  42.879  -55.925  -18.659 0.0000000000
17220  49.706  -56.738  -19.734 0.0000000000
17221  48.687  -56.381  -19.623 0.0000000000
17222  47.409  -56.217  -19.643 0.0000000000
17223  46.205  -56.294  -19.785 0.0000000000
17224  45.297  -56.392  -20.024 0.0000000000
17225  44.522  -56.406  -19.855 0.0000000000
17226  43.563  -56.361  -19.699 0.0000000000
17227  42.517  -56.134  -19.510 0.0000000000
17228  41.789  -56.013  -19.888 0.0000000000
17236  49.725  -56.813  -20.761 0.0000000000
17237  49.137  -56.488  -20.614 0.0000000000
17238  48.030  -56.375  -20.517 0.0000000000
17239  46.797  -56.467  -20.524 0.0000000000
17240  45.650  -56.563  -20.643 0.0000000000
17241  44.642  -56.592  -20.700 0.0000000000
17242  43.676  -56.567  -20.629 0.0000000000
17243  42.687  -56.387  -20.546 0.0000000000
17244  41.867  -56.171  -20.445 0.0000000000
17252  49.791  -57.110  -21.343 0.0000000000
17253  49.357  -56.831  -21.566 0.0000000000
17254  48.442  -56.619  -21.382 0.0000000000
17255  47.296  -56.716  -21.292 0.0000000000
17256  46.096  -56.830  -21.326 0.0000000000
17257  44.891  -56.873  -21.577 0.0000000000
17258  43.866  -56.792  -21.517 0.0000000000
17259  42.858  -56.624  -21.527 0.0000000000
17260  41.719  -56.326  -21.482 0.0000000000
17261  41.038  -56.157  -22.011 0.0000000000
17275  49.689  -57.331  -21.742 0.0000000000
17276  49.547  -57.247  -21.896 0.0000000000
17277  44.607  -57.044  -22.133 0.0000000000
17278  44.119  -57.010  -22.215 0.0000000000
17279  43.142  -56.932  -22.522 0.0000000000
17280  42.156  -56.677  -22.483 0.0000000000
17281  41.302  -56.342  -22.604 0.0000000000
17295  42.941  -57.107  -23.225 0.0000000000
17296  42.450  -56.939  -23.324 0.0000000000
17297  41.660  -56.630  -23.494 0.0000000000
17308  42.786  -57.170  -23.794 0.0000000000
17309  42.197  -57.033  -24.450 0.0000000000
17310  41.185  -56.526  -24.528 0.0000000000
17322  41.569  -56.802  -25.481 0.0000000000
17323  40.835  -56.293  -25.510 0.0000000000
17333  41.198  -56.426  -26.476 0.0000000000
17334  40.712  -56.059  -26.128 0.0000000000
18119  40.414  -56.371  -12.853 0.0000000000
18120  39.815  -56.061  -12.436 0.0000000000
18121  39.076  -55.224  -12.320 0.0000000000
18135  41.314  -56.295  -13.885 0.0000000000
18136  40.621  -55.811  -13.631 0.0000000000
18137  39.904  -55.430  -13.310 0.0000000000
18151  42.777  -55.318  -14.980 0.0000000000
18152  41.734  -55.596  -14.445 0.0000000000
18153  41.083  -55.148  -14.264 0.0000000000
18167  44.850  -55.788  -16.349 0.0000000000
18168  44.165  -55.412  -16.108 0.0000000000
18169  43.379  -55.280  -15.478 0.0000000000
18177  45.618  -55.776  -17.072 0.0000000000
18178  45.022  -55.511  -16.762 0.0000000000
18179  44.014  -55.075  -16.712 0.0000000000
18181  46.006  -55.832  -18.228 0.0000000000
18182  45.443  -55.709  -17.621 0.0000000000
18183  44.315  -55.398  -17.421 0.0000000000
18184  43.275  -55.146  -17.255 0.0000000000
18185  42.302  -55.067  -17.349 0.0000000000
18186  41.564  -54.774  -17.377 0.0000000000
18187  41.074  -54.441  -17.363 0.0000000000
18196  45.851  -55.935  -18.646 0.0000000000
18197  45.302  -55.894  -18.456 0.0000000000
18198  44.450  -55.781  -18.203 0.0000000000
18199  43.506  -55.650  -18.060 0.0000000000
18200  42.484  -55.598  -18.182 0.0000000000
18201  41.541  -55.321  -18.116 0.0000000000
18202  40.875  -54.875  -17.928 0.0000000000
18213  42.345  -55.914  -18.875 0.0000000000
18214  41.589  -55.740  -19.232 0.0000000000
18215  40.716  -55.187  -18.848 0.0000000000
18224  41.268  -55.855  -20.348 0.0000000000
18225  40.371  -55.265  -20.147 0.0000000000
18226  39.658  -54.868  -20.653 0.0000000000
18236  41.375  -56.047  -20.924 0.0000000000
18237  40.716  -55.792  -21.405 0.0000000000
18238  39.746  -55.137  -21.322 0.0000000000
18252  40.586  -55.934  -22.590 0.0000000000
18253  39.864  -55.317  -22.432 0.0000000000
18270  40.783  -56.224  -23.562 0.0000000000
18271  40.028  -55.575  -23.531 0.0000000000
18284  40.350  -55.838  -24.657 0.0000000000
18285  39.727  -55.141  -24.382 0.0000000000
18298  40.399  -55.668  -25.752 0.0000000000
19069  38.342  -54.732  -11.699 0.0000000000
19083  39.438  -55.038  -13.098 0.0000000000
19084  38.827  -54.420  -12.878 0.0000000000
19106  40.726  -54.753  -14.211 0.0000000000
19107  40.040  -54.651  -13.809 0.0000000000
19108  39.406  -54.221  -13.497 0.0000000000
19125  43.004  -54.580  -15.235 0.0000000000
19126  42.324  -54.320  -14.880 0.0000000000
19127  41.396  -54.452  -14.508 0.0000000000
19139  43.719  -54.860  -16.290 0.0000000000
19140  43.340  -54.438  -15.845 0.0000000000
19146  43.354  -54.654  -16.524 0.0000000000
19147  42.797  -54.028  -16.353 0.0000000000
19148  42.112  -53.761  -16.474 0.0000000000
19149  41.554  -53.633  -16.585 0.0000000000
19157  42.816  -54.652  -16.805 0.0000000000
19158  42.194  -54.435  -16.804 0.0000000000
19159  41.562  -54.183  -16.893 0.0000000000
19160  40.954  -53.904  -16.991 0.0000000000
19161  40.397  -53.791  -17.336 0.0000000000
19171  40.549  -54.291  -17.660 0.0000000000
19172  39.954  -53.941  -17.901 0.0000000000
19180  40.242  -54.559  -18.423 0.0000000000
19181  39.549  -54.046  -18.881 0.0000000000
19189  40.018  -54.767  -19.272 0.0000000000
19190  39.491  -54.421  -20.047 0.0000000000
19207  39.237  -54.420  -21.098 0.0000000000
19225  39.254  -54.451  -22.192 0.0000000000
19240  39.323  -54.588  -23.544 0.0000000000
19250  39.920  -55.066  -25.279 0.0000000000
19251  39.412  -54.358  -24.829 0.0000000000
20051  37.776  -53.812  -11.858 0.0000000000
20072  38.258  -53.540  -12.685 0.0000000000
20073  37.643  -53.145  -12.225 0.0000000000
20095  40.727  -53.713  -14.391 0.0000000000
20096  39.858  -53.544  -13.969 0.0000000000
20097  39.096  -53.439  -13.447 0.0000000000
20113  42.821  -53.990  -15.327 0.0000000000
20114  42.401  -53.421  -15.180 0.0000000000
20115  41.722  -53.437  -14.720 0.0000000000
20126  42.718  -53.649  -15.727 0.0000000000
20127  42.250  -53.094  -15.674 0.0000000000
20139  42.448  -53.418  -16.107 0.0000000000
20140  41.896  -53.149  -16.200 0.0000000000
20141  41.178  -53.216  -16.475 0.0000000000
20142  40.606  -52.993  -16.610 0.0000000000
20151  40.612  -53.449  -16.909 0.0000000000
20152  40.034  -53.240  -17.195 0.0000000000
20158  39.346  -53.306  -18.044 0.0000000000
20159  38.944  -52.924  -18.501 0.0000000000
20164  39.091  -53.385  -18.850 0.0000000000
20165  38.761  -52.890  -19.168 0.0000000000
20173  39.024  -53.591  -19.617 0.0000000000
20174  38.646  -52.883  -20.080 0.0000000000
20187  38.893  -53.678  -20.615 0.0000000000
20188  38.601  -52.816  -21.089 0.0000000000
20198  38.841  -53.615  -21.701 0.0000000000
20199  38.559  -52.673  -22.136 0.0000000000
20210  38.770  -53.455  -22.989 0.0000000000
20211  38.499  -52.370  -23.098 0.0000000000
20221  38.878  -53.416  -24.357 0.0000000000
20222  38.624  -52.762  -23.781 0.0000000000
21069  36.932  -52.167  -11.537 0.0000000000
21091  37.927  -52.509  -12.785 0.0000000000
21092  37.359  -52.430  -12.203 0.0000000000
21110  40.353  -52.869  -14.327 0.0000000000
21111  39.700  -52.476  -13.970 0.0000000000
21112  38.699  -52.472  -13.385 0.0000000000
21124  41.879  -52.751  -15.154 0.0000000000
21125  41.024  -52.573  -14.706 0.0000000000
21126  40.365  -52.287  -14.472 0.0000000000
21141  41.695  -52.734  -15.756 0.0000000000
21142  41.195  -52.358  -15.380 0.0000000000
21160  41.510  -52.861  -16.122 0.0000000000
21161  41.037  -52.596  -16.069 0.0000000000
21162  40.208  -52.452  -16.518 0.0000000000
21173  39.414  -52.479  -17.240 0.0000000000
21174  38.898  -52.154  -17.665 0.0000000000
21181  39.009  -52.656  -17.968 0.0000000000
21182  38.692  -52.235  -18.461 0.0000000000
21188  38.514  -52.114  -19.468 0.0000000000
21198  38.420  -52.017  -20.460 0.0000000000
21215  38.348  -51.920  -21.459 0.0000000000
21231  38.330  -51.764  -22.402 0.0000000000
21243  38.352  -51.491  -23.225 0.0000000000
21257  38.666  -52.509  -24.418 0.0000000000
21258  38.547  -51.933  -23.948 0.0000000000
21275  38.637  -51.911  -24.665 0.0000000000
22178  36.908  -51.236  -11.417 0.0000000000
22193  37.638  -51.871  -12.695 0.0000000000
22194  37.294  -51.467  -12.253 0.0000000000
22207  39.174  -51.348  -13.870 0.0000000000
22208  38.166  -51.521  -13.224 0.0000000000
22209  37.641  -51.386  -12.813 0.0000000000
22227  40.541  -52.078  -14.693 0.0000000000
22228  40.013  -51.653  -14.545 0.0000000000
22249  40.687  -51.834  -15.013 0.0000000000
22250  39.955  -51.272  -15.311 0.0000000000
22268  40.506  -51.950  -15.752 0.0000000000
22269  39.586  -51.544  -16.373 0.0000000000
22270  38.929  -51.270  -16.847 0.0000000000
22281  39.028  -51.816  -17.106 0.0000000000
22282  38.702  -51.397  -17.705 0.0000000000
22290  38.458  -51.321  -18.799 0.0000000000
22302  38.333  -51.224  -19.796 0.0000000000
22320  38.275  -51.034  -20.808 0.0000000000
22339  38.219  -51.067  -21.784 0.0000000000
22349  38.196  -50.932  -22.616 0.0000000000
22363  38.248  -50.777  -23.285 0.0000000000
22377  38.367  -51.059  -23.892 0.0000000000
22395  38.520  -51.352  -24.471 0.0000000000
23354  37.275  -50.486  -11.950 0.0000000000
23371  39.100  -50.727  -14.041 0.0000000000
23372  38.622  -50.424  -13.758 0.0000000000
23373  37.645  -50.654  -12.933 0.0000000000
23391  39.350  -50.494  -14.566 0.0000000000
23392  38.831  -49.906  -14.260 0.0000000000
23415  39.134  -50.475  -15.779 0.0000000000
23416  38.693  -50.017  -16.231 0.0000000000
23432  39.072  -50.939  -16.441 0.0000000000
23433  38.664  -50.459  -16.922 0.0000000000
23444  38.447  -50.450  -18.182 0.0000000000
23455  38.265  -50.437  -19.172 0.0000000000
23468  38.243  -50.353  -20.039 0.0000000000
23489  38.212  -50.180  -20.732 0.0000000000
23508  38.188  -50.420  -21.325 0.0000000000
23523  38.138  -50.250  -22.023 0.0000000000
23540  38.176  -50.142  -22.871 0.0000000000
24527  37.591  -49.677  -12.479 0.0000000000
24546  38.452  -49.285  -13.926 0.0000000000
24547  37.955  -49.639  -13.276 0.0000000000
24565  39.094  -49.962  -15.250 0.0000000000
24566  38.842  -49.452  -14.768 0.0000000000
24587  38.959  -50.026  -15.534 0.0000000000
24588  38.703  -49.596  -15.692 0.0000000000
24603  38.482  -49.477  -16.682 0.0000000000
24616  38.331  -49.555  -17.726 0.0000000000
24627  38.243  -49.551  -18.746 0.0000000000
24628  38.242  -49.221  -18.924 0.0000000000
24643  38.227  -49.679  -19.470 0.0000000000
24644  38.223  -49.279  -19.161 0.0000000000
24663  38.193  -49.555  -20.224 0.0000000000
24682  38.165  -49.561  -21.220 0.0000000000
24704  38.130  -49.371  -22.248 0.0000000000
25670  37.621  -48.919  -12.204 0.0000000000
25690  38.048  -48.251  -12.486 0.0000000000
25691  37.768  -48.903  -12.928 0.0000000000
25712  38.205  -48.236  -13.532 0.0000000000
25713  38.032  -48.991  -13.442 0.0000000000
25732  38.473  -48.497  -14.470 0.0000000000
25755  38.535  -48.608  -15.325 0.0000000000
25772  38.369  -48.640  -16.263 0.0000000000
25784  38.255  -48.647  -17.326 0.0000000000
25795  38.188  -48.783  -18.533 0.0000000000
25796  38.224  -49.067  -18.743 0.0000000000
25810  38.193  -48.961  -19.444 0.0000000000
25811  38.187  -48.989  -18.989 0.0000000000
25825  38.272  -48.675  -20.402 0.0000000000
25847  38.302  -48.593  -21.498 0.0000000000
26781  38.569  -47.261  -12.855 0.0000000000
26800  38.491  -47.328  -13.799 0.0000000000
26815  38.442  -47.723  -14.276 0.0000000000
26836  38.485  -47.767  -14.998 0.0000000000
26852  38.363  -47.802  -15.850 0.0000000000
26864  38.347  -47.784  -16.831 0.0000000000
26875  38.326  -47.793  -17.948 0.0000000000
26885  38.354  -47.893  -19.277 0.0000000000
27897  39.113  -46.629  -13.104 0.0000000000
27912  39.609  -46.205  -13.653 0.0000000000
27913  38.834  -46.669  -13.766 0.0000000000
27926  39.226  -46.177  -14.639 0.0000000000
27927  38.576  -46.958  -14.645 0.0000000000
27946  38.872  -46.474  -15.639 0.0000000000
27947  38.511  -47.163  -15.478 0.0000000000
27961  38.922  -46.460  -16.661 0.0000000000
27962  38.521  -47.055  -16.293 0.0000000000
27974  39.069  -46.434  -17.557 0.0000000000
27975  38.591  -47.025  -17.288 0.0000000000
27989  38.655  -46.963  -18.353 0.0000000000
29133  39.891  -45.839  -14.356 0.0000000000
29150  39.821  -45.755  -14.970 0.0000000000
29173  39.485  -45.888  -15.554 0.0000000000
29193  39.274  -46.062  -16.221 0.0000000000
