#!ascii label  , from subject colin27_FS vox2ras=TkReg
1057
32465  9.158  -41.915  15.791 0.0000000000
32476  5.291  -42.581  14.814 0.0000000000
32483  6.614  -42.492  13.497 0.0000000000
32484  5.833  -42.499  14.198 0.0000000000
32485  5.436  -42.475  14.562 0.0000000000
32492  7.892  -41.983  12.440 0.0000000000
32493  7.306  -42.413  12.849 0.0000000000
33534  11.184  -41.500  16.665 0.0000000000
33535  10.341  -41.486  16.074 0.0000000000
33536  9.675  -41.792  15.896 0.0000000000
33550  10.142  -41.011  15.700 0.0000000000
33551  9.591  -41.262  15.635 0.0000000000
33552  8.610  -41.504  15.516 0.0000000000
33553  7.498  -41.814  15.471 0.0000000000
33554  6.351  -41.966  15.468 0.0000000000
33555  5.518  -41.992  15.359 0.0000000000
33563  5.192  -41.903  14.934 0.0000000000
33569  6.540  -41.828  13.417 0.0000000000
33570  5.961  -41.741  13.756 0.0000000000
33571  5.372  -41.858  14.394 0.0000000000
33578  7.819  -41.342  12.461 0.0000000000
33579  7.103  -41.620  13.018 0.0000000000
33580  6.345  -41.453  13.299 0.0000000000
33588  8.943  -40.956  11.412 0.0000000000
33589  8.416  -41.400  11.918 0.0000000000
34583  11.743  -40.912  16.769 0.0000000000
34600  11.980  -40.303  16.594 0.0000000000
34601  11.265  -40.571  16.156 0.0000000000
34602  10.523  -40.748  15.778 0.0000000000
34626  10.770  -40.139  15.598 0.0000000000
34627  10.030  -40.459  15.431 0.0000000000
34628  9.090  -40.568  15.160 0.0000000000
34629  7.996  -40.961  15.132 0.0000000000
34630  6.947  -41.219  15.116 0.0000000000
34631  6.010  -41.369  15.043 0.0000000000
34632  5.433  -41.397  14.905 0.0000000000
34642  8.372  -40.204  14.792 0.0000000000
34643  7.441  -40.412  14.741 0.0000000000
34644  6.554  -40.712  14.763 0.0000000000
34645  5.824  -40.661  14.619 0.0000000000
34646  5.075  -40.815  14.359 0.0000000000
34647  4.537  -40.233  13.778 0.0000000000
34654  5.866  -41.267  13.375 0.0000000000
34655  5.112  -40.978  13.549 0.0000000000
34656  4.402  -40.074  13.226 0.0000000000
34662  8.077  -40.884  12.287 0.0000000000
34663  7.390  -40.839  12.561 0.0000000000
34664  6.219  -40.796  12.905 0.0000000000
34665  5.060  -40.210  12.765 0.0000000000
34666  4.453  -39.679  12.744 0.0000000000
34674  9.075  -40.181  11.340 0.0000000000
34675  8.470  -40.549  11.864 0.0000000000
35657  12.483  -39.425  16.657 0.0000000000
35658  11.862  -39.945  16.239 0.0000000000
35679  12.290  -38.593  16.094 0.0000000000
35680  11.562  -39.365  15.717 0.0000000000
35681  10.328  -39.418  15.102 0.0000000000
35682  9.689  -39.999  15.070 0.0000000000
35692  9.855  -38.949  14.722 0.0000000000
35693  9.207  -39.464  14.736 0.0000000000
35694  7.989  -39.490  14.521 0.0000000000
35695  6.711  -39.741  14.452 0.0000000000
35696  5.540  -39.678  14.304 0.0000000000
35697  4.645  -39.567  14.072 0.0000000000
35698  4.151  -39.455  13.569 0.0000000000
35706  3.950  -39.393  12.967 0.0000000000
35713  7.880  -40.363  12.221 0.0000000000
35714  7.088  -40.090  12.327 0.0000000000
35715  5.975  -39.791  12.357 0.0000000000
35716  4.963  -39.281  12.264 0.0000000000
35717  4.276  -39.188  12.542 0.0000000000
35724  9.264  -39.216  11.139 0.0000000000
35725  8.192  -39.522  11.896 0.0000000000
35726  6.885  -39.164  12.120 0.0000000000
35727  5.858  -38.941  12.064 0.0000000000
35728  5.301  -38.760  11.972 0.0000000000
36728  13.088  -38.713  17.288 0.0000000000
36736  13.269  -38.027  17.364 0.0000000000
36737  12.882  -38.172  16.667 0.0000000000
36754  12.396  -37.814  16.113 0.0000000000
36755  11.803  -38.089  15.659 0.0000000000
36756  10.992  -38.375  15.191 0.0000000000
36771  10.230  -38.412  14.782 0.0000000000
36772  9.506  -38.432  14.591 0.0000000000
36773  8.595  -38.511  14.435 0.0000000000
36774  7.475  -38.568  14.270 0.0000000000
36775  6.285  -38.600  14.183 0.0000000000
36776  5.187  -38.545  14.094 0.0000000000
36777  4.219  -38.382  13.924 0.0000000000
36778  3.876  -37.764  13.959 0.0000000000
36782  3.836  -38.698  13.315 0.0000000000
36783  3.759  -37.972  13.602 0.0000000000
36786  4.415  -38.780  12.238 0.0000000000
36787  3.926  -38.509  12.604 0.0000000000
36788  3.666  -38.098  13.100 0.0000000000
36790  8.707  -38.359  11.442 0.0000000000
36791  7.632  -38.381  11.827 0.0000000000
36792  6.532  -38.306  11.849 0.0000000000
36793  5.627  -38.288  11.783 0.0000000000
36794  4.875  -38.432  11.889 0.0000000000
36795  4.332  -38.238  12.101 0.0000000000
36798  10.114  -37.976  10.220 0.0000000000
36799  9.561  -38.228  10.846 0.0000000000
37895  13.209  -37.321  17.146 0.0000000000
37896  12.723  -37.177  16.502 0.0000000000
37907  12.066  -37.023  15.871 0.0000000000
37908  11.237  -37.329  15.349 0.0000000000
37909  10.530  -37.584  14.930 0.0000000000
37928  9.906  -37.675  14.641 0.0000000000
37929  9.111  -37.583  14.512 0.0000000000
37930  8.121  -37.525  14.371 0.0000000000
37931  7.009  -37.528  14.315 0.0000000000
37932  5.872  -37.497  14.274 0.0000000000
37933  4.834  -37.448  14.323 0.0000000000
37934  4.106  -37.305  14.210 0.0000000000
37935  3.766  -37.241  13.842 0.0000000000
37938  3.697  -37.380  13.252 0.0000000000
37941  4.125  -37.515  12.186 0.0000000000
37942  3.778  -37.669  12.734 0.0000000000
37944  9.202  -37.302  11.202 0.0000000000
37945  8.196  -37.461  11.556 0.0000000000
37946  7.136  -37.491  11.686 0.0000000000
37947  6.123  -37.520  11.620 0.0000000000
37948  5.231  -37.598  11.647 0.0000000000
37949  4.601  -37.742  11.835 0.0000000000
37952  10.247  -36.996  10.079 0.0000000000
37953  9.797  -37.398  10.622 0.0000000000
39220  13.072  -36.437  16.986 0.0000000000
39221  12.519  -36.303  16.394 0.0000000000
39229  12.029  -36.131  15.955 0.0000000000
39230  11.421  -36.357  15.566 0.0000000000
39231  10.483  -36.583  15.059 0.0000000000
39232  9.594  -36.151  14.805 0.0000000000
39233  9.052  -35.915  14.800 0.0000000000
39255  10.181  -37.174  14.777 0.0000000000
39256  9.693  -36.921  14.673 0.0000000000
39257  8.737  -36.505  14.621 0.0000000000
39258  7.666  -36.582  14.551 0.0000000000
39259  6.580  -36.507  14.580 0.0000000000
39260  5.449  -36.471  14.615 0.0000000000
39261  4.513  -36.431  14.549 0.0000000000
39262  3.902  -36.397  14.193 0.0000000000
39271  3.763  -36.451  13.520 0.0000000000
39276  4.151  -36.796  12.056 0.0000000000
39277  3.883  -36.649  12.621 0.0000000000
39283  9.217  -36.546  11.127 0.0000000000
39284  8.635  -36.591  11.363 0.0000000000
39285  7.684  -36.618  11.539 0.0000000000
39286  6.661  -36.644  11.514 0.0000000000
39287  5.673  -36.680  11.488 0.0000000000
39288  4.677  -36.752  11.682 0.0000000000
39297  10.208  -36.294  10.207 0.0000000000
39298  9.753  -36.437  10.698 0.0000000000
39311  10.434  -36.171  9.694 0.0000000000
40623  12.937  -35.560  16.759 0.0000000000
40624  12.388  -35.493  16.201 0.0000000000
40627  11.760  -35.486  15.735 0.0000000000
40628  10.969  -35.606  15.359 0.0000000000
40629  10.164  -35.606  14.996 0.0000000000
40630  9.374  -35.504  14.824 0.0000000000
40631  8.519  -35.553  14.747 0.0000000000
40632  8.041  -35.168  14.714 0.0000000000
40650  8.089  -36.028  14.689 0.0000000000
40651  7.432  -35.555  14.767 0.0000000000
40652  6.111  -35.496  14.765 0.0000000000
40653  5.010  -35.458  14.849 0.0000000000
40654  4.199  -35.428  14.529 0.0000000000
40655  3.750  -35.415  13.934 0.0000000000
40672  3.828  -35.492  13.084 0.0000000000
40680  4.192  -36.158  11.963 0.0000000000
40681  3.972  -35.530  12.266 0.0000000000
40690  9.128  -35.841  11.120 0.0000000000
40691  8.214  -35.766  11.381 0.0000000000
40692  7.214  -35.765  11.421 0.0000000000
40693  6.217  -35.758  11.339 0.0000000000
40694  5.288  -35.707  11.345 0.0000000000
40695  4.574  -35.576  11.590 0.0000000000
40696  4.212  -35.515  11.852 0.0000000000
40706  10.201  -35.546  10.234 0.0000000000
40707  9.638  -35.536  10.713 0.0000000000
40718  10.513  -35.295  9.389 0.0000000000
42027  13.454  -34.615  17.004 0.0000000000
42028  12.866  -34.905  16.395 0.0000000000
42034  13.214  -34.257  16.192 0.0000000000
42035  12.419  -34.638  15.763 0.0000000000
42036  11.466  -34.749  15.329 0.0000000000
42037  10.637  -34.910  15.119 0.0000000000
42038  9.865  -34.929  14.865 0.0000000000
42039  9.056  -34.929  14.785 0.0000000000
42040  8.410  -34.937  14.709 0.0000000000
42054  11.065  -34.405  14.936 0.0000000000
42055  10.454  -34.327  14.654 0.0000000000
42056  9.567  -34.331  14.476 0.0000000000
42057  8.679  -34.419  14.469 0.0000000000
42058  7.809  -34.625  14.552 0.0000000000
42059  6.732  -34.559  14.592 0.0000000000
42060  5.616  -34.462  14.667 0.0000000000
42061  4.643  -34.433  14.667 0.0000000000
42062  3.969  -34.399  14.291 0.0000000000
42084  3.753  -34.290  13.501 0.0000000000
42097  3.845  -34.547  12.543 0.0000000000
42106  9.315  -35.214  10.892 0.0000000000
42107  8.741  -34.855  11.104 0.0000000000
42108  7.769  -34.979  11.318 0.0000000000
42109  6.787  -34.848  11.249 0.0000000000
42110  5.835  -34.878  11.109 0.0000000000
42111  4.953  -34.533  11.018 0.0000000000
42112  4.219  -34.727  11.716 0.0000000000
42122  10.383  -34.503  9.831 0.0000000000
42123  9.672  -34.638  10.613 0.0000000000
42124  9.082  -34.228  10.891 0.0000000000
42125  6.276  -34.308  10.962 0.0000000000
42126  5.686  -34.124  10.786 0.0000000000
42127  5.268  -33.894  10.725 0.0000000000
42140  10.647  -34.414  8.994 0.0000000000
43449  14.312  -32.992  16.716 0.0000000000
43450  13.942  -33.490  16.527 0.0000000000
43455  13.159  -33.481  15.441 0.0000000000
43456  12.078  -34.082  15.045 0.0000000000
43457  11.477  -34.256  14.967 0.0000000000
43463  13.037  -32.868  14.780 0.0000000000
43464  12.400  -33.264  14.615 0.0000000000
43465  11.318  -33.745  14.540 0.0000000000
43466  10.255  -33.469  14.072 0.0000000000
43467  9.118  -33.707  14.089 0.0000000000
43468  8.176  -33.832  14.139 0.0000000000
43469  7.264  -33.834  14.193 0.0000000000
43470  6.281  -33.377  14.207 0.0000000000
43471  5.141  -33.445  14.509 0.0000000000
43472  4.354  -33.447  14.415 0.0000000000
43473  3.814  -33.401  14.072 0.0000000000
43491  10.134  -32.789  13.727 0.0000000000
43492  9.499  -32.948  13.731 0.0000000000
43493  8.580  -33.079  13.747 0.0000000000
43494  7.673  -33.182  13.816 0.0000000000
43495  7.040  -33.253  13.954 0.0000000000
43496  3.717  -33.250  13.502 0.0000000000
43516  3.756  -33.533  12.828 0.0000000000
43533  8.120  -34.461  11.190 0.0000000000
43534  7.537  -34.269  11.160 0.0000000000
43535  6.842  -34.093  11.032 0.0000000000
43536  4.420  -33.604  11.171 0.0000000000
43537  3.965  -33.664  11.983 0.0000000000
43551  10.090  -33.644  10.109 0.0000000000
43552  9.335  -33.695  10.586 0.0000000000
43553  8.394  -33.829  10.935 0.0000000000
43554  7.353  -33.600  10.794 0.0000000000
43555  6.407  -33.630  10.643 0.0000000000
43556  5.615  -33.464  10.499 0.0000000000
43557  4.993  -33.478  10.622 0.0000000000
43570  10.504  -33.573  9.291 0.0000000000
43579  10.609  -33.615  8.408 0.0000000000
44740  14.237  -32.891  16.457 0.0000000000
44744  14.326  -32.136  16.424 0.0000000000
44745  14.125  -32.546  15.980 0.0000000000
44749  13.605  -32.365  15.008 0.0000000000
44750  12.766  -32.217  14.283 0.0000000000
44751  11.746  -32.835  14.098 0.0000000000
44752  11.050  -33.146  14.072 0.0000000000
44753  6.233  -32.286  14.009 0.0000000000
44754  5.500  -32.450  14.279 0.0000000000
44755  4.703  -32.501  14.432 0.0000000000
44756  4.075  -32.530  14.307 0.0000000000
44762  12.471  -31.646  13.947 0.0000000000
44763  11.928  -31.965  13.831 0.0000000000
44764  10.865  -32.423  13.751 0.0000000000
44765  9.916  -32.222  13.565 0.0000000000
44766  9.018  -32.256  13.511 0.0000000000
44767  8.062  -32.340  13.584 0.0000000000
44768  7.050  -32.508  13.799 0.0000000000
44769  3.740  -32.527  13.853 0.0000000000
44780  3.897  -32.245  12.394 0.0000000000
44781  3.729  -32.543  13.082 0.0000000000
44793  4.137  -32.594  11.588 0.0000000000
44794  3.838  -32.915  12.354 0.0000000000
44807  9.578  -33.062  10.117 0.0000000000
44808  8.857  -33.013  10.376 0.0000000000
44809  7.951  -32.979  10.476 0.0000000000
44810  7.054  -32.964  10.327 0.0000000000
44811  6.200  -32.876  10.187 0.0000000000
44812  5.423  -32.723  10.210 0.0000000000
44813  4.693  -32.492  10.533 0.0000000000
44825  10.063  -32.708  9.467 0.0000000000
44826  9.298  -32.462  9.796 0.0000000000
44827  8.423  -32.367  9.948 0.0000000000
44828  7.616  -32.445  10.029 0.0000000000
44829  6.885  -32.314  9.808 0.0000000000
44830  6.017  -32.188  9.659 0.0000000000
44831  5.264  -31.902  9.687 0.0000000000
44841  10.428  -32.758  8.627 0.0000000000
44850  10.502  -32.834  7.563 0.0000000000
45925  14.227  -31.768  16.269 0.0000000000
45926  14.048  -31.380  15.632 0.0000000000
45932  13.561  -31.325  14.649 0.0000000000
45933  12.915  -31.199  14.038 0.0000000000
45934  5.843  -31.528  14.092 0.0000000000
45935  5.066  -31.550  14.418 0.0000000000
45936  4.366  -31.643  14.400 0.0000000000
45937  3.873  -31.744  14.165 0.0000000000
45942  12.226  -31.187  13.726 0.0000000000
45943  11.389  -31.355  13.610 0.0000000000
45944  10.464  -31.434  13.505 0.0000000000
45945  9.529  -31.411  13.441 0.0000000000
45946  8.563  -31.430  13.453 0.0000000000
45947  7.578  -31.484  13.587 0.0000000000
45948  6.662  -31.523  13.808 0.0000000000
45949  3.753  -31.773  13.602 0.0000000000
45955  4.098  -31.562  12.061 0.0000000000
45956  3.828  -31.634  12.940 0.0000000000
45960  4.384  -31.591  10.940 0.0000000000
45968  4.709  -31.396  9.867 0.0000000000
45977  9.990  -32.317  9.202 0.0000000000
45978  9.699  -32.141  9.241 0.0000000000
45979  8.928  -31.808  9.336 0.0000000000
45980  7.793  -31.762  9.439 0.0000000000
45981  6.742  -31.654  9.240 0.0000000000
45982  5.894  -31.506  9.066 0.0000000000
45983  5.224  -31.069  8.912 0.0000000000
45991  10.108  -32.165  8.894 0.0000000000
45992  9.534  -31.659  8.619 0.0000000000
45993  8.492  -31.191  8.466 0.0000000000
45994  7.435  -31.226  8.700 0.0000000000
45995  6.567  -31.171  8.572 0.0000000000
45996  5.827  -31.020  8.404 0.0000000000
45997  5.453  -30.742  8.308 0.0000000000
46005  10.239  -31.899  8.049 0.0000000000
46006  9.345  -31.147  7.608 0.0000000000
46007  8.706  -30.918  7.819 0.0000000000
46015  10.121  -31.751  6.831 0.0000000000
46016  9.489  -31.025  6.604 0.0000000000
46025  9.693  -31.262  5.809 0.0000000000
47009  13.963  -30.261  16.108 0.0000000000
47015  13.871  -30.330  15.174 0.0000000000
47016  13.356  -30.346  14.378 0.0000000000
47017  6.321  -30.773  13.939 0.0000000000
47018  5.604  -30.621  14.248 0.0000000000
47019  4.715  -30.623  14.454 0.0000000000
47020  4.065  -31.052  14.368 0.0000000000
47027  12.641  -30.397  13.840 0.0000000000
47028  11.840  -30.507  13.582 0.0000000000
47029  10.993  -30.585  13.509 0.0000000000
47030  10.096  -30.578  13.466 0.0000000000
47031  9.130  -30.524  13.463 0.0000000000
47032  8.108  -30.536  13.531 0.0000000000
47033  7.118  -30.537  13.709 0.0000000000
47034  4.198  -30.333  14.192 0.0000000000
47035  3.797  -31.072  13.896 0.0000000000
47042  4.194  -30.594  13.059 0.0000000000
47043  3.816  -31.242  13.414 0.0000000000
47048  4.450  -30.734  11.526 0.0000000000
47053  4.543  -30.663  10.283 0.0000000000
47057  4.762  -30.496  9.173 0.0000000000
47061  7.818  -30.958  8.248 0.0000000000
47062  7.228  -30.877  8.097 0.0000000000
47063  6.427  -30.791  7.927 0.0000000000
47064  5.745  -30.610  7.845 0.0000000000
47065  5.174  -30.308  8.080 0.0000000000
47069  8.757  -30.804  7.494 0.0000000000
47070  8.087  -30.723  7.667 0.0000000000
47071  7.083  -30.598  7.411 0.0000000000
47072  6.271  -30.465  7.273 0.0000000000
47073  5.609  -30.170  7.202 0.0000000000
47074  5.226  -30.013  7.431 0.0000000000
47077  8.737  -30.633  6.864 0.0000000000
47078  7.722  -30.406  6.799 0.0000000000
47079  6.836  -30.321  6.756 0.0000000000
47080  6.116  -30.110  6.613 0.0000000000
47081  5.733  -30.046  6.776 0.0000000000
47085  9.120  -30.627  5.936 0.0000000000
47086  8.270  -30.286  5.896 0.0000000000
47087  7.274  -30.141  6.188 0.0000000000
47088  6.660  -30.095  6.343 0.0000000000
47093  9.270  -30.577  5.011 0.0000000000
47094  8.839  -30.336  5.466 0.0000000000
48012  13.950  -29.322  15.782 0.0000000000
48015  13.621  -29.379  14.857 0.0000000000
48016  12.944  -29.485  14.157 0.0000000000
48017  8.065  -29.250  13.842 0.0000000000
48018  7.584  -29.177  14.051 0.0000000000
48019  6.652  -29.733  14.107 0.0000000000
48020  5.512  -29.640  14.485 0.0000000000
48021  4.834  -29.596  14.430 0.0000000000
48026  12.191  -29.694  13.735 0.0000000000
48027  11.478  -29.842  13.589 0.0000000000
48028  10.684  -29.817  13.575 0.0000000000
48029  9.780  -29.735  13.611 0.0000000000
48030  8.712  -29.518  13.699 0.0000000000
48031  7.607  -29.797  13.759 0.0000000000
48032  7.102  -30.001  13.808 0.0000000000
48033  4.945  -29.039  13.909 0.0000000000
48034  4.685  -29.394  13.972 0.0000000000
48041  5.139  -29.113  13.496 0.0000000000
48042  4.788  -29.637  13.054 0.0000000000
48049  5.371  -29.194  12.518 0.0000000000
48050  4.865  -29.944  12.069 0.0000000000
48055  5.398  -29.271  11.393 0.0000000000
48056  4.856  -29.965  10.846 0.0000000000
48060  5.210  -29.253  10.374 0.0000000000
48061  4.790  -29.705  9.624 0.0000000000
48065  4.788  -29.680  8.530 0.0000000000
48068  5.318  -29.914  7.125 0.0000000000
48069  5.062  -29.554  7.390 0.0000000000
48072  6.027  -29.935  6.316 0.0000000000
48073  5.586  -29.830  6.534 0.0000000000
48074  5.026  -29.151  6.335 0.0000000000
48078  8.194  -30.030  5.502 0.0000000000
48079  7.719  -29.904  5.562 0.0000000000
48080  6.494  -29.796  5.843 0.0000000000
48081  5.503  -29.306  5.476 0.0000000000
48082  5.001  -28.761  5.624 0.0000000000
48087  9.022  -30.179  4.810 0.0000000000
48088  8.531  -29.976  5.061 0.0000000000
48089  7.476  -29.427  4.836 0.0000000000
48090  6.373  -29.244  4.846 0.0000000000
48091  5.722  -28.898  4.677 0.0000000000
48096  9.087  -30.092  4.376 0.0000000000
48097  8.461  -29.445  4.046 0.0000000000
48098  7.660  -29.031  4.048 0.0000000000
48104  8.745  -29.195  3.001 0.0000000000
49026  13.704  -28.368  15.474 0.0000000000
49027  6.678  -28.110  15.005 0.0000000000
49028  6.070  -28.086  15.274 0.0000000000
49029  5.690  -27.839  15.383 0.0000000000
49032  13.117  -28.528  14.635 0.0000000000
49033  12.165  -28.728  14.095 0.0000000000
49034  11.129  -28.394  14.099 0.0000000000
49035  10.191  -28.388  14.127 0.0000000000
49036  9.360  -28.435  14.192 0.0000000000
49037  8.391  -28.655  14.135 0.0000000000
49038  7.252  -28.551  14.492 0.0000000000
49039  6.223  -28.741  14.650 0.0000000000
49040  5.538  -28.501  14.584 0.0000000000
49041  4.946  -29.075  14.353 0.0000000000
49044  11.803  -29.342  13.744 0.0000000000
49045  11.297  -29.175  13.763 0.0000000000
49046  10.452  -29.061  13.796 0.0000000000
49047  9.593  -28.976  13.849 0.0000000000
49048  9.021  -28.871  13.937 0.0000000000
49049  5.310  -28.660  14.046 0.0000000000
49050  5.011  -28.864  14.374 0.0000000000
49054  6.106  -28.062  12.583 0.0000000000
49055  5.727  -28.472  13.073 0.0000000000
49060  6.197  -27.903  12.266 0.0000000000
49061  5.989  -28.389  11.958 0.0000000000
49066  5.689  -28.497  10.723 0.0000000000
49072  5.275  -28.634  9.442 0.0000000000
49073  4.834  -29.182  8.929 0.0000000000
49080  5.284  -28.206  8.699 0.0000000000
49081  4.918  -28.708  8.189 0.0000000000
49089  4.972  -28.664  7.020 0.0000000000
49096  4.915  -28.401  6.142 0.0000000000
49101  5.167  -28.610  4.927 0.0000000000
49102  4.871  -28.132  5.341 0.0000000000
49107  7.011  -28.949  4.313 0.0000000000
49108  6.333  -28.698  4.181 0.0000000000
49109  5.562  -28.328  4.136 0.0000000000
49110  5.007  -27.889  4.520 0.0000000000
49116  8.088  -28.882  3.499 0.0000000000
49117  7.235  -28.485  3.573 0.0000000000
49118  6.262  -28.238  3.540 0.0000000000
49119  5.681  -27.886  3.493 0.0000000000
49125  8.120  -28.472  2.763 0.0000000000
49126  7.404  -28.097  2.835 0.0000000000
50145  13.776  -27.433  16.121 0.0000000000
50146  6.342  -27.235  16.215 0.0000000000
50147  5.772  -27.116  16.440 0.0000000000
50148  5.138  -26.849  16.641 0.0000000000
50149  4.833  -26.586  16.770 0.0000000000
50154  13.051  -27.420  15.181 0.0000000000
50155  12.414  -27.015  15.130 0.0000000000
50156  9.558  -27.387  14.823 0.0000000000
50157  8.829  -27.293  15.095 0.0000000000
50158  7.837  -27.335  15.400 0.0000000000
50159  6.768  -27.510  15.641 0.0000000000
50160  5.925  -27.617  15.878 0.0000000000
50161  5.307  -27.322  15.733 0.0000000000
50162  4.887  -26.677  16.408 0.0000000000
50166  12.591  -28.015  14.601 0.0000000000
50167  11.854  -27.472  14.657 0.0000000000
50168  10.694  -27.709  14.453 0.0000000000
50169  9.849  -27.836  14.467 0.0000000000
50170  9.028  -27.888  14.548 0.0000000000
50171  8.098  -27.849  14.696 0.0000000000
50172  7.314  -27.838  15.023 0.0000000000
50173  5.478  -27.545  14.636 0.0000000000
50177  6.024  -27.297  13.165 0.0000000000
50178  5.753  -27.786  13.679 0.0000000000
50181  6.207  -27.541  12.578 0.0000000000
50182  6.064  -27.854  13.043 0.0000000000
50190  6.222  -27.548  12.026 0.0000000000
50191  6.111  -27.588  11.231 0.0000000000
50199  5.931  -27.675  10.105 0.0000000000
50206  5.683  -27.710  9.083 0.0000000000
50213  5.378  -27.773  8.121 0.0000000000
50214  5.051  -28.132  7.427 0.0000000000
50222  5.360  -27.625  7.123 0.0000000000
50223  4.992  -27.981  6.682 0.0000000000
50232  5.164  -27.498  6.458 0.0000000000
50233  4.945  -27.653  5.904 0.0000000000
50242  4.796  -27.368  4.998 0.0000000000
50248  5.260  -27.699  3.833 0.0000000000
50249  4.863  -27.091  3.924 0.0000000000
50253  6.824  -27.999  3.081 0.0000000000
50254  6.162  -27.754  2.934 0.0000000000
50255  5.363  -27.304  3.038 0.0000000000
50256  4.884  -26.575  2.903 0.0000000000
50261  7.745  -27.998  2.334 0.0000000000
50262  7.010  -27.626  2.376 0.0000000000
50263  6.038  -27.224  2.195 0.0000000000
50264  5.183  -26.621  2.105 0.0000000000
50265  4.781  -26.347  2.347 0.0000000000
50273  5.816  -26.728  1.495 0.0000000000
50274  5.301  -26.486  1.485 0.0000000000
51403  13.798  -26.333  16.981 0.0000000000
51404  7.760  -25.894  17.372 0.0000000000
51405  7.260  -26.028  17.422 0.0000000000
51406  6.216  -26.143  17.424 0.0000000000
51407  5.304  -26.152  17.420 0.0000000000
51408  4.725  -26.079  17.290 0.0000000000
51416  13.916  -26.836  16.633 0.0000000000
51417  13.274  -26.479  16.263 0.0000000000
51418  12.342  -26.145  16.026 0.0000000000
51419  11.418  -26.033  16.000 0.0000000000
51420  10.387  -26.109  16.146 0.0000000000
51421  9.246  -26.173  16.420 0.0000000000
51422  8.009  -26.151  16.945 0.0000000000
51423  6.642  -26.619  16.730 0.0000000000
51424  5.612  -26.610  17.027 0.0000000000
51425  4.917  -26.502  17.084 0.0000000000
51426  4.581  -26.249  16.741 0.0000000000
51433  12.645  -26.703  15.548 0.0000000000
51434  11.910  -26.622  15.342 0.0000000000
51435  10.990  -26.531  15.428 0.0000000000
51436  9.832  -26.764  15.386 0.0000000000
51437  8.531  -26.701  15.858 0.0000000000
51438  7.419  -26.858  16.111 0.0000000000
51439  6.782  -27.065  16.186 0.0000000000
51440  5.207  -26.961  15.280 0.0000000000
51441  4.825  -26.341  15.729 0.0000000000
51447  11.430  -26.881  15.039 0.0000000000
51448  10.850  -27.057  14.898 0.0000000000
51449  10.173  -27.318  14.773 0.0000000000
51450  5.200  -26.626  14.812 0.0000000000
51451  4.900  -25.911  14.875 0.0000000000
51456  5.962  -26.872  13.146 0.0000000000
51457  5.656  -26.808  13.797 0.0000000000
51462  6.167  -26.965  12.690 0.0000000000
51463  5.781  -26.487  12.915 0.0000000000
51473  6.213  -27.169  12.303 0.0000000000
51474  6.049  -26.676  11.975 0.0000000000
51482  6.124  -26.619  10.766 0.0000000000
51489  6.392  -26.469  9.065 0.0000000000
51490  6.178  -26.767  9.623 0.0000000000
51500  6.498  -26.684  8.323 0.0000000000
51501  6.033  -27.127  8.639 0.0000000000
51511  6.763  -26.643  6.959 0.0000000000
51512  6.455  -26.829  7.273 0.0000000000
51513  5.911  -27.229  7.650 0.0000000000
51524  6.888  -26.562  6.689 0.0000000000
51525  6.325  -26.598  6.254 0.0000000000
51526  5.573  -27.059  6.481 0.0000000000
51527  5.113  -27.269  6.121 0.0000000000
51542  5.923  -26.417  5.639 0.0000000000
51543  5.474  -26.497  5.451 0.0000000000
51544  5.002  -26.993  5.632 0.0000000000
51552  9.443  -26.210  3.712 0.0000000000
51553  9.187  -26.322  3.825 0.0000000000
51554  5.195  -26.270  4.847 0.0000000000
51555  4.937  -26.520  4.652 0.0000000000
51562  9.364  -26.155  3.423 0.0000000000
51563  9.235  -26.270  3.591 0.0000000000
51564  4.757  -26.252  3.519 0.0000000000
51571  4.704  -26.235  1.957 0.0000000000
51572  4.561  -26.030  2.457 0.0000000000
51578  5.453  -26.368  0.986 0.0000000000
51579  4.896  -26.214  1.359 0.0000000000
51580  4.617  -25.850  1.572 0.0000000000
51589  4.718  -25.824  1.045 0.0000000000
52617  9.872  -25.299  27.343 0.0000000000
52718  13.655  -25.124  18.018 0.0000000000
52726  13.394  -25.584  17.391 0.0000000000
52727  12.385  -25.228  17.228 0.0000000000
52728  11.400  -25.171  17.314 0.0000000000
52729  10.385  -25.199  17.511 0.0000000000
52730  9.316  -25.236  17.683 0.0000000000
52731  8.075  -25.506  17.576 0.0000000000
52732  6.836  -25.474  17.538 0.0000000000
52733  5.797  -25.614  17.402 0.0000000000
52734  5.024  -25.662  17.350 0.0000000000
52735  4.625  -25.594  17.013 0.0000000000
52743  12.694  -25.767  16.672 0.0000000000
52744  11.874  -25.603  16.627 0.0000000000
52745  10.893  -25.610  16.753 0.0000000000
52746  9.843  -25.673  16.966 0.0000000000
52747  8.794  -25.733  17.159 0.0000000000
52748  8.307  -25.817  17.275 0.0000000000
52749  4.553  -25.488  16.227 0.0000000000
52758  4.573  -25.326  15.238 0.0000000000
52769  5.154  -26.095  14.225 0.0000000000
52770  4.718  -25.282  14.126 0.0000000000
52781  5.259  -25.913  13.422 0.0000000000
52782  4.720  -25.161  12.950 0.0000000000
52790  5.413  -25.787  12.469 0.0000000000
52791  4.939  -25.132  12.105 0.0000000000
52801  5.587  -25.575  11.459 0.0000000000
52802  4.964  -24.767  11.582 0.0000000000
52813  6.667  -25.361  9.903 0.0000000000
52814  6.211  -25.543  10.289 0.0000000000
52823  9.794  -25.059  8.953 0.0000000000
52824  9.372  -25.249  8.971 0.0000000000
52825  8.293  -25.423  8.954 0.0000000000
52826  6.969  -25.734  9.239 0.0000000000
52827  6.438  -26.134  9.557 0.0000000000
52839  9.877  -25.152  8.544 0.0000000000
52840  9.077  -25.593  8.215 0.0000000000
52841  7.877  -25.988  8.134 0.0000000000
52842  7.018  -26.446  7.952 0.0000000000
52854  10.268  -25.316  7.174 0.0000000000
52855  10.098  -25.405  7.445 0.0000000000
52856  8.611  -26.129  7.139 0.0000000000
52857  7.311  -26.404  7.227 0.0000000000
52858  6.874  -26.591  7.361 0.0000000000
52870  10.248  -25.366  6.915 0.0000000000
52871  9.689  -25.821  6.297 0.0000000000
52872  8.376  -26.267  6.099 0.0000000000
52873  7.225  -26.459  6.303 0.0000000000
52874  6.594  -26.504  6.023 0.0000000000
52892  9.695  -25.904  5.070 0.0000000000
52893  8.733  -26.313  5.262 0.0000000000
52894  7.443  -26.379  5.386 0.0000000000
52895  6.348  -26.375  5.546 0.0000000000
52896  5.765  -26.316  5.344 0.0000000000
52914  9.808  -25.918  4.125 0.0000000000
52915  8.984  -26.368  4.146 0.0000000000
52916  7.624  -26.247  4.431 0.0000000000
52917  6.450  -26.056  4.660 0.0000000000
52918  5.519  -26.090  4.840 0.0000000000
52919  5.065  -26.144  4.631 0.0000000000
52929  9.572  -25.785  3.168 0.0000000000
52930  8.859  -26.129  3.225 0.0000000000
52931  7.675  -25.917  3.445 0.0000000000
52932  6.541  -25.729  3.759 0.0000000000
52933  5.601  -25.694  3.949 0.0000000000
52934  4.954  -25.915  4.147 0.0000000000
52943  8.877  -25.786  2.146 0.0000000000
52944  7.481  -25.432  2.259 0.0000000000
52945  6.512  -25.337  2.864 0.0000000000
52946  5.680  -25.354  3.123 0.0000000000
52947  4.980  -25.575  2.985 0.0000000000
52955  9.042  -25.499  1.179 0.0000000000
52956  8.060  -25.333  1.290 0.0000000000
52957  4.745  -25.456  1.856 0.0000000000
52962  9.143  -25.300  0.340 0.0000000000
52963  8.414  -25.239  0.454 0.0000000000
52965  4.699  -25.381  0.796 0.0000000000
53911  6.688  -23.956  31.325 0.0000000000
53924  7.838  -25.167  30.202 0.0000000000
53925  7.321  -24.428  30.492 0.0000000000
53926  6.835  -23.925  30.768 0.0000000000
53943  8.140  -24.792  29.628 0.0000000000
53944  7.676  -24.300  29.777 0.0000000000
53966  9.285  -24.968  28.186 0.0000000000
53967  8.709  -24.589  28.620 0.0000000000
53985  10.029  -24.926  27.126 0.0000000000
53986  9.527  -24.521  27.583 0.0000000000
53987  8.712  -23.852  28.008 0.0000000000
53999  10.240  -24.517  26.650 0.0000000000
54000  9.790  -23.792  26.875 0.0000000000
54012  11.187  -24.293  25.115 0.0000000000
54013  10.746  -24.305  25.769 0.0000000000
54022  11.448  -24.218  24.617 0.0000000000
54078  13.922  -23.855  19.194 0.0000000000
54090  13.604  -24.402  18.494 0.0000000000
54091  12.465  -24.070  18.141 0.0000000000
54092  11.447  -24.013  18.162 0.0000000000
54093  10.483  -24.002  18.285 0.0000000000
54094  9.672  -23.970  18.286 0.0000000000
54095  9.333  -23.820  18.198 0.0000000000
54104  13.404  -24.973  17.925 0.0000000000
54105  12.900  -24.767  17.761 0.0000000000
54106  11.918  -24.620  17.715 0.0000000000
54107  10.915  -24.616  17.867 0.0000000000
54108  9.929  -24.609  18.054 0.0000000000
54109  8.895  -24.333  18.028 0.0000000000
54110  7.525  -24.440  17.375 0.0000000000
54111  6.289  -24.929  17.306 0.0000000000
54112  5.385  -25.174  17.178 0.0000000000
54113  4.934  -25.331  17.104 0.0000000000
54121  7.217  -23.856  16.954 0.0000000000
54122  6.656  -24.212  16.870 0.0000000000
54123  5.791  -24.589  16.799 0.0000000000
54124  4.957  -24.809  16.603 0.0000000000
54132  4.639  -24.548  15.593 0.0000000000
54145  4.422  -24.394  14.576 0.0000000000
54160  4.309  -24.304  13.463 0.0000000000
54175  4.428  -24.299  12.238 0.0000000000
54190  5.426  -24.797  11.064 0.0000000000
54191  4.825  -24.038  11.256 0.0000000000
54212  8.115  -24.482  10.263 0.0000000000
54213  6.865  -24.799  10.204 0.0000000000
54214  5.648  -24.240  10.738 0.0000000000
54215  5.112  -23.695  10.986 0.0000000000
54233  8.814  -24.952  9.597 0.0000000000
54234  7.677  -25.140  9.678 0.0000000000
54235  7.138  -25.240  9.720 0.0000000000
54314  6.640  -24.993  1.735 0.0000000000
54315  6.247  -24.981  2.057 0.0000000000
54316  5.641  -25.094  2.408 0.0000000000
54317  5.299  -25.283  2.630 0.0000000000
54327  6.927  -24.987  1.268 0.0000000000
54328  6.073  -24.694  1.369 0.0000000000
54329  5.465  -24.807  1.680 0.0000000000
54330  5.091  -25.134  2.131 0.0000000000
54338  7.333  -24.874  0.447 0.0000000000
54339  6.174  -24.612  0.550 0.0000000000
54340  5.345  -24.577  0.835 0.0000000000
54341  4.869  -24.900  1.271 0.0000000000
55303  6.951  -23.889  30.437 0.0000000000
55304  6.428  -23.488  30.662 0.0000000000
55305  5.601  -22.727  30.701 0.0000000000
55321  7.981  -24.219  29.294 0.0000000000
55322  7.195  -23.730  29.719 0.0000000000
55323  6.023  -22.938  29.662 0.0000000000
55324  5.359  -22.670  30.100 0.0000000000
55341  7.996  -23.716  28.692 0.0000000000
55342  7.036  -22.914  28.592 0.0000000000
55343  6.207  -22.668  28.860 0.0000000000
55363  9.076  -23.344  27.270 0.0000000000
55364  8.059  -23.121  27.820 0.0000000000
55365  7.407  -22.713  27.823 0.0000000000
55382  10.213  -23.478  26.115 0.0000000000
55383  9.577  -23.172  26.580 0.0000000000
55396  11.280  -23.796  24.838 0.0000000000
55397  10.880  -23.347  25.146 0.0000000000
55407  11.433  -23.386  24.357 0.0000000000
55408  11.027  -22.876  24.603 0.0000000000
55418  12.032  -23.523  23.626 0.0000000000
55452  13.864  -23.246  20.540 0.0000000000
55460  13.937  -23.439  19.785 0.0000000000
55469  13.467  -23.440  19.086 0.0000000000
55470  12.836  -23.454  18.610 0.0000000000
55471  11.946  -23.368  18.430 0.0000000000
55472  11.015  -23.307  18.392 0.0000000000
55473  10.015  -23.257  18.346 0.0000000000
55474  9.547  -23.610  18.260 0.0000000000
55487  9.644  -22.841  18.250 0.0000000000
55488  9.254  -23.296  18.097 0.0000000000
55489  8.439  -23.445  17.582 0.0000000000
55501  7.687  -23.369  17.074 0.0000000000
55502  6.977  -23.294  16.494 0.0000000000
55503  6.108  -23.903  16.350 0.0000000000
55504  5.540  -24.306  16.362 0.0000000000
55515  6.761  -22.765  16.148 0.0000000000
55516  6.339  -23.127  15.914 0.0000000000
55517  5.416  -23.759  15.711 0.0000000000
55526  4.716  -23.576  14.871 0.0000000000
55528  4.221  -23.372  13.976 0.0000000000
55531  4.108  -23.280  12.879 0.0000000000
55535  8.276  -23.166  11.360 0.0000000000
55536  7.649  -23.037  11.265 0.0000000000
55537  4.366  -23.187  11.824 0.0000000000
55543  8.686  -23.806  10.858 0.0000000000
55544  7.393  -23.572  10.844 0.0000000000
55545  6.149  -23.577  10.705 0.0000000000
55546  5.334  -23.383  10.922 0.0000000000
55547  4.823  -23.203  11.163 0.0000000000
56611  5.232  -22.548  29.639 0.0000000000
56628  6.250  -22.437  28.305 0.0000000000
56629  5.494  -22.417  28.814 0.0000000000
56630  4.671  -22.256  29.266 0.0000000000
56648  8.373  -22.732  27.107 0.0000000000
56649  7.632  -22.491  27.266 0.0000000000
56650  6.770  -22.343  27.596 0.0000000000
56651  5.644  -21.985  27.589 0.0000000000
56652  4.670  -21.950  28.299 0.0000000000
56670  9.654  -22.743  26.049 0.0000000000
56671  8.914  -22.556  26.467 0.0000000000
56672  7.965  -22.265  26.579 0.0000000000
56673  6.968  -21.957  26.559 0.0000000000
56674  6.306  -21.941  27.041 0.0000000000
56687  10.101  -22.625  25.429 0.0000000000
56688  9.163  -22.070  25.448 0.0000000000
56689  8.182  -21.956  25.896 0.0000000000
56690  7.580  -21.916  26.140 0.0000000000
56704  11.111  -22.616  24.220 0.0000000000
56705  10.471  -22.280  24.522 0.0000000000
56706  9.806  -22.140  24.992 0.0000000000
56718  12.402  -22.934  23.095 0.0000000000
56719  11.566  -22.399  23.556 0.0000000000
56720  10.958  -22.214  23.963 0.0000000000
56728  13.355  -23.076  21.803 0.0000000000
56729  12.666  -22.385  22.311 0.0000000000
56730  12.111  -22.318  22.927 0.0000000000
56744  13.525  -22.773  21.051 0.0000000000
56745  13.121  -22.437  21.554 0.0000000000
56754  13.481  -22.640  20.296 0.0000000000
56755  13.095  -22.192  19.901 0.0000000000
56764  13.324  -22.754  19.532 0.0000000000
56765  12.635  -22.254  19.341 0.0000000000
56766  11.984  -22.153  18.917 0.0000000000
56777  12.996  -22.858  18.978 0.0000000000
56778  12.347  -22.757  18.763 0.0000000000
56779  11.551  -22.652  18.606 0.0000000000
56780  10.714  -22.518  18.501 0.0000000000
56781  9.968  -22.364  18.374 0.0000000000
56798  9.412  -22.393  18.130 0.0000000000
56799  8.846  -22.528  17.787 0.0000000000
56800  8.209  -22.523  17.339 0.0000000000
56812  7.620  -22.471  16.800 0.0000000000
56813  7.114  -22.328  16.316 0.0000000000
56820  6.623  -22.290  15.880 0.0000000000
56821  5.928  -22.478  15.347 0.0000000000
56822  5.200  -22.892  15.007 0.0000000000
56825  5.387  -22.154  14.800 0.0000000000
56826  4.755  -22.455  14.332 0.0000000000
56829  4.289  -22.330  13.423 0.0000000000
56836  4.244  -22.218  12.453 0.0000000000
56842  7.775  -22.573  11.688 0.0000000000
56843  6.824  -22.260  11.504 0.0000000000
56844  5.837  -22.136  11.403 0.0000000000
56845  4.770  -22.154  11.454 0.0000000000
56849  7.198  -22.850  11.244 0.0000000000
56850  6.449  -22.857  11.081 0.0000000000
56851  5.538  -22.811  11.039 0.0000000000
56852  5.034  -22.856  11.027 0.0000000000
58058  5.230  -21.668  26.934 0.0000000000
58059  4.709  -21.615  27.322 0.0000000000
58080  6.446  -21.671  25.927 0.0000000000
58081  5.791  -21.644  26.410 0.0000000000
58082  4.894  -21.449  26.503 0.0000000000
58083  4.275  -21.177  26.814 0.0000000000
58101  8.778  -21.676  24.865 0.0000000000
58102  8.167  -21.646  25.095 0.0000000000
58103  7.121  -21.633  25.481 0.0000000000
58104  5.982  -21.522  25.329 0.0000000000
58105  5.019  -21.216  25.542 0.0000000000
58106  4.641  -21.165  26.240 0.0000000000
58118  10.043  -21.695  24.077 0.0000000000
58119  9.387  -21.683  24.492 0.0000000000
58120  8.338  -21.450  24.359 0.0000000000
58121  7.348  -21.423  24.416 0.0000000000
58122  6.351  -21.408  24.449 0.0000000000
58123  5.557  -21.212  24.439 0.0000000000
58139  11.285  -21.763  23.204 0.0000000000
58140  10.650  -21.614  23.500 0.0000000000
58141  9.605  -21.361  23.685 0.0000000000
58142  8.708  -21.266  23.748 0.0000000000
58143  7.653  -21.134  23.493 0.0000000000
58144  6.609  -21.249  23.653 0.0000000000
58145  5.891  -21.179  23.557 0.0000000000
58161  12.320  -21.740  22.064 0.0000000000
58162  11.705  -21.664  22.633 0.0000000000
58163  11.160  -21.521  23.016 0.0000000000
58164  7.310  -20.864  22.882 0.0000000000
58165  6.683  -21.026  22.976 0.0000000000
58166  6.149  -21.150  23.117 0.0000000000
58178  13.188  -22.232  21.084 0.0000000000
58179  12.715  -21.840  21.446 0.0000000000
58180  11.990  -21.359  21.713 0.0000000000
58192  13.319  -22.380  20.748 0.0000000000
58193  13.015  -21.974  20.573 0.0000000000
58194  12.190  -21.363  20.657 0.0000000000
58207  12.626  -21.774  19.966 0.0000000000
58208  11.887  -21.567  19.553 0.0000000000
58209  10.921  -21.246  19.353 0.0000000000
58210  10.164  -21.060  19.151 0.0000000000
58226  11.288  -21.887  18.815 0.0000000000
58227  10.456  -21.708  18.715 0.0000000000
58228  9.576  -21.451  18.543 0.0000000000
58229  8.903  -21.299  18.314 0.0000000000
58244  9.072  -21.849  18.069 0.0000000000
58245  8.544  -21.616  17.772 0.0000000000
58246  7.929  -21.642  17.263 0.0000000000
58250  7.446  -21.576  16.725 0.0000000000
58251  6.927  -21.501  16.236 0.0000000000
58254  6.410  -21.459  15.642 0.0000000000
58255  5.774  -21.447  15.079 0.0000000000
58259  5.196  -21.433  14.475 0.0000000000
58260  4.614  -21.410  13.849 0.0000000000
58264  4.282  -21.295  13.075 0.0000000000
58273  8.126  -21.404  12.534 0.0000000000
58274  7.223  -21.135  12.291 0.0000000000
58275  4.435  -21.191  12.290 0.0000000000
58284  8.269  -22.086  12.236 0.0000000000
58285  7.425  -21.811  12.007 0.0000000000
58286  6.380  -21.419  11.834 0.0000000000
58287  5.368  -21.346  11.656 0.0000000000
58288  4.801  -21.025  11.853 0.0000000000
59593  4.983  -20.187  25.570 0.0000000000
59594  4.477  -20.668  26.225 0.0000000000
59611  5.387  -20.532  24.629 0.0000000000
59630  10.420  -21.140  22.928 0.0000000000
59631  9.865  -21.038  23.062 0.0000000000
59632  8.983  -20.963  23.163 0.0000000000
59633  8.349  -20.972  23.284 0.0000000000
59634  5.613  -20.655  23.549 0.0000000000
59655  11.342  -21.318  22.466 0.0000000000
59656  10.963  -21.196  22.645 0.0000000000
59657  10.203  -20.833  22.454 0.0000000000
59658  9.305  -20.694  22.442 0.0000000000
59659  8.110  -20.683  22.628 0.0000000000
59660  6.970  -20.647  22.353 0.0000000000
59661  5.889  -20.573  22.456 0.0000000000
59662  5.230  -20.186  21.600 0.0000000000
59677  11.370  -21.151  22.109 0.0000000000
59678  10.742  -20.799  21.853 0.0000000000
59679  9.873  -20.558  21.661 0.0000000000
59680  8.813  -20.379  21.583 0.0000000000
59681  7.642  -20.335  21.566 0.0000000000
59682  6.525  -20.361  21.523 0.0000000000
59683  5.572  -20.289  21.264 0.0000000000
59684  4.822  -20.126  20.895 0.0000000000
59694  11.378  -20.951  21.246 0.0000000000
59695  10.550  -20.637  20.923 0.0000000000
59696  9.576  -20.393  20.663 0.0000000000
59697  8.345  -20.096  20.423 0.0000000000
59698  7.224  -20.112  20.772 0.0000000000
59699  6.274  -20.128  20.675 0.0000000000
59700  5.386  -20.076  20.375 0.0000000000
59701  4.790  -19.917  20.239 0.0000000000
59707  11.264  -20.935  20.236 0.0000000000
59708  10.350  -20.686  19.930 0.0000000000
59709  9.401  -20.544  19.484 0.0000000000
59710  8.498  -20.300  19.272 0.0000000000
59711  7.901  -20.172  18.979 0.0000000000
59712  5.091  -19.848  19.873 0.0000000000
59713  4.791  -19.598  19.771 0.0000000000
59722  8.984  -20.804  18.758 0.0000000000
59723  8.393  -20.723  18.409 0.0000000000
59724  7.587  -20.314  18.328 0.0000000000
59725  7.072  -20.096  17.956 0.0000000000
59731  8.047  -20.960  17.778 0.0000000000
59732  7.497  -20.759  17.400 0.0000000000
59733  6.844  -20.195  17.284 0.0000000000
59738  7.122  -20.876  16.756 0.0000000000
59739  6.571  -20.524  16.346 0.0000000000
59744  6.034  -20.588  15.545 0.0000000000
59745  5.498  -20.580  14.896 0.0000000000
59751  4.969  -20.539  14.255 0.0000000000
59752  4.581  -20.456  13.617 0.0000000000
59760  8.707  -20.243  13.329 0.0000000000
59761  4.417  -20.328  12.933 0.0000000000
59769  8.915  -20.952  13.039 0.0000000000
59770  7.757  -20.537  12.819 0.0000000000
59771  6.479  -20.529  12.311 0.0000000000
59772  5.480  -20.298  12.219 0.0000000000
59773  4.803  -20.337  12.304 0.0000000000
59781  5.704  -20.846  11.958 0.0000000000
59782  5.094  -20.692  11.881 0.0000000000
59783  4.849  -20.666  11.995 0.0000000000
61028  4.919  -19.280  25.642 0.0000000000
61048  6.042  -18.980  24.162 0.0000000000
61049  5.502  -19.481  24.916 0.0000000000
61069  6.214  -19.182  23.239 0.0000000000
61070  5.851  -19.914  23.866 0.0000000000
61087  6.134  -19.029  22.354 0.0000000000
61088  5.709  -19.912  22.519 0.0000000000
61089  5.330  -20.160  21.979 0.0000000000
61106  6.061  -18.819  21.848 0.0000000000
61107  5.668  -19.243  21.742 0.0000000000
61108  5.010  -19.648  21.425 0.0000000000
61117  7.602  -19.992  20.261 0.0000000000
61118  7.036  -19.928  20.116 0.0000000000
61119  6.253  -19.862  19.922 0.0000000000
61120  5.630  -19.777  19.743 0.0000000000
61121  4.544  -19.386  20.285 0.0000000000
61124  7.769  -19.989  19.717 0.0000000000
61125  7.118  -19.895  19.264 0.0000000000
61126  6.266  -19.714  19.172 0.0000000000
61127  5.409  -19.445  19.195 0.0000000000
61128  4.592  -19.051  19.094 0.0000000000
61138  6.891  -19.899  18.595 0.0000000000
61139  6.329  -19.606  18.207 0.0000000000
61140  5.319  -19.038  18.018 0.0000000000
61141  4.753  -18.707  18.394 0.0000000000
61145  6.174  -19.593  17.121 0.0000000000
61146  5.462  -19.166  16.826 0.0000000000
61151  5.907  -19.784  16.173 0.0000000000
61152  5.226  -19.228  15.918 0.0000000000
61153  4.794  -18.912  15.322 0.0000000000
61157  5.589  -19.942  15.462 0.0000000000
61158  5.132  -19.663  14.870 0.0000000000
61159  4.612  -19.096  14.540 0.0000000000
61163  4.748  -19.813  14.153 0.0000000000
61164  4.569  -19.467  13.682 0.0000000000
61170  9.190  -19.646  13.733 0.0000000000
61171  7.877  -19.609  13.409 0.0000000000
61172  6.593  -19.251  13.177 0.0000000000
61173  5.534  -19.174  12.986 0.0000000000
61174  4.771  -19.478  12.919 0.0000000000
61179  6.945  -19.899  12.802 0.0000000000
61180  5.993  -19.776  12.606 0.0000000000
61181  5.156  -19.756  12.509 0.0000000000
61182  4.849  -19.853  12.565 0.0000000000
62408  5.195  -18.651  25.389 0.0000000000
62420  6.068  -18.224  24.268 0.0000000000
62421  5.665  -18.429  24.807 0.0000000000
62433  6.329  -18.368  23.667 0.0000000000
62445  6.508  -18.380  22.863 0.0000000000
62458  6.429  -18.348  22.019 0.0000000000
62459  5.816  -18.473  21.388 0.0000000000
62460  5.275  -19.010  21.345 0.0000000000
62470  5.632  -18.103  21.001 0.0000000000
62471  5.073  -18.499  20.755 0.0000000000
62477  4.445  -18.153  19.611 0.0000000000
62489  4.804  -18.537  17.897 0.0000000000
62490  4.497  -18.171  18.441 0.0000000000
62494  5.004  -18.647  17.157 0.0000000000
62495  4.608  -18.061  17.377 0.0000000000
62499  5.077  -18.853  16.540 0.0000000000
62500  4.751  -18.333  16.219 0.0000000000
62503  4.576  -18.301  15.087 0.0000000000
62507  10.205  -17.973  14.373 0.0000000000
62508  9.187  -18.114  14.391 0.0000000000
62509  7.963  -18.099  14.257 0.0000000000
62510  6.810  -17.988  13.996 0.0000000000
62511  6.184  -17.953  13.911 0.0000000000
62512  4.526  -18.527  14.214 0.0000000000
62516  9.773  -18.871  14.083 0.0000000000
62517  8.602  -18.851  13.958 0.0000000000
62518  7.317  -18.702  13.736 0.0000000000
62519  6.054  -18.422  13.591 0.0000000000
62520  5.058  -18.513  13.294 0.0000000000
62521  4.662  -18.784  13.578 0.0000000000
63848  6.212  -17.760  24.004 0.0000000000
63863  6.480  -17.615  23.396 0.0000000000
63879  6.647  -17.516  22.515 0.0000000000
63895  6.418  -17.493  21.474 0.0000000000
63896  5.958  -17.912  21.111 0.0000000000
63907  6.318  -16.962  21.002 0.0000000000
63908  5.760  -17.425  20.761 0.0000000000
63909  4.905  -17.342  20.124 0.0000000000
63918  4.600  -17.086  19.437 0.0000000000
63931  4.449  -17.221  18.775 0.0000000000
63935  4.528  -17.246  17.782 0.0000000000
63939  4.490  -17.325  16.716 0.0000000000
63942  4.539  -17.434  15.672 0.0000000000
63945  10.310  -17.102  14.578 0.0000000000
63946  9.619  -17.341  14.745 0.0000000000
63947  8.501  -17.379  14.650 0.0000000000
63948  7.292  -17.370  14.433 0.0000000000
63949  6.076  -17.498  14.216 0.0000000000
63950  5.162  -17.463  14.337 0.0000000000
63951  4.680  -17.618  14.712 0.0000000000
63954  5.893  -17.944  13.878 0.0000000000
63955  5.426  -17.939  13.814 0.0000000000
63956  4.774  -18.074  13.910 0.0000000000
65289  4.500  -16.277  18.152 0.0000000000
65292  4.418  -16.387  17.148 0.0000000000
65295  4.450  -16.515  16.189 0.0000000000
65302  5.177  -16.243  15.172 0.0000000000
65303  4.769  -16.605  15.278 0.0000000000
65308  8.989  -16.668  15.032 0.0000000000
65309  7.740  -16.586  14.903 0.0000000000
65310  6.640  -16.734  14.687 0.0000000000
65311  5.514  -16.694  14.784 0.0000000000
65312  4.935  -17.059  14.717 0.0000000000
