#!ascii label  , from subject colin27_FS vox2ras=TkReg
477
121266  8.343  26.106  -29.784 0.0000000000
121290  8.891  26.005  -30.371 0.0000000000
121291  8.410  26.364  -30.429 0.0000000000
121317  9.482  26.232  -30.912 0.0000000000
121318  8.796  26.416  -30.813 0.0000000000
121319  8.452  26.516  -30.745 0.0000000000
122251  7.176  26.404  -27.367 0.0000000000
122260  7.567  26.414  -28.269 0.0000000000
122272  7.845  26.614  -29.157 0.0000000000
122289  8.222  27.112  -30.571 0.0000000000
122290  8.068  26.849  -30.049 0.0000000000
122309  10.906  26.550  -31.596 0.0000000000
122310  10.081  26.659  -31.420 0.0000000000
122311  9.266  26.853  -31.241 0.0000000000
122312  8.582  26.936  -30.936 0.0000000000
122313  8.284  26.683  -30.592 0.0000000000
122334  13.073  26.809  -32.210 0.0000000000
122335  12.213  26.840  -32.095 0.0000000000
122336  11.560  26.679  -31.856 0.0000000000
123249  7.183  27.099  -27.872 0.0000000000
123256  7.410  27.336  -28.547 0.0000000000
123268  7.694  27.582  -29.379 0.0000000000
123285  8.405  27.587  -30.843 0.0000000000
123286  8.042  27.800  -30.233 0.0000000000
123301  11.170  26.933  -31.905 0.0000000000
123302  10.667  27.115  -31.847 0.0000000000
123303  9.845  27.364  -31.698 0.0000000000
123304  8.998  27.835  -31.441 0.0000000000
123326  14.576  27.349  -32.673 0.0000000000
123327  13.611  27.428  -32.611 0.0000000000
123328  12.638  27.533  -32.493 0.0000000000
123329  11.502  27.486  -32.220 0.0000000000
123330  10.473  27.851  -32.110 0.0000000000
123331  9.671  28.083  -31.949 0.0000000000
123332  9.259  28.261  -31.859 0.0000000000
124252  7.020  27.821  -27.963 0.0000000000
124261  7.252  28.490  -28.614 0.0000000000
124269  7.734  28.514  -29.582 0.0000000000
124282  8.399  28.495  -30.845 0.0000000000
124283  8.027  28.683  -30.181 0.0000000000
124297  8.781  28.728  -31.481 0.0000000000
124316  18.007  27.937  -33.135 0.0000000000
124317  16.985  27.883  -33.162 0.0000000000
124318  15.983  27.886  -33.154 0.0000000000
124319  15.014  27.926  -33.111 0.0000000000
124320  14.071  28.028  -33.045 0.0000000000
124321  13.162  28.168  -32.926 0.0000000000
124322  12.170  28.526  -32.828 0.0000000000
124323  11.044  28.509  -32.519 0.0000000000
124324  10.138  28.637  -32.325 0.0000000000
124325  9.453  28.704  -32.088 0.0000000000
124326  9.069  28.555  -31.799 0.0000000000
124333  19.268  28.881  -33.553 0.0000000000
124334  18.219  28.585  -33.635 0.0000000000
124335  17.231  28.457  -33.694 0.0000000000
124336  16.264  28.423  -33.694 0.0000000000
124337  15.307  28.446  -33.626 0.0000000000
124338  14.433  28.499  -33.506 0.0000000000
124339  13.509  28.765  -33.452 0.0000000000
124340  12.876  28.686  -33.139 0.0000000000
124346  18.863  29.300  -33.892 0.0000000000
124347  18.305  29.159  -33.991 0.0000000000
124348  17.262  29.086  -34.252 0.0000000000
124349  16.455  28.874  -34.210 0.0000000000
124350  15.457  29.014  -34.263 0.0000000000
124351  14.570  28.921  -33.977 0.0000000000
124352  14.046  28.880  -33.775 0.0000000000
124357  16.739  29.365  -34.614 0.0000000000
124358  16.391  29.256  -34.571 0.0000000000
124359  15.971  29.152  -34.504 0.0000000000
125219  7.185  29.515  -28.498 0.0000000000
125227  7.917  29.750  -29.692 0.0000000000
125228  7.612  29.430  -29.189 0.0000000000
125240  8.178  29.515  -30.343 0.0000000000
125241  7.886  29.171  -29.809 0.0000000000
125253  8.572  29.490  -31.216 0.0000000000
125269  12.022  29.265  -33.115 0.0000000000
125270  11.423  29.206  -32.922 0.0000000000
125271  10.568  29.283  -32.742 0.0000000000
125272  9.740  29.414  -32.484 0.0000000000
125273  9.055  29.381  -31.949 0.0000000000
125283  20.644  30.376  -34.550 0.0000000000
125284  20.451  30.233  -34.636 0.0000000000
125285  13.150  29.241  -33.715 0.0000000000
125286  12.615  29.197  -33.376 0.0000000000
125292  20.133  30.491  -34.481 0.0000000000
125293  19.815  30.420  -34.430 0.0000000000
125294  18.986  30.496  -34.103 0.0000000000
125295  18.385  30.475  -33.984 0.0000000000
125296  15.000  29.442  -34.601 0.0000000000
125297  14.487  29.394  -34.426 0.0000000000
125298  13.661  29.325  -34.052 0.0000000000
125299  12.820  29.594  -33.879 0.0000000000
125306  16.917  29.603  -34.558 0.0000000000
125307  16.283  29.661  -34.697 0.0000000000
125308  15.507  29.602  -34.668 0.0000000000
125309  14.540  29.847  -34.700 0.0000000000
125310  11.287  30.476  -35.738 0.0000000000
125311  11.097  30.351  -35.801 0.0000000000
126276  6.614  31.505  -29.610 0.0000000000
126277  6.432  31.279  -29.328 0.0000000000
126284  6.804  31.496  -29.843 0.0000000000
126285  7.796  30.071  -29.345 0.0000000000
126294  8.424  30.483  -30.825 0.0000000000
126307  8.759  30.398  -31.736 0.0000000000
126323  12.144  29.513  -33.316 0.0000000000
126324  11.728  29.639  -33.279 0.0000000000
126325  9.727  30.162  -35.841 0.0000000000
126326  9.237  30.480  -35.722 0.0000000000
126327  8.760  30.830  -35.432 0.0000000000
126340  20.890  30.892  -34.184 0.0000000000
126341  20.069  30.943  -33.883 0.0000000000
126342  19.332  30.928  -33.694 0.0000000000
126343  18.615  30.964  -33.522 0.0000000000
126344  18.100  31.106  -33.350 0.0000000000
126345  17.627  31.261  -33.219 0.0000000000
126346  12.195  29.716  -33.596 0.0000000000
126347  10.060  30.232  -35.980 0.0000000000
126348  9.551  30.319  -35.953 0.0000000000
126349  8.835  30.763  -35.714 0.0000000000
126350  8.622  30.994  -35.373 0.0000000000
126356  22.196  31.215  -33.981 0.0000000000
126357  20.306  30.621  -34.318 0.0000000000
126358  19.783  30.627  -34.182 0.0000000000
126359  19.117  30.656  -34.007 0.0000000000
126360  18.520  30.711  -33.791 0.0000000000
126361  17.938  30.848  -33.642 0.0000000000
126362  15.830  30.748  -34.302 0.0000000000
126363  15.123  30.764  -34.505 0.0000000000
126364  10.666  30.400  -35.888 0.0000000000
126365  10.259  30.395  -36.018 0.0000000000
126366  9.556  30.792  -35.938 0.0000000000
126367  8.795  31.447  -35.993 0.0000000000
126372  24.335  31.196  -36.587 0.0000000000
126373  24.128  31.160  -36.917 0.0000000000
126374  18.110  30.582  -33.885 0.0000000000
126375  16.417  30.096  -34.559 0.0000000000
126376  15.645  30.204  -34.654 0.0000000000
126377  14.713  30.419  -34.689 0.0000000000
126378  11.379  30.701  -35.712 0.0000000000
126379  11.035  30.575  -35.747 0.0000000000
126380  10.383  30.950  -35.738 0.0000000000
126381  9.658  31.491  -35.638 0.0000000000
126387  24.513  32.548  -37.425 0.0000000000
126388  24.519  31.559  -36.999 0.0000000000
126389  23.906  31.905  -37.233 0.0000000000
127338  7.039  31.931  -29.922 0.0000000000
127344  7.526  32.139  -30.447 0.0000000000
127355  8.587  31.388  -31.422 0.0000000000
127368  19.910  31.868  -33.079 0.0000000000
127369  19.276  31.938  -32.782 0.0000000000
127370  18.475  31.973  -32.564 0.0000000000
127371  17.826  31.998  -32.502 0.0000000000
127372  17.211  32.133  -32.474 0.0000000000
127373  16.988  32.240  -32.441 0.0000000000
127374  8.828  31.192  -32.233 0.0000000000
127388  21.322  31.433  -33.895 0.0000000000
127389  20.456  31.525  -33.577 0.0000000000
127390  19.646  31.392  -33.345 0.0000000000
127391  18.900  31.354  -33.107 0.0000000000
127392  18.189  31.410  -32.967 0.0000000000
127393  17.804  31.488  -32.910 0.0000000000
127394  17.276  31.737  -32.767 0.0000000000
127395  14.596  31.818  -33.777 0.0000000000
127396  8.518  31.165  -35.434 0.0000000000
127397  8.457  31.610  -34.944 0.0000000000
127406  24.567  31.288  -34.965 0.0000000000
127407  23.652  31.201  -34.688 0.0000000000
127408  22.687  31.310  -34.287 0.0000000000
127409  21.990  31.421  -34.105 0.0000000000
127410  15.163  31.114  -34.236 0.0000000000
127411  14.287  31.331  -34.282 0.0000000000
127412  11.527  31.965  -34.976 0.0000000000
127413  11.141  32.054  -34.880 0.0000000000
127414  10.584  32.319  -34.760 0.0000000000
127415  10.208  32.563  -34.695 0.0000000000
127416  8.495  31.168  -35.693 0.0000000000
127421  25.064  32.165  -35.856 0.0000000000
127422  24.624  31.619  -36.078 0.0000000000
127423  23.874  31.208  -36.111 0.0000000000
127424  23.111  31.173  -35.391 0.0000000000
127425  14.052  30.792  -34.677 0.0000000000
127426  11.359  31.072  -35.536 0.0000000000
127427  11.068  31.330  -35.421 0.0000000000
127428  10.485  31.685  -35.298 0.0000000000
127434  25.042  32.151  -36.771 0.0000000000
127435  23.831  31.202  -36.874 0.0000000000
128327  7.685  32.593  -30.493 0.0000000000
128334  18.103  33.296  -32.025 0.0000000000
128335  17.501  33.279  -31.863 0.0000000000
128336  16.941  33.351  -31.708 0.0000000000
128337  16.579  33.288  -31.758 0.0000000000
128338  8.248  32.863  -31.421 0.0000000000
128344  20.327  32.172  -33.192 0.0000000000
128345  19.785  32.505  -32.801 0.0000000000
128346  18.889  32.913  -32.311 0.0000000000
128347  17.981  32.658  -32.195 0.0000000000
128348  17.421  32.727  -32.075 0.0000000000
128349  16.806  32.866  -32.003 0.0000000000
128350  14.864  32.741  -32.685 0.0000000000
128351  14.188  32.848  -32.834 0.0000000000
128352  8.588  32.833  -33.329 0.0000000000
128359  21.648  31.900  -33.974 0.0000000000
128360  20.997  32.203  -33.614 0.0000000000
128361  15.249  32.274  -33.016 0.0000000000
128362  14.574  32.278  -33.299 0.0000000000
128363  12.370  33.248  -33.415 0.0000000000
128364  12.063  33.113  -33.768 0.0000000000
128365  11.629  33.081  -33.866 0.0000000000
128366  11.110  33.124  -33.833 0.0000000000
128367  8.667  32.680  -34.626 0.0000000000
128375  22.665  31.603  -35.169 0.0000000000
128376  22.227  32.007  -34.446 0.0000000000
128377  14.091  32.039  -33.755 0.0000000000
128378  11.976  32.749  -34.212 0.0000000000
128379  11.653  32.634  -34.418 0.0000000000
128380  11.150  32.632  -34.302 0.0000000000
128381  10.483  32.999  -34.261 0.0000000000
128386  23.609  31.391  -36.695 0.0000000000
128387  23.208  31.931  -36.155 0.0000000000
128388  9.878  32.813  -34.602 0.0000000000
128394  25.234  32.626  -36.105 0.0000000000
128395  22.952  32.728  -36.432 0.0000000000
129194  8.253  33.423  -31.094 0.0000000000
129201  18.434  33.770  -32.097 0.0000000000
129202  17.816  33.954  -31.780 0.0000000000
129203  17.029  33.987  -31.524 0.0000000000
129204  16.089  34.043  -31.455 0.0000000000
129205  14.576  34.191  -31.470 0.0000000000
129206  13.583  34.095  -31.671 0.0000000000
129207  12.884  34.083  -31.924 0.0000000000
129208  8.477  33.537  -32.239 0.0000000000
129214  20.436  32.851  -33.140 0.0000000000
129215  19.769  33.423  -32.740 0.0000000000
129216  19.054  34.038  -32.444 0.0000000000
129217  15.105  33.169  -32.219 0.0000000000
129218  13.684  33.899  -31.802 0.0000000000
129219  12.903  33.754  -32.438 0.0000000000
129220  12.330  33.892  -32.537 0.0000000000
129221  11.741  33.894  -32.870 0.0000000000
129222  11.197  33.972  -33.031 0.0000000000
129223  8.639  33.539  -33.418 0.0000000000
129231  21.597  32.468  -34.067 0.0000000000
129232  21.041  33.149  -33.846 0.0000000000
129233  12.371  33.467  -33.114 0.0000000000
129234  11.985  33.495  -33.296 0.0000000000
129235  11.433  33.513  -33.398 0.0000000000
129236  10.683  33.718  -33.552 0.0000000000
129244  22.540  32.240  -35.246 0.0000000000
129245  21.956  33.023  -34.727 0.0000000000
129246  21.189  33.678  -34.495 0.0000000000
129252  22.636  32.824  -35.740 0.0000000000
129253  22.120  33.552  -35.635 0.0000000000
129258  22.665  33.363  -36.507 0.0000000000
129259  22.117  33.913  -36.276 0.0000000000
129264  22.974  33.588  -37.413 0.0000000000
129273  23.358  34.218  -38.974 0.0000000000
129279  24.960  34.416  -38.921 0.0000000000
129280  24.155  33.670  -38.780 0.0000000000
129281  23.682  34.182  -39.394 0.0000000000
129291  25.176  34.132  -40.327 0.0000000000
129292  24.683  34.213  -40.749 0.0000000000
129302  25.230  34.140  -41.263 0.0000000000
129303  24.941  34.275  -41.530 0.0000000000
130087  16.058  35.480  -30.770 0.0000000000
130088  15.509  35.345  -30.736 0.0000000000
130089  14.560  35.185  -30.708 0.0000000000
130090  13.596  35.046  -30.765 0.0000000000
130091  12.769  34.949  -30.962 0.0000000000
130092  8.385  34.332  -31.667 0.0000000000
130096  18.353  34.717  -32.071 0.0000000000
130097  17.462  34.838  -31.469 0.0000000000
130098  16.385  34.902  -31.066 0.0000000000
130099  15.232  34.650  -31.115 0.0000000000
130100  14.147  34.556  -31.157 0.0000000000
130101  13.229  34.489  -31.345 0.0000000000
130102  12.287  34.504  -31.662 0.0000000000
130103  11.585  34.615  -31.977 0.0000000000
130104  11.030  34.836  -32.249 0.0000000000
130105  8.509  34.352  -32.646 0.0000000000
130111  20.344  33.624  -33.320 0.0000000000
130112  19.713  34.523  -33.249 0.0000000000
130113  18.972  34.848  -32.696 0.0000000000
130114  11.888  34.221  -32.323 0.0000000000
130115  11.370  34.331  -32.550 0.0000000000
130116  10.652  34.554  -32.866 0.0000000000
130117  10.108  34.734  -33.125 0.0000000000
130118  8.678  34.333  -33.412 0.0000000000
130125  20.577  34.071  -33.986 0.0000000000
130126  20.040  34.862  -34.413 0.0000000000
130127  10.259  34.309  -33.382 0.0000000000
130133  21.528  33.756  -35.093 0.0000000000
130134  20.807  34.274  -35.021 0.0000000000
130135  20.113  34.912  -35.483 0.0000000000
130141  24.802  34.860  -36.377 0.0000000000
130142  21.510  34.081  -35.783 0.0000000000
130143  20.803  34.522  -36.075 0.0000000000
130144  20.140  34.993  -36.462 0.0000000000
130149  24.850  34.415  -36.809 0.0000000000
130150  24.712  34.867  -36.915 0.0000000000
130151  22.383  33.903  -36.914 0.0000000000
130152  21.670  34.311  -36.763 0.0000000000
130153  20.814  34.706  -37.037 0.0000000000
130154  20.096  35.009  -37.377 0.0000000000
130159  23.262  33.846  -38.146 0.0000000000
130160  22.440  34.207  -37.685 0.0000000000
130161  21.565  34.591  -37.737 0.0000000000
130162  20.726  34.784  -37.960 0.0000000000
130168  22.815  34.268  -38.477 0.0000000000
130169  22.232  34.571  -38.472 0.0000000000
130170  21.455  34.713  -38.647 0.0000000000
130171  20.606  34.729  -38.892 0.0000000000
130177  25.517  35.021  -39.797 0.0000000000
130178  22.766  34.513  -39.042 0.0000000000
130179  22.205  34.713  -39.329 0.0000000000
130180  21.349  34.682  -39.603 0.0000000000
130189  26.629  35.028  -41.016 0.0000000000
130190  25.926  34.745  -40.540 0.0000000000
130191  23.789  34.219  -39.667 0.0000000000
130192  23.145  34.696  -39.916 0.0000000000
130193  22.182  34.866  -40.284 0.0000000000
130206  26.831  34.883  -41.634 0.0000000000
130207  25.874  34.258  -41.369 0.0000000000
130208  23.955  34.474  -40.347 0.0000000000
130209  23.250  35.042  -40.936 0.0000000000
130210  22.158  35.032  -41.145 0.0000000000
130223  26.321  34.520  -42.240 0.0000000000
130224  25.361  34.320  -41.996 0.0000000000
130225  24.352  34.768  -41.818 0.0000000000
130226  23.008  35.361  -41.697 0.0000000000
130243  25.079  34.648  -42.418 0.0000000000
131112  16.595  36.389  -30.951 0.0000000000
131113  15.860  36.115  -30.610 0.0000000000
131114  14.876  36.006  -30.450 0.0000000000
131115  13.883  35.848  -30.404 0.0000000000
131116  12.887  35.663  -30.471 0.0000000000
131117  11.831  35.424  -30.947 0.0000000000
131118  10.851  35.909  -31.325 0.0000000000
131119  10.343  36.192  -31.583 0.0000000000
131124  17.874  35.906  -31.831 0.0000000000
131125  17.073  35.749  -31.138 0.0000000000
131126  16.429  35.693  -30.824 0.0000000000
131127  11.726  34.887  -31.532 0.0000000000
131128  11.217  35.185  -31.683 0.0000000000
131129  10.302  35.585  -32.239 0.0000000000
131130  9.684  35.869  -32.699 0.0000000000
131131  8.200  35.328  -32.191 0.0000000000
131132  7.945  35.927  -32.514 0.0000000000
131136  19.126  35.300  -33.148 0.0000000000
131137  18.614  35.680  -32.713 0.0000000000
131138  10.197  35.047  -32.845 0.0000000000
131139  8.421  35.066  -32.965 0.0000000000
131140  8.096  35.707  -32.896 0.0000000000
131144  19.304  35.642  -33.931 0.0000000000
131145  18.946  35.756  -33.330 0.0000000000
131146  8.550  35.237  -33.436 0.0000000000
131147  8.291  35.519  -33.195 0.0000000000
131152  19.653  35.609  -34.997 0.0000000000
131157  24.716  35.510  -36.483 0.0000000000
131158  19.790  35.616  -35.961 0.0000000000
131163  24.732  35.345  -37.338 0.0000000000
131164  19.772  35.643  -36.927 0.0000000000
131170  24.860  35.282  -38.227 0.0000000000
131177  25.455  35.607  -39.313 0.0000000000
131178  25.101  35.288  -38.779 0.0000000000
131187  26.655  36.005  -40.429 0.0000000000
131188  26.038  35.476  -40.089 0.0000000000
131199  27.204  35.583  -41.146 0.0000000000
131200  26.467  35.313  -40.688 0.0000000000
131201  22.713  34.956  -40.484 0.0000000000
131202  22.453  35.019  -40.722 0.0000000000
131217  22.982  35.003  -40.561 0.0000000000
131218  22.725  35.087  -40.816 0.0000000000
132039  16.638  36.856  -31.169 0.0000000000
132040  16.124  37.106  -30.942 0.0000000000
132041  15.150  36.959  -30.537 0.0000000000
132042  14.137  36.801  -30.356 0.0000000000
132043  13.136  36.645  -30.274 0.0000000000
132044  12.123  36.514  -30.383 0.0000000000
132045  11.155  36.545  -30.697 0.0000000000
132046  10.401  36.694  -31.170 0.0000000000
132052  17.720  36.636  -31.999 0.0000000000
132053  17.165  36.865  -31.573 0.0000000000
132054  16.620  37.136  -31.278 0.0000000000
132055  9.860  36.592  -31.744 0.0000000000
132062  18.087  36.785  -32.605 0.0000000000
132063  17.638  36.987  -32.128 0.0000000000
132068  19.058  36.261  -34.100 0.0000000000
132069  18.762  36.411  -33.589 0.0000000000
132073  19.253  36.451  -34.722 0.0000000000
132074  18.990  36.565  -34.184 0.0000000000
132079  19.534  36.219  -35.557 0.0000000000
132082  24.793  36.333  -36.819 0.0000000000
132083  19.570  36.356  -36.447 0.0000000000
132087  25.435  36.823  -38.341 0.0000000000
132088  25.003  36.351  -37.761 0.0000000000
132095  25.707  36.629  -38.971 0.0000000000
132096  25.185  36.005  -38.591 0.0000000000
132106  26.862  36.752  -40.143 0.0000000000
132107  26.243  36.459  -39.692 0.0000000000
132120  27.360  36.517  -40.624 0.0000000000
132920  16.041  37.722  -31.051 0.0000000000
132921  15.376  37.984  -30.940 0.0000000000
132922  14.319  37.792  -30.608 0.0000000000
132923  13.346  37.652  -30.394 0.0000000000
132924  12.381  37.532  -30.328 0.0000000000
132925  11.448  37.476  -30.439 0.0000000000
132932  17.104  37.548  -31.807 0.0000000000
132933  16.533  37.794  -31.469 0.0000000000
132934  15.991  38.000  -31.110 0.0000000000
132940  18.012  37.443  -32.863 0.0000000000
132941  17.541  37.682  -32.403 0.0000000000
132942  17.061  37.858  -31.917 0.0000000000
132948  18.357  37.543  -33.505 0.0000000000
132949  18.005  37.783  -33.005 0.0000000000
132955  19.121  37.086  -35.027 0.0000000000
132956  18.864  37.127  -34.392 0.0000000000
132960  19.330  37.018  -35.762 0.0000000000
132961  18.886  37.651  -35.325 0.0000000000
132964  25.202  37.817  -37.080 0.0000000000
132969  25.430  37.520  -37.794 0.0000000000
132970  25.027  37.078  -37.169 0.0000000000
132976  26.460  37.928  -39.132 0.0000000000
132977  25.929  37.606  -38.618 0.0000000000
132986  27.650  37.729  -40.019 0.0000000000
132987  26.876  37.567  -39.713 0.0000000000
132988  26.237  37.235  -39.209 0.0000000000
133005  27.337  37.184  -40.215 0.0000000000
133805  16.441  38.960  -31.631 0.0000000000
133806  15.929  38.552  -31.151 0.0000000000
133816  17.324  38.773  -32.784 0.0000000000
133817  16.992  38.436  -32.078 0.0000000000
133827  18.279  38.178  -33.893 0.0000000000
133828  17.910  38.408  -33.411 0.0000000000
133838  18.483  38.089  -34.567 0.0000000000
133839  18.134  38.567  -34.221 0.0000000000
133855  26.244  38.959  -37.997 0.0000000000
133856  25.639  38.622  -37.474 0.0000000000
133864  27.301  38.962  -39.102 0.0000000000
133865  26.595  38.684  -38.654 0.0000000000
133866  25.924  38.302  -38.128 0.0000000000
133879  26.937  38.392  -39.304 0.0000000000
134756  26.338  39.720  -37.555 0.0000000000
134770  26.715  39.445  -38.199 0.0000000000
165499  8.602  32.158  -35.608 0.0000000000
165500  9.100  32.249  -35.685 0.0000000000
165501  8.820  32.486  -35.264 0.0000000000
165502  8.432  31.661  -35.451 0.0000000000
165503  9.845  32.256  -35.095 0.0000000000
165504  9.183  32.983  -34.699 0.0000000000
165505  8.962  33.712  -34.252 0.0000000000
165506  8.782  33.526  -34.076 0.0000000000
165507  8.754  33.032  -34.333 0.0000000000
165508  9.790  33.448  -34.219 0.0000000000
165509  8.881  33.185  -34.437 0.0000000000
165510  9.199  34.550  -33.886 0.0000000000
165511  8.856  34.364  -33.789 0.0000000000
165512  9.972  33.986  -33.760 0.0000000000
165513  9.814  34.551  -33.458 0.0000000000
165514  10.253  33.541  -33.995 0.0000000000
165515  8.763  35.068  -33.688 0.0000000000
165516  9.682  35.301  -33.096 0.0000000000
165542  24.673  33.605  -37.825 0.0000000000
165543  24.858  32.762  -37.226 0.0000000000
165544  23.413  32.990  -37.215 0.0000000000
165545  25.035  33.169  -36.701 0.0000000000
165546  24.810  34.018  -38.236 0.0000000000
165547  24.751  34.368  -37.794 0.0000000000
165548  23.337  33.367  -37.585 0.0000000000
165549  24.953  33.962  -37.087 0.0000000000
165550  24.839  34.124  -38.354 0.0000000000
165551  24.622  33.905  -38.473 0.0000000000
165552  23.297  33.528  -37.778 0.0000000000
165553  23.542  33.447  -37.906 0.0000000000
165554  24.774  34.482  -37.207 0.0000000000
165555  24.714  34.730  -37.310 0.0000000000
165556  24.848  34.253  -37.231 0.0000000000
