#!ascii label  , from subject colin27_FS vox2ras=TkReg
1076
88331  25.673  0.106  -45.356 0.0000000000
88351  27.712  0.112  -46.256 0.0000000000
89845  31.510  0.821  -42.169 0.0000000000
89846  30.904  0.695  -42.063 0.0000000000
89859  23.968  0.534  -43.823 0.0000000000
89860  23.621  0.757  -43.457 0.0000000000
89872  24.894  0.369  -44.812 0.0000000000
89873  24.305  0.706  -44.417 0.0000000000
89874  23.838  0.824  -44.006 0.0000000000
89887  26.523  0.215  -45.804 0.0000000000
89888  25.892  0.352  -45.630 0.0000000000
89889  25.207  0.640  -45.398 0.0000000000
89890  24.720  0.754  -44.971 0.0000000000
89904  28.092  0.581  -46.661 0.0000000000
89905  27.072  0.578  -46.212 0.0000000000
89906  26.143  0.781  -45.967 0.0000000000
89907  25.642  0.785  -45.757 0.0000000000
91165  30.215  0.937  -42.045 0.0000000000
91166  29.762  1.076  -41.882 0.0000000000
91167  28.754  1.538  -41.426 0.0000000000
91168  27.941  2.127  -41.187 0.0000000000
91184  31.805  1.328  -42.623 0.0000000000
91185  30.610  1.244  -42.474 0.0000000000
91186  29.562  1.735  -42.327 0.0000000000
91187  28.946  2.238  -42.159 0.0000000000
91196  32.378  1.911  -43.054 0.0000000000
91197  31.441  1.881  -43.118 0.0000000000
91198  30.681  2.078  -43.133 0.0000000000
91199  23.164  1.403  -43.043 0.0000000000
91200  22.812  2.064  -42.827 0.0000000000
91210  24.169  1.164  -44.612 0.0000000000
91211  23.691  1.437  -44.221 0.0000000000
91224  24.968  1.074  -45.612 0.0000000000
91225  24.487  1.345  -45.216 0.0000000000
91226  23.837  2.115  -44.986 0.0000000000
91239  27.947  1.271  -46.787 0.0000000000
91240  27.316  1.294  -46.589 0.0000000000
91241  26.391  1.365  -46.392 0.0000000000
91242  25.325  1.352  -46.052 0.0000000000
91243  24.614  1.997  -46.060 0.0000000000
92324  27.177  2.314  -40.729 0.0000000000
92325  26.241  2.694  -40.492 0.0000000000
92326  25.371  2.991  -40.323 0.0000000000
92327  24.697  3.186  -40.285 0.0000000000
92351  28.300  2.459  -41.801 0.0000000000
92352  27.481  2.726  -41.532 0.0000000000
92353  22.929  2.188  -41.344 0.0000000000
92373  30.078  2.060  -42.877 0.0000000000
92374  29.348  2.516  -42.889 0.0000000000
92375  28.571  2.802  -42.524 0.0000000000
92376  22.758  2.513  -42.258 0.0000000000
92389  33.081  2.546  -43.601 0.0000000000
92390  32.014  2.435  -43.596 0.0000000000
92391  31.112  2.492  -43.616 0.0000000000
92392  30.117  2.694  -43.625 0.0000000000
92393  29.357  3.011  -43.481 0.0000000000
92394  23.081  2.232  -43.553 0.0000000000
92395  22.721  2.828  -43.069 0.0000000000
92400  32.923  2.888  -44.086 0.0000000000
92401  32.424  2.862  -44.114 0.0000000000
92402  31.568  2.877  -44.132 0.0000000000
92403  30.800  2.967  -44.127 0.0000000000
92404  23.321  2.676  -44.432 0.0000000000
92405  22.872  2.983  -43.765 0.0000000000
92414  24.146  2.324  -45.659 0.0000000000
92415  23.672  2.863  -45.319 0.0000000000
92426  27.655  1.902  -46.807 0.0000000000
92427  26.703  2.016  -46.813 0.0000000000
92428  25.804  2.077  -46.773 0.0000000000
92429  24.972  2.424  -46.735 0.0000000000
92430  24.384  2.741  -46.300 0.0000000000
92431  23.970  2.957  -45.919 0.0000000000
92445  27.029  2.674  -47.179 0.0000000000
92446  26.109  2.658  -47.268 0.0000000000
92447  25.452  2.695  -47.143 0.0000000000
93479  24.244  3.008  -40.092 0.0000000000
93480  23.707  2.956  -40.359 0.0000000000
93481  23.421  2.605  -40.484 0.0000000000
93501  26.620  2.982  -41.226 0.0000000000
93502  25.829  3.324  -40.911 0.0000000000
93503  24.996  3.655  -40.799 0.0000000000
93504  24.200  3.542  -40.615 0.0000000000
93505  23.644  3.506  -40.848 0.0000000000
93506  23.224  3.014  -40.969 0.0000000000
93525  27.862  3.108  -42.219 0.0000000000
93526  26.987  3.463  -41.989 0.0000000000
93527  26.180  3.651  -41.526 0.0000000000
93528  25.530  3.834  -41.275 0.0000000000
93529  22.908  3.098  -41.707 0.0000000000
93553  28.785  3.150  -43.183 0.0000000000
93554  28.149  3.378  -42.896 0.0000000000
93555  27.515  3.678  -42.730 0.0000000000
93556  22.846  3.437  -42.508 0.0000000000
93577  33.681  2.999  -44.090 0.0000000000
93578  33.177  2.915  -44.082 0.0000000000
93579  29.554  3.298  -43.926 0.0000000000
93580  28.994  3.482  -43.710 0.0000000000
93581  28.306  3.805  -43.535 0.0000000000
93582  27.835  3.770  -43.172 0.0000000000
93583  22.816  3.776  -43.474 0.0000000000
93594  34.018  3.588  -44.754 0.0000000000
93595  32.937  3.284  -44.526 0.0000000000
93596  31.921  3.301  -44.629 0.0000000000
93597  31.074  3.332  -44.599 0.0000000000
93598  30.134  3.606  -44.501 0.0000000000
93599  29.198  3.803  -44.199 0.0000000000
93600  28.735  3.837  -43.918 0.0000000000
93601  23.242  3.645  -44.980 0.0000000000
93602  22.933  3.481  -44.234 0.0000000000
93606  33.638  4.049  -45.286 0.0000000000
93607  33.047  3.930  -45.231 0.0000000000
93608  32.154  3.823  -45.177 0.0000000000
93609  31.285  3.754  -45.079 0.0000000000
93610  30.738  3.723  -44.864 0.0000000000
93611  23.655  3.550  -45.836 0.0000000000
93620  25.035  3.042  -47.201 0.0000000000
93621  24.570  3.431  -46.897 0.0000000000
93622  24.087  3.370  -46.356 0.0000000000
93635  27.370  3.487  -47.421 0.0000000000
93636  26.366  3.426  -47.534 0.0000000000
93637  25.466  3.378  -47.418 0.0000000000
93638  24.948  3.499  -47.278 0.0000000000
94687  24.452  4.050  -41.097 0.0000000000
94688  23.892  4.046  -41.172 0.0000000000
94689  23.386  3.757  -41.327 0.0000000000
94690  23.117  3.446  -41.444 0.0000000000
94701  26.345  3.993  -42.105 0.0000000000
94702  25.700  4.178  -41.815 0.0000000000
94703  24.976  4.277  -41.451 0.0000000000
94704  24.308  4.489  -41.738 0.0000000000
94705  23.684  4.439  -41.989 0.0000000000
94706  23.141  3.805  -41.912 0.0000000000
94722  26.847  4.106  -42.631 0.0000000000
94723  26.066  4.626  -42.554 0.0000000000
94724  25.190  4.648  -42.089 0.0000000000
94725  24.709  4.585  -41.888 0.0000000000
94726  23.543  4.871  -42.537 0.0000000000
94727  23.150  4.509  -42.745 0.0000000000
94744  28.057  4.249  -43.732 0.0000000000
94745  27.454  4.358  -43.413 0.0000000000
94746  26.689  4.520  -43.021 0.0000000000
94747  22.890  4.762  -43.625 0.0000000000
94766  34.681  3.822  -44.844 0.0000000000
94767  29.977  4.211  -44.863 0.0000000000
94768  29.391  4.451  -44.764 0.0000000000
94769  28.482  4.324  -44.143 0.0000000000
94770  27.953  4.490  -43.851 0.0000000000
94771  23.038  4.218  -45.029 0.0000000000
94772  22.855  4.396  -44.476 0.0000000000
94780  34.245  4.213  -45.328 0.0000000000
94781  33.114  4.550  -45.625 0.0000000000
94782  32.263  4.561  -45.595 0.0000000000
94783  31.375  4.472  -45.467 0.0000000000
94784  30.461  4.284  -45.141 0.0000000000
94785  29.901  4.487  -45.028 0.0000000000
94786  23.259  4.352  -45.570 0.0000000000
94787  22.934  4.520  -45.083 0.0000000000
94793  24.424  3.955  -47.021 0.0000000000
94794  23.930  4.233  -46.682 0.0000000000
94806  27.712  4.389  -47.690 0.0000000000
94807  26.666  4.255  -47.844 0.0000000000
94808  25.731  4.193  -47.811 0.0000000000
94809  24.766  4.227  -47.416 0.0000000000
94810  24.195  4.960  -47.319 0.0000000000
96025  24.268  4.720  -42.051 0.0000000000
96026  24.052  4.776  -42.127 0.0000000000
96034  25.886  5.125  -42.939 0.0000000000
96035  25.349  5.156  -42.654 0.0000000000
96036  24.487  4.996  -42.335 0.0000000000
96037  23.827  5.174  -42.530 0.0000000000
96038  23.407  5.298  -42.883 0.0000000000
96048  27.215  5.050  -43.713 0.0000000000
96049  26.511  5.113  -43.347 0.0000000000
96050  23.100  5.427  -43.338 0.0000000000
96069  29.155  5.132  -45.155 0.0000000000
96070  28.561  5.109  -44.765 0.0000000000
96071  27.799  5.019  -44.112 0.0000000000
96072  22.789  5.647  -44.210 0.0000000000
96089  34.556  4.518  -45.479 0.0000000000
96090  33.041  5.247  -46.107 0.0000000000
96091  32.286  5.317  -45.986 0.0000000000
96092  31.477  5.328  -45.821 0.0000000000
96093  30.576  5.229  -45.593 0.0000000000
96094  29.769  5.008  -45.291 0.0000000000
96095  23.295  5.177  -46.110 0.0000000000
96096  22.824  5.170  -45.226 0.0000000000
96105  35.309  5.985  -46.581 0.0000000000
96106  34.405  5.915  -46.460 0.0000000000
96107  33.894  6.215  -46.566 0.0000000000
96108  23.714  5.377  -46.986 0.0000000000
96114  35.056  6.335  -47.089 0.0000000000
96115  34.598  6.238  -46.938 0.0000000000
96116  34.185  6.203  -46.801 0.0000000000
96119  28.103  5.458  -47.955 0.0000000000
96120  26.963  5.115  -48.180 0.0000000000
96121  26.033  4.973  -48.247 0.0000000000
96122  25.258  5.038  -48.023 0.0000000000
96123  24.553  5.509  -47.842 0.0000000000
96124  24.084  5.524  -47.477 0.0000000000
96132  27.718  6.125  -48.265 0.0000000000
96133  27.142  5.946  -48.437 0.0000000000
96134  26.279  5.767  -48.612 0.0000000000
96135  25.459  5.673  -48.503 0.0000000000
96136  24.973  5.614  -48.281 0.0000000000
97400  25.683  5.603  -43.181 0.0000000000
97401  24.877  5.743  -43.001 0.0000000000
97402  24.143  5.883  -42.872 0.0000000000
97403  23.575  5.875  -43.059 0.0000000000
97404  23.306  5.769  -43.210 0.0000000000
97410  27.087  5.688  -43.981 0.0000000000
97411  26.245  6.086  -43.658 0.0000000000
97412  25.346  6.334  -43.478 0.0000000000
97413  24.521  6.513  -43.383 0.0000000000
97414  23.808  6.610  -43.365 0.0000000000
97415  23.139  6.420  -43.566 0.0000000000
97425  29.346  5.496  -45.360 0.0000000000
97426  28.838  5.740  -45.281 0.0000000000
97427  27.891  6.154  -44.805 0.0000000000
97428  22.731  6.769  -44.276 0.0000000000
97444  32.401  6.105  -46.470 0.0000000000
97445  32.162  6.081  -46.344 0.0000000000
97446  31.548  6.142  -46.196 0.0000000000
97447  30.696  6.173  -46.061 0.0000000000
97448  29.609  6.078  -45.722 0.0000000000
97449  28.584  6.571  -45.604 0.0000000000
97450  27.950  6.980  -45.455 0.0000000000
97451  22.975  5.761  -45.735 0.0000000000
97452  22.679  6.481  -45.255 0.0000000000
97461  36.036  6.363  -46.769 0.0000000000
97462  32.380  6.340  -46.603 0.0000000000
97463  33.256  7.161  -46.930 0.0000000000
97464  23.187  6.218  -46.378 0.0000000000
97465  22.768  7.056  -46.056 0.0000000000
97470  36.396  6.945  -47.087 0.0000000000
97471  35.557  6.731  -47.319 0.0000000000
97472  34.795  6.654  -47.393 0.0000000000
97473  33.946  6.734  -47.158 0.0000000000
97474  33.316  7.371  -47.442 0.0000000000
97476  28.941  5.844  -47.842 0.0000000000
97477  24.403  6.045  -48.015 0.0000000000
97478  23.882  6.285  -47.651 0.0000000000
97482  35.146  7.075  -47.784 0.0000000000
97483  34.533  7.205  -47.860 0.0000000000
97484  33.785  7.400  -47.858 0.0000000000
97485  33.298  7.642  -47.861 0.0000000000
97489  28.344  6.430  -48.134 0.0000000000
97490  27.414  6.632  -48.598 0.0000000000
97491  26.555  6.596  -48.897 0.0000000000
97492  25.648  6.455  -48.977 0.0000000000
97493  24.673  6.324  -48.514 0.0000000000
97494  24.017  6.984  -48.387 0.0000000000
98768  26.776  6.586  -44.377 0.0000000000
98769  25.819  6.826  -44.052 0.0000000000
98770  24.973  7.037  -43.811 0.0000000000
98771  24.239  7.452  -43.673 0.0000000000
98772  23.476  7.383  -43.665 0.0000000000
98773  22.863  7.534  -43.961 0.0000000000
98787  27.254  7.255  -45.213 0.0000000000
98788  26.289  7.377  -44.687 0.0000000000
98789  25.340  7.517  -44.297 0.0000000000
98790  24.748  7.548  -44.000 0.0000000000
98791  22.586  7.631  -44.707 0.0000000000
98810  32.039  6.848  -46.568 0.0000000000
98811  31.601  6.862  -46.494 0.0000000000
98812  30.941  7.002  -46.456 0.0000000000
98813  29.953  7.245  -46.424 0.0000000000
98814  29.036  7.082  -46.173 0.0000000000
98815  28.228  7.430  -46.024 0.0000000000
98816  27.719  7.397  -45.676 0.0000000000
98817  22.580  7.633  -45.582 0.0000000000
98834  32.045  7.300  -46.945 0.0000000000
98835  31.800  7.979  -47.671 0.0000000000
98836  29.632  7.903  -46.502 0.0000000000
98837  29.207  7.745  -46.399 0.0000000000
98838  28.732  7.617  -46.287 0.0000000000
98839  23.084  7.397  -46.832 0.0000000000
98840  22.692  7.605  -46.199 0.0000000000
98853  36.142  7.638  -47.753 0.0000000000
98854  35.546  7.263  -47.833 0.0000000000
98855  31.836  8.316  -48.468 0.0000000000
98856  23.580  7.439  -47.920 0.0000000000
98866  35.979  8.098  -48.209 0.0000000000
98867  35.299  7.831  -48.285 0.0000000000
98868  34.315  7.939  -48.416 0.0000000000
98869  32.212  8.685  -49.151 0.0000000000
98870  32.050  8.544  -48.875 0.0000000000
98873  28.937  7.288  -48.214 0.0000000000
98874  27.854  7.366  -48.574 0.0000000000
98875  26.981  7.356  -49.097 0.0000000000
98876  25.979  7.478  -49.432 0.0000000000
98877  25.066  7.177  -49.260 0.0000000000
98878  24.339  7.553  -48.936 0.0000000000
98879  23.890  7.549  -48.503 0.0000000000
98889  35.058  8.288  -48.683 0.0000000000
98890  34.820  8.123  -48.617 0.0000000000
98893  25.646  8.083  -49.757 0.0000000000
98894  25.193  7.871  -49.634 0.0000000000
98895  24.761  7.733  -49.376 0.0000000000
100147  24.180  7.893  -43.867 0.0000000000
100148  23.855  7.998  -43.809 0.0000000000
100149  23.266  8.065  -43.936 0.0000000000
100155  27.141  7.663  -45.513 0.0000000000
100156  26.727  7.802  -45.347 0.0000000000
100157  25.752  8.138  -44.984 0.0000000000
100158  24.535  8.126  -44.310 0.0000000000
100159  23.644  8.577  -44.317 0.0000000000
100160  22.840  8.638  -44.443 0.0000000000
100161  22.475  9.324  -44.827 0.0000000000
100166  31.850  7.132  -46.636 0.0000000000
100167  31.654  7.405  -46.710 0.0000000000
100168  31.200  7.654  -46.650 0.0000000000
100169  30.576  7.953  -46.629 0.0000000000
100170  28.010  7.814  -46.235 0.0000000000
100171  27.433  7.909  -45.960 0.0000000000
100172  26.541  8.495  -45.629 0.0000000000
100173  25.814  8.887  -45.463 0.0000000000
100174  22.424  8.644  -45.152 0.0000000000
100175  22.218  9.509  -45.042 0.0000000000
100186  31.882  7.329  -46.776 0.0000000000
100187  31.638  7.912  -47.216 0.0000000000
100188  31.406  8.549  -47.623 0.0000000000
100189  29.941  8.209  -46.602 0.0000000000
100190  29.380  8.348  -46.532 0.0000000000
100191  28.462  8.211  -46.409 0.0000000000
100192  27.719  8.743  -46.343 0.0000000000
100193  22.859  7.982  -46.838 0.0000000000
100194  22.570  8.369  -46.320 0.0000000000
100208  31.596  8.390  -48.158 0.0000000000
100209  31.402  8.876  -48.128 0.0000000000
100210  23.035  8.223  -47.341 0.0000000000
100211  22.625  9.003  -47.014 0.0000000000
100222  38.318  10.073  -48.237 0.0000000000
100223  35.895  8.427  -48.446 0.0000000000
100224  34.237  8.308  -48.678 0.0000000000
100225  32.455  8.881  -49.558 0.0000000000
100226  32.058  8.779  -49.002 0.0000000000
100228  29.310  8.123  -48.371 0.0000000000
100229  28.308  8.172  -48.549 0.0000000000
100230  27.366  8.209  -49.109 0.0000000000
100231  26.674  7.985  -49.527 0.0000000000
100232  24.187  8.086  -49.025 0.0000000000
100233  23.710  8.332  -48.578 0.0000000000
100245  36.112  8.997  -48.588 0.0000000000
100246  35.470  8.744  -48.740 0.0000000000
100247  34.595  8.665  -48.825 0.0000000000
100248  33.081  9.474  -49.865 0.0000000000
100251  26.828  8.574  -49.656 0.0000000000
100252  26.120  8.458  -49.890 0.0000000000
100253  25.325  8.567  -49.958 0.0000000000
100254  24.494  8.449  -49.459 0.0000000000
100255  23.872  9.176  -49.199 0.0000000000
101427  25.095  8.766  -45.116 0.0000000000
101428  24.274  9.202  -44.953 0.0000000000
101429  23.355  9.441  -44.682 0.0000000000
101430  22.691  9.756  -44.688 0.0000000000
101431  22.225  10.042  -44.829 0.0000000000
101436  31.376  8.013  -46.882 0.0000000000
101437  31.025  8.630  -46.776 0.0000000000
101438  30.264  8.901  -46.759 0.0000000000
101439  29.805  9.285  -46.698 0.0000000000
101440  27.084  8.809  -46.084 0.0000000000
101441  26.369  9.333  -46.003 0.0000000000
101442  25.259  9.620  -45.664 0.0000000000
101443  24.457  9.930  -45.444 0.0000000000
101444  22.254  9.431  -45.576 0.0000000000
101445  21.951  10.178  -45.131 0.0000000000
101453  31.305  8.453  -47.187 0.0000000000
101454  31.140  9.240  -47.537 0.0000000000
101455  29.740  8.795  -46.653 0.0000000000
101456  29.209  9.102  -46.614 0.0000000000
101457  28.323  9.280  -46.536 0.0000000000
101458  27.326  9.530  -46.424 0.0000000000
101459  26.581  9.971  -46.407 0.0000000000
101460  25.925  9.978  -46.263 0.0000000000
101461  22.342  9.588  -46.361 0.0000000000
101470  31.579  8.932  -48.820 0.0000000000
101471  31.241  9.359  -48.493 0.0000000000
101472  22.953  9.139  -47.792 0.0000000000
101473  22.516  9.817  -47.176 0.0000000000
101480  37.759  10.486  -49.226 0.0000000000
101481  32.516  9.219  -49.763 0.0000000000
101482  32.047  9.338  -49.557 0.0000000000
101483  31.794  9.518  -49.088 0.0000000000
101484  29.682  8.731  -48.460 0.0000000000
101485  28.702  8.995  -48.533 0.0000000000
101486  27.822  8.923  -48.898 0.0000000000
101487  27.264  9.047  -49.446 0.0000000000
101488  23.339  9.657  -48.578 0.0000000000
101489  22.756  9.946  -47.899 0.0000000000
101498  36.606  10.642  -50.094 0.0000000000
101499  35.469  10.356  -50.657 0.0000000000
101500  34.073  10.040  -50.471 0.0000000000
101501  33.181  9.869  -49.992 0.0000000000
101502  32.557  9.695  -49.852 0.0000000000
101504  30.012  9.311  -48.637 0.0000000000
101505  29.273  9.451  -48.548 0.0000000000
101506  26.623  9.266  -49.936 0.0000000000
101507  25.686  9.507  -50.252 0.0000000000
101508  24.898  9.296  -50.154 0.0000000000
101509  24.293  9.696  -49.776 0.0000000000
101510  23.713  9.916  -49.293 0.0000000000
101520  25.407  10.082  -50.442 0.0000000000
101521  25.112  9.930  -50.431 0.0000000000
101522  24.736  9.971  -50.226 0.0000000000
102664  23.817  10.022  -45.143 0.0000000000
102665  23.144  10.463  -44.860 0.0000000000
102666  22.401  10.692  -44.826 0.0000000000
102667  21.925  10.954  -44.872 0.0000000000
102672  30.599  9.588  -46.940 0.0000000000
102673  30.091  9.682  -46.727 0.0000000000
102674  29.603  9.758  -46.683 0.0000000000
102675  24.802  10.294  -45.780 0.0000000000
102676  24.240  10.569  -45.546 0.0000000000
102677  23.682  10.640  -45.289 0.0000000000
102678  21.967  10.316  -45.717 0.0000000000
102679  21.713  11.120  -45.225 0.0000000000
102683  30.587  10.130  -47.488 0.0000000000
102684  30.289  10.592  -47.688 0.0000000000
102685  29.023  9.869  -46.717 0.0000000000
102686  28.110  10.134  -46.668 0.0000000000
102687  27.058  10.423  -46.623 0.0000000000
102688  26.187  10.588  -46.550 0.0000000000
102689  25.345  10.559  -46.209 0.0000000000
102690  24.727  10.812  -45.923 0.0000000000
102691  22.112  10.666  -46.479 0.0000000000
102692  21.664  11.099  -45.750 0.0000000000
102699  30.923  10.014  -48.153 0.0000000000
102700  30.474  10.558  -48.121 0.0000000000
102701  22.514  10.687  -47.444 0.0000000000
102708  37.962  11.005  -49.089 0.0000000000
102709  37.162  10.960  -49.927 0.0000000000
102710  32.154  9.862  -49.798 0.0000000000
102711  31.167  10.020  -48.936 0.0000000000
102712  30.644  10.438  -48.670 0.0000000000
102713  28.657  9.770  -48.679 0.0000000000
102714  27.990  9.594  -48.907 0.0000000000
102715  27.592  9.388  -49.222 0.0000000000
102716  23.374  10.582  -48.987 0.0000000000
102717  22.900  10.581  -48.274 0.0000000000
102724  36.153  10.910  -50.667 0.0000000000
102725  34.842  10.640  -50.830 0.0000000000
102726  33.728  10.484  -50.630 0.0000000000
102727  32.903  10.377  -50.130 0.0000000000
102728  32.297  9.994  -49.934 0.0000000000
102730  30.447  10.480  -49.181 0.0000000000
102731  29.218  10.298  -48.800 0.0000000000
102732  28.162  10.317  -49.059 0.0000000000
102733  27.300  9.962  -49.569 0.0000000000
102734  26.385  10.193  -50.205 0.0000000000
102735  24.485  10.604  -50.155 0.0000000000
102736  23.891  10.606  -49.650 0.0000000000
102744  25.687  10.416  -50.491 0.0000000000
102745  25.202  10.501  -50.544 0.0000000000
102746  24.866  10.403  -50.419 0.0000000000
103864  22.706  11.420  -44.985 0.0000000000
103865  21.996  11.690  -44.637 0.0000000000
103866  21.349  12.187  -44.731 0.0000000000
103867  20.681  12.806  -44.391 0.0000000000
103873  30.239  10.074  -46.858 0.0000000000
103874  29.842  10.212  -46.747 0.0000000000
103875  29.468  10.154  -46.744 0.0000000000
103876  23.892  10.990  -45.515 0.0000000000
103877  23.443  11.208  -45.333 0.0000000000
103878  21.295  12.088  -45.281 0.0000000000
103879  20.814  12.647  -44.540 0.0000000000
103883  30.388  10.106  -47.077 0.0000000000
103884  30.112  10.542  -47.200 0.0000000000
103885  29.285  10.640  -46.850 0.0000000000
103886  27.533  10.956  -46.801 0.0000000000
103887  26.519  11.291  -46.810 0.0000000000
103888  25.676  11.360  -46.614 0.0000000000
103889  24.896  11.349  -46.280 0.0000000000
103890  24.262  11.249  -45.810 0.0000000000
103891  23.850  11.285  -45.589 0.0000000000
103892  22.117  11.725  -46.927 0.0000000000
103893  21.616  11.543  -46.130 0.0000000000
103896  38.430  11.747  -48.984 0.0000000000
103897  30.164  11.170  -47.984 0.0000000000
103898  29.883  11.026  -47.394 0.0000000000
103899  22.632  11.466  -47.935 0.0000000000
103904  37.540  11.757  -50.008 0.0000000000
103905  36.843  11.331  -50.372 0.0000000000
103906  32.159  10.423  -49.656 0.0000000000
103907  31.060  11.079  -48.964 0.0000000000
103908  30.433  10.998  -48.572 0.0000000000
103909  23.457  11.568  -49.342 0.0000000000
103910  23.045  11.254  -48.632 0.0000000000
103917  37.121  12.243  -50.467 0.0000000000
103918  36.427  11.910  -50.775 0.0000000000
103919  35.302  11.393  -50.935 0.0000000000
103920  34.292  11.192  -50.852 0.0000000000
103921  33.272  11.373  -50.764 0.0000000000
103922  32.094  10.770  -50.444 0.0000000000
103923  31.621  11.042  -49.820 0.0000000000
103924  30.261  11.799  -49.518 0.0000000000
103925  29.375  11.262  -49.253 0.0000000000
103926  28.434  11.078  -49.330 0.0000000000
103927  27.584  10.926  -49.580 0.0000000000
103928  26.855  10.968  -49.997 0.0000000000
103929  24.500  11.133  -50.295 0.0000000000
103930  24.142  11.383  -50.091 0.0000000000
103937  35.911  12.393  -50.921 0.0000000000
103938  35.437  12.145  -50.998 0.0000000000
103939  34.623  11.840  -51.018 0.0000000000
103940  34.024  11.628  -50.885 0.0000000000
103944  26.152  11.134  -50.553 0.0000000000
103945  25.407  11.176  -50.662 0.0000000000
103946  24.797  11.129  -50.517 0.0000000000
103947  24.490  11.424  -50.381 0.0000000000
105075  20.316  13.524  -43.499 0.0000000000
105076  19.881  13.719  -43.514 0.0000000000
105077  19.546  13.892  -43.484 0.0000000000
105084  22.408  12.594  -44.913 0.0000000000
105085  21.487  12.728  -44.434 0.0000000000
105086  20.739  12.940  -44.101 0.0000000000
105087  20.148  13.296  -44.052 0.0000000000
105088  19.722  13.842  -43.697 0.0000000000
105095  23.221  12.049  -45.386 0.0000000000
105096  21.119  12.996  -45.315 0.0000000000
105097  20.746  12.875  -44.723 0.0000000000
105102  28.838  11.987  -47.155 0.0000000000
105103  28.276  12.047  -47.047 0.0000000000
105104  26.589  12.200  -47.058 0.0000000000
105105  25.951  12.181  -46.947 0.0000000000
105106  25.082  12.171  -46.637 0.0000000000
105107  24.282  11.947  -46.228 0.0000000000
105108  23.789  11.678  -45.724 0.0000000000
105109  21.935  12.888  -46.816 0.0000000000
105110  21.487  12.412  -46.109 0.0000000000
105113  38.921  12.703  -48.717 0.0000000000
105114  29.784  11.677  -48.438 0.0000000000
105115  29.754  11.445  -47.846 0.0000000000
105116  28.518  12.444  -47.418 0.0000000000
105117  27.846  12.698  -47.378 0.0000000000
105118  22.420  12.501  -47.698 0.0000000000
105120  38.135  12.689  -49.488 0.0000000000
105121  30.820  12.094  -50.070 0.0000000000
105122  30.127  11.829  -48.870 0.0000000000
105123  29.367  12.323  -48.834 0.0000000000
105124  28.631  12.847  -47.801 0.0000000000
105125  28.150  12.867  -47.637 0.0000000000
105126  23.209  12.731  -49.249 0.0000000000
105127  22.899  12.125  -48.567 0.0000000000
105132  37.464  12.737  -50.184 0.0000000000
105133  36.848  12.720  -50.640 0.0000000000
105134  33.219  12.563  -50.899 0.0000000000
105135  32.166  12.031  -50.983 0.0000000000
105136  31.120  11.775  -50.008 0.0000000000
105137  30.154  12.155  -49.732 0.0000000000
105138  29.553  12.144  -49.589 0.0000000000
105139  28.573  11.933  -49.604 0.0000000000
105140  27.694  11.712  -49.733 0.0000000000
105141  27.188  11.444  -49.875 0.0000000000
105142  23.726  12.383  -50.029 0.0000000000
105149  36.218  12.756  -50.865 0.0000000000
105150  35.567  12.818  -51.011 0.0000000000
105151  34.767  12.647  -51.040 0.0000000000
105152  33.956  12.224  -50.925 0.0000000000
105155  29.982  12.993  -50.211 0.0000000000
105156  28.526  12.649  -49.898 0.0000000000
105157  27.747  12.681  -49.899 0.0000000000
105158  26.764  12.114  -50.283 0.0000000000
105159  25.681  12.099  -50.779 0.0000000000
105160  25.022  11.873  -50.828 0.0000000000
105161  24.429  12.047  -50.559 0.0000000000
106318  20.612  13.931  -43.329 0.0000000000
106319  20.117  13.894  -43.000 0.0000000000
106320  20.013  14.124  -43.487 0.0000000000
106330  22.710  13.760  -44.984 0.0000000000
106331  21.870  13.571  -44.357 0.0000000000
106332  21.037  13.428  -43.749 0.0000000000
106333  20.258  14.236  -44.333 0.0000000000
106334  19.914  13.986  -43.803 0.0000000000
106344  23.709  13.546  -45.972 0.0000000000
106345  23.306  13.085  -45.614 0.0000000000
106346  21.107  13.698  -45.326 0.0000000000
106347  20.657  13.651  -44.767 0.0000000000
106351  26.510  12.731  -47.206 0.0000000000
106352  26.254  12.838  -47.169 0.0000000000
106353  25.436  13.127  -47.034 0.0000000000
106354  24.201  12.984  -46.386 0.0000000000
106355  23.715  12.347  -45.928 0.0000000000
106356  21.949  13.726  -46.658 0.0000000000
106357  21.486  13.462  -46.015 0.0000000000
106360  39.062  13.770  -48.180 0.0000000000
106361  26.534  13.037  -47.489 0.0000000000
106362  26.126  13.231  -47.834 0.0000000000
106363  25.512  13.447  -47.906 0.0000000000
106364  22.318  13.566  -47.430 0.0000000000
106366  38.500  13.703  -49.057 0.0000000000
106367  30.816  12.706  -50.527 0.0000000000
106368  30.386  12.972  -50.011 0.0000000000
106369  29.114  13.113  -49.860 0.0000000000
106370  28.392  13.307  -49.381 0.0000000000
106371  26.922  13.515  -48.690 0.0000000000
106372  26.028  13.676  -48.533 0.0000000000
106373  25.467  13.734  -48.397 0.0000000000
106374  23.023  13.575  -49.147 0.0000000000
106375  22.695  13.282  -48.458 0.0000000000
106377  37.816  13.643  -49.836 0.0000000000
106378  37.101  13.497  -50.421 0.0000000000
106379  33.309  13.093  -50.919 0.0000000000
106380  32.813  13.344  -50.963 0.0000000000
106381  31.166  12.812  -50.630 0.0000000000
106382  30.627  13.108  -50.272 0.0000000000
106383  23.396  13.476  -49.867 0.0000000000
106389  36.564  13.293  -50.795 0.0000000000
106390  35.946  13.474  -50.896 0.0000000000
106391  35.108  13.519  -51.012 0.0000000000
106392  33.924  13.393  -50.957 0.0000000000
106393  33.407  14.175  -50.990 0.0000000000
106396  29.988  14.004  -50.735 0.0000000000
106397  29.089  14.032  -50.247 0.0000000000
106398  28.094  13.748  -50.239 0.0000000000
106399  27.074  13.506  -50.451 0.0000000000
106400  25.961  13.346  -50.876 0.0000000000
106401  24.904  13.034  -51.063 0.0000000000
106402  23.995  13.217  -50.637 0.0000000000
106412  25.289  13.908  -51.207 0.0000000000
106413  24.798  14.099  -51.330 0.0000000000
107603  21.615  15.221  -43.864 0.0000000000
107615  22.821  14.240  -45.043 0.0000000000
107616  22.486  14.553  -44.575 0.0000000000
107617  21.460  14.245  -43.603 0.0000000000
107618  20.518  14.740  -44.537 0.0000000000
107619  20.455  15.084  -44.101 0.0000000000
107635  23.942  13.694  -46.185 0.0000000000
107636  23.367  14.185  -45.573 0.0000000000
107637  20.939  14.169  -45.135 0.0000000000
107638  20.690  14.496  -44.817 0.0000000000
107642  25.084  13.504  -47.435 0.0000000000
107643  24.470  13.854  -46.790 0.0000000000
107644  23.648  14.512  -46.599 0.0000000000
107645  21.772  14.229  -46.177 0.0000000000
107646  21.399  14.294  -45.555 0.0000000000
107650  24.979  13.796  -47.939 0.0000000000
107651  24.263  14.469  -47.774 0.0000000000
107652  23.477  14.970  -47.072 0.0000000000
107653  22.264  14.430  -46.838 0.0000000000
107655  38.641  14.794  -48.453 0.0000000000
107656  30.176  13.090  -50.174 0.0000000000
107657  29.674  13.315  -50.053 0.0000000000
107658  28.746  13.641  -49.898 0.0000000000
107659  27.784  13.955  -49.452 0.0000000000
107660  26.717  14.174  -49.118 0.0000000000
107661  25.522  14.413  -48.847 0.0000000000
107662  24.655  15.078  -48.600 0.0000000000
107663  22.801  13.959  -48.775 0.0000000000
107664  22.604  14.544  -48.092 0.0000000000
107666  37.969  14.631  -49.259 0.0000000000
107667  37.156  14.576  -50.012 0.0000000000
107668  36.425  14.972  -50.585 0.0000000000
107669  32.878  14.496  -50.978 0.0000000000
107670  32.042  14.314  -50.990 0.0000000000
107671  30.761  13.904  -50.179 0.0000000000
107672  29.504  14.260  -50.006 0.0000000000
107673  28.472  14.565  -49.805 0.0000000000
107674  27.492  14.727  -49.612 0.0000000000
107675  26.543  14.862  -49.467 0.0000000000
107676  25.981  15.111  -49.406 0.0000000000
107677  22.972  14.435  -49.310 0.0000000000
107678  22.765  15.329  -48.764 0.0000000000
107681  36.549  14.057  -50.761 0.0000000000
107682  35.677  14.441  -50.920 0.0000000000
107683  34.766  14.358  -50.984 0.0000000000
107684  34.013  14.618  -51.072 0.0000000000
107685  33.376  15.017  -51.085 0.0000000000
107688  29.825  14.906  -50.455 0.0000000000
107689  28.685  14.744  -50.337 0.0000000000
107690  27.603  14.584  -50.524 0.0000000000
107691  26.496  14.539  -50.841 0.0000000000
107692  25.714  14.311  -51.118 0.0000000000
107693  24.291  13.946  -51.097 0.0000000000
107694  23.585  14.587  -50.544 0.0000000000
107702  25.853  14.984  -51.226 0.0000000000
107703  25.220  14.785  -51.481 0.0000000000
107704  24.379  14.934  -51.334 0.0000000000
107705  23.800  15.481  -51.096 0.0000000000
108848  20.969  15.006  -44.889 0.0000000000
108849  21.074  15.273  -44.769 0.0000000000
108868  21.161  14.653  -45.167 0.0000000000
108869  20.873  14.760  -44.966 0.0000000000
108880  22.622  15.005  -45.829 0.0000000000
108881  21.856  15.040  -45.757 0.0000000000
108882  21.466  14.689  -45.455 0.0000000000
108886  37.743  16.347  -48.068 0.0000000000
108887  23.961  15.347  -47.825 0.0000000000
108888  23.211  15.566  -47.088 0.0000000000
108889  22.544  15.328  -47.133 0.0000000000
108891  37.979  15.593  -48.617 0.0000000000
108892  37.379  16.285  -48.881 0.0000000000
108893  26.269  15.900  -49.421 0.0000000000
108894  25.646  15.583  -49.194 0.0000000000
108895  24.479  15.885  -48.540 0.0000000000
108896  22.605  15.807  -48.011 0.0000000000
108898  37.558  15.452  -49.424 0.0000000000
108899  36.754  15.854  -49.856 0.0000000000
108900  35.658  15.747  -50.724 0.0000000000
108901  34.601  16.253  -50.882 0.0000000000
108902  33.640  16.295  -50.944 0.0000000000
108903  32.722  15.655  -50.879 0.0000000000
108904  31.574  15.561  -50.363 0.0000000000
108905  30.360  15.399  -49.937 0.0000000000
108906  29.244  15.452  -49.891 0.0000000000
108907  28.233  15.450  -49.737 0.0000000000
108908  27.285  15.470  -49.638 0.0000000000
108909  26.416  15.539  -49.493 0.0000000000
108910  26.012  15.394  -49.404 0.0000000000
108911  23.059  15.629  -49.627 0.0000000000
108912  22.756  16.130  -48.748 0.0000000000
108915  35.208  14.947  -50.980 0.0000000000
108916  34.707  15.251  -51.071 0.0000000000
108917  33.949  15.529  -51.140 0.0000000000
108918  33.403  15.634  -51.039 0.0000000000
108920  30.419  15.379  -50.661 0.0000000000
108921  29.367  15.507  -50.394 0.0000000000
108922  28.233  15.504  -50.430 0.0000000000
108923  27.196  15.460  -50.729 0.0000000000
108924  26.389  15.561  -51.154 0.0000000000
108925  23.410  15.802  -50.536 0.0000000000
108929  25.692  15.697  -51.553 0.0000000000
108930  24.906  15.766  -51.781 0.0000000000
108931  24.155  16.006  -51.534 0.0000000000
108932  23.637  16.191  -51.109 0.0000000000
110026  35.623  17.540  -46.133 0.0000000000
110039  36.240  17.515  -46.901 0.0000000000
110040  35.651  17.736  -46.753 0.0000000000
110041  22.644  15.481  -46.647 0.0000000000
110042  22.695  15.651  -46.867 0.0000000000
110046  36.973  16.911  -47.844 0.0000000000
110047  36.172  17.587  -48.021 0.0000000000
110048  23.718  16.002  -47.804 0.0000000000
110049  23.127  16.275  -47.256 0.0000000000
110050  22.709  16.268  -47.447 0.0000000000
110053  36.583  16.903  -48.979 0.0000000000
110054  35.679  17.494  -49.070 0.0000000000
110055  34.887  17.635  -49.495 0.0000000000
110056  30.052  16.974  -49.183 0.0000000000
110057  29.642  16.886  -49.049 0.0000000000
110058  28.710  16.790  -48.922 0.0000000000
110059  27.671  16.771  -49.099 0.0000000000
110060  26.474  16.498  -49.306 0.0000000000
110061  25.195  16.575  -49.091 0.0000000000
110062  23.924  16.694  -48.367 0.0000000000
110063  23.069  17.089  -47.691 0.0000000000
110064  22.576  16.865  -48.142 0.0000000000
110067  36.045  16.663  -49.828 0.0000000000
110068  35.222  16.919  -50.119 0.0000000000
110069  34.192  17.317  -50.311 0.0000000000
110070  33.075  16.988  -50.507 0.0000000000
110071  32.092  16.658  -50.266 0.0000000000
110072  31.125  16.451  -49.833 0.0000000000
110073  30.092  16.626  -49.566 0.0000000000
110074  28.977  16.275  -49.535 0.0000000000
110075  27.995  16.163  -49.476 0.0000000000
110076  27.070  16.098  -49.524 0.0000000000
110077  26.559  16.001  -49.471 0.0000000000
110078  23.178  16.261  -50.010 0.0000000000
110079  22.882  16.865  -49.301 0.0000000000
110084  30.041  16.145  -50.583 0.0000000000
110085  28.952  16.310  -50.424 0.0000000000
110086  27.777  16.392  -50.674 0.0000000000
110087  26.939  16.147  -51.030 0.0000000000
110088  23.317  16.753  -50.494 0.0000000000
110089  23.113  17.505  -49.946 0.0000000000
110095  27.151  16.753  -51.142 0.0000000000
110096  26.416  16.511  -51.524 0.0000000000
110097  25.510  16.626  -51.895 0.0000000000
110098  24.618  16.785  -51.889 0.0000000000
110099  23.749  17.015  -51.461 0.0000000000
111189  35.987  17.454  -41.255 0.0000000000
111198  35.647  16.927  -42.042 0.0000000000
111199  35.543  17.042  -43.019 0.0000000000
111201  35.096  17.417  -44.516 0.0000000000
111202  34.530  17.799  -45.385 0.0000000000
111217  35.019  17.597  -45.650 0.0000000000
111218  34.463  17.863  -46.094 0.0000000000
111227  35.697  17.760  -47.267 0.0000000000
111228  35.029  17.810  -46.798 0.0000000000
111229  33.995  17.890  -46.884 0.0000000000
111230  33.282  18.024  -47.244 0.0000000000
111232  35.355  17.816  -47.938 0.0000000000
111233  34.517  17.893  -47.848 0.0000000000
111234  33.672  17.997  -47.957 0.0000000000
111235  32.971  18.293  -47.990 0.0000000000
111237  34.938  17.815  -48.672 0.0000000000
111238  34.145  17.916  -49.016 0.0000000000
111239  33.194  18.010  -48.903 0.0000000000
111240  32.284  18.086  -48.885 0.0000000000
111241  31.327  17.938  -49.169 0.0000000000
111242  30.324  17.513  -49.205 0.0000000000
111243  29.412  17.638  -48.939 0.0000000000
111244  28.422  17.627  -48.766 0.0000000000
111245  27.264  17.642  -49.069 0.0000000000
111246  26.015  17.394  -49.238 0.0000000000
111247  24.789  17.440  -49.088 0.0000000000
111248  23.677  17.563  -48.552 0.0000000000
111249  22.924  17.662  -48.106 0.0000000000
111250  22.649  17.561  -48.543 0.0000000000
111253  33.449  17.750  -49.810 0.0000000000
111254  32.596  17.627  -49.793 0.0000000000
111255  31.665  17.407  -49.687 0.0000000000
111256  30.839  17.164  -49.452 0.0000000000
111257  30.446  17.072  -49.331 0.0000000000
111258  26.543  18.110  -49.229 0.0000000000
111259  25.633  18.146  -49.213 0.0000000000
111260  24.488  18.237  -48.938 0.0000000000
111261  23.502  18.220  -48.377 0.0000000000
111262  22.869  18.193  -48.392 0.0000000000
111263  22.675  18.018  -49.163 0.0000000000
111266  30.599  16.603  -50.901 0.0000000000
111267  29.786  17.053  -50.647 0.0000000000
111268  28.626  17.149  -50.626 0.0000000000
111269  27.726  17.300  -50.921 0.0000000000
111270  23.323  17.685  -50.797 0.0000000000
111271  23.113  18.214  -50.069 0.0000000000
111276  30.906  17.323  -51.288 0.0000000000
111277  29.986  17.859  -50.939 0.0000000000
111278  27.013  17.427  -51.397 0.0000000000
111279  26.193  17.529  -51.816 0.0000000000
111280  25.249  17.638  -51.989 0.0000000000
111281  24.329  17.803  -51.834 0.0000000000
111282  23.686  18.051  -51.403 0.0000000000
112460  35.836  17.283  -41.717 0.0000000000
112461  35.657  17.745  -42.869 0.0000000000
112469  35.231  17.978  -44.046 0.0000000000
112470  34.437  18.059  -44.885 0.0000000000
112485  33.856  18.157  -45.874 0.0000000000
112486  33.216  18.512  -46.309 0.0000000000
112491  33.361  18.127  -46.619 0.0000000000
112492  32.703  18.480  -47.010 0.0000000000
112493  32.207  19.039  -47.411 0.0000000000
112495  32.355  18.655  -48.018 0.0000000000
112496  31.773  19.167  -48.101 0.0000000000
112497  23.784  19.645  -47.735 0.0000000000
112498  23.533  19.656  -47.768 0.0000000000
112500  31.792  18.546  -48.635 0.0000000000
112501  31.016  18.686  -48.793 0.0000000000
112502  30.101  18.544  -49.019 0.0000000000
112503  29.152  18.603  -48.899 0.0000000000
112504  28.224  18.543  -48.749 0.0000000000
112505  27.254  18.648  -49.063 0.0000000000
112506  25.439  19.160  -48.527 0.0000000000
112507  24.973  19.210  -48.351 0.0000000000
112508  23.992  19.408  -47.934 0.0000000000
112509  23.289  19.401  -48.053 0.0000000000
112511  28.759  18.955  -48.844 0.0000000000
112512  28.518  19.035  -48.787 0.0000000000
112513  26.355  18.710  -49.071 0.0000000000
112514  25.510  18.852  -48.739 0.0000000000
112515  24.242  18.798  -48.425 0.0000000000
112516  23.282  18.773  -47.994 0.0000000000
112517  22.819  18.904  -48.639 0.0000000000
112518  22.891  18.706  -49.521 0.0000000000
112520  29.242  17.767  -50.702 0.0000000000
112521  28.438  17.978  -50.817 0.0000000000
112522  27.651  18.011  -51.162 0.0000000000
112523  23.696  18.917  -51.179 0.0000000000
112524  23.426  18.616  -50.923 0.0000000000
112525  23.131  18.793  -50.093 0.0000000000
112527  30.448  18.310  -51.494 0.0000000000
112528  29.388  18.577  -51.080 0.0000000000
112529  28.211  18.776  -51.208 0.0000000000
112530  27.047  18.507  -51.604 0.0000000000
112531  25.947  18.566  -51.981 0.0000000000
112532  24.964  18.616  -51.848 0.0000000000
112533  24.006  18.743  -51.474 0.0000000000
112534  23.674  18.469  -51.329 0.0000000000
113801  35.877  18.319  -42.198 0.0000000000
113802  35.098  19.037  -43.952 0.0000000000
113803  34.099  20.003  -45.003 0.0000000000
113804  33.696  20.539  -45.370 0.0000000000
113812  34.690  18.501  -44.561 0.0000000000
113813  34.038  19.002  -45.356 0.0000000000
113814  33.102  20.214  -45.617 0.0000000000
113815  32.237  20.654  -45.694 0.0000000000
113824  33.467  18.708  -45.932 0.0000000000
113825  32.796  19.200  -46.239 0.0000000000
113826  32.028  20.148  -46.015 0.0000000000
113830  32.333  19.079  -46.905 0.0000000000
113831  31.689  19.667  -47.082 0.0000000000
113834  30.956  19.666  -48.212 0.0000000000
113835  30.412  19.859  -48.230 0.0000000000
113836  25.516  20.229  -48.014 0.0000000000
113837  24.718  20.177  -47.813 0.0000000000
113838  23.972  19.991  -47.709 0.0000000000
113839  23.437  20.056  -47.957 0.0000000000
113841  30.562  19.134  -48.719 0.0000000000
113842  30.019  19.447  -48.609 0.0000000000
113843  28.996  19.372  -48.680 0.0000000000
113844  28.107  19.338  -48.698 0.0000000000
113845  26.758  19.427  -48.813 0.0000000000
113846  25.718  19.513  -48.489 0.0000000000
113847  24.865  19.713  -48.075 0.0000000000
113848  24.362  19.787  -47.823 0.0000000000
113849  23.180  19.765  -48.575 0.0000000000
113851  28.774  19.151  -48.786 0.0000000000
113852  28.641  19.203  -48.737 0.0000000000
113853  26.228  19.030  -48.896 0.0000000000
113854  26.094  19.193  -48.765 0.0000000000
113855  23.508  19.937  -50.032 0.0000000000
113856  23.047  19.354  -49.480 0.0000000000
113857  22.982  18.984  -49.769 0.0000000000
113860  23.784  19.375  -50.939 0.0000000000
113861  23.303  19.191  -50.258 0.0000000000
113862  23.092  19.096  -49.948 0.0000000000
113865  30.121  19.166  -51.734 0.0000000000
113866  29.113  19.662  -51.613 0.0000000000
113867  27.819  19.629  -51.620 0.0000000000
113868  26.683  19.594  -52.002 0.0000000000
113869  25.562  19.601  -51.996 0.0000000000
113870  24.685  19.439  -51.589 0.0000000000
113871  24.189  19.341  -51.357 0.0000000000
113876  29.929  19.776  -51.929 0.0000000000
115176  34.991  19.992  -43.563 0.0000000000
115183  34.642  20.413  -44.507 0.0000000000
115184  34.174  20.840  -45.286 0.0000000000
115185  33.397  21.046  -45.395 0.0000000000
115190  32.475  21.126  -45.462 0.0000000000
115191  31.394  20.978  -45.470 0.0000000000
115192  30.332  21.414  -45.239 0.0000000000
115193  29.844  21.509  -44.974 0.0000000000
115202  31.101  20.392  -46.338 0.0000000000
115203  30.307  20.731  -45.742 0.0000000000
115204  29.689  21.160  -45.285 0.0000000000
115211  30.918  20.199  -47.089 0.0000000000
115212  30.216  20.358  -46.665 0.0000000000
115213  29.243  20.887  -46.110 0.0000000000
115214  28.508  21.083  -46.202 0.0000000000
115215  25.753  21.340  -47.405 0.0000000000
115216  24.976  21.230  -47.534 0.0000000000
115217  24.310  21.152  -47.541 0.0000000000
115218  23.984  21.194  -47.588 0.0000000000
115223  31.054  20.053  -47.587 0.0000000000
115224  30.369  20.118  -47.708 0.0000000000
115225  29.404  20.302  -47.260 0.0000000000
115226  28.272  20.802  -47.008 0.0000000000
115227  27.077  20.824  -47.384 0.0000000000
115228  26.113  20.811  -47.580 0.0000000000
115229  25.247  20.742  -47.656 0.0000000000
115230  24.476  20.668  -47.633 0.0000000000
115231  23.789  20.798  -47.714 0.0000000000
115235  30.134  19.907  -48.217 0.0000000000
115236  29.624  19.930  -48.140 0.0000000000
115237  28.689  20.039  -48.046 0.0000000000
115238  27.598  20.207  -48.131 0.0000000000
115239  26.481  20.229  -48.151 0.0000000000
115240  23.524  21.503  -48.781 0.0000000000
115241  23.354  20.830  -48.433 0.0000000000
115244  24.233  21.644  -50.071 0.0000000000
115245  23.764  21.127  -49.615 0.0000000000
115246  23.293  20.206  -49.201 0.0000000000
115249  24.465  21.285  -50.527 0.0000000000
115250  24.132  20.352  -50.652 0.0000000000
115252  29.122  20.191  -51.878 0.0000000000
115253  28.586  20.489  -51.875 0.0000000000
115254  27.443  20.543  -51.976 0.0000000000
115255  26.284  20.802  -52.144 0.0000000000
115256  24.965  20.622  -51.497 0.0000000000
115257  24.363  19.809  -51.224 0.0000000000
115260  29.638  20.393  -52.170 0.0000000000
115261  29.062  20.934  -52.139 0.0000000000
115262  27.073  21.149  -52.154 0.0000000000
115263  26.760  21.420  -52.185 0.0000000000
116598  35.515  19.309  -42.802 0.0000000000
116618  32.945  21.875  -45.212 0.0000000000
116619  31.928  21.967  -45.218 0.0000000000
116620  30.926  22.036  -45.065 0.0000000000
116621  29.986  22.041  -44.757 0.0000000000
116622  29.281  22.144  -44.435 0.0000000000
116627  29.410  21.581  -44.801 0.0000000000
116628  28.648  21.748  -44.646 0.0000000000
116629  28.026  21.867  -45.015 0.0000000000
116636  29.065  21.290  -45.234 0.0000000000
116637  28.434  21.350  -45.533 0.0000000000
116638  27.772  21.805  -45.695 0.0000000000
116639  26.079  21.800  -47.199 0.0000000000
116640  25.512  21.876  -47.428 0.0000000000
116641  24.676  21.632  -47.563 0.0000000000
116642  24.173  21.471  -47.568 0.0000000000
116648  28.068  21.289  -46.181 0.0000000000
116649  27.380  21.485  -46.540 0.0000000000
116650  26.574  21.589  -47.075 0.0000000000
116651  24.975  22.150  -47.606 0.0000000000
116652  24.271  21.965  -47.688 0.0000000000
116653  23.847  21.414  -47.723 0.0000000000
116659  23.700  21.779  -48.184 0.0000000000
116660  23.589  21.208  -47.951 0.0000000000
116665  24.360  22.238  -49.998 0.0000000000
116666  24.233  22.098  -49.819 0.0000000000
116667  23.848  22.108  -48.990 0.0000000000
116671  24.469  22.205  -50.177 0.0000000000
116672  24.587  22.036  -50.295 0.0000000000
116675  28.022  20.955  -51.890 0.0000000000
116676  27.639  21.192  -52.048 0.0000000000
116677  25.687  21.587  -51.742 0.0000000000
116678  25.122  21.956  -50.991 0.0000000000
116687  26.412  21.973  -52.130 0.0000000000
117948  32.487  22.690  -44.785 0.0000000000
117949  31.510  22.801  -44.796 0.0000000000
117950  30.555  22.860  -44.699 0.0000000000
117951  29.663  22.842  -44.412 0.0000000000
117952  28.725  22.707  -44.239 0.0000000000
117953  28.027  22.881  -44.495 0.0000000000
117957  28.101  22.292  -44.539 0.0000000000
117958  27.765  22.551  -45.129 0.0000000000
117963  27.223  22.441  -46.060 0.0000000000
117964  26.455  22.371  -46.942 0.0000000000
117965  25.636  22.599  -47.501 0.0000000000
117970  26.925  22.025  -46.757 0.0000000000
117971  26.699  22.029  -46.964 0.0000000000
117972  24.895  22.686  -47.844 0.0000000000
117973  24.181  22.409  -48.035 0.0000000000
117979  24.555  22.893  -48.452 0.0000000000
117980  24.022  22.393  -48.442 0.0000000000
117987  24.509  22.437  -49.971 0.0000000000
117988  24.532  22.802  -49.354 0.0000000000
117989  24.213  22.557  -48.770 0.0000000000
117995  24.641  22.378  -50.183 0.0000000000
117996  24.894  22.747  -50.287 0.0000000000
117999  25.800  22.603  -51.528 0.0000000000
118000  25.450  22.841  -50.900 0.0000000000
119172  31.179  23.568  -44.609 0.0000000000
119173  30.230  23.699  -44.602 0.0000000000
119174  29.237  23.546  -44.493 0.0000000000
119175  28.406  23.473  -44.550 0.0000000000
119176  27.876  23.248  -44.874 0.0000000000
119184  29.663  24.097  -44.871 0.0000000000
119185  28.890  24.077  -45.052 0.0000000000
119186  28.083  23.841  -45.085 0.0000000000
119187  27.636  23.299  -45.511 0.0000000000
119191  28.463  24.113  -45.467 0.0000000000
119192  27.961  24.039  -45.787 0.0000000000
119193  27.152  23.521  -46.463 0.0000000000
119194  26.281  23.273  -47.241 0.0000000000
119195  25.622  23.209  -47.702 0.0000000000
119201  26.747  23.860  -47.215 0.0000000000
119202  26.052  23.873  -47.734 0.0000000000
119203  25.258  23.479  -48.100 0.0000000000
119210  25.678  24.040  -48.370 0.0000000000
119211  25.105  23.756  -48.919 0.0000000000
119218  25.029  23.674  -49.853 0.0000000000
119227  25.685  24.050  -51.005 0.0000000000
119228  25.484  23.732  -50.691 0.0000000000
119231  25.658  23.232  -51.163 0.0000000000
120351  30.997  24.165  -44.787 0.0000000000
120369  30.453  24.405  -45.240 0.0000000000
120370  29.637  24.318  -45.451 0.0000000000
120384  29.038  24.253  -46.134 0.0000000000
120385  28.075  24.234  -46.674 0.0000000000
120386  27.379  24.127  -47.097 0.0000000000
120393  28.070  24.384  -47.605 0.0000000000
120394  27.019  24.265  -47.869 0.0000000000
120395  26.272  24.300  -48.328 0.0000000000
120403  26.852  24.688  -48.794 0.0000000000
120404  25.916  24.483  -49.045 0.0000000000
120405  25.418  24.245  -49.576 0.0000000000
120415  25.811  24.746  -49.907 0.0000000000
120416  25.457  24.263  -50.231 0.0000000000
120433  25.563  24.229  -50.565 0.0000000000
165414  22.272  15.189  -44.740 0.0000000000
165415  21.371  15.221  -45.029 0.0000000000
165416  20.621  14.638  -43.114 0.0000000000
165417  21.147  15.206  -44.912 0.0000000000
165418  21.282  15.052  -45.110 0.0000000000
165419  21.638  15.311  -44.923 0.0000000000
165420  22.022  15.342  -45.516 0.0000000000
165421  22.576  14.967  -45.002 0.0000000000
165422  22.738  14.726  -45.184 0.0000000000
165431  35.957  18.477  -41.766 0.0000000000
165434  35.861  18.420  -42.061 0.0000000000
165436  35.970  18.709  -41.382 0.0000000000
165437  35.853  18.768  -41.703 0.0000000000
165438  35.808  18.631  -41.945 0.0000000000
165439  35.576  19.268  -42.179 0.0000000000
165441  35.696  18.873  -42.164 0.0000000000
