#!ascii label  , from subject colin27_FS vox2ras=TkReg
1319
19018  48.965  -54.267  -7.689 0.0000000000
19019  48.694  -54.280  -7.837 0.0000000000
19030  51.129  -54.415  -8.725 0.0000000000
19031  50.251  -54.641  -8.366 0.0000000000
19032  49.326  -54.570  -8.041 0.0000000000
19033  48.648  -54.342  -8.185 0.0000000000
19039  51.201  -54.342  -9.820 0.0000000000
19040  50.527  -54.743  -9.325 0.0000000000
19041  49.732  -54.694  -8.951 0.0000000000
19042  48.978  -54.373  -8.801 0.0000000000
19053  51.110  -54.353  -11.000 0.0000000000
19054  50.589  -54.690  -10.449 0.0000000000
19055  49.906  -54.716  -9.927 0.0000000000
19056  49.318  -54.448  -9.528 0.0000000000
19065  51.112  -54.410  -12.106 0.0000000000
19066  50.675  -54.717  -11.577 0.0000000000
19067  49.833  -54.685  -11.077 0.0000000000
19068  49.303  -54.351  -10.294 0.0000000000
19080  51.227  -54.361  -13.033 0.0000000000
19081  50.840  -54.668  -12.580 0.0000000000
19082  50.174  -54.629  -12.136 0.0000000000
20005  50.093  -53.717  -7.712 0.0000000000
20006  49.503  -53.989  -7.570 0.0000000000
20007  48.440  -53.801  -7.667 0.0000000000
20008  47.536  -53.415  -7.852 0.0000000000
20009  46.889  -53.244  -8.058 0.0000000000
20016  51.433  -53.673  -8.482 0.0000000000
20017  50.572  -54.055  -7.889 0.0000000000
20018  49.937  -54.427  -7.866 0.0000000000
20019  48.131  -54.022  -7.988 0.0000000000
20020  47.541  -53.534  -8.313 0.0000000000
20021  46.946  -53.070  -8.596 0.0000000000
20027  51.822  -53.723  -9.231 0.0000000000
20028  48.267  -53.908  -8.630 0.0000000000
20029  47.574  -53.318  -9.153 0.0000000000
20030  47.010  -52.943  -9.014 0.0000000000
20037  51.456  -53.363  -10.414 0.0000000000
20038  51.156  -52.820  -10.932 0.0000000000
20039  48.574  -53.879  -9.754 0.0000000000
20040  47.895  -53.326  -10.067 0.0000000000
20046  51.143  -53.861  -11.629 0.0000000000
20047  50.982  -53.124  -11.420 0.0000000000
20048  49.513  -54.311  -11.829 0.0000000000
20049  48.794  -53.824  -11.148 0.0000000000
20050  48.279  -53.494  -10.509 0.0000000000
20068  51.288  -53.849  -12.691 0.0000000000
20069  50.991  -53.422  -12.152 0.0000000000
20091  51.533  -53.925  -13.642 0.0000000000
21005  50.379  -53.514  -7.846 0.0000000000
21006  49.864  -53.010  -7.814 0.0000000000
21007  48.699  -53.055  -7.520 0.0000000000
21008  47.629  -52.940  -7.488 0.0000000000
21009  46.628  -52.642  -7.790 0.0000000000
21010  45.600  -52.178  -7.921 0.0000000000
21011  44.804  -51.926  -8.113 0.0000000000
21012  44.391  -51.629  -8.367 0.0000000000
21017  52.782  -52.228  -9.030 0.0000000000
21018  52.256  -52.779  -8.787 0.0000000000
21019  50.981  -52.940  -8.178 0.0000000000
21020  50.371  -52.412  -8.145 0.0000000000
21021  46.314  -52.704  -8.270 0.0000000000
21022  45.570  -52.195  -8.470 0.0000000000
21023  44.827  -51.735  -8.680 0.0000000000
21024  44.382  -51.590  -8.594 0.0000000000
21032  52.813  -52.276  -9.316 0.0000000000
21033  52.295  -52.814  -9.572 0.0000000000
21034  47.079  -52.903  -9.280 0.0000000000
21035  46.434  -52.494  -9.193 0.0000000000
21036  45.506  -51.971  -9.025 0.0000000000
21037  45.065  -51.670  -9.105 0.0000000000
21047  52.814  -52.241  -9.786 0.0000000000
21048  52.195  -52.390  -10.103 0.0000000000
21049  51.446  -52.382  -10.644 0.0000000000
21050  47.288  -52.881  -9.842 0.0000000000
21051  46.931  -52.255  -10.351 0.0000000000
21065  50.699  -52.243  -11.272 0.0000000000
21066  48.403  -53.271  -11.432 0.0000000000
21067  47.902  -52.836  -10.995 0.0000000000
21087  51.098  -53.184  -12.721 0.0000000000
21088  50.681  -52.636  -12.254 0.0000000000
21105  51.337  -53.100  -13.471 0.0000000000
21106  50.979  -52.654  -13.004 0.0000000000
22089  45.173  -51.021  -7.318 0.0000000000
22090  44.732  -51.151  -7.349 0.0000000000
22091  44.223  -51.210  -7.502 0.0000000000
22097  49.864  -51.841  -8.187 0.0000000000
22098  48.946  -52.044  -7.892 0.0000000000
22099  47.926  -52.083  -7.651 0.0000000000
22100  46.896  -51.951  -7.561 0.0000000000
22101  45.684  -51.589  -7.517 0.0000000000
22102  44.806  -51.646  -7.668 0.0000000000
22103  44.025  -51.413  -7.967 0.0000000000
22104  43.406  -51.160  -8.376 0.0000000000
22114  53.051  -51.911  -9.195 0.0000000000
22115  52.683  -51.888  -8.897 0.0000000000
22116  51.825  -51.910  -8.622 0.0000000000
22117  50.785  -51.665  -8.394 0.0000000000
22118  44.412  -51.552  -8.809 0.0000000000
22119  43.987  -51.403  -8.682 0.0000000000
22120  43.372  -51.060  -8.813 0.0000000000
22134  53.166  -51.696  -9.681 0.0000000000
22135  45.832  -51.971  -9.418 0.0000000000
22136  45.375  -51.638  -9.489 0.0000000000
22137  44.570  -51.356  -9.340 0.0000000000
22138  43.661  -50.920  -9.273 0.0000000000
22139  43.154  -50.843  -9.072 0.0000000000
22153  52.845  -51.763  -10.165 0.0000000000
22154  51.968  -51.658  -10.343 0.0000000000
22155  50.993  -51.570  -10.677 0.0000000000
22156  46.067  -51.703  -10.019 0.0000000000
22157  45.248  -51.156  -10.124 0.0000000000
22158  44.695  -50.932  -9.977 0.0000000000
22173  50.214  -51.241  -11.240 0.0000000000
22174  49.886  -50.749  -11.475 0.0000000000
22189  50.195  -51.532  -12.078 0.0000000000
22190  49.900  -50.973  -11.760 0.0000000000
22203  51.107  -52.340  -13.496 0.0000000000
22204  50.594  -51.850  -13.046 0.0000000000
22222  51.557  -52.093  -14.217 0.0000000000
22223  51.013  -51.842  -13.647 0.0000000000
23208  50.366  -50.491  -3.348 0.0000000000
23209  49.345  -50.498  -3.064 0.0000000000
23210  48.479  -50.260  -3.050 0.0000000000
23211  47.921  -49.968  -3.059 0.0000000000
23220  51.191  -50.232  -3.870 0.0000000000
23221  50.523  -50.108  -3.946 0.0000000000
23228  38.064  -50.358  -5.611 0.0000000000
23237  45.605  -50.673  -7.322 0.0000000000
23238  44.872  -50.516  -7.088 0.0000000000
23239  43.841  -50.748  -7.015 0.0000000000
23240  42.625  -50.455  -6.890 0.0000000000
23241  41.652  -50.108  -6.779 0.0000000000
23242  41.076  -49.841  -6.679 0.0000000000
23243  37.920  -50.317  -6.694 0.0000000000
23254  50.148  -50.819  -8.358 0.0000000000
23255  49.286  -50.919  -8.114 0.0000000000
23256  48.338  -51.048  -7.830 0.0000000000
23257  47.370  -51.071  -7.613 0.0000000000
23258  46.418  -50.966  -7.474 0.0000000000
23259  43.759  -51.101  -7.541 0.0000000000
23260  42.964  -50.926  -7.770 0.0000000000
23261  41.778  -50.354  -7.564 0.0000000000
23262  40.720  -49.876  -7.310 0.0000000000
23263  40.023  -49.707  -7.449 0.0000000000
23264  38.174  -50.164  -7.575 0.0000000000
23265  37.531  -50.759  -7.604 0.0000000000
23278  53.040  -51.196  -9.322 0.0000000000
23279  52.350  -51.068  -8.918 0.0000000000
23280  51.507  -50.902  -8.678 0.0000000000
23281  50.807  -50.695  -8.518 0.0000000000
23282  42.788  -50.799  -8.731 0.0000000000
23283  41.915  -50.445  -8.423 0.0000000000
23284  40.871  -50.093  -8.250 0.0000000000
23285  39.699  -49.814  -8.093 0.0000000000
23286  38.555  -49.956  -8.272 0.0000000000
23287  37.698  -50.510  -8.385 0.0000000000
23299  53.260  -50.950  -9.806 0.0000000000
23300  44.230  -50.684  -9.818 0.0000000000
23301  43.601  -50.437  -9.747 0.0000000000
23302  42.912  -50.441  -9.480 0.0000000000
23303  42.012  -50.345  -9.210 0.0000000000
23304  41.067  -50.153  -9.040 0.0000000000
23305  40.055  -49.842  -8.973 0.0000000000
23306  38.784  -49.853  -9.263 0.0000000000
23307  37.944  -50.236  -9.049 0.0000000000
23318  53.167  -51.170  -10.072 0.0000000000
23319  52.591  -50.951  -10.273 0.0000000000
23320  51.489  -50.725  -10.447 0.0000000000
23321  50.665  -50.265  -10.633 0.0000000000
23336  50.592  -50.872  -10.729 0.0000000000
23337  49.985  -50.401  -11.039 0.0000000000
23349  49.872  -50.887  -12.140 0.0000000000
23350  49.654  -50.342  -11.884 0.0000000000
23367  49.970  -50.641  -12.801 0.0000000000
23368  49.568  -49.932  -12.493 0.0000000000
23386  51.444  -50.866  -14.590 0.0000000000
23387  50.760  -51.025  -13.794 0.0000000000
24338  42.659  -49.595  -2.608 0.0000000000
24339  41.592  -49.622  -2.685 0.0000000000
24348  49.619  -50.242  -3.538 0.0000000000
24349  48.997  -50.081  -3.601 0.0000000000
24350  48.174  -49.816  -3.537 0.0000000000
24351  47.233  -49.665  -3.246 0.0000000000
24352  46.088  -49.178  -3.453 0.0000000000
24353  45.152  -49.075  -3.155 0.0000000000
24354  44.241  -49.051  -3.166 0.0000000000
24355  43.271  -49.051  -3.217 0.0000000000
24356  42.277  -49.032  -3.300 0.0000000000
24357  41.304  -49.132  -3.674 0.0000000000
24358  40.202  -49.480  -3.819 0.0000000000
24359  39.211  -49.850  -3.927 0.0000000000
24360  38.569  -50.156  -4.378 0.0000000000
24367  51.861  -49.754  -4.405 0.0000000000
24368  50.738  -49.839  -4.451 0.0000000000
24369  49.748  -49.853  -4.110 0.0000000000
24370  48.605  -49.643  -4.210 0.0000000000
24371  47.675  -49.423  -4.116 0.0000000000
24372  46.725  -49.065  -4.084 0.0000000000
24373  46.229  -48.894  -3.933 0.0000000000
24374  40.802  -49.185  -4.573 0.0000000000
24375  39.736  -49.480  -4.640 0.0000000000
24376  38.898  -49.699  -4.733 0.0000000000
24377  38.404  -50.111  -4.935 0.0000000000
24384  52.783  -48.991  -5.344 0.0000000000
24385  52.069  -49.197  -5.222 0.0000000000
24386  51.038  -49.426  -5.178 0.0000000000
24387  50.005  -49.476  -5.073 0.0000000000
24388  48.980  -49.396  -4.963 0.0000000000
24389  48.002  -49.213  -4.855 0.0000000000
24390  47.263  -49.043  -4.675 0.0000000000
24391  43.870  -49.293  -6.083 0.0000000000
24392  43.097  -49.282  -5.885 0.0000000000
24393  42.196  -49.328  -5.665 0.0000000000
24394  41.243  -49.343  -5.429 0.0000000000
24395  40.138  -49.409  -5.453 0.0000000000
24396  39.206  -49.535  -5.395 0.0000000000
24397  38.599  -49.828  -5.326 0.0000000000
24405  49.340  -49.502  -7.384 0.0000000000
24406  48.591  -49.508  -7.247 0.0000000000
24407  47.645  -49.471  -7.144 0.0000000000
24408  46.704  -49.555  -6.958 0.0000000000
24409  45.623  -49.727  -6.908 0.0000000000
24410  44.480  -49.711  -6.553 0.0000000000
24411  43.375  -49.894  -6.449 0.0000000000
24412  42.399  -49.821  -6.294 0.0000000000
24413  41.497  -49.708  -6.197 0.0000000000
24414  40.462  -49.631  -6.450 0.0000000000
24415  39.416  -49.551  -6.242 0.0000000000
24416  38.595  -49.788  -6.022 0.0000000000
24428  51.555  -49.413  -8.338 0.0000000000
24429  50.884  -49.443  -8.094 0.0000000000
24430  49.915  -49.802  -7.920 0.0000000000
24431  48.866  -50.099  -7.753 0.0000000000
24432  47.912  -50.131  -7.681 0.0000000000
24433  47.011  -50.181  -7.420 0.0000000000
24434  46.231  -50.174  -7.291 0.0000000000
24435  40.179  -49.650  -7.118 0.0000000000
24436  39.527  -49.607  -7.218 0.0000000000
24437  38.666  -49.720  -6.896 0.0000000000
24451  52.628  -50.337  -9.294 0.0000000000
24452  52.050  -49.986  -8.752 0.0000000000
24453  51.211  -50.068  -8.469 0.0000000000
24454  50.555  -50.122  -8.322 0.0000000000
24455  39.120  -49.727  -7.810 0.0000000000
24456  38.777  -49.773  -7.567 0.0000000000
24468  53.053  -50.182  -9.688 0.0000000000
24470  42.257  -49.906  -9.787 0.0000000000
24471  41.401  -49.721  -9.585 0.0000000000
24472  40.440  -49.572  -9.507 0.0000000000
24473  39.518  -49.568  -9.596 0.0000000000
24482  53.122  -50.202  -10.117 0.0000000000
24483  52.296  -49.893  -10.349 0.0000000000
24484  51.212  -49.671  -10.466 0.0000000000
24485  50.306  -49.586  -10.770 0.0000000000
24505  49.719  -49.511  -11.343 0.0000000000
24524  49.371  -49.356  -12.117 0.0000000000
24542  50.155  -50.025  -13.651 0.0000000000
24543  49.474  -49.321  -13.147 0.0000000000
24560  51.449  -50.089  -15.010 0.0000000000
24561  50.717  -49.771  -14.482 0.0000000000
24562  49.935  -49.350  -14.032 0.0000000000
24583  51.131  -49.430  -15.177 0.0000000000
25518  45.491  -48.836  -3.663 0.0000000000
25519  44.854  -48.666  -3.755 0.0000000000
25520  43.874  -48.653  -3.843 0.0000000000
25521  42.900  -48.681  -3.895 0.0000000000
25522  41.993  -48.722  -3.997 0.0000000000
25523  41.606  -48.874  -3.969 0.0000000000
25530  46.621  -48.814  -4.822 0.0000000000
25531  45.765  -48.680  -4.347 0.0000000000
25532  44.489  -48.544  -4.567 0.0000000000
25533  43.435  -48.604  -4.595 0.0000000000
25534  42.534  -48.711  -4.554 0.0000000000
25535  41.921  -48.786  -4.531 0.0000000000
25536  41.525  -48.903  -4.250 0.0000000000
25545  55.018  -48.010  -5.866 0.0000000000
25546  53.557  -48.623  -5.631 0.0000000000
25547  52.259  -48.708  -5.899 0.0000000000
25548  51.245  -48.925  -5.893 0.0000000000
25549  50.247  -49.175  -5.884 0.0000000000
25550  49.227  -49.191  -5.808 0.0000000000
25551  48.213  -49.109  -5.683 0.0000000000
25552  47.159  -48.932  -5.477 0.0000000000
25553  46.073  -48.692  -5.461 0.0000000000
25554  45.028  -48.595  -5.381 0.0000000000
25555  43.898  -48.770  -5.430 0.0000000000
25556  42.862  -48.826  -5.239 0.0000000000
25557  42.041  -48.910  -5.062 0.0000000000
25558  41.514  -48.996  -4.768 0.0000000000
25570  54.672  -47.653  -6.709 0.0000000000
25571  53.760  -47.771  -7.023 0.0000000000
25572  52.529  -48.391  -6.795 0.0000000000
25573  51.442  -48.653  -6.706 0.0000000000
25574  50.495  -48.960  -6.628 0.0000000000
25575  49.460  -49.179  -6.681 0.0000000000
25576  48.423  -49.182  -6.520 0.0000000000
25577  47.422  -49.153  -6.378 0.0000000000
25578  46.391  -49.043  -6.304 0.0000000000
25579  45.344  -48.971  -6.207 0.0000000000
25580  44.513  -48.965  -6.002 0.0000000000
25594  53.559  -48.008  -8.420 0.0000000000
25595  52.645  -48.316  -7.957 0.0000000000
25596  51.641  -48.773  -7.702 0.0000000000
25597  50.686  -49.023  -7.405 0.0000000000
25598  49.952  -49.187  -7.230 0.0000000000
25610  54.399  -47.871  -9.562 0.0000000000
25611  53.953  -48.188  -9.311 0.0000000000
25612  52.828  -49.038  -9.137 0.0000000000
25613  52.133  -49.080  -8.395 0.0000000000
25626  54.616  -47.671  -9.785 0.0000000000
25627  54.290  -48.185  -9.920 0.0000000000
25628  53.613  -49.032  -9.934 0.0000000000
25638  54.524  -47.679  -10.149 0.0000000000
25639  54.037  -48.124  -10.414 0.0000000000
25640  53.087  -48.800  -10.528 0.0000000000
25641  51.870  -48.821  -10.626 0.0000000000
25642  50.754  -48.745  -10.731 0.0000000000
25643  50.026  -48.901  -11.010 0.0000000000
25662  50.242  -48.305  -11.071 0.0000000000
25663  49.532  -48.378  -11.510 0.0000000000
25664  48.977  -47.785  -11.960 0.0000000000
25685  49.083  -48.447  -12.423 0.0000000000
25686  48.778  -47.640  -12.569 0.0000000000
25707  48.935  -48.004  -13.324 0.0000000000
25708  48.603  -47.471  -12.995 0.0000000000
25728  50.122  -48.930  -14.527 0.0000000000
25729  49.534  -48.516  -14.144 0.0000000000
25749  51.207  -48.993  -15.565 0.0000000000
25750  50.541  -48.578  -15.169 0.0000000000
25751  49.953  -48.400  -14.711 0.0000000000
25768  51.031  -48.499  -15.702 0.0000000000
26657  55.752  -47.443  -5.935 0.0000000000
26674  56.215  -46.907  -6.464 0.0000000000
26675  55.316  -47.368  -6.755 0.0000000000
26676  54.617  -47.513  -7.264 0.0000000000
26689  55.849  -46.897  -7.388 0.0000000000
26690  55.079  -47.243  -7.810 0.0000000000
26691  54.297  -47.583  -8.052 0.0000000000
26703  55.674  -46.781  -8.355 0.0000000000
26704  54.756  -47.419  -9.032 0.0000000000
26705  54.164  -47.824  -8.727 0.0000000000
26716  55.636  -46.657  -9.275 0.0000000000
26717  55.116  -47.158  -9.978 0.0000000000
26727  54.470  -47.224  -10.501 0.0000000000
26728  53.518  -47.360  -10.902 0.0000000000
26729  52.400  -47.834  -10.942 0.0000000000
26730  51.300  -47.988  -10.951 0.0000000000
26731  50.665  -48.110  -11.006 0.0000000000
26750  53.199  -46.781  -11.091 0.0000000000
26751  52.675  -46.910  -11.091 0.0000000000
26752  51.676  -47.066  -11.113 0.0000000000
26753  50.447  -47.420  -11.211 0.0000000000
26754  49.436  -47.231  -11.637 0.0000000000
26755  48.840  -47.064  -12.070 0.0000000000
26776  48.511  -46.973  -12.673 0.0000000000
26794  48.776  -47.551  -13.775 0.0000000000
26795  48.469  -47.129  -13.433 0.0000000000
26810  49.077  -47.799  -14.104 0.0000000000
26811  48.693  -47.223  -14.219 0.0000000000
26830  50.300  -47.953  -15.381 0.0000000000
26831  49.609  -47.587  -14.998 0.0000000000
26832  48.671  -46.680  -14.755 0.0000000000
26846  50.735  -47.711  -15.974 0.0000000000
26847  49.782  -46.806  -15.947 0.0000000000
27807  56.723  -46.005  -6.884 0.0000000000
27808  56.335  -46.588  -7.137 0.0000000000
27819  56.745  -45.900  -8.050 0.0000000000
27820  56.347  -46.428  -7.782 0.0000000000
27830  56.604  -45.851  -8.565 0.0000000000
27831  56.325  -46.241  -8.693 0.0000000000
27842  56.114  -46.186  -9.380 0.0000000000
27843  55.660  -46.357  -9.850 0.0000000000
27853  55.057  -46.475  -10.387 0.0000000000
27854  54.194  -46.467  -10.812 0.0000000000
27855  53.496  -46.066  -10.998 0.0000000000
27856  52.799  -45.924  -11.023 0.0000000000
27868  53.507  -46.581  -11.033 0.0000000000
27869  52.982  -46.374  -11.093 0.0000000000
27870  52.126  -46.212  -11.189 0.0000000000
27871  51.054  -46.325  -11.335 0.0000000000
27872  49.964  -46.299  -11.501 0.0000000000
27873  49.236  -46.511  -11.802 0.0000000000
27891  49.347  -45.915  -11.768 0.0000000000
27892  48.750  -46.187  -12.155 0.0000000000
27906  48.177  -46.172  -12.940 0.0000000000
27907  47.934  -45.712  -13.395 0.0000000000
27921  48.034  -46.252  -14.048 0.0000000000
27922  47.824  -45.605  -13.759 0.0000000000
27941  48.865  -46.174  -15.549 0.0000000000
27942  48.268  -46.048  -14.878 0.0000000000
27956  50.396  -46.348  -16.666 0.0000000000
27957  49.511  -46.003  -16.290 0.0000000000
28998  50.794  -44.975  -7.066 0.0000000000
28999  49.890  -45.075  -7.015 0.0000000000
29000  48.922  -45.156  -7.003 0.0000000000
29001  48.378  -45.151  -7.048 0.0000000000
29010  56.846  -45.161  -7.660 0.0000000000
29011  56.101  -44.842  -8.149 0.0000000000
29012  55.071  -44.905  -8.177 0.0000000000
29013  53.963  -45.101  -8.060 0.0000000000
29014  52.841  -45.296  -7.892 0.0000000000
29015  51.624  -45.312  -7.647 0.0000000000
29016  50.432  -45.472  -7.788 0.0000000000
29017  49.374  -45.504  -7.779 0.0000000000
29018  48.283  -45.431  -7.659 0.0000000000
29019  47.343  -45.359  -8.054 0.0000000000
29020  46.843  -45.245  -8.333 0.0000000000
29033  56.668  -45.635  -8.342 0.0000000000
29034  56.256  -45.682  -8.884 0.0000000000
29035  55.406  -45.443  -9.054 0.0000000000
29036  54.418  -45.423  -9.034 0.0000000000
29037  53.317  -45.510  -8.909 0.0000000000
29038  52.184  -45.591  -8.786 0.0000000000
29039  51.040  -45.681  -8.741 0.0000000000
29040  49.931  -45.659  -8.745 0.0000000000
29041  48.871  -45.594  -8.724 0.0000000000
29042  47.910  -45.510  -8.742 0.0000000000
29043  47.145  -45.353  -8.848 0.0000000000
29057  56.058  -45.987  -9.666 0.0000000000
29058  55.573  -45.823  -9.949 0.0000000000
29059  54.734  -45.596  -9.951 0.0000000000
29060  53.752  -45.641  -9.863 0.0000000000
29061  52.693  -45.642  -9.805 0.0000000000
29062  51.597  -45.605  -9.775 0.0000000000
29063  50.499  -45.580  -9.762 0.0000000000
29064  49.440  -45.473  -9.729 0.0000000000
29065  48.397  -45.356  -9.744 0.0000000000
29066  47.592  -45.310  -9.466 0.0000000000
29082  54.823  -45.942  -10.518 0.0000000000
29083  54.066  -45.853  -10.550 0.0000000000
29084  53.164  -45.796  -10.540 0.0000000000
29085  52.128  -45.711  -10.659 0.0000000000
29086  51.041  -45.514  -10.617 0.0000000000
29087  49.940  -45.350  -10.708 0.0000000000
29088  49.008  -45.107  -10.551 0.0000000000
29089  48.346  -44.916  -10.538 0.0000000000
29103  51.411  -45.761  -11.130 0.0000000000
29104  50.558  -45.652  -11.244 0.0000000000
29105  49.654  -45.449  -11.482 0.0000000000
29117  49.092  -45.429  -11.931 0.0000000000
29118  48.592  -45.403  -12.371 0.0000000000
29128  48.158  -45.276  -12.875 0.0000000000
29129  47.862  -45.143  -13.395 0.0000000000
29145  47.978  -45.713  -14.616 0.0000000000
29146  47.709  -45.215  -14.181 0.0000000000
29166  48.491  -45.480  -15.750 0.0000000000
29167  47.989  -45.247  -15.285 0.0000000000
29168  47.582  -44.803  -14.744 0.0000000000
29186  49.869  -45.199  -16.812 0.0000000000
29187  48.836  -45.304  -16.223 0.0000000000
29188  48.305  -45.150  -15.872 0.0000000000
29204  50.666  -45.506  -17.164 0.0000000000
30262  57.040  -44.492  -6.858 0.0000000000
30263  56.614  -44.280  -7.155 0.0000000000
30264  55.654  -44.190  -7.364 0.0000000000
30265  54.529  -44.301  -7.380 0.0000000000
30266  53.412  -44.539  -7.276 0.0000000000
30267  52.447  -44.734  -7.180 0.0000000000
30268  48.099  -45.150  -7.086 0.0000000000
30269  47.565  -45.095  -7.237 0.0000000000
30270  46.520  -44.948  -7.724 0.0000000000
30271  45.447  -44.336  -7.650 0.0000000000
30272  44.851  -44.174  -8.011 0.0000000000
30286  46.474  -45.167  -8.790 0.0000000000
30287  45.757  -44.784  -8.610 0.0000000000
30288  45.046  -44.362  -8.607 0.0000000000
30300  47.720  -44.985  -10.211 0.0000000000
30301  46.919  -45.039  -9.725 0.0000000000
30302  46.096  -44.819  -9.534 0.0000000000
30303  45.382  -44.508  -9.494 0.0000000000
30317  49.247  -44.953  -11.243 0.0000000000
30318  48.638  -44.607  -11.090 0.0000000000
30319  47.965  -44.504  -10.880 0.0000000000
30320  47.213  -44.499  -10.681 0.0000000000
30321  46.471  -44.589  -10.329 0.0000000000
30322  45.833  -44.492  -10.172 0.0000000000
30336  49.179  -45.029  -11.720 0.0000000000
30337  48.800  -44.679  -11.711 0.0000000000
30338  48.117  -44.218  -11.653 0.0000000000
30339  47.609  -44.271  -11.198 0.0000000000
30352  48.923  -44.952  -12.077 0.0000000000
30353  48.484  -44.671  -12.341 0.0000000000
30354  48.040  -44.145  -12.480 0.0000000000
30364  48.058  -44.688  -12.869 0.0000000000
30365  47.698  -44.370  -13.297 0.0000000000
30378  47.400  -44.298  -14.207 0.0000000000
30396  47.810  -44.686  -15.548 0.0000000000
30397  47.488  -44.294  -15.204 0.0000000000
30412  49.993  -44.229  -16.982 0.0000000000
30413  49.176  -44.350  -16.658 0.0000000000
30414  48.065  -44.425  -16.062 0.0000000000
30415  47.592  -43.797  -15.715 0.0000000000
30428  50.752  -44.497  -17.330 0.0000000000
31600  44.461  -43.953  -8.496 0.0000000000
31601  43.878  -43.453  -8.226 0.0000000000
31617  44.634  -44.139  -9.472 0.0000000000
31618  43.919  -43.609  -9.286 0.0000000000
31636  46.730  -44.294  -10.854 0.0000000000
31637  46.176  -44.205  -10.864 0.0000000000
31638  45.221  -44.104  -10.511 0.0000000000
31639  44.272  -43.653  -10.340 0.0000000000
31658  47.761  -43.889  -12.042 0.0000000000
31659  47.085  -43.969  -11.554 0.0000000000
31660  45.855  -43.583  -11.566 0.0000000000
31661  44.816  -43.430  -11.251 0.0000000000
31662  43.976  -43.170  -11.121 0.0000000000
31674  47.520  -43.714  -12.540 0.0000000000
31675  46.643  -43.283  -12.498 0.0000000000
31676  45.813  -43.032  -12.301 0.0000000000
31687  47.256  -43.565  -13.404 0.0000000000
31688  46.626  -42.922  -13.468 0.0000000000
31700  47.052  -43.402  -14.369 0.0000000000
31701  46.661  -42.602  -14.144 0.0000000000
31719  47.263  -43.286  -15.307 0.0000000000
31736  50.462  -43.623  -17.173 0.0000000000
31737  49.749  -43.449  -16.926 0.0000000000
31738  48.769  -43.348  -16.624 0.0000000000
31739  47.759  -43.062  -16.124 0.0000000000
32737  43.365  -42.929  -8.020 0.0000000000
32738  42.636  -42.429  -8.326 0.0000000000
32739  42.239  -42.114  -7.862 0.0000000000
32754  43.239  -43.066  -8.934 0.0000000000
32755  42.624  -42.582  -9.563 0.0000000000
32771  43.338  -43.095  -10.242 0.0000000000
32772  42.638  -42.417  -10.632 0.0000000000
32788  45.221  -43.101  -11.954 0.0000000000
32789  44.434  -42.798  -11.880 0.0000000000
32790  43.284  -42.416  -11.613 0.0000000000
32791  42.601  -42.133  -11.261 0.0000000000
32802  46.066  -42.752  -12.886 0.0000000000
32803  45.224  -42.509  -12.629 0.0000000000
32804  44.104  -42.039  -12.608 0.0000000000
32805  43.420  -41.935  -12.335 0.0000000000
32816  45.932  -42.125  -13.635 0.0000000000
32817  44.880  -41.791  -13.235 0.0000000000
32818  44.342  -41.652  -13.082 0.0000000000
32828  46.885  -42.728  -14.786 0.0000000000
32829  46.551  -41.958  -14.604 0.0000000000
32842  47.147  -42.250  -15.428 0.0000000000
32843  46.730  -41.542  -15.224 0.0000000000
32860  50.565  -42.662  -17.116 0.0000000000
32861  49.593  -42.427  -16.855 0.0000000000
32862  48.580  -42.219  -16.572 0.0000000000
32863  47.732  -41.847  -16.192 0.0000000000
33782  42.115  -42.115  -9.177 0.0000000000
33783  41.730  -41.763  -8.384 0.0000000000
33784  40.798  -41.265  -8.180 0.0000000000
33796  42.074  -42.070  -10.073 0.0000000000
33797  41.582  -41.670  -9.564 0.0000000000
33798  40.954  -41.278  -9.207 0.0000000000
33810  42.174  -41.882  -10.936 0.0000000000
33811  41.552  -41.491  -10.546 0.0000000000
33812  41.062  -41.307  -10.022 0.0000000000
33825  43.008  -41.793  -12.215 0.0000000000
33826  42.471  -41.616  -11.745 0.0000000000
33827  41.871  -41.390  -11.268 0.0000000000
33837  43.996  -41.507  -13.027 0.0000000000
33838  43.348  -41.316  -12.746 0.0000000000
33839  42.762  -41.361  -12.319 0.0000000000
33846  45.955  -41.479  -14.328 0.0000000000
33847  45.237  -41.163  -14.052 0.0000000000
33848  44.344  -41.223  -13.463 0.0000000000
33849  43.830  -41.187  -13.196 0.0000000000
33856  46.198  -41.100  -14.968 0.0000000000
33857  45.726  -41.064  -14.533 0.0000000000
33865  47.116  -41.233  -15.760 0.0000000000
33866  46.637  -41.105  -15.394 0.0000000000
33884  50.565  -41.480  -16.956 0.0000000000
33885  49.390  -41.352  -16.748 0.0000000000
33886  48.443  -41.177  -16.505 0.0000000000
33887  47.744  -40.982  -16.246 0.0000000000
34843  39.628  -40.285  -8.463 0.0000000000
34855  40.265  -40.758  -8.894 0.0000000000
34856  39.738  -40.155  -9.416 0.0000000000
34869  41.075  -41.065  -10.528 0.0000000000
34870  40.464  -40.641  -10.187 0.0000000000
34871  39.788  -39.875  -10.181 0.0000000000
34885  41.970  -41.107  -11.711 0.0000000000
34886  41.297  -40.739  -11.311 0.0000000000
34887  40.532  -40.123  -11.109 0.0000000000
34898  43.073  -40.681  -12.976 0.0000000000
34899  42.317  -40.611  -12.434 0.0000000000
34900  41.393  -39.997  -12.054 0.0000000000
34906  45.033  -40.550  -14.347 0.0000000000
34907  44.479  -40.462  -14.054 0.0000000000
34908  43.669  -40.581  -13.461 0.0000000000
34909  42.985  -40.168  -13.218 0.0000000000
34916  46.075  -40.518  -15.164 0.0000000000
34917  45.531  -40.402  -14.773 0.0000000000
34918  44.881  -40.103  -14.484 0.0000000000
34926  47.341  -40.327  -16.163 0.0000000000
34927  46.569  -40.450  -15.582 0.0000000000
34928  46.025  -40.036  -15.296 0.0000000000
34945  51.021  -40.424  -16.850 0.0000000000
34946  50.111  -40.428  -16.726 0.0000000000
34947  49.111  -40.333  -16.651 0.0000000000
34948  48.187  -40.245  -16.450 0.0000000000
35921  39.265  -39.726  -8.966 0.0000000000
35922  38.862  -39.278  -8.704 0.0000000000
35939  39.284  -39.373  -9.749 0.0000000000
35940  39.032  -39.307  -9.201 0.0000000000
35954  40.093  -39.842  -10.748 0.0000000000
35955  39.654  -39.160  -10.679 0.0000000000
35972  40.868  -39.881  -11.618 0.0000000000
35973  40.292  -39.228  -11.401 0.0000000000
35974  39.853  -38.847  -11.140 0.0000000000
35990  41.749  -39.371  -12.554 0.0000000000
35991  40.951  -39.229  -12.056 0.0000000000
35992  40.612  -38.859  -11.818 0.0000000000
36003  43.989  -39.977  -13.930 0.0000000000
36004  43.522  -39.395  -13.735 0.0000000000
36005  42.567  -39.424  -13.134 0.0000000000
36015  45.097  -39.588  -14.706 0.0000000000
36016  44.391  -39.405  -14.302 0.0000000000
36017  44.002  -38.735  -14.100 0.0000000000
36029  46.959  -39.651  -16.046 0.0000000000
36030  46.392  -39.436  -15.641 0.0000000000
36031  45.661  -39.271  -15.173 0.0000000000
36049  50.760  -39.505  -16.682 0.0000000000
36050  49.796  -39.427  -16.581 0.0000000000
36051  48.799  -39.332  -16.542 0.0000000000
36052  47.761  -39.248  -16.334 0.0000000000
37027  38.562  -38.481  -8.549 0.0000000000
37044  39.257  -38.335  -10.201 0.0000000000
37045  38.869  -38.759  -9.343 0.0000000000
37060  39.715  -38.393  -10.938 0.0000000000
37082  40.478  -38.366  -11.670 0.0000000000
37083  40.046  -38.551  -11.329 0.0000000000
37100  42.195  -38.380  -12.867 0.0000000000
37101  41.340  -38.506  -12.336 0.0000000000
37102  40.850  -38.598  -12.005 0.0000000000
37114  44.131  -37.901  -14.019 0.0000000000
37115  43.808  -38.269  -13.896 0.0000000000
37116  43.003  -38.529  -13.429 0.0000000000
37125  45.037  -38.698  -14.708 0.0000000000
37126  44.364  -38.198  -14.249 0.0000000000
37127  44.056  -38.402  -14.092 0.0000000000
37141  46.971  -38.689  -16.053 0.0000000000
37142  46.257  -38.426  -15.544 0.0000000000
37143  45.602  -38.217  -15.065 0.0000000000
37168  50.495  -38.529  -16.492 0.0000000000
37169  49.497  -38.413  -16.433 0.0000000000
37170  48.495  -38.330  -16.350 0.0000000000
37171  47.674  -38.126  -16.184 0.0000000000
38240  38.334  -37.423  -8.295 0.0000000000
38241  38.028  -37.391  -7.783 0.0000000000
38258  52.270  -36.972  -9.971 0.0000000000
38259  51.218  -36.993  -9.969 0.0000000000
38260  50.198  -37.062  -9.878 0.0000000000
38261  49.236  -37.087  -9.736 0.0000000000
38262  48.357  -37.024  -9.625 0.0000000000
38263  47.830  -36.875  -9.609 0.0000000000
38264  39.342  -37.420  -10.171 0.0000000000
38265  38.820  -37.651  -9.413 0.0000000000
38283  51.623  -37.345  -10.708 0.0000000000
38284  50.548  -37.365  -10.632 0.0000000000
38285  49.492  -37.295  -10.470 0.0000000000
38286  48.484  -37.297  -10.236 0.0000000000
38287  47.491  -37.162  -9.997 0.0000000000
38288  46.932  -36.872  -10.231 0.0000000000
38289  40.259  -37.387  -11.092 0.0000000000
38290  39.770  -37.569  -10.750 0.0000000000
38312  50.977  -37.353  -11.452 0.0000000000
38313  49.809  -37.219  -11.428 0.0000000000
38314  48.735  -37.087  -11.066 0.0000000000
38315  47.757  -37.026  -10.832 0.0000000000
38316  46.920  -36.852  -10.691 0.0000000000
38317  41.173  -37.268  -11.736 0.0000000000
38318  40.761  -37.431  -11.522 0.0000000000
38319  40.102  -37.922  -11.287 0.0000000000
38337  50.432  -36.954  -12.173 0.0000000000
38338  49.624  -36.821  -12.237 0.0000000000
38339  44.022  -36.999  -13.201 0.0000000000
38340  43.620  -37.156  -13.046 0.0000000000
38341  42.702  -37.474  -12.761 0.0000000000
38342  41.555  -37.488  -12.160 0.0000000000
38343  40.969  -38.055  -11.982 0.0000000000
38358  44.947  -37.104  -13.991 0.0000000000
38359  44.338  -37.350  -13.706 0.0000000000
38360  43.353  -37.771  -13.381 0.0000000000
38361  42.761  -37.995  -13.195 0.0000000000
38377  46.998  -36.834  -14.810 0.0000000000
38378  46.388  -37.115  -14.750 0.0000000000
38379  45.268  -37.531  -14.471 0.0000000000
38380  44.616  -37.659  -14.203 0.0000000000
38395  49.043  -36.840  -15.597 0.0000000000
38396  48.427  -37.025  -15.640 0.0000000000
38397  47.250  -37.397  -15.549 0.0000000000
38398  46.028  -37.691  -15.138 0.0000000000
38399  45.629  -37.808  -14.905 0.0000000000
38426  50.237  -37.601  -16.259 0.0000000000
38427  49.189  -37.358  -16.044 0.0000000000
38428  48.108  -37.618  -16.029 0.0000000000
38429  47.671  -37.698  -15.963 0.0000000000
39584  52.502  -35.983  -8.527 0.0000000000
39585  51.456  -35.960  -8.598 0.0000000000
39586  50.438  -36.042  -8.715 0.0000000000
39587  49.707  -36.147  -8.914 0.0000000000
39588  38.295  -36.485  -8.414 0.0000000000
39589  37.881  -36.762  -7.796 0.0000000000
39605  51.864  -36.499  -9.264 0.0000000000
39606  50.840  -36.552  -9.289 0.0000000000
39607  49.905  -36.620  -9.276 0.0000000000
39608  49.079  -36.448  -9.267 0.0000000000
39609  48.229  -36.401  -9.448 0.0000000000
39610  47.402  -36.456  -9.682 0.0000000000
39611  46.596  -36.229  -9.938 0.0000000000
39612  45.966  -36.073  -10.271 0.0000000000
39613  40.064  -36.025  -10.090 0.0000000000
39614  39.430  -36.572  -9.890 0.0000000000
39615  38.700  -36.612  -9.043 0.0000000000
39627  46.919  -36.766  -9.987 0.0000000000
39628  46.406  -36.521  -10.442 0.0000000000
39629  45.351  -36.210  -10.757 0.0000000000
39630  44.299  -36.127  -11.006 0.0000000000
39631  43.337  -36.107  -11.016 0.0000000000
39632  42.374  -36.087  -10.963 0.0000000000
39633  41.459  -36.237  -10.968 0.0000000000
39634  40.456  -36.666  -10.772 0.0000000000
39635  39.710  -37.036  -10.429 0.0000000000
39648  48.894  -36.832  -11.975 0.0000000000
39649  47.972  -36.703  -11.721 0.0000000000
39650  47.011  -36.634  -11.563 0.0000000000
39651  45.992  -36.463  -11.410 0.0000000000
39652  44.793  -36.331  -11.678 0.0000000000
39653  43.770  -36.416  -11.710 0.0000000000
39654  42.829  -36.484  -11.596 0.0000000000
39655  41.970  -36.536  -11.536 0.0000000000
39656  41.211  -36.903  -11.522 0.0000000000
39657  40.786  -36.975  -11.303 0.0000000000
39669  50.801  -36.647  -12.944 0.0000000000
39670  49.900  -36.580  -12.906 0.0000000000
39671  49.044  -36.528  -12.826 0.0000000000
39672  48.168  -36.420  -12.653 0.0000000000
39673  47.217  -36.427  -12.528 0.0000000000
39674  46.205  -36.404  -12.482 0.0000000000
39675  45.201  -36.488  -12.497 0.0000000000
39676  44.190  -36.707  -12.697 0.0000000000
39677  43.223  -36.815  -12.346 0.0000000000
39678  42.305  -36.869  -12.126 0.0000000000
39679  41.735  -36.910  -11.877 0.0000000000
39695  50.170  -36.377  -13.717 0.0000000000
39696  49.277  -36.318  -13.656 0.0000000000
39697  48.369  -36.250  -13.589 0.0000000000
39698  47.442  -36.342  -13.486 0.0000000000
39699  46.504  -36.487  -13.408 0.0000000000
39700  45.367  -36.729  -13.543 0.0000000000
39701  44.747  -36.740  -13.151 0.0000000000
39721  50.412  -36.348  -14.573 0.0000000000
39722  49.511  -36.336  -14.503 0.0000000000
39723  48.637  -36.357  -14.443 0.0000000000
39724  47.640  -36.496  -14.513 0.0000000000
39725  46.814  -36.601  -14.217 0.0000000000
39726  46.033  -36.795  -14.140 0.0000000000
39744  50.687  -36.575  -15.348 0.0000000000
39745  49.685  -36.599  -15.368 0.0000000000
39746  48.901  -36.575  -15.149 0.0000000000
39747  48.153  -36.679  -15.116 0.0000000000
39771  50.133  -36.923  -15.906 0.0000000000
40875  44.257  -35.218  0.313 0.0000000000
40876  43.518  -34.874  0.059 0.0000000000
40892  43.955  -35.769  -0.398 0.0000000000
40893  43.284  -35.434  -0.710 0.0000000000
40894  42.632  -34.983  -1.194 0.0000000000
40905  43.194  -35.913  -1.494 0.0000000000
40906  42.693  -35.556  -1.928 0.0000000000
40914  42.389  -35.786  -2.978 0.0000000000
40925  41.902  -35.709  -3.491 0.0000000000
40926  41.375  -35.585  -3.453 0.0000000000
40971  51.835  -34.654  -7.516 0.0000000000
40972  51.206  -34.561  -7.405 0.0000000000
40973  38.146  -35.359  -8.083 0.0000000000
40974  37.616  -35.681  -7.491 0.0000000000
40987  52.128  -35.333  -7.985 0.0000000000
40988  50.961  -35.166  -7.975 0.0000000000
40989  49.817  -35.448  -8.516 0.0000000000
40990  49.299  -35.004  -8.567 0.0000000000
40991  39.122  -35.440  -9.095 0.0000000000
40992  38.596  -35.670  -8.690 0.0000000000
40993  38.016  -35.983  -8.170 0.0000000000
41013  49.357  -35.938  -8.909 0.0000000000
41014  48.871  -35.542  -9.020 0.0000000000
41015  47.940  -35.605  -9.445 0.0000000000
41016  47.034  -35.524  -9.686 0.0000000000
41017  46.144  -35.482  -10.052 0.0000000000
41018  41.232  -35.129  -10.139 0.0000000000
41019  40.715  -35.457  -10.137 0.0000000000
41020  39.699  -35.439  -9.524 0.0000000000
41021  39.086  -35.937  -9.270 0.0000000000
41039  45.406  -35.612  -10.353 0.0000000000
41040  44.714  -35.689  -10.579 0.0000000000
41041  43.858  -35.589  -10.660 0.0000000000
41042  42.890  -35.491  -10.604 0.0000000000
41043  41.723  -35.384  -10.385 0.0000000000
41044  41.069  -35.912  -10.596 0.0000000000
42260  44.688  -34.245  1.285 0.0000000000
42261  44.020  -33.882  1.141 0.0000000000
42281  44.111  -34.389  0.854 0.0000000000
42282  43.533  -34.172  0.544 0.0000000000
42283  42.891  -33.907  0.078 0.0000000000
42301  43.137  -34.554  -0.103 0.0000000000
42302  42.646  -34.291  -0.660 0.0000000000
42319  42.365  -34.415  -1.657 0.0000000000
42331  42.166  -34.720  -2.821 0.0000000000
42332  41.864  -34.622  -3.539 0.0000000000
42348  42.066  -35.200  -3.482 0.0000000000
42349  41.554  -34.936  -3.687 0.0000000000
42350  40.685  -34.734  -3.379 0.0000000000
42351  39.850  -33.882  -3.388 0.0000000000
42379  51.125  -33.622  -6.820 0.0000000000
42380  50.817  -33.902  -6.772 0.0000000000
42381  37.894  -34.008  -6.732 0.0000000000
42394  51.447  -34.155  -6.953 0.0000000000
42395  50.480  -34.365  -7.323 0.0000000000
42396  49.488  -34.155  -7.589 0.0000000000
42397  49.020  -33.943  -7.782 0.0000000000
42398  38.091  -34.622  -7.636 0.0000000000
42399  37.467  -34.848  -6.891 0.0000000000
42406  50.245  -34.913  -7.972 0.0000000000
42407  49.673  -34.725  -8.057 0.0000000000
42408  48.757  -34.375  -8.506 0.0000000000
42409  48.085  -34.001  -8.851 0.0000000000
42410  39.972  -34.133  -8.940 0.0000000000
42411  39.188  -34.760  -8.823 0.0000000000
42412  38.515  -34.909  -8.313 0.0000000000
42430  48.376  -34.984  -9.199 0.0000000000
42431  47.724  -34.518  -9.348 0.0000000000
42432  46.548  -34.571  -9.738 0.0000000000
42433  45.325  -34.667  -10.103 0.0000000000
42434  44.180  -34.221  -10.122 0.0000000000
42435  43.154  -34.072  -10.011 0.0000000000
42436  42.188  -34.056  -9.915 0.0000000000
42437  41.284  -34.549  -9.869 0.0000000000
42438  40.340  -34.685  -9.516 0.0000000000
42439  39.778  -34.736  -9.227 0.0000000000
42457  44.965  -35.293  -10.379 0.0000000000
42458  44.418  -35.082  -10.381 0.0000000000
42459  43.501  -34.879  -10.368 0.0000000000
42460  42.555  -34.766  -10.251 0.0000000000
42461  41.932  -34.700  -10.096 0.0000000000
43647  46.243  -33.091  2.184 0.0000000000
43666  45.395  -33.288  1.894 0.0000000000
43667  44.375  -33.243  1.513 0.0000000000
43668  43.626  -33.203  1.096 0.0000000000
43687  43.050  -33.169  0.475 0.0000000000
43688  42.653  -33.177  -0.260 0.0000000000
43705  42.411  -33.316  -1.170 0.0000000000
43724  42.209  -33.484  -2.241 0.0000000000
43737  41.874  -33.673  -3.452 0.0000000000
43738  41.608  -34.364  -3.796 0.0000000000
43752  41.743  -33.207  -4.404 0.0000000000
43753  41.178  -34.035  -4.277 0.0000000000
43754  40.173  -33.703  -4.071 0.0000000000
43755  39.250  -33.501  -3.856 0.0000000000
43762  41.694  -33.018  -4.877 0.0000000000
43763  41.198  -33.239  -5.104 0.0000000000
43764  40.354  -33.336  -4.908 0.0000000000
43765  39.408  -33.298  -4.735 0.0000000000
43766  38.479  -33.430  -4.449 0.0000000000
43770  40.952  -33.020  -5.596 0.0000000000
43771  40.499  -33.074  -5.553 0.0000000000
43772  39.624  -33.082  -5.750 0.0000000000
43773  38.600  -33.354  -5.386 0.0000000000
43776  51.077  -33.166  -6.866 0.0000000000
43777  50.430  -33.414  -6.650 0.0000000000
43778  49.479  -33.312  -6.503 0.0000000000
43779  48.650  -33.229  -6.590 0.0000000000
43780  48.155  -33.167  -6.777 0.0000000000
43781  39.357  -33.142  -6.694 0.0000000000
43782  38.641  -33.382  -6.333 0.0000000000
43783  37.903  -33.664  -5.915 0.0000000000
43793  50.431  -33.893  -6.809 0.0000000000
43794  49.908  -33.829  -6.900 0.0000000000
43795  49.082  -33.648  -7.169 0.0000000000
43796  48.308  -33.383  -7.323 0.0000000000
43797  40.406  -32.862  -7.589 0.0000000000
43798  39.830  -33.121  -7.431 0.0000000000
43799  38.775  -33.654  -7.381 0.0000000000
43809  48.668  -33.722  -7.832 0.0000000000
43810  48.038  -33.545  -8.290 0.0000000000
43811  47.443  -33.377  -8.734 0.0000000000
43812  41.349  -32.840  -8.498 0.0000000000
43813  40.558  -33.136  -8.356 0.0000000000
43814  39.433  -33.751  -8.259 0.0000000000
43815  38.708  -34.252  -8.172 0.0000000000
43832  47.684  -33.767  -8.966 0.0000000000
43833  47.052  -33.633  -9.304 0.0000000000
43834  46.003  -33.657  -9.508 0.0000000000
43835  44.904  -33.513  -9.625 0.0000000000
43836  43.817  -33.329  -9.638 0.0000000000
43837  42.775  -33.294  -9.503 0.0000000000
43838  41.627  -33.277  -9.176 0.0000000000
43839  40.706  -33.893  -9.252 0.0000000000
44901  46.719  -32.351  2.082 0.0000000000
44902  45.895  -32.552  2.126 0.0000000000
44920  47.523  -31.902  1.855 0.0000000000
44921  46.968  -31.743  1.835 0.0000000000
44922  45.408  -32.414  2.015 0.0000000000
44923  44.785  -32.413  1.824 0.0000000000
44924  43.949  -32.347  1.465 0.0000000000
44942  43.288  -32.277  0.883 0.0000000000
44943  42.717  -32.221  0.225 0.0000000000
44963  42.562  -32.114  -0.682 0.0000000000
44979  42.626  -32.384  -1.671 0.0000000000
44987  43.114  -31.987  -3.303 0.0000000000
44988  42.646  -32.430  -2.735 0.0000000000
44995  43.085  -31.992  -4.032 0.0000000000
44996  42.376  -32.586  -3.776 0.0000000000
45001  46.484  -31.778  -4.907 0.0000000000
45002  46.207  -31.700  -4.841 0.0000000000
45003  43.108  -31.998  -4.892 0.0000000000
45004  42.191  -32.633  -4.816 0.0000000000
45005  41.635  -32.938  -5.132 0.0000000000
45008  48.297  -32.383  -6.008 0.0000000000
45009  47.671  -32.271  -5.673 0.0000000000
45010  46.863  -32.120  -5.178 0.0000000000
45011  46.138  -32.000  -4.920 0.0000000000
45012  43.223  -32.045  -5.750 0.0000000000
45013  42.372  -32.442  -5.713 0.0000000000
45014  41.450  -32.832  -5.694 0.0000000000
45015  40.670  -32.883  -5.966 0.0000000000
45016  40.215  -32.937  -5.935 0.0000000000
45018  50.972  -32.841  -7.004 0.0000000000
45019  50.562  -32.834  -6.743 0.0000000000
45020  49.763  -32.786  -6.399 0.0000000000
45021  48.910  -32.783  -6.142 0.0000000000
45022  47.958  -32.757  -6.346 0.0000000000
45023  46.941  -32.458  -6.046 0.0000000000
45024  45.904  -32.197  -5.744 0.0000000000
45025  45.310  -32.036  -5.958 0.0000000000
45026  43.344  -32.061  -6.536 0.0000000000
45027  42.525  -32.324  -6.552 0.0000000000
45028  41.655  -32.554  -6.545 0.0000000000
45029  40.856  -32.712  -6.528 0.0000000000
45030  40.112  -32.883  -6.487 0.0000000000
45039  50.699  -32.653  -7.304 0.0000000000
45040  50.058  -32.416  -6.925 0.0000000000
45041  47.769  -33.056  -7.181 0.0000000000
45042  47.087  -32.654  -7.073 0.0000000000
45043  46.082  -32.389  -6.905 0.0000000000
45044  44.960  -32.092  -6.758 0.0000000000
45045  43.758  -32.022  -7.142 0.0000000000
45046  42.747  -32.267  -7.352 0.0000000000
45047  41.852  -32.470  -7.366 0.0000000000
45048  40.965  -32.630  -7.378 0.0000000000
45049  40.400  -32.768  -7.096 0.0000000000
45059  50.102  -32.345  -7.852 0.0000000000
45060  47.863  -33.214  -7.722 0.0000000000
45061  47.326  -32.947  -8.136 0.0000000000
45062  46.346  -32.571  -8.028 0.0000000000
45063  45.290  -32.321  -7.992 0.0000000000
45064  44.166  -32.259  -8.043 0.0000000000
45065  43.099  -32.367  -8.145 0.0000000000
45066  42.039  -32.556  -8.260 0.0000000000
45067  41.312  -32.641  -8.013 0.0000000000
45082  47.121  -33.166  -8.832 0.0000000000
45083  46.599  -32.994  -8.904 0.0000000000
45084  45.625  -32.795  -8.967 0.0000000000
45085  44.535  -32.660  -8.987 0.0000000000
45086  43.465  -32.658  -8.958 0.0000000000
45087  42.562  -32.725  -8.892 0.0000000000
46040  46.016  -32.025  2.060 0.0000000000
46041  45.671  -32.157  2.055 0.0000000000
46052  48.085  -31.317  1.480 0.0000000000
46053  47.241  -31.248  1.604 0.0000000000
46054  46.416  -31.466  1.827 0.0000000000
46055  45.407  -31.659  1.933 0.0000000000
46056  44.399  -31.511  1.697 0.0000000000
46057  43.585  -31.408  1.293 0.0000000000
46073  42.986  -31.325  0.649 0.0000000000
46074  42.558  -31.242  -0.054 0.0000000000
46091  42.612  -31.083  -0.703 0.0000000000
46103  42.731  -31.349  -1.306 0.0000000000
46112  43.391  -31.455  -2.738 0.0000000000
46113  43.056  -31.482  -2.033 0.0000000000
46120  44.398  -31.111  -3.797 0.0000000000
46121  43.783  -31.383  -3.434 0.0000000000
46127  46.318  -31.429  -4.876 0.0000000000
46128  45.703  -31.509  -4.791 0.0000000000
46129  44.789  -31.344  -4.362 0.0000000000
46130  43.884  -31.547  -4.188 0.0000000000
46133  48.146  -32.099  -5.757 0.0000000000
46134  47.572  -31.739  -5.500 0.0000000000
46135  46.832  -31.549  -5.127 0.0000000000
46136  45.506  -31.957  -5.248 0.0000000000
46137  44.861  -31.688  -5.120 0.0000000000
46138  43.991  -31.673  -4.988 0.0000000000
46144  49.184  -32.521  -6.287 0.0000000000
46145  48.736  -32.265  -6.134 0.0000000000
46146  48.201  -31.780  -6.158 0.0000000000
46147  45.421  -32.025  -5.651 0.0000000000
46148  44.927  -31.901  -5.835 0.0000000000
46149  44.058  -31.824  -5.866 0.0000000000
46158  49.372  -32.312  -6.541 0.0000000000
46159  48.841  -31.861  -6.717 0.0000000000
46160  48.161  -31.454  -7.042 0.0000000000
46161  44.298  -31.912  -6.430 0.0000000000
46162  43.845  -31.909  -6.505 0.0000000000
46172  49.447  -32.049  -7.308 0.0000000000
46173  48.692  -31.687  -7.744 0.0000000000
46174  47.961  -31.261  -8.085 0.0000000000
46185  49.269  -32.053  -8.459 0.0000000000
46186  48.427  -31.465  -9.019 0.0000000000
46187  47.734  -30.960  -8.958 0.0000000000
47111  48.505  -30.753  1.163 0.0000000000
47112  47.725  -30.464  1.202 0.0000000000
47113  46.771  -30.591  1.475 0.0000000000
47114  45.843  -30.687  1.682 0.0000000000
47115  44.905  -30.700  1.715 0.0000000000
47116  44.047  -30.581  1.536 0.0000000000
47127  48.800  -30.330  0.873 0.0000000000
47128  48.281  -30.318  0.996 0.0000000000
47129  43.309  -30.444  1.044 0.0000000000
47130  42.783  -30.382  0.344 0.0000000000
47143  42.583  -30.331  -0.402 0.0000000000
47150  42.621  -30.387  -1.173 0.0000000000
47158  43.147  -30.428  -2.478 0.0000000000
47159  42.849  -30.625  -1.777 0.0000000000
47168  43.958  -30.439  -3.700 0.0000000000
47169  43.637  -30.656  -3.039 0.0000000000
47177  45.998  -30.989  -4.789 0.0000000000
47178  45.402  -30.835  -4.570 0.0000000000
47179  44.623  -30.505  -4.343 0.0000000000
47186  47.065  -31.228  -5.632 0.0000000000
47187  46.460  -30.888  -5.331 0.0000000000
47188  45.643  -30.435  -5.344 0.0000000000
47189  45.034  -30.274  -4.968 0.0000000000
47196  47.479  -31.239  -6.430 0.0000000000
47197  46.746  -30.695  -6.288 0.0000000000
47198  45.997  -30.286  -6.249 0.0000000000
47207  47.585  -31.028  -7.446 0.0000000000
47208  46.915  -30.526  -7.439 0.0000000000
47209  46.257  -30.206  -7.059 0.0000000000
47218  47.349  -30.693  -8.358 0.0000000000
47219  46.685  -30.086  -8.663 0.0000000000
47229  47.311  -30.212  -9.551 0.0000000000
47230  46.726  -29.560  -9.451 0.0000000000
48110  47.663  -30.000  1.004 0.0000000000
48111  47.171  -29.801  1.060 0.0000000000
48112  46.279  -29.940  1.373 0.0000000000
48113  45.368  -29.876  1.471 0.0000000000
48114  44.578  -30.012  1.504 0.0000000000
48124  49.231  -29.793  0.506 0.0000000000
48125  48.121  -29.752  0.750 0.0000000000
48126  47.486  -29.308  0.693 0.0000000000
48127  44.779  -29.438  1.332 0.0000000000
48128  43.970  -29.562  1.220 0.0000000000
48129  43.157  -29.531  0.617 0.0000000000
48142  42.595  -29.471  -0.008 0.0000000000
48148  42.533  -29.446  -0.889 0.0000000000
48151  42.955  -29.716  -2.644 0.0000000000
48152  42.608  -29.504  -2.040 0.0000000000
48158  43.734  -29.809  -3.870 0.0000000000
48159  43.260  -29.580  -3.306 0.0000000000
48160  42.845  -29.351  -2.762 0.0000000000
48167  44.078  -29.822  -4.297 0.0000000000
48168  43.576  -29.333  -4.229 0.0000000000
48175  45.075  -29.853  -5.552 0.0000000000
48176  44.385  -29.501  -5.167 0.0000000000
48177  43.899  -29.372  -4.718 0.0000000000
48186  45.387  -29.767  -6.223 0.0000000000
48187  44.786  -29.349  -6.192 0.0000000000
48196  46.193  -29.821  -7.965 0.0000000000
48197  45.530  -29.473  -7.348 0.0000000000
48198  45.111  -29.353  -6.773 0.0000000000
48207  46.148  -29.175  -8.954 0.0000000000
48208  45.773  -29.276  -8.210 0.0000000000
48218  46.613  -28.907  -9.836 0.0000000000
49133  46.556  -29.502  1.095 0.0000000000
49134  46.020  -29.332  1.174 0.0000000000
49135  45.340  -29.173  1.223 0.0000000000
49143  49.603  -29.304  0.205 0.0000000000
49144  48.955  -29.069  0.266 0.0000000000
49145  47.897  -28.687  0.302 0.0000000000
49146  46.814  -28.990  0.724 0.0000000000
49147  45.833  -28.699  0.871 0.0000000000
49148  44.797  -28.709  0.965 0.0000000000
49149  43.757  -28.633  0.555 0.0000000000
49150  42.979  -28.818  0.247 0.0000000000
49161  49.956  -28.738  -0.217 0.0000000000
49162  48.923  -28.291  -0.173 0.0000000000
49163  48.248  -28.059  -0.171 0.0000000000
49164  43.292  -28.236  0.038 0.0000000000
49165  42.748  -28.503  -0.434 0.0000000000
49175  42.528  -28.514  -1.333 0.0000000000
49183  42.495  -28.338  -2.103 0.0000000000
49189  42.941  -28.917  -3.446 0.0000000000
49190  42.709  -28.579  -3.007 0.0000000000
49195  55.075  -28.157  -5.155 0.0000000000
49196  42.958  -28.573  -4.003 0.0000000000
49197  42.618  -27.979  -3.634 0.0000000000
49205  55.085  -28.104  -6.121 0.0000000000
49206  44.012  -28.993  -5.468 0.0000000000
49207  43.606  -28.743  -5.122 0.0000000000
49216  55.581  -27.962  -6.536 0.0000000000
49217  55.313  -28.114  -7.024 0.0000000000
49218  44.108  -28.670  -6.051 0.0000000000
49219  43.601  -28.252  -5.803 0.0000000000
49232  55.600  -28.088  -7.501 0.0000000000
49233  45.186  -28.949  -7.722 0.0000000000
49234  44.781  -28.757  -7.265 0.0000000000
49245  45.850  -28.595  -9.162 0.0000000000
49246  45.311  -28.542  -8.456 0.0000000000
49247  44.766  -28.213  -7.955 0.0000000000
49257  46.183  -28.504  -9.668 0.0000000000
49258  45.732  -28.180  -9.497 0.0000000000
50282  47.172  -28.398  0.324 0.0000000000
50283  46.526  -28.203  0.386 0.0000000000
50284  45.562  -28.005  0.480 0.0000000000
50285  44.584  -27.910  0.393 0.0000000000
50286  43.834  -27.857  0.139 0.0000000000
50295  50.718  -28.026  -0.791 0.0000000000
50296  49.767  -27.808  -0.716 0.0000000000
50297  48.701  -27.516  -0.675 0.0000000000
50298  47.470  -27.776  -0.173 0.0000000000
50299  46.327  -27.499  -0.064 0.0000000000
50300  45.336  -27.307  -0.025 0.0000000000
50301  44.376  -27.283  -0.160 0.0000000000
50302  43.405  -27.516  -0.480 0.0000000000
50303  42.763  -27.819  -0.956 0.0000000000
50312  51.742  -27.611  -1.448 0.0000000000
50313  50.607  -27.357  -1.348 0.0000000000
50314  49.671  -27.096  -1.339 0.0000000000
50315  48.856  -26.816  -1.378 0.0000000000
50316  43.020  -27.232  -1.112 0.0000000000
50317  42.634  -27.545  -1.646 0.0000000000
50325  52.714  -27.281  -2.590 0.0000000000
50326  51.847  -27.100  -2.373 0.0000000000
50327  42.501  -27.566  -2.464 0.0000000000
50333  53.682  -27.467  -3.533 0.0000000000
50334  52.861  -27.078  -3.650 0.0000000000
50335  42.499  -27.440  -3.256 0.0000000000
50340  54.427  -27.819  -4.439 0.0000000000
50341  53.535  -27.404  -4.512 0.0000000000
50342  52.822  -26.927  -4.497 0.0000000000
50343  42.966  -27.957  -4.865 0.0000000000
50344  42.553  -27.316  -4.212 0.0000000000
50349  54.270  -27.706  -5.510 0.0000000000
50350  53.294  -27.150  -5.354 0.0000000000
50351  52.798  -26.756  -5.033 0.0000000000
50352  43.236  -27.860  -5.581 0.0000000000
50353  42.766  -27.233  -5.287 0.0000000000
50357  54.561  -27.719  -6.696 0.0000000000
50358  53.853  -27.315  -6.097 0.0000000000
50359  44.133  -28.091  -6.940 0.0000000000
50360  43.522  -27.712  -6.377 0.0000000000
50361  43.036  -27.293  -5.950 0.0000000000
50372  55.168  -27.846  -7.604 0.0000000000
50373  44.405  -27.893  -7.629 0.0000000000
50374  43.863  -27.423  -7.288 0.0000000000
50389  44.988  -27.799  -8.838 0.0000000000
50390  44.606  -27.635  -8.367 0.0000000000
50391  44.176  -27.316  -7.891 0.0000000000
50403  45.239  -27.753  -9.359 0.0000000000
50404  44.724  -27.313  -9.121 0.0000000000
51595  47.917  -26.898  -0.966 0.0000000000
51596  46.968  -27.046  -0.604 0.0000000000
51597  46.099  -26.766  -0.548 0.0000000000
51598  45.078  -26.672  -0.570 0.0000000000
51599  44.131  -26.727  -0.719 0.0000000000
51600  43.476  -26.845  -1.023 0.0000000000
51609  51.234  -27.034  -1.967 0.0000000000
51610  50.499  -26.736  -2.051 0.0000000000
51611  49.541  -26.471  -2.057 0.0000000000
51612  48.390  -26.146  -1.949 0.0000000000
51613  46.997  -26.334  -1.310 0.0000000000
51614  45.775  -26.138  -1.145 0.0000000000
51615  44.735  -26.131  -1.147 0.0000000000
51616  43.839  -26.267  -1.299 0.0000000000
51617  43.058  -26.609  -1.611 0.0000000000
51618  42.608  -26.914  -2.086 0.0000000000
51624  52.200  -26.930  -3.033 0.0000000000
51625  51.413  -26.631  -2.844 0.0000000000
51626  50.441  -26.076  -3.005 0.0000000000
51627  49.345  -25.916  -2.654 0.0000000000
51628  48.755  -25.737  -2.596 0.0000000000
51629  42.807  -26.394  -2.183 0.0000000000
51630  42.546  -26.658  -2.710 0.0000000000
51636  52.154  -26.708  -3.768 0.0000000000
51637  51.384  -26.171  -3.927 0.0000000000
51638  50.833  -25.894  -3.678 0.0000000000
51639  42.466  -26.573  -3.476 0.0000000000
51644  52.304  -26.498  -4.638 0.0000000000
51645  51.910  -25.975  -4.953 0.0000000000
51646  42.447  -26.313  -4.116 0.0000000000
51650  53.439  -26.939  -5.977 0.0000000000
51651  52.841  -26.398  -5.588 0.0000000000
51652  52.262  -25.810  -5.445 0.0000000000
51653  42.480  -26.424  -4.931 0.0000000000
51658  54.583  -27.416  -7.284 0.0000000000
51659  53.836  -26.815  -6.763 0.0000000000
51660  53.098  -26.000  -6.302 0.0000000000
51661  43.095  -27.126  -6.344 0.0000000000
51662  42.726  -26.528  -6.073 0.0000000000
51671  54.731  -27.052  -7.879 0.0000000000
51672  54.297  -26.255  -7.460 0.0000000000
51673  43.241  -26.950  -6.892 0.0000000000
51674  42.865  -26.167  -7.154 0.0000000000
51688  44.181  -27.119  -8.231 0.0000000000
51689  43.650  -26.648  -7.939 0.0000000000
51690  43.041  -25.880  -7.886 0.0000000000
51701  44.217  -26.941  -8.692 0.0000000000
51702  43.710  -26.344  -8.962 0.0000000000
51713  44.185  -26.793  -9.528 0.0000000000
51714  43.584  -26.180  -9.888 0.0000000000
52979  47.387  -25.717  -2.114 0.0000000000
52980  46.371  -25.606  -1.858 0.0000000000
52981  45.274  -25.574  -1.704 0.0000000000
52982  44.282  -25.665  -1.707 0.0000000000
52983  43.452  -25.909  -1.867 0.0000000000
52984  43.044  -26.146  -2.037 0.0000000000
52993  49.790  -25.625  -3.302 0.0000000000
52994  49.049  -25.484  -3.114 0.0000000000
52995  48.160  -25.427  -2.729 0.0000000000
52996  46.927  -25.086  -2.782 0.0000000000
52997  45.728  -25.077  -2.396 0.0000000000
52998  44.683  -25.166  -2.292 0.0000000000
52999  43.770  -25.374  -2.325 0.0000000000
53000  42.953  -25.804  -2.588 0.0000000000
53001  42.585  -26.142  -3.055 0.0000000000
53007  50.948  -25.845  -3.998 0.0000000000
53008  50.462  -25.605  -3.874 0.0000000000
53009  49.556  -25.125  -3.966 0.0000000000
53010  48.608  -25.046  -3.482 0.0000000000
53011  47.830  -24.914  -3.253 0.0000000000
53012  43.046  -25.378  -3.148 0.0000000000
53013  42.679  -25.702  -3.542 0.0000000000
53017  51.140  -25.647  -4.500 0.0000000000
53018  50.498  -25.011  -4.700 0.0000000000
53019  49.842  -24.823  -4.524 0.0000000000
53020  42.545  -25.660  -4.437 0.0000000000
53027  52.550  -25.718  -5.798 0.0000000000
53028  51.738  -25.156  -5.440 0.0000000000
53029  50.976  -24.683  -5.178 0.0000000000
53030  42.525  -25.536  -5.396 0.0000000000
53039  53.664  -25.727  -6.922 0.0000000000
53040  52.794  -25.236  -6.218 0.0000000000
53041  52.309  -24.768  -5.935 0.0000000000
53042  42.545  -25.442  -6.471 0.0000000000
53056  42.673  -25.347  -7.433 0.0000000000
53073  43.274  -25.969  -8.484 0.0000000000
53074  42.826  -25.289  -8.388 0.0000000000
53084  43.183  -25.695  -9.203 0.0000000000
53085  42.756  -24.993  -9.285 0.0000000000
53096  43.059  -25.351  -10.159 0.0000000000
53097  42.774  -24.663  -9.887 0.0000000000
54367  46.622  -24.668  -3.270 0.0000000000
54368  46.008  -24.663  -3.079 0.0000000000
54369  45.016  -24.657  -2.926 0.0000000000
54370  44.021  -24.837  -2.882 0.0000000000
54371  43.397  -25.240  -2.902 0.0000000000
54381  48.840  -24.728  -4.060 0.0000000000
54382  48.136  -24.582  -3.811 0.0000000000
54383  47.193  -24.557  -3.603 0.0000000000
54384  46.301  -24.382  -3.667 0.0000000000
54385  45.372  -24.290  -3.609 0.0000000000
54386  44.310  -24.378  -3.642 0.0000000000
54387  43.261  -24.897  -3.655 0.0000000000
54388  42.783  -25.272  -4.060 0.0000000000
54398  49.968  -24.593  -4.805 0.0000000000
54399  49.351  -24.523  -4.611 0.0000000000
54400  48.512  -24.320  -4.436 0.0000000000
54401  47.669  -24.175  -4.278 0.0000000000
54402  46.753  -24.086  -4.233 0.0000000000
54403  45.805  -23.958  -4.225 0.0000000000
54404  44.776  -23.823  -4.245 0.0000000000
54405  43.596  -24.041  -4.741 0.0000000000
54406  42.807  -24.913  -4.659 0.0000000000
54418  51.257  -24.272  -5.464 0.0000000000
54419  50.391  -24.326  -5.181 0.0000000000
54420  49.748  -24.283  -5.028 0.0000000000
54421  43.270  -23.803  -5.606 0.0000000000
54422  42.733  -24.418  -5.841 0.0000000000
54439  42.566  -24.708  -6.904 0.0000000000
54454  42.603  -24.591  -7.745 0.0000000000
54465  42.642  -24.469  -8.616 0.0000000000
54471  42.671  -24.289  -9.376 0.0000000000
54481  42.770  -24.173  -9.962 0.0000000000
55681  49.419  -24.145  -5.020 0.0000000000
55682  48.947  -23.992  -4.968 0.0000000000
55683  48.142  -23.752  -4.810 0.0000000000
55684  47.245  -23.636  -4.751 0.0000000000
55685  46.301  -23.568  -4.774 0.0000000000
55686  45.335  -23.451  -4.799 0.0000000000
55687  44.447  -23.458  -4.947 0.0000000000
55705  50.751  -23.591  -5.448 0.0000000000
55706  49.688  -23.632  -5.288 0.0000000000
55707  48.690  -23.275  -5.288 0.0000000000
55708  47.768  -23.127  -5.219 0.0000000000
55709  46.831  -23.090  -5.276 0.0000000000
55710  45.870  -23.062  -5.362 0.0000000000
55711  44.892  -23.021  -5.452 0.0000000000
55712  43.865  -23.262  -5.755 0.0000000000
55713  43.157  -23.639  -6.200 0.0000000000
55732  43.481  -23.007  -6.852 0.0000000000
55733  42.755  -23.854  -7.075 0.0000000000
55749  43.116  -23.155  -8.101 0.0000000000
55750  42.660  -23.929  -8.064 0.0000000000
55762  43.172  -23.114  -9.246 0.0000000000
55763  42.719  -23.733  -8.838 0.0000000000
55768  42.860  -23.708  -9.631 0.0000000000
57017  50.287  -22.836  -5.568 0.0000000000
57018  49.320  -22.505  -5.699 0.0000000000
57019  48.324  -22.546  -5.637 0.0000000000
57020  47.399  -22.523  -5.713 0.0000000000
57021  46.452  -22.537  -5.871 0.0000000000
57022  45.485  -22.581  -6.016 0.0000000000
57023  44.568  -22.693  -6.174 0.0000000000
57024  43.982  -22.794  -6.375 0.0000000000
57033  49.209  -22.028  -5.944 0.0000000000
57034  48.822  -22.015  -6.009 0.0000000000
57035  47.995  -21.957  -6.123 0.0000000000
57036  47.101  -21.993  -6.357 0.0000000000
57037  46.118  -22.009  -6.646 0.0000000000
57038  45.139  -22.240  -6.764 0.0000000000
57039  44.281  -22.464  -6.914 0.0000000000
57055  45.625  -21.804  -7.284 0.0000000000
57056  44.900  -21.927  -7.702 0.0000000000
57057  43.921  -22.389  -7.830 0.0000000000
