#!ascii label  , from subject colin27_FS vox2ras=TkReg
1763
62103  -49.545  -21.121  -0.698 0.0000000000
62104  -50.679  -20.966  -0.594 0.0000000000
62105  -51.788  -20.919  -0.582 0.0000000000
62106  -52.682  -20.900  -0.670 0.0000000000
62107  -53.299  -20.993  -0.828 0.0000000000
62118  -47.312  -20.931  -1.928 0.0000000000
62119  -48.557  -20.808  -1.428 0.0000000000
62120  -50.011  -20.196  -1.505 0.0000000000
62121  -51.287  -20.283  -1.202 0.0000000000
62122  -52.304  -20.319  -1.094 0.0000000000
62123  -53.179  -20.426  -1.121 0.0000000000
62124  -54.024  -20.694  -1.252 0.0000000000
62125  -55.072  -20.606  -1.598 0.0000000000
62126  -55.946  -20.531  -1.718 0.0000000000
62139  -45.837  -20.629  -2.712 0.0000000000
62140  -46.826  -20.538  -2.678 0.0000000000
62141  -47.959  -20.166  -2.638 0.0000000000
62142  -49.122  -19.878  -2.234 0.0000000000
62143  -49.766  -19.638  -2.141 0.0000000000
62159  -45.539  -20.304  -3.274 0.0000000000
62160  -46.343  -20.200  -3.280 0.0000000000
62161  -47.211  -20.003  -3.222 0.0000000000
62162  -47.718  -19.819  -3.182 0.0000000000
63438  -50.236  -19.492  -2.139 0.0000000000
63439  -50.960  -19.602  -1.864 0.0000000000
63440  -51.923  -19.627  -1.638 0.0000000000
63441  -52.877  -19.732  -1.583 0.0000000000
63442  -53.798  -19.879  -1.597 0.0000000000
63443  -54.734  -19.956  -1.650 0.0000000000
63444  -55.640  -19.961  -1.728 0.0000000000
63445  -56.463  -19.914  -1.740 0.0000000000
63462  -48.092  -19.619  -3.229 0.0000000000
63463  -48.733  -19.454  -2.972 0.0000000000
63464  -49.773  -19.092  -2.786 0.0000000000
63465  -50.742  -19.027  -2.484 0.0000000000
63466  -51.606  -19.010  -2.256 0.0000000000
63467  -52.538  -19.046  -2.166 0.0000000000
63468  -53.484  -19.173  -2.164 0.0000000000
63469  -54.415  -19.316  -2.163 0.0000000000
63470  -55.331  -19.390  -2.157 0.0000000000
63471  -56.196  -19.412  -2.076 0.0000000000
63472  -56.765  -19.444  -1.920 0.0000000000
63489  -43.882  -20.129  -3.705 0.0000000000
63490  -44.821  -20.128  -3.632 0.0000000000
63491  -45.878  -19.901  -3.857 0.0000000000
63492  -46.781  -19.710  -3.822 0.0000000000
63493  -47.624  -19.510  -3.661 0.0000000000
63494  -48.401  -19.066  -3.648 0.0000000000
63495  -49.103  -18.928  -3.349 0.0000000000
63508  -42.590  -19.881  -4.453 0.0000000000
63509  -43.533  -19.873  -4.483 0.0000000000
63510  -44.469  -19.792  -4.490 0.0000000000
63511  -45.415  -19.648  -4.509 0.0000000000
63512  -46.399  -19.385  -4.576 0.0000000000
63513  -47.239  -19.225  -4.307 0.0000000000
63514  -47.871  -18.980  -4.142 0.0000000000
63524  -41.117  -19.451  -5.332 0.0000000000
63525  -42.167  -19.581  -5.224 0.0000000000
63526  -43.141  -19.614  -5.231 0.0000000000
63527  -44.076  -19.580  -5.255 0.0000000000
63528  -45.066  -19.382  -5.356 0.0000000000
63529  -45.858  -19.290  -5.141 0.0000000000
63541  -41.294  -19.269  -5.912 0.0000000000
63542  -41.809  -19.356  -5.958 0.0000000000
63543  -42.751  -19.403  -5.996 0.0000000000
63544  -43.691  -19.347  -5.979 0.0000000000
63545  -44.486  -19.259  -5.931 0.0000000000
64709  -57.621  -18.978  -2.039 0.0000000000
64721  -50.120  -18.532  -3.259 0.0000000000
64722  -50.578  -18.480  -3.012 0.0000000000
64723  -51.346  -18.431  -2.793 0.0000000000
64724  -52.189  -18.403  -2.678 0.0000000000
64725  -53.181  -18.310  -2.677 0.0000000000
64726  -54.133  -18.549  -2.565 0.0000000000
64727  -55.018  -18.715  -2.610 0.0000000000
64728  -55.921  -18.738  -2.494 0.0000000000
64729  -56.939  -18.813  -2.239 0.0000000000
64730  -57.842  -18.475  -2.317 0.0000000000
64739  -48.984  -18.597  -3.841 0.0000000000
64740  -49.682  -18.483  -3.606 0.0000000000
64741  -50.471  -18.035  -3.655 0.0000000000
64742  -51.158  -17.930  -3.306 0.0000000000
64743  -51.903  -17.871  -3.183 0.0000000000
64744  -52.613  -17.816  -3.063 0.0000000000
64754  -47.036  -18.904  -4.871 0.0000000000
64755  -47.668  -18.736  -4.721 0.0000000000
64756  -48.492  -18.489  -4.517 0.0000000000
64757  -49.355  -18.200  -4.286 0.0000000000
64758  -50.019  -17.976  -4.169 0.0000000000
64767  -37.603  -18.062  -5.045 0.0000000000
64768  -38.297  -18.273  -5.481 0.0000000000
64769  -39.451  -18.876  -5.439 0.0000000000
64770  -40.514  -19.092  -5.771 0.0000000000
64771  -41.035  -19.215  -5.873 0.0000000000
64772  -45.815  -19.003  -5.747 0.0000000000
64773  -46.542  -18.850  -5.450 0.0000000000
64774  -47.411  -18.522  -5.452 0.0000000000
64775  -48.013  -18.420  -5.168 0.0000000000
64786  -38.515  -17.951  -6.187 0.0000000000
64787  -39.186  -18.125  -6.425 0.0000000000
64788  -40.184  -18.612  -6.404 0.0000000000
64789  -41.223  -18.984  -6.418 0.0000000000
64790  -42.316  -19.033  -6.673 0.0000000000
64791  -43.324  -18.960  -6.671 0.0000000000
64792  -44.261  -18.849  -6.555 0.0000000000
64793  -45.238  -18.831  -6.330 0.0000000000
64794  -46.310  -18.494  -6.392 0.0000000000
64795  -46.995  -18.444  -6.055 0.0000000000
64803  -39.486  -17.840  -6.996 0.0000000000
64804  -39.936  -18.116  -7.093 0.0000000000
64805  -40.833  -18.392  -7.183 0.0000000000
64806  -41.855  -18.524  -7.300 0.0000000000
64807  -42.902  -18.483  -7.341 0.0000000000
64808  -43.904  -18.394  -7.262 0.0000000000
64809  -44.883  -18.373  -7.166 0.0000000000
64810  -45.765  -18.270  -7.045 0.0000000000
66011  -53.969  -17.866  -2.889 0.0000000000
66012  -54.736  -18.021  -2.985 0.0000000000
66013  -55.560  -18.072  -2.886 0.0000000000
66014  -56.405  -17.922  -2.781 0.0000000000
66015  -57.282  -17.929  -2.640 0.0000000000
66016  -58.150  -17.725  -2.658 0.0000000000
66023  -36.054  -17.286  -4.034 0.0000000000
66024  -36.622  -17.550  -3.966 0.0000000000
66026  -51.094  -17.526  -3.806 0.0000000000
66027  -51.685  -17.419  -3.620 0.0000000000
66028  -52.448  -17.175  -3.586 0.0000000000
66029  -53.378  -17.386  -3.266 0.0000000000
66030  -54.419  -17.335  -3.294 0.0000000000
66031  -55.346  -17.470  -3.264 0.0000000000
66032  -55.912  -17.588  -3.067 0.0000000000
66036  -35.756  -17.052  -4.446 0.0000000000
66037  -36.430  -17.326  -4.883 0.0000000000
66038  -37.135  -17.827  -4.594 0.0000000000
66039  -49.158  -17.960  -4.934 0.0000000000
66040  -49.831  -17.689  -4.763 0.0000000000
66041  -50.696  -17.293  -4.518 0.0000000000
66042  -51.536  -17.025  -4.061 0.0000000000
66043  -52.002  -16.994  -3.832 0.0000000000
66051  -36.675  -17.230  -5.785 0.0000000000
66052  -37.377  -17.666  -5.575 0.0000000000
66053  -38.082  -17.796  -6.088 0.0000000000
66054  -47.915  -18.238  -5.615 0.0000000000
66055  -48.521  -17.967  -5.521 0.0000000000
66056  -49.533  -17.291  -5.570 0.0000000000
66057  -50.168  -17.248  -5.102 0.0000000000
66071  -37.152  -17.213  -6.240 0.0000000000
66072  -37.787  -17.397  -6.391 0.0000000000
66073  -38.553  -17.501  -6.669 0.0000000000
66074  -39.187  -17.635  -6.951 0.0000000000
66075  -46.956  -18.171  -6.568 0.0000000000
66076  -47.677  -17.950  -6.300 0.0000000000
66077  -48.750  -17.163  -6.452 0.0000000000
66078  -49.400  -16.880  -6.190 0.0000000000
66086  -39.007  -17.297  -7.225 0.0000000000
66087  -39.619  -17.510  -7.523 0.0000000000
66088  -40.485  -17.843  -7.734 0.0000000000
66089  -41.406  -17.975  -7.907 0.0000000000
66090  -42.439  -17.953  -8.011 0.0000000000
66091  -43.495  -17.862  -7.947 0.0000000000
66092  -44.516  -17.841  -7.862 0.0000000000
66093  -45.535  -17.775  -7.721 0.0000000000
66094  -46.752  -17.572  -7.362 0.0000000000
66095  -47.936  -17.118  -7.105 0.0000000000
66096  -48.483  -16.850  -7.036 0.0000000000
66105  -40.218  -17.384  -8.181 0.0000000000
66106  -40.969  -17.502  -8.364 0.0000000000
66107  -41.877  -17.391  -8.628 0.0000000000
66108  -43.047  -17.192  -8.662 0.0000000000
66109  -44.119  -17.219  -8.442 0.0000000000
66110  -45.112  -17.210  -8.416 0.0000000000
66111  -46.064  -17.086  -8.190 0.0000000000
66112  -46.594  -16.975  -7.999 0.0000000000
66129  -42.429  -16.920  -9.044 0.0000000000
66130  -42.865  -16.773  -9.038 0.0000000000
67417  -34.631  -16.117  -2.630 0.0000000000
67423  -56.871  -17.487  -2.923 0.0000000000
67424  -57.451  -17.222  -3.012 0.0000000000
67425  -58.428  -16.901  -3.032 0.0000000000
67431  -34.596  -16.202  -3.136 0.0000000000
67432  -35.424  -16.810  -3.567 0.0000000000
67435  -52.616  -16.764  -3.821 0.0000000000
67436  -53.032  -16.721  -3.751 0.0000000000
67437  -54.020  -16.573  -3.679 0.0000000000
67438  -55.083  -16.752  -3.625 0.0000000000
67439  -56.341  -16.953  -3.339 0.0000000000
67440  -57.600  -16.366  -3.446 0.0000000000
67445  -34.616  -16.249  -4.172 0.0000000000
67446  -35.253  -16.674  -4.674 0.0000000000
67447  -35.800  -16.887  -5.057 0.0000000000
67448  -51.021  -16.711  -4.963 0.0000000000
67449  -51.450  -16.597  -4.591 0.0000000000
67450  -52.388  -16.431  -4.173 0.0000000000
67451  -53.393  -16.122  -4.141 0.0000000000
67452  -54.155  -15.882  -4.135 0.0000000000
67455  -34.770  -16.191  -5.042 0.0000000000
67456  -35.424  -16.439  -5.713 0.0000000000
67457  -36.134  -16.950  -5.599 0.0000000000
67458  -49.844  -16.682  -6.060 0.0000000000
67459  -50.564  -16.605  -5.534 0.0000000000
67460  -51.304  -16.252  -5.187 0.0000000000
67461  -51.849  -15.972  -4.819 0.0000000000
67473  -35.628  -16.057  -6.654 0.0000000000
67474  -36.470  -16.668  -6.502 0.0000000000
67475  -37.539  -16.905  -6.839 0.0000000000
67476  -38.097  -17.137  -6.813 0.0000000000
67477  -48.852  -16.620  -7.031 0.0000000000
67478  -49.506  -16.395  -6.709 0.0000000000
67479  -50.238  -16.232  -6.315 0.0000000000
67492  -35.653  -15.729  -7.088 0.0000000000
67493  -36.155  -15.970  -7.290 0.0000000000
67494  -37.235  -16.210  -7.699 0.0000000000
67495  -38.429  -16.874  -7.466 0.0000000000
67496  -39.136  -17.129  -7.642 0.0000000000
67497  -46.908  -16.779  -7.952 0.0000000000
67498  -47.487  -16.548  -7.781 0.0000000000
67499  -48.373  -16.382  -7.438 0.0000000000
67500  -49.047  -16.104  -7.297 0.0000000000
67510  -37.524  -15.777  -8.410 0.0000000000
67511  -38.304  -16.061  -8.577 0.0000000000
67512  -39.481  -16.839  -8.362 0.0000000000
67513  -40.623  -17.042  -8.759 0.0000000000
67514  -41.256  -17.190  -8.800 0.0000000000
67515  -43.229  -16.618  -9.076 0.0000000000
67516  -43.856  -16.630  -8.930 0.0000000000
67517  -44.696  -16.622  -8.874 0.0000000000
67518  -45.624  -16.273  -8.824 0.0000000000
67519  -46.576  -16.380  -8.350 0.0000000000
67520  -47.067  -16.345  -8.122 0.0000000000
67533  -38.661  -15.713  -9.287 0.0000000000
67534  -39.296  -16.053  -9.267 0.0000000000
67535  -40.344  -16.404  -9.297 0.0000000000
67536  -41.575  -16.673  -9.277 0.0000000000
67537  -42.745  -16.396  -9.403 0.0000000000
67538  -43.624  -16.133  -9.387 0.0000000000
67539  -44.435  -16.073  -9.248 0.0000000000
67540  -44.999  -16.144  -9.123 0.0000000000
68932  -33.543  -15.015  -2.733 0.0000000000
68933  -34.226  -15.703  -2.386 0.0000000000
68948  -33.640  -15.045  -3.174 0.0000000000
68949  -34.011  -15.440  -3.750 0.0000000000
68950  -54.748  -16.090  -3.908 0.0000000000
68951  -55.631  -15.993  -3.866 0.0000000000
68952  -56.749  -15.781  -3.838 0.0000000000
68953  -57.937  -15.312  -3.943 0.0000000000
68960  -34.307  -15.495  -4.854 0.0000000000
68961  -53.038  -15.798  -4.463 0.0000000000
68962  -53.729  -15.286  -4.581 0.0000000000
68963  -54.887  -15.308  -4.263 0.0000000000
68964  -56.032  -15.154  -4.250 0.0000000000
68965  -57.013  -15.000  -4.254 0.0000000000
68966  -57.570  -14.847  -4.269 0.0000000000
68970  -34.683  -15.696  -5.685 0.0000000000
68971  -35.101  -15.796  -6.263 0.0000000000
68972  -51.160  -16.004  -5.664 0.0000000000
68973  -51.691  -15.531  -5.533 0.0000000000
68974  -52.661  -15.367  -4.970 0.0000000000
68975  -53.390  -14.793  -5.104 0.0000000000
68981  -34.755  -15.221  -6.292 0.0000000000
68982  -35.259  -15.363  -6.837 0.0000000000
68983  -50.160  -15.764  -6.769 0.0000000000
68984  -50.977  -15.510  -6.321 0.0000000000
68985  -51.686  -14.959  -6.129 0.0000000000
68998  -35.698  -15.363  -7.462 0.0000000000
68999  -36.440  -15.430  -8.098 0.0000000000
69000  -37.086  -15.709  -8.265 0.0000000000
69001  -48.030  -15.869  -7.942 0.0000000000
69002  -48.794  -15.488  -7.759 0.0000000000
69003  -49.620  -15.479  -7.323 0.0000000000
69004  -50.399  -15.116  -7.059 0.0000000000
69016  -36.574  -15.054  -8.584 0.0000000000
69017  -37.162  -15.276  -8.787 0.0000000000
69018  -37.757  -15.627  -8.781 0.0000000000
69019  -45.806  -15.609  -9.124 0.0000000000
69020  -46.431  -15.509  -8.892 0.0000000000
69021  -47.322  -15.683  -8.398 0.0000000000
69022  -48.194  -15.216  -8.284 0.0000000000
69029  -37.444  -14.985  -9.294 0.0000000000
69030  -38.010  -15.333  -9.346 0.0000000000
69031  -39.060  -15.284  -9.864 0.0000000000
69032  -40.068  -15.651  -9.861 0.0000000000
69033  -41.124  -15.856  -9.893 0.0000000000
69034  -42.212  -15.850  -9.915 0.0000000000
69035  -43.225  -15.683  -9.900 0.0000000000
69036  -44.260  -15.454  -9.853 0.0000000000
69037  -45.204  -15.525  -9.428 0.0000000000
69038  -45.943  -15.116  -9.334 0.0000000000
69044  -39.312  -14.857  -10.304 0.0000000000
69045  -39.824  -15.036  -10.358 0.0000000000
69046  -40.760  -15.202  -10.380 0.0000000000
69047  -41.774  -15.251  -10.412 0.0000000000
69048  -42.792  -15.145  -10.411 0.0000000000
69049  -43.686  -15.066  -10.366 0.0000000000
70340  -33.375  -14.518  -1.310 0.0000000000
70349  -33.392  -14.654  -2.287 0.0000000000
70350  -33.844  -15.135  -1.563 0.0000000000
70362  -33.418  -14.344  -3.117 0.0000000000
70363  -33.674  -14.343  -3.826 0.0000000000
70364  -57.984  -14.661  -4.297 0.0000000000
70372  -33.931  -14.478  -4.693 0.0000000000
70373  -53.896  -14.581  -5.000 0.0000000000
70374  -54.523  -14.601  -4.782 0.0000000000
70375  -55.531  -14.413  -4.718 0.0000000000
70376  -56.467  -14.465  -4.563 0.0000000000
70377  -57.402  -14.385  -4.499 0.0000000000
70381  -34.340  -14.656  -5.728 0.0000000000
70382  -52.311  -14.779  -5.780 0.0000000000
70383  -53.026  -14.546  -5.523 0.0000000000
70384  -53.652  -14.188  -5.429 0.0000000000
70385  -54.272  -14.153  -5.239 0.0000000000
70386  -54.954  -14.069  -5.158 0.0000000000
70390  -34.854  -14.425  -6.723 0.0000000000
70391  -35.316  -14.814  -7.269 0.0000000000
70392  -51.448  -14.749  -6.495 0.0000000000
70393  -51.956  -14.200  -6.458 0.0000000000
70394  -52.779  -14.017  -5.965 0.0000000000
70395  -53.275  -14.025  -5.695 0.0000000000
70406  -35.224  -14.278  -7.348 0.0000000000
70407  -35.660  -14.596  -7.929 0.0000000000
70408  -36.218  -14.818  -8.429 0.0000000000
70409  -49.348  -14.948  -7.759 0.0000000000
70410  -49.984  -14.400  -7.668 0.0000000000
70411  -51.171  -14.343  -7.057 0.0000000000
70412  -51.726  -13.860  -6.874 0.0000000000
70424  -36.018  -14.305  -8.475 0.0000000000
70425  -36.543  -14.549  -8.909 0.0000000000
70426  -37.112  -14.734  -9.231 0.0000000000
70427  -47.043  -15.036  -8.861 0.0000000000
70428  -47.736  -14.487  -8.823 0.0000000000
70429  -48.980  -14.407  -8.228 0.0000000000
70430  -49.644  -13.965  -8.093 0.0000000000
70437  -36.918  -14.279  -9.357 0.0000000000
70438  -37.527  -14.449  -9.671 0.0000000000
70439  -38.365  -14.708  -9.998 0.0000000000
70440  -38.951  -14.706  -10.282 0.0000000000
70441  -44.922  -14.991  -9.921 0.0000000000
70442  -45.556  -14.468  -9.879 0.0000000000
70443  -46.688  -14.451  -9.323 0.0000000000
70444  -47.346  -14.029  -9.249 0.0000000000
70451  -38.019  -14.099  -10.197 0.0000000000
70452  -38.609  -14.223  -10.464 0.0000000000
70453  -39.360  -14.377  -10.727 0.0000000000
70454  -40.366  -14.652  -10.847 0.0000000000
70455  -41.346  -14.727  -10.889 0.0000000000
70456  -42.354  -14.657  -10.917 0.0000000000
70457  -43.450  -14.355  -10.916 0.0000000000
70458  -44.581  -14.456  -10.420 0.0000000000
70459  -45.223  -14.027  -10.356 0.0000000000
70468  -39.972  -14.116  -11.262 0.0000000000
70469  -40.873  -14.219  -11.352 0.0000000000
70470  -41.853  -14.215  -11.397 0.0000000000
70471  -42.771  -14.043  -11.358 0.0000000000
70472  -43.297  -13.877  -11.315 0.0000000000
71747  -32.915  -13.817  -0.962 0.0000000000
71754  -33.020  -13.758  -2.009 0.0000000000
71765  -33.256  -13.577  -2.925 0.0000000000
71777  -33.587  -13.408  -3.711 0.0000000000
71778  -33.928  -13.345  -4.527 0.0000000000
71789  -34.285  -13.498  -5.387 0.0000000000
71790  -56.143  -14.024  -4.855 0.0000000000
71791  -56.814  -13.879  -4.895 0.0000000000
71792  -57.872  -13.726  -4.823 0.0000000000
71799  -34.581  -13.660  -6.175 0.0000000000
71800  -54.044  -13.829  -5.508 0.0000000000
71801  -54.614  -13.636  -5.516 0.0000000000
71802  -55.866  -13.437  -5.393 0.0000000000
71803  -57.273  -13.275  -5.315 0.0000000000
71810  -34.895  -13.502  -6.734 0.0000000000
71811  -35.199  -13.329  -7.140 0.0000000000
71812  -51.987  -13.644  -6.765 0.0000000000
71813  -52.564  -13.334  -6.622 0.0000000000
71814  -53.714  -13.444  -5.958 0.0000000000
71815  -54.935  -12.982  -5.940 0.0000000000
71816  -55.610  -12.825  -5.963 0.0000000000
71829  -35.045  -13.837  -7.142 0.0000000000
71830  -35.368  -13.705  -7.623 0.0000000000
71831  -50.018  -13.660  -8.036 0.0000000000
71832  -50.708  -13.330  -7.806 0.0000000000
71833  -51.764  -13.285  -7.187 0.0000000000
71834  -52.323  -12.901  -7.086 0.0000000000
71844  -35.716  -13.746  -8.195 0.0000000000
71845  -36.142  -13.741  -8.737 0.0000000000
71846  -47.753  -13.701  -9.238 0.0000000000
71847  -48.551  -13.341  -8.972 0.0000000000
71848  -49.564  -13.387  -8.397 0.0000000000
71849  -50.154  -13.225  -8.188 0.0000000000
71855  -36.541  -13.883  -9.210 0.0000000000
71856  -36.931  -13.700  -9.585 0.0000000000
71857  -45.599  -13.727  -10.316 0.0000000000
71858  -46.295  -13.522  -10.052 0.0000000000
71859  -47.199  -13.476  -9.607 0.0000000000
71860  -47.901  -13.138  -9.500 0.0000000000
71868  -37.473  -13.563  -10.037 0.0000000000
71869  -38.139  -13.440  -10.633 0.0000000000
71870  -38.792  -13.862  -10.804 0.0000000000
71871  -43.660  -13.707  -11.297 0.0000000000
71872  -44.247  -13.715  -11.050 0.0000000000
71873  -45.094  -13.425  -10.754 0.0000000000
71874  -45.785  -13.176  -10.513 0.0000000000
71883  -38.227  -12.943  -11.002 0.0000000000
71884  -39.011  -13.338  -11.369 0.0000000000
71885  -40.283  -13.633  -11.746 0.0000000000
71886  -41.325  -13.683  -11.833 0.0000000000
71887  -42.281  -13.619  -11.822 0.0000000000
71888  -43.213  -13.391  -11.732 0.0000000000
71889  -43.952  -13.169  -11.463 0.0000000000
71890  -44.551  -13.057  -11.258 0.0000000000
71897  -39.178  -12.724  -11.840 0.0000000000
71898  -39.759  -12.960  -12.074 0.0000000000
71899  -40.758  -13.097  -12.297 0.0000000000
71900  -41.765  -13.123  -12.329 0.0000000000
71901  -42.575  -13.103  -12.229 0.0000000000
73109  -32.080  -11.990  -0.075 0.0000000000
73121  -32.164  -12.210  -0.688 0.0000000000
73122  -32.538  -13.007  -0.701 0.0000000000
73130  -32.396  -12.382  -1.580 0.0000000000
73131  -32.743  -13.027  -1.720 0.0000000000
73144  -32.717  -12.397  -2.293 0.0000000000
73145  -33.105  -12.736  -2.718 0.0000000000
73159  -33.574  -12.610  -3.563 0.0000000000
73160  -34.115  -12.420  -4.292 0.0000000000
73174  -34.786  -12.239  -5.201 0.0000000000
73175  -35.516  -11.703  -5.536 0.0000000000
73184  -34.804  -12.858  -5.959 0.0000000000
73185  -35.358  -12.121  -5.950 0.0000000000
73186  -56.120  -12.691  -6.012 0.0000000000
73187  -56.898  -12.735  -5.793 0.0000000000
73188  -57.900  -12.653  -5.657 0.0000000000
73199  -34.859  -13.168  -6.384 0.0000000000
73200  -35.248  -12.746  -6.682 0.0000000000
73201  -52.732  -12.703  -7.054 0.0000000000
73202  -53.393  -12.720  -6.741 0.0000000000
73203  -54.377  -12.604  -6.563 0.0000000000
73204  -55.600  -12.263  -6.602 0.0000000000
73205  -56.718  -12.226  -6.363 0.0000000000
73206  -57.640  -12.223  -6.124 0.0000000000
73207  -58.282  -12.254  -5.934 0.0000000000
73219  -35.542  -12.952  -7.486 0.0000000000
73220  -35.837  -12.492  -7.621 0.0000000000
73221  -50.875  -12.659  -8.081 0.0000000000
73222  -51.396  -12.627  -7.805 0.0000000000
73223  -52.281  -12.386  -7.583 0.0000000000
73224  -53.151  -12.290  -7.357 0.0000000000
73225  -53.959  -12.228  -7.194 0.0000000000
73226  -54.754  -12.100  -7.093 0.0000000000
73234  -35.626  -13.305  -7.885 0.0000000000
73235  -35.938  -12.890  -8.203 0.0000000000
73236  -48.844  -12.637  -9.227 0.0000000000
73237  -49.343  -12.672  -8.916 0.0000000000
73238  -50.304  -12.549  -8.526 0.0000000000
73239  -51.110  -12.230  -8.296 0.0000000000
73240  -51.725  -12.097  -8.142 0.0000000000
73249  -36.445  -13.095  -9.124 0.0000000000
73250  -36.897  -12.898  -9.720 0.0000000000
73251  -46.904  -12.873  -10.108 0.0000000000
73252  -47.550  -12.689  -9.900 0.0000000000
73253  -48.365  -12.404  -9.655 0.0000000000
73254  -49.116  -12.171  -9.419 0.0000000000
73255  -49.720  -12.079  -9.144 0.0000000000
73263  -37.355  -12.751  -10.214 0.0000000000
73264  -37.715  -12.531  -10.672 0.0000000000
73265  -45.605  -12.742  -10.843 0.0000000000
73266  -46.309  -12.470  -10.604 0.0000000000
73267  -47.158  -12.228  -10.395 0.0000000000
73268  -47.782  -12.060  -10.182 0.0000000000
73276  -38.138  -12.346  -11.118 0.0000000000
73277  -38.681  -12.262  -11.652 0.0000000000
73278  -43.679  -12.769  -11.854 0.0000000000
73279  -44.286  -12.454  -11.702 0.0000000000
73280  -45.102  -12.527  -11.314 0.0000000000
73281  -45.723  -12.160  -11.079 0.0000000000
73288  -39.291  -12.200  -12.160 0.0000000000
73289  -40.163  -12.347  -12.562 0.0000000000
73290  -41.218  -12.398  -12.778 0.0000000000
73291  -42.264  -12.505  -12.686 0.0000000000
73292  -43.139  -12.650  -12.333 0.0000000000
73293  -43.726  -12.282  -12.151 0.0000000000
73300  -41.322  -12.009  -13.047 0.0000000000
73301  -41.701  -12.088  -13.057 0.0000000000
74461  -31.508  -10.990  -1.015 0.0000000000
74462  -31.790  -11.438  -0.588 0.0000000000
74474  -31.646  -11.207  -1.364 0.0000000000
74475  -31.994  -11.676  -1.614 0.0000000000
74488  -32.465  -11.869  -2.377 0.0000000000
74489  -32.997  -11.932  -2.919 0.0000000000
74502  -33.512  -11.939  -3.506 0.0000000000
74503  -34.143  -11.754  -4.100 0.0000000000
74516  -34.905  -11.466  -4.706 0.0000000000
74517  -35.892  -11.169  -5.235 0.0000000000
74518  -36.606  -10.768  -5.219 0.0000000000
74526  -36.011  -11.512  -5.851 0.0000000000
74527  -36.793  -10.944  -5.562 0.0000000000
74528  -37.325  -10.653  -5.667 0.0000000000
74543  -35.825  -11.941  -6.603 0.0000000000
74544  -36.528  -11.335  -6.458 0.0000000000
74545  -37.221  -10.806  -6.200 0.0000000000
74546  -55.986  -11.650  -7.145 0.0000000000
74547  -56.591  -11.685  -6.940 0.0000000000
74548  -57.525  -11.700  -6.654 0.0000000000
74549  -58.600  -11.760  -6.331 0.0000000000
74564  -35.719  -12.373  -7.191 0.0000000000
74565  -36.235  -11.907  -7.547 0.0000000000
74566  -36.988  -11.067  -7.196 0.0000000000
74567  -52.924  -11.878  -7.862 0.0000000000
74568  -53.638  -11.838  -7.770 0.0000000000
74569  -54.453  -11.736  -7.645 0.0000000000
74570  -55.390  -11.601  -7.471 0.0000000000
74571  -56.414  -11.228  -7.738 0.0000000000
74572  -57.390  -11.279  -7.361 0.0000000000
74573  -58.319  -11.272  -7.028 0.0000000000
74574  -58.983  -11.289  -6.809 0.0000000000
74578  -36.490  -12.243  -8.691 0.0000000000
74579  -36.876  -11.427  -8.306 0.0000000000
74580  -50.849  -11.840  -8.705 0.0000000000
74581  -51.473  -11.713  -8.605 0.0000000000
74582  -52.326  -11.586  -8.455 0.0000000000
74583  -53.265  -11.459  -8.336 0.0000000000
74584  -54.081  -11.393  -8.273 0.0000000000
74585  -54.910  -11.281  -8.169 0.0000000000
74586  -55.658  -11.146  -8.128 0.0000000000
74595  -36.679  -12.499  -9.291 0.0000000000
74596  -37.028  -11.910  -9.490 0.0000000000
74597  -37.451  -11.227  -9.393 0.0000000000
74598  -48.851  -11.749  -9.832 0.0000000000
74599  -49.496  -11.491  -9.703 0.0000000000
74600  -50.309  -11.586  -9.215 0.0000000000
74601  -51.069  -11.334  -9.089 0.0000000000
74602  -51.719  -11.293  -9.024 0.0000000000
74612  -37.369  -12.144  -10.204 0.0000000000
74613  -37.641  -11.515  -10.203 0.0000000000
74614  -46.843  -11.772  -10.810 0.0000000000
74615  -47.509  -11.494  -10.677 0.0000000000
74616  -48.309  -11.518  -10.267 0.0000000000
74617  -48.955  -11.238  -10.154 0.0000000000
74626  -38.186  -11.402  -11.063 0.0000000000
74627  -38.741  -11.346  -11.771 0.0000000000
74628  -44.849  -11.979  -11.845 0.0000000000
74629  -45.476  -11.801  -11.613 0.0000000000
74630  -46.279  -11.510  -11.339 0.0000000000
74631  -47.012  -11.308  -11.159 0.0000000000
74639  -39.490  -11.289  -12.570 0.0000000000
74640  -40.547  -11.803  -12.957 0.0000000000
74641  -41.078  -11.958  -13.034 0.0000000000
74642  -42.823  -12.265  -12.751 0.0000000000
74643  -43.336  -12.045  -12.701 0.0000000000
74644  -44.221  -11.707  -12.452 0.0000000000
74645  -45.153  -11.488  -12.256 0.0000000000
74646  -45.795  -11.296  -12.013 0.0000000000
74654  -39.658  -10.697  -12.830 0.0000000000
74655  -40.152  -11.033  -13.179 0.0000000000
74656  -41.182  -11.548  -13.349 0.0000000000
74657  -42.439  -11.786  -13.264 0.0000000000
74658  -43.473  -11.457  -13.235 0.0000000000
74659  -44.159  -11.153  -13.185 0.0000000000
75755  -31.466  -10.543  -0.525 0.0000000000
75756  -31.799  -11.086  -0.039 0.0000000000
75774  -31.432  -10.650  -1.611 0.0000000000
75775  -31.707  -11.137  -1.976 0.0000000000
75789  -31.668  -10.674  -2.532 0.0000000000
75790  -32.139  -11.242  -2.623 0.0000000000
75791  -32.719  -11.447  -3.015 0.0000000000
75804  -31.996  -10.750  -3.170 0.0000000000
75805  -32.628  -10.893  -3.491 0.0000000000
75806  -33.292  -11.312  -3.651 0.0000000000
75807  -33.927  -11.351  -4.075 0.0000000000
75820  -33.270  -10.749  -4.129 0.0000000000
75821  -33.987  -10.821  -4.353 0.0000000000
75822  -34.765  -10.877  -4.541 0.0000000000
75823  -35.761  -10.644  -4.873 0.0000000000
75824  -36.585  -10.501  -5.038 0.0000000000
75825  -37.059  -10.268  -5.105 0.0000000000
75839  -36.924  -10.613  -5.167 0.0000000000
75840  -37.259  -10.427  -5.362 0.0000000000
75851  -37.743  -10.247  -5.828 0.0000000000
75852  -38.126  -9.814  -5.878 0.0000000000
75862  -37.619  -10.459  -6.832 0.0000000000
75863  -38.082  -9.864  -6.458 0.0000000000
75864  -56.754  -10.823  -8.279 0.0000000000
75865  -57.302  -10.864  -8.063 0.0000000000
75866  -58.175  -10.833  -7.726 0.0000000000
75867  -59.264  -10.787  -7.318 0.0000000000
75876  -37.489  -10.772  -7.938 0.0000000000
75877  -38.049  -10.093  -7.553 0.0000000000
75878  -52.943  -11.112  -8.882 0.0000000000
75879  -53.676  -10.999  -8.871 0.0000000000
75880  -54.500  -10.894  -8.796 0.0000000000
75881  -55.315  -10.812  -8.691 0.0000000000
75882  -56.194  -10.729  -8.565 0.0000000000
75883  -57.044  -10.374  -8.692 0.0000000000
75884  -57.918  -10.374  -8.393 0.0000000000
75885  -58.797  -10.306  -8.121 0.0000000000
75886  -59.655  -10.236  -7.978 0.0000000000
75892  -37.314  -11.114  -8.837 0.0000000000
75893  -37.887  -10.545  -8.964 0.0000000000
75894  -50.030  -11.038  -9.824 0.0000000000
75895  -50.653  -10.929  -9.636 0.0000000000
75896  -51.395  -10.856  -9.537 0.0000000000
75897  -52.272  -10.884  -9.352 0.0000000000
75898  -53.171  -10.676  -9.459 0.0000000000
75899  -54.080  -10.469  -9.534 0.0000000000
75900  -54.889  -10.439  -9.285 0.0000000000
75901  -55.660  -10.361  -9.209 0.0000000000
75902  -56.391  -10.230  -9.155 0.0000000000
75911  -38.172  -10.600  -10.150 0.0000000000
75912  -48.021  -10.946  -10.754 0.0000000000
75913  -48.640  -10.813  -10.579 0.0000000000
75914  -49.436  -10.681  -10.358 0.0000000000
75915  -50.206  -10.561  -10.198 0.0000000000
75916  -50.911  -10.452  -10.144 0.0000000000
75917  -51.726  -10.391  -10.094 0.0000000000
75918  -52.606  -10.332  -10.077 0.0000000000
75919  -53.424  -10.235  -10.059 0.0000000000
75930  -38.417  -10.535  -11.012 0.0000000000
75931  -38.830  -10.369  -11.738 0.0000000000
75932  -46.851  -10.931  -11.562 0.0000000000
75933  -47.489  -10.786  -11.262 0.0000000000
75934  -48.265  -10.365  -11.180 0.0000000000
75935  -48.897  -10.333  -10.876 0.0000000000
75944  -39.332  -10.177  -12.361 0.0000000000
75945  -44.839  -11.065  -12.907 0.0000000000
75946  -45.605  -10.927  -12.627 0.0000000000
75947  -46.382  -10.706  -12.201 0.0000000000
75948  -47.098  -10.437  -11.871 0.0000000000
75949  -47.708  -10.197  -11.683 0.0000000000
75958  -39.786  -10.188  -13.025 0.0000000000
75959  -40.566  -10.293  -13.690 0.0000000000
75960  -41.734  -10.846  -13.883 0.0000000000
75961  -42.797  -10.931  -13.851 0.0000000000
75962  -43.709  -10.823  -13.775 0.0000000000
75963  -44.520  -10.697  -13.623 0.0000000000
75964  -45.366  -10.466  -13.405 0.0000000000
75965  -45.991  -10.456  -12.935 0.0000000000
75973  -40.763  -9.606  -13.944 0.0000000000
75974  -41.288  -9.916  -14.212 0.0000000000
75975  -42.215  -10.167  -14.344 0.0000000000
75976  -43.165  -10.231  -14.339 0.0000000000
75977  -44.079  -10.253  -14.274 0.0000000000
75978  -44.877  -10.211  -14.084 0.0000000000
77250  -31.179  -9.761  -1.479 0.0000000000
77272  -31.320  -10.074  -2.346 0.0000000000
77285  -31.545  -10.120  -3.466 0.0000000000
77286  -32.166  -10.566  -3.649 0.0000000000
77298  -32.587  -10.318  -4.424 0.0000000000
77299  -33.811  -10.320  -4.788 0.0000000000
77300  -34.797  -10.187  -4.819 0.0000000000
77301  -35.698  -10.067  -4.827 0.0000000000
77302  -36.537  -10.044  -4.907 0.0000000000
77303  -36.941  -10.098  -4.986 0.0000000000
77316  -33.453  -9.868  -5.475 0.0000000000
77317  -34.669  -9.610  -5.442 0.0000000000
77318  -35.607  -9.467  -5.114 0.0000000000
77319  -36.473  -9.400  -5.019 0.0000000000
77320  -37.464  -9.641  -5.231 0.0000000000
77321  -38.027  -9.090  -5.438 0.0000000000
77330  -34.119  -9.431  -6.345 0.0000000000
77331  -38.015  -9.768  -5.612 0.0000000000
77332  -38.330  -9.216  -5.903 0.0000000000
77333  -38.597  -8.575  -6.224 0.0000000000
77339  -38.505  -9.386  -7.040 0.0000000000
77340  -38.767  -8.700  -6.709 0.0000000000
77351  -38.553  -9.622  -8.205 0.0000000000
77352  -38.937  -8.806  -7.671 0.0000000000
77353  -57.683  -9.959  -8.936 0.0000000000
77354  -58.429  -9.872  -8.761 0.0000000000
77355  -59.334  -9.814  -8.593 0.0000000000
77365  -38.571  -9.845  -9.370 0.0000000000
77366  -39.023  -9.015  -8.764 0.0000000000
77367  -54.591  -10.160  -9.755 0.0000000000
77368  -55.110  -9.981  -9.753 0.0000000000
77369  -55.956  -9.852  -9.688 0.0000000000
77370  -56.997  -9.727  -9.524 0.0000000000
77371  -57.977  -9.513  -9.355 0.0000000000
77372  -58.853  -9.396  -9.249 0.0000000000
77380  -38.529  -9.974  -10.263 0.0000000000
77381  -39.019  -9.290  -9.970 0.0000000000
77382  -49.847  -10.287  -10.565 0.0000000000
77383  -50.319  -10.078  -10.658 0.0000000000
77384  -51.124  -9.929  -10.701 0.0000000000
77385  -52.024  -9.880  -10.718 0.0000000000
77386  -52.976  -9.759  -10.617 0.0000000000
77387  -54.197  -9.711  -10.363 0.0000000000
77388  -55.308  -9.491  -10.281 0.0000000000
77389  -56.237  -9.381  -10.244 0.0000000000
77390  -57.003  -9.228  -10.220 0.0000000000
77397  -38.705  -9.827  -10.864 0.0000000000
77398  -39.210  -9.373  -11.262 0.0000000000
77399  -48.744  -10.042  -11.255 0.0000000000
77400  -49.433  -9.938  -11.085 0.0000000000
77401  -50.400  -9.510  -11.347 0.0000000000
77402  -51.381  -9.410  -11.292 0.0000000000
77403  -52.307  -9.300  -11.279 0.0000000000
77404  -53.290  -9.165  -11.172 0.0000000000
77405  -54.106  -9.020  -11.146 0.0000000000
77415  -39.689  -9.311  -12.296 0.0000000000
77416  -40.103  -8.962  -12.711 0.0000000000
77417  -46.860  -10.255  -12.336 0.0000000000
77418  -47.366  -9.960  -12.284 0.0000000000
77419  -48.407  -9.656  -11.926 0.0000000000
77420  -49.505  -9.321  -11.916 0.0000000000
77421  -50.221  -9.067  -12.061 0.0000000000
77431  -40.011  -9.560  -13.115 0.0000000000
77432  -40.423  -9.113  -13.450 0.0000000000
77433  -45.924  -10.139  -13.391 0.0000000000
77434  -46.595  -9.977  -13.011 0.0000000000
77435  -47.613  -9.469  -12.995 0.0000000000
77436  -48.358  -9.189  -12.831 0.0000000000
77448  -40.986  -8.976  -14.123 0.0000000000
77449  -41.779  -9.260  -14.488 0.0000000000
77450  -42.634  -9.467  -14.671 0.0000000000
77451  -43.565  -9.494  -14.799 0.0000000000
77452  -44.571  -9.677  -14.624 0.0000000000
77453  -45.695  -9.614  -14.181 0.0000000000
77454  -46.920  -9.286  -13.802 0.0000000000
77455  -47.550  -9.090  -13.626 0.0000000000
77465  -44.176  -9.101  -15.088 0.0000000000
77466  -44.973  -9.130  -14.998 0.0000000000
77467  -45.474  -9.077  -14.824 0.0000000000
78707  -35.535  -8.995  -5.575 0.0000000000
78708  -36.249  -8.753  -5.369 0.0000000000
78709  -37.107  -8.705  -5.295 0.0000000000
78710  -37.848  -8.740  -5.425 0.0000000000
78711  -38.181  -8.823  -5.599 0.0000000000
78716  -35.094  -8.920  -6.236 0.0000000000
78717  -35.933  -8.409  -6.036 0.0000000000
78718  -36.830  -8.051  -5.889 0.0000000000
78719  -37.626  -8.074  -5.711 0.0000000000
78720  -38.308  -8.298  -5.983 0.0000000000
78721  -38.796  -8.136  -6.579 0.0000000000
78726  -34.645  -8.974  -7.259 0.0000000000
78727  -35.697  -8.377  -7.090 0.0000000000
78728  -36.388  -7.962  -6.565 0.0000000000
78729  -39.139  -8.124  -7.248 0.0000000000
78737  -35.192  -8.551  -8.277 0.0000000000
78738  -39.511  -8.093  -8.283 0.0000000000
78739  -39.890  -7.588  -8.571 0.0000000000
78750  -39.452  -8.554  -9.251 0.0000000000
78751  -39.947  -7.818  -9.268 0.0000000000
78752  -57.579  -9.247  -9.894 0.0000000000
78753  -58.299  -9.029  -9.870 0.0000000000
78754  -59.245  -8.929  -9.847 0.0000000000
78766  -39.610  -8.566  -10.213 0.0000000000
78767  -40.226  -7.900  -10.445 0.0000000000
78768  -54.780  -9.148  -10.855 0.0000000000
78769  -55.581  -9.015  -10.901 0.0000000000
78770  -56.547  -8.873  -10.795 0.0000000000
78771  -57.565  -8.765  -10.532 0.0000000000
78772  -58.600  -8.562  -10.511 0.0000000000
78773  -59.607  -8.475  -10.531 0.0000000000
78781  -39.824  -8.576  -11.295 0.0000000000
78782  -40.387  -7.997  -11.494 0.0000000000
78783  -50.857  -9.080  -11.823 0.0000000000
78784  -51.601  -8.883  -11.899 0.0000000000
78785  -52.578  -8.682  -11.826 0.0000000000
78786  -53.567  -8.564  -11.706 0.0000000000
78787  -54.714  -8.542  -11.611 0.0000000000
78788  -55.925  -8.480  -11.503 0.0000000000
78789  -56.964  -8.363  -11.348 0.0000000000
78790  -57.971  -8.225  -11.215 0.0000000000
78791  -58.950  -8.116  -11.183 0.0000000000
78792  -59.881  -8.011  -11.215 0.0000000000
78798  -40.057  -8.600  -12.077 0.0000000000
78799  -40.453  -8.231  -12.581 0.0000000000
78800  -48.930  -9.104  -12.501 0.0000000000
78801  -49.635  -8.775  -12.576 0.0000000000
78802  -50.678  -8.571  -12.491 0.0000000000
78803  -51.816  -8.215  -12.580 0.0000000000
78804  -52.930  -8.096  -12.332 0.0000000000
78805  -53.881  -8.059  -12.231 0.0000000000
78806  -54.617  -7.983  -12.284 0.0000000000
78811  -40.854  -8.276  -13.478 0.0000000000
78812  -41.260  -8.022  -13.743 0.0000000000
78813  -47.999  -9.008  -13.410 0.0000000000
78814  -48.742  -8.661  -13.264 0.0000000000
78815  -49.806  -8.179  -13.338 0.0000000000
78816  -50.879  -7.949  -13.205 0.0000000000
78817  -51.637  -7.680  -13.266 0.0000000000
78825  -41.130  -8.395  -13.916 0.0000000000
78826  -41.522  -8.333  -14.210 0.0000000000
78827  -42.266  -8.541  -14.676 0.0000000000
78828  -42.913  -8.902  -14.952 0.0000000000
78829  -45.745  -9.016  -14.739 0.0000000000
78830  -46.338  -8.848  -14.598 0.0000000000
78831  -47.631  -8.526  -14.249 0.0000000000
78832  -48.872  -8.082  -14.086 0.0000000000
78833  -49.599  -7.744  -14.069 0.0000000000
78841  -42.795  -8.304  -14.984 0.0000000000
78842  -43.451  -8.544  -15.174 0.0000000000
78843  -44.341  -8.407  -15.362 0.0000000000
78844  -45.470  -8.482  -15.270 0.0000000000
78845  -46.579  -8.123  -15.282 0.0000000000
78846  -47.408  -7.804  -15.199 0.0000000000
80007  -37.456  -7.614  -6.138 0.0000000000
80008  -38.026  -7.440  -6.249 0.0000000000
80009  -38.769  -7.447  -6.720 0.0000000000
80010  -39.054  -7.741  -6.997 0.0000000000
80015  -36.420  -7.795  -7.248 0.0000000000
80016  -37.136  -7.455  -6.775 0.0000000000
80017  -37.624  -7.350  -6.440 0.0000000000
80018  -39.154  -6.978  -7.167 0.0000000000
80019  -39.556  -7.305  -7.631 0.0000000000
80020  -40.038  -6.863  -8.123 0.0000000000
80026  -36.127  -7.962  -8.108 0.0000000000
80027  -36.818  -7.397  -7.774 0.0000000000
80028  -39.822  -7.488  -8.267 0.0000000000
80029  -40.331  -7.017  -8.668 0.0000000000
80030  -40.855  -6.483  -9.065 0.0000000000
80035  -35.840  -8.057  -9.390 0.0000000000
80036  -36.682  -7.422  -8.805 0.0000000000
80037  -40.666  -7.221  -9.772 0.0000000000
80038  -40.990  -6.610  -9.423 0.0000000000
80047  -35.997  -7.873  -10.618 0.0000000000
80048  -36.826  -7.294  -10.018 0.0000000000
80049  -37.323  -6.958  -10.381 0.0000000000
80050  -40.879  -7.348  -10.812 0.0000000000
80051  -41.421  -6.634  -10.253 0.0000000000
80052  -41.839  -6.260  -10.433 0.0000000000
80063  -35.830  -7.754  -11.558 0.0000000000
80064  -36.831  -7.394  -11.177 0.0000000000
80065  -37.193  -7.139  -10.659 0.0000000000
80066  -40.988  -7.485  -11.840 0.0000000000
80067  -41.490  -6.914  -11.230 0.0000000000
80068  -41.869  -6.440  -10.946 0.0000000000
80069  -55.400  -8.022  -12.168 0.0000000000
80070  -56.388  -7.942  -12.060 0.0000000000
80071  -57.392  -7.836  -11.912 0.0000000000
80072  -58.370  -7.718  -11.798 0.0000000000
80073  -59.306  -7.610  -11.739 0.0000000000
80074  -60.119  -7.498  -11.716 0.0000000000
80084  -36.379  -7.335  -12.130 0.0000000000
80085  -41.076  -7.611  -12.854 0.0000000000
80086  -41.702  -6.936  -12.163 0.0000000000
80087  -41.883  -6.639  -11.501 0.0000000000
80088  -52.448  -7.638  -13.006 0.0000000000
80089  -53.377  -7.620  -12.783 0.0000000000
80090  -54.231  -7.633  -12.696 0.0000000000
80091  -55.008  -7.638  -12.671 0.0000000000
80092  -55.852  -7.452  -12.751 0.0000000000
80093  -56.851  -7.417  -12.542 0.0000000000
80094  -57.834  -7.321  -12.412 0.0000000000
80095  -58.814  -7.228  -12.295 0.0000000000
80096  -59.753  -7.148  -12.178 0.0000000000
80097  -60.339  -7.127  -12.024 0.0000000000
80103  -36.116  -7.277  -12.677 0.0000000000
80104  -41.189  -7.796  -13.429 0.0000000000
80105  -41.699  -7.357  -13.557 0.0000000000
80106  -42.255  -6.937  -13.957 0.0000000000
80107  -50.303  -7.626  -13.837 0.0000000000
80108  -51.109  -7.456  -13.781 0.0000000000
80109  -52.028  -7.169  -13.870 0.0000000000
80110  -53.013  -7.188  -13.439 0.0000000000
80111  -53.919  -7.229  -13.242 0.0000000000
80112  -54.771  -7.299  -13.115 0.0000000000
80113  -55.310  -7.354  -12.990 0.0000000000
80117  -41.923  -7.911  -14.363 0.0000000000
80118  -42.497  -7.524  -14.650 0.0000000000
80119  -42.985  -6.887  -14.846 0.0000000000
80120  -48.225  -7.705  -14.853 0.0000000000
80121  -49.110  -7.494  -14.675 0.0000000000
80122  -49.895  -7.331  -14.507 0.0000000000
80123  -50.632  -7.212  -14.358 0.0000000000
80124  -51.287  -7.052  -14.304 0.0000000000
80129  -43.015  -7.961  -15.115 0.0000000000
80130  -43.489  -7.466  -15.276 0.0000000000
80131  -44.559  -7.481  -15.618 0.0000000000
80132  -45.656  -7.272  -15.859 0.0000000000
80133  -46.800  -7.224  -15.798 0.0000000000
80134  -47.736  -7.192  -15.541 0.0000000000
80135  -48.587  -7.068  -15.371 0.0000000000
80136  -49.451  -6.956  -15.226 0.0000000000
80145  -46.186  -6.680  -16.065 0.0000000000
80146  -46.700  -6.542  -16.111 0.0000000000
81266  -38.060  -7.160  -6.485 0.0000000000
81267  -38.267  -7.156  -6.648 0.0000000000
81273  -37.481  -7.196  -6.994 0.0000000000
81274  -37.839  -7.055  -6.835 0.0000000000
81275  -38.631  -6.672  -7.240 0.0000000000
81276  -39.401  -6.589  -7.557 0.0000000000
81277  -39.899  -6.618  -7.942 0.0000000000
81282  -37.413  -7.075  -7.419 0.0000000000
81283  -37.859  -6.495  -7.850 0.0000000000
81284  -38.474  -6.056  -7.974 0.0000000000
81285  -40.311  -6.476  -8.336 0.0000000000
81286  -40.812  -6.185  -8.830 0.0000000000
81287  -41.298  -5.825  -9.141 0.0000000000
81291  -37.238  -6.903  -8.311 0.0000000000
81292  -37.593  -6.403  -8.855 0.0000000000
81293  -41.178  -6.174  -9.250 0.0000000000
81294  -41.606  -5.828  -9.465 0.0000000000
81300  -37.195  -6.919  -9.168 0.0000000000
81301  -37.527  -6.608  -9.844 0.0000000000
81302  -41.443  -6.238  -9.657 0.0000000000
81303  -41.894  -6.088  -10.121 0.0000000000
81312  -37.230  -7.116  -11.361 0.0000000000
81313  -37.555  -6.695  -10.996 0.0000000000
81314  -38.108  -6.102  -11.495 0.0000000000
81315  -42.182  -5.978  -10.639 0.0000000000
81326  -37.120  -7.079  -11.836 0.0000000000
81327  -37.730  -6.608  -12.108 0.0000000000
81328  -38.417  -5.944  -12.170 0.0000000000
81329  -42.056  -6.646  -12.131 0.0000000000
81330  -42.373  -6.196  -11.758 0.0000000000
81331  -42.887  -5.795  -12.632 0.0000000000
81332  -55.949  -7.197  -13.098 0.0000000000
81333  -56.387  -7.091  -13.086 0.0000000000
81334  -57.306  -6.905  -12.971 0.0000000000
81335  -58.304  -6.789  -12.809 0.0000000000
81336  -59.347  -6.694  -12.647 0.0000000000
81337  -60.629  -6.587  -12.388 0.0000000000
81348  -36.828  -7.020  -13.066 0.0000000000
81349  -38.108  -6.438  -13.045 0.0000000000
81350  -38.771  -5.715  -12.883 0.0000000000
81351  -42.000  -6.692  -12.546 0.0000000000
81352  -42.393  -6.470  -13.187 0.0000000000
81353  -43.051  -5.885  -13.606 0.0000000000
81354  -52.257  -6.699  -14.322 0.0000000000
81355  -52.786  -6.732  -14.084 0.0000000000
81356  -53.654  -6.740  -13.867 0.0000000000
81357  -54.612  -6.797  -13.666 0.0000000000
81358  -55.663  -6.956  -13.384 0.0000000000
81359  -56.734  -6.498  -13.646 0.0000000000
81360  -57.789  -6.402  -13.388 0.0000000000
81361  -58.818  -6.290  -13.216 0.0000000000
81362  -59.851  -6.179  -13.034 0.0000000000
81363  -60.435  -6.106  -12.919 0.0000000000
81372  -37.686  -6.581  -14.096 0.0000000000
81373  -38.756  -5.967  -13.912 0.0000000000
81374  -39.259  -5.652  -14.388 0.0000000000
81375  -42.732  -6.601  -14.221 0.0000000000
81376  -43.562  -6.153  -14.803 0.0000000000
81377  -44.225  -5.702  -15.031 0.0000000000
81378  -50.266  -6.875  -15.014 0.0000000000
81379  -50.970  -6.753  -14.825 0.0000000000
81380  -51.731  -6.493  -14.756 0.0000000000
81381  -52.513  -6.303  -14.613 0.0000000000
81382  -53.350  -6.219  -14.516 0.0000000000
81383  -54.355  -6.211  -14.370 0.0000000000
81384  -55.399  -6.321  -14.119 0.0000000000
81385  -56.082  -6.442  -13.915 0.0000000000
81395  -38.289  -6.345  -14.846 0.0000000000
81396  -39.026  -6.043  -14.889 0.0000000000
81397  -44.004  -6.828  -15.421 0.0000000000
81398  -44.597  -6.245  -15.607 0.0000000000
81399  -45.570  -6.182  -16.076 0.0000000000
81400  -47.326  -6.621  -15.998 0.0000000000
81401  -48.073  -6.563  -15.866 0.0000000000
81402  -48.846  -6.247  -15.884 0.0000000000
81403  -49.803  -6.244  -15.551 0.0000000000
81404  -50.658  -6.262  -15.308 0.0000000000
81405  -51.203  -6.347  -15.120 0.0000000000
81414  -38.093  -6.317  -15.637 0.0000000000
81415  -38.642  -6.209  -15.353 0.0000000000
81416  -46.274  -6.073  -16.277 0.0000000000
81417  -46.971  -6.030  -16.312 0.0000000000
81418  -47.720  -6.051  -16.218 0.0000000000
81419  -48.256  -6.099  -16.114 0.0000000000
82574  -39.115  -5.963  -7.857 0.0000000000
82575  -39.814  -6.060  -7.978 0.0000000000
82576  -40.117  -6.251  -8.130 0.0000000000
82581  -38.142  -5.942  -8.649 0.0000000000
82582  -38.750  -5.542  -8.526 0.0000000000
82583  -39.587  -5.360  -8.527 0.0000000000
82584  -40.441  -5.720  -8.480 0.0000000000
82585  -41.188  -5.543  -8.914 0.0000000000
82586  -41.648  -5.453  -9.241 0.0000000000
82590  -37.937  -6.042  -9.376 0.0000000000
82591  -38.438  -5.463  -9.429 0.0000000000
82592  -39.027  -5.046  -9.089 0.0000000000
82593  -42.063  -5.384  -9.580 0.0000000000
82594  -42.505  -4.971  -9.849 0.0000000000
82598  -38.043  -5.985  -10.151 0.0000000000
82599  -38.437  -5.270  -10.425 0.0000000000
82600  -42.405  -5.464  -10.137 0.0000000000
82601  -42.904  -4.858  -10.354 0.0000000000
82609  -38.105  -5.834  -10.886 0.0000000000
82610  -38.483  -5.310  -11.400 0.0000000000
82611  -42.723  -5.493  -10.800 0.0000000000
82612  -43.333  -4.874  -10.971 0.0000000000
82613  -43.768  -4.573  -11.397 0.0000000000
82621  -38.829  -5.147  -12.230 0.0000000000
82622  -39.141  -4.786  -12.495 0.0000000000
82623  -42.928  -5.455  -11.297 0.0000000000
82624  -43.261  -5.264  -11.826 0.0000000000
82625  -43.976  -4.674  -12.146 0.0000000000
82626  -60.732  -6.041  -12.873 0.0000000000
82637  -39.072  -5.170  -12.758 0.0000000000
82638  -39.329  -4.811  -13.006 0.0000000000
82639  -43.524  -5.331  -12.843 0.0000000000
82640  -44.163  -4.875  -13.209 0.0000000000
82641  -56.850  -6.149  -14.034 0.0000000000
82642  -57.330  -6.047  -13.971 0.0000000000
82643  -58.312  -5.868  -13.820 0.0000000000
82644  -59.367  -5.723  -13.633 0.0000000000
82645  -60.545  -5.538  -13.347 0.0000000000
82655  -39.128  -5.383  -13.272 0.0000000000
82656  -39.492  -5.135  -13.869 0.0000000000
82657  -43.652  -5.390  -13.795 0.0000000000
82658  -44.327  -5.166  -14.368 0.0000000000
82659  -44.937  -4.925  -14.800 0.0000000000
82660  -51.746  -6.079  -15.114 0.0000000000
82661  -52.111  -5.933  -15.078 0.0000000000
82662  -52.894  -5.660  -14.977 0.0000000000
82663  -53.945  -5.356  -14.956 0.0000000000
82664  -55.172  -5.445  -14.700 0.0000000000
82665  -56.508  -5.749  -14.332 0.0000000000
82666  -57.749  -5.346  -14.334 0.0000000000
82667  -58.831  -5.196  -14.235 0.0000000000
82668  -59.839  -5.062  -14.064 0.0000000000
82669  -60.550  -4.810  -13.882 0.0000000000
82678  -39.731  -5.416  -14.857 0.0000000000
82679  -40.138  -5.315  -15.561 0.0000000000
82680  -44.618  -5.396  -15.134 0.0000000000
82681  -45.306  -5.219  -15.536 0.0000000000
82682  -45.975  -4.995  -15.855 0.0000000000
82683  -48.836  -5.755  -16.119 0.0000000000
82684  -49.269  -5.523  -16.036 0.0000000000
82685  -50.251  -5.494  -15.721 0.0000000000
82686  -51.392  -5.685  -15.401 0.0000000000
82687  -52.311  -5.183  -15.372 0.0000000000
82688  -53.167  -4.875  -15.285 0.0000000000
82689  -53.854  -4.536  -15.247 0.0000000000
82698  -39.116  -6.027  -15.995 0.0000000000
82699  -40.312  -5.425  -16.463 0.0000000000
82700  -40.939  -5.215  -16.965 0.0000000000
82701  -45.872  -5.537  -16.111 0.0000000000
82702  -46.516  -5.308  -16.239 0.0000000000
82703  -47.325  -5.386  -16.332 0.0000000000
82704  -48.358  -5.420  -16.304 0.0000000000
82705  -48.977  -4.796  -16.292 0.0000000000
82712  -39.363  -5.794  -17.334 0.0000000000
82713  -40.312  -5.569  -17.564 0.0000000000
82714  -41.127  -5.322  -17.721 0.0000000000
82724  -39.522  -5.605  -18.381 0.0000000000
82725  -40.441  -5.505  -18.515 0.0000000000
82726  -41.156  -5.302  -18.600 0.0000000000
82742  -39.714  -5.360  -19.387 0.0000000000
82743  -40.694  -5.267  -19.351 0.0000000000
82744  -41.205  -5.197  -19.095 0.0000000000
82763  -40.209  -5.175  -19.883 0.0000000000
82764  -40.577  -5.147  -19.857 0.0000000000
83880  -40.273  -4.876  -8.773 0.0000000000
83881  -41.014  -4.937  -8.797 0.0000000000
83882  -41.597  -4.939  -8.986 0.0000000000
83883  -41.919  -5.161  -9.316 0.0000000000
83886  -38.938  -4.750  -9.886 0.0000000000
83887  -39.670  -4.531  -9.331 0.0000000000
83888  -40.576  -4.226  -9.389 0.0000000000
83889  -41.445  -4.465  -9.289 0.0000000000
83890  -42.143  -4.692  -9.533 0.0000000000
83891  -42.807  -4.341  -10.078 0.0000000000
83894  -38.871  -4.592  -10.846 0.0000000000
83895  -39.559  -4.034  -10.334 0.0000000000
83896  -40.000  -3.998  -9.763 0.0000000000
83897  -43.655  -4.057  -10.621 0.0000000000
83898  -44.317  -3.629  -10.763 0.0000000000
83903  -38.960  -4.623  -11.727 0.0000000000
83904  -39.348  -4.049  -11.338 0.0000000000
83905  -43.814  -4.318  -11.011 0.0000000000
83906  -44.508  -3.946  -11.267 0.0000000000
83907  -45.175  -3.504  -11.430 0.0000000000
83914  -39.073  -4.672  -12.190 0.0000000000
83915  -39.358  -4.226  -12.349 0.0000000000
83916  -44.687  -4.278  -12.531 0.0000000000
83917  -45.177  -3.676  -12.055 0.0000000000
83926  -39.748  -4.255  -13.337 0.0000000000
83927  -44.800  -4.479  -13.684 0.0000000000
83928  -45.301  -3.896  -13.124 0.0000000000
83937  -40.271  -4.364  -14.399 0.0000000000
83938  -40.786  -3.938  -14.771 0.0000000000
83939  -44.905  -4.686  -14.351 0.0000000000
83940  -45.604  -4.235  -14.545 0.0000000000
83941  -46.377  -3.848  -14.909 0.0000000000
83942  -54.751  -4.270  -15.129 0.0000000000
83943  -56.034  -4.542  -14.863 0.0000000000
83944  -57.205  -4.572  -14.689 0.0000000000
83945  -58.311  -4.464  -14.589 0.0000000000
83946  -59.328  -4.373  -14.420 0.0000000000
83947  -60.209  -4.304  -14.241 0.0000000000
83955  -40.256  -4.875  -15.090 0.0000000000
83956  -40.910  -4.481  -15.529 0.0000000000
83957  -41.661  -4.177  -15.813 0.0000000000
83958  -45.824  -4.680  -15.430 0.0000000000
83959  -46.521  -4.390  -15.658 0.0000000000
83960  -47.443  -3.810  -15.777 0.0000000000
83961  -47.992  -3.471  -15.839 0.0000000000
83962  -49.657  -4.595  -16.088 0.0000000000
83963  -50.674  -4.585  -15.862 0.0000000000
83964  -51.674  -4.493  -15.626 0.0000000000
83965  -52.572  -4.287  -15.475 0.0000000000
83966  -53.364  -4.104  -15.392 0.0000000000
83967  -53.991  -3.983  -15.311 0.0000000000
83975  -41.000  -4.938  -16.414 0.0000000000
83976  -41.748  -4.574  -16.733 0.0000000000
83977  -42.484  -4.142  -17.065 0.0000000000
83978  -46.915  -4.873  -16.274 0.0000000000
83979  -47.463  -4.591  -16.286 0.0000000000
83980  -48.354  -4.131  -16.286 0.0000000000
83981  -49.062  -4.260  -16.270 0.0000000000
83988  -41.732  -5.000  -18.062 0.0000000000
83989  -42.366  -4.469  -17.803 0.0000000000
83997  -41.545  -5.104  -18.824 0.0000000000
83998  -42.084  -4.772  -18.779 0.0000000000
84020  -38.908  -5.020  -19.841 0.0000000000
84021  -40.820  -5.120  -19.800 0.0000000000
84022  -41.367  -4.963  -19.568 0.0000000000
84023  -42.225  -4.445  -19.661 0.0000000000
84042  -39.501  -4.840  -20.308 0.0000000000
84043  -40.571  -4.856  -20.322 0.0000000000
84044  -41.545  -4.400  -20.514 0.0000000000
84045  -42.291  -4.059  -20.350 0.0000000000
84052  -38.986  -4.230  -20.889 0.0000000000
84053  -39.758  -4.320  -21.065 0.0000000000
84054  -40.719  -4.237  -21.162 0.0000000000
84055  -41.398  -3.925  -21.245 0.0000000000
85190  -40.679  -3.855  -9.726 0.0000000000
85191  -41.087  -3.871  -9.683 0.0000000000
85192  -41.883  -3.950  -9.704 0.0000000000
85193  -42.509  -3.989  -9.927 0.0000000000
85197  -39.870  -3.673  -10.483 0.0000000000
85198  -40.412  -3.605  -10.250 0.0000000000
85199  -41.465  -3.376  -10.206 0.0000000000
85200  -42.335  -3.351  -10.225 0.0000000000
85201  -43.189  -3.454  -10.358 0.0000000000
85202  -44.212  -3.252  -10.622 0.0000000000
85203  -44.837  -3.002  -10.657 0.0000000000
85207  -39.802  -3.580  -10.922 0.0000000000
85208  -40.310  -3.109  -11.350 0.0000000000
85209  -44.696  -3.420  -10.736 0.0000000000
85210  -45.210  -3.180  -11.007 0.0000000000
85217  -39.712  -3.462  -11.847 0.0000000000
85218  -40.259  -2.927  -12.299 0.0000000000
85219  -45.616  -3.124  -11.743 0.0000000000
85220  -45.982  -2.849  -12.303 0.0000000000
85228  -39.916  -3.538  -12.783 0.0000000000
85229  -40.484  -3.024  -13.201 0.0000000000
85230  -45.745  -3.359  -12.578 0.0000000000
85231  -46.372  -2.969  -13.026 0.0000000000
85232  -46.898  -2.750  -13.533 0.0000000000
85241  -40.279  -3.672  -13.574 0.0000000000
85242  -40.950  -3.251  -14.227 0.0000000000
85243  -41.454  -2.938  -14.570 0.0000000000
85244  -45.914  -3.533  -13.482 0.0000000000
85245  -46.615  -3.330  -14.216 0.0000000000
85246  -47.281  -2.771  -14.107 0.0000000000
85247  -52.346  -2.712  -15.242 0.0000000000
85248  -53.247  -2.732  -15.139 0.0000000000
85249  -54.064  -2.844  -15.065 0.0000000000
85250  -54.823  -3.134  -14.976 0.0000000000
85251  -55.715  -3.443  -14.860 0.0000000000
85252  -56.770  -3.579  -14.756 0.0000000000
85253  -57.842  -3.594  -14.716 0.0000000000
85254  -58.875  -3.569  -14.581 0.0000000000
85255  -59.828  -3.576  -14.439 0.0000000000
85264  -41.069  -3.751  -14.945 0.0000000000
85265  -41.703  -3.446  -15.241 0.0000000000
85266  -42.337  -3.082  -15.487 0.0000000000
85267  -46.881  -3.622  -15.156 0.0000000000
85268  -47.603  -3.042  -15.076 0.0000000000
85269  -48.678  -3.321  -15.799 0.0000000000
85270  -49.855  -3.564  -15.874 0.0000000000
85271  -50.997  -3.582  -15.695 0.0000000000
85272  -51.985  -3.540  -15.504 0.0000000000
85273  -52.873  -3.461  -15.375 0.0000000000
85274  -53.646  -3.433  -15.295 0.0000000000
85275  -54.271  -3.527  -15.213 0.0000000000
85281  -42.045  -4.004  -15.949 0.0000000000
85282  -42.694  -3.509  -16.267 0.0000000000
85283  -43.426  -3.029  -16.421 0.0000000000
85284  -48.874  -3.860  -16.217 0.0000000000
85285  -49.277  -3.883  -16.150 0.0000000000
85292  -43.010  -3.917  -17.522 0.0000000000
85293  -43.703  -3.239  -17.153 0.0000000000
85294  -44.227  -2.947  -17.496 0.0000000000
85306  -42.912  -4.178  -18.748 0.0000000000
85307  -43.593  -3.594  -18.254 0.0000000000
85308  -44.139  -3.201  -18.087 0.0000000000
85327  -42.871  -3.886  -19.867 0.0000000000
85328  -43.649  -3.457  -19.334 0.0000000000
85329  -43.981  -3.333  -18.702 0.0000000000
85341  -42.040  -3.803  -20.978 0.0000000000
85342  -42.664  -3.599  -20.618 0.0000000000
85343  -43.268  -3.329  -20.347 0.0000000000
85356  -40.064  -3.721  -21.671 0.0000000000
85357  -40.930  -3.637  -21.674 0.0000000000
85358  -41.678  -3.308  -21.660 0.0000000000
85359  -42.497  -3.246  -21.207 0.0000000000
85360  -42.956  -3.201  -20.864 0.0000000000
85372  -39.082  -2.942  -22.125 0.0000000000
85373  -39.663  -3.142  -22.133 0.0000000000
85374  -40.558  -3.211  -22.088 0.0000000000
85375  -41.137  -3.218  -21.953 0.0000000000
86423  -41.109  -2.910  -10.980 0.0000000000
86424  -41.952  -2.730  -10.728 0.0000000000
86425  -42.806  -2.492  -10.706 0.0000000000
86426  -43.754  -2.595  -10.645 0.0000000000
86427  -44.574  -2.521  -10.649 0.0000000000
86428  -45.183  -2.473  -10.788 0.0000000000
86432  -40.882  -2.550  -11.856 0.0000000000
86433  -41.773  -2.225  -11.527 0.0000000000
86434  -42.290  -2.304  -11.089 0.0000000000
86435  -45.693  -2.363  -11.498 0.0000000000
86436  -46.059  -1.926  -12.003 0.0000000000
86441  -40.803  -2.447  -12.721 0.0000000000
86442  -41.365  -2.028  -12.297 0.0000000000
86443  -45.857  -2.616  -11.957 0.0000000000
86444  -46.343  -2.160  -12.420 0.0000000000
86445  -46.850  -1.667  -12.766 0.0000000000
86452  -41.001  -2.599  -13.550 0.0000000000
86453  -41.317  -2.031  -13.121 0.0000000000
86454  -46.722  -2.479  -13.091 0.0000000000
86455  -47.339  -2.056  -13.441 0.0000000000
86456  -47.949  -1.655  -13.776 0.0000000000
86463  -41.154  -2.718  -13.942 0.0000000000
86464  -41.598  -2.379  -14.078 0.0000000000
86465  -42.250  -2.071  -14.390 0.0000000000
86466  -47.809  -2.550  -14.454 0.0000000000
86467  -48.402  -1.983  -14.382 0.0000000000
86468  -49.599  -1.908  -14.824 0.0000000000
86469  -50.698  -1.896  -15.046 0.0000000000
86470  -51.746  -1.924  -14.994 0.0000000000
86471  -52.765  -1.937  -14.875 0.0000000000
86472  -53.726  -2.058  -14.768 0.0000000000
86473  -54.603  -2.285  -14.698 0.0000000000
86474  -55.476  -2.497  -14.621 0.0000000000
86475  -56.417  -2.643  -14.561 0.0000000000
86476  -57.422  -2.702  -14.544 0.0000000000
86477  -58.445  -2.721  -14.520 0.0000000000
86478  -59.442  -2.756  -14.470 0.0000000000
86479  -60.383  -2.869  -14.390 0.0000000000
86487  -41.710  -2.803  -14.710 0.0000000000
86488  -42.222  -2.564  -14.926 0.0000000000
86489  -42.927  -2.253  -15.214 0.0000000000
86490  -47.878  -2.707  -14.856 0.0000000000
86491  -48.236  -2.639  -15.025 0.0000000000
86492  -49.172  -2.616  -15.301 0.0000000000
86493  -50.291  -2.690  -15.409 0.0000000000
86494  -51.363  -2.710  -15.373 0.0000000000
86499  -42.729  -2.802  -15.534 0.0000000000
86500  -43.405  -2.502  -15.849 0.0000000000
86501  -44.041  -2.224  -16.195 0.0000000000
86507  -43.815  -2.726  -16.485 0.0000000000
86508  -44.373  -2.455  -16.930 0.0000000000
86509  -44.928  -2.169  -17.463 0.0000000000
86526  -44.592  -2.716  -17.881 0.0000000000
86527  -45.183  -2.251  -18.313 0.0000000000
86541  -44.027  -3.165  -19.505 0.0000000000
86542  -44.447  -2.934  -19.091 0.0000000000
86543  -45.257  -2.086  -19.440 0.0000000000
86550  -43.946  -3.044  -20.023 0.0000000000
86551  -44.540  -2.322  -20.340 0.0000000000
86552  -45.213  -1.710  -20.242 0.0000000000
86561  -41.771  -2.979  -21.951 0.0000000000
86562  -42.228  -2.887  -21.794 0.0000000000
86563  -43.375  -2.612  -21.217 0.0000000000
86564  -44.270  -1.872  -21.175 0.0000000000
86571  -39.344  -2.564  -22.555 0.0000000000
86572  -40.196  -2.724  -22.555 0.0000000000
86573  -41.399  -2.713  -22.359 0.0000000000
86574  -42.558  -2.318  -22.198 0.0000000000
86575  -43.279  -1.906  -22.083 0.0000000000
86583  -39.787  -2.287  -22.899 0.0000000000
86584  -40.470  -2.194  -22.993 0.0000000000
86585  -41.240  -1.983  -23.061 0.0000000000
87626  -42.926  -2.084  -10.995 0.0000000000
87627  -43.310  -1.997  -10.970 0.0000000000
87628  -44.181  -1.805  -10.964 0.0000000000
87629  -44.898  -1.860  -10.813 0.0000000000
87633  -42.081  -1.873  -11.676 0.0000000000
87634  -42.605  -1.783  -11.465 0.0000000000
87635  -43.555  -1.349  -11.483 0.0000000000
87636  -44.237  -1.124  -11.562 0.0000000000
87637  -45.369  -1.776  -11.115 0.0000000000
87638  -45.724  -1.553  -11.661 0.0000000000
87642  -41.939  -1.698  -11.966 0.0000000000
87643  -42.407  -1.213  -12.333 0.0000000000
87644  -46.099  -1.410  -12.099 0.0000000000
87645  -46.576  -1.265  -12.458 0.0000000000
87650  -41.839  -1.603  -12.673 0.0000000000
87651  -42.378  -1.181  -13.105 0.0000000000
87652  -47.172  -1.173  -12.869 0.0000000000
87653  -47.789  -1.120  -13.425 0.0000000000
87654  -48.292  -0.809  -13.783 0.0000000000
87655  -53.757  -0.616  -14.468 0.0000000000
87656  -54.127  -0.690  -14.446 0.0000000000
87657  -54.925  -0.843  -14.344 0.0000000000
87658  -55.782  -0.985  -14.175 0.0000000000
87659  -56.678  -1.069  -14.099 0.0000000000
87660  -57.618  -1.106  -14.090 0.0000000000
87661  -58.601  -1.130  -14.120 0.0000000000
87662  -59.620  -1.203  -14.098 0.0000000000
87669  -41.889  -1.710  -13.360 0.0000000000
87670  -42.503  -1.517  -13.938 0.0000000000
87671  -43.124  -1.260  -14.413 0.0000000000
87672  -48.266  -1.355  -13.916 0.0000000000
87673  -48.956  -1.100  -14.211 0.0000000000
87674  -50.063  -1.127  -14.519 0.0000000000
87675  -51.097  -1.121  -14.708 0.0000000000
87676  -52.136  -1.110  -14.641 0.0000000000
87677  -53.350  -0.944  -14.546 0.0000000000
87678  -54.334  -1.430  -14.535 0.0000000000
87679  -55.212  -1.653  -14.433 0.0000000000
87680  -56.105  -1.786  -14.358 0.0000000000
87681  -57.044  -1.850  -14.343 0.0000000000
87682  -58.029  -1.889  -14.325 0.0000000000
87683  -59.034  -1.932  -14.319 0.0000000000
87684  -60.038  -2.035  -14.303 0.0000000000
87693  -42.746  -1.854  -14.661 0.0000000000
87694  -43.493  -1.506  -15.108 0.0000000000
87695  -44.128  -1.218  -15.467 0.0000000000
87701  -43.948  -1.804  -15.720 0.0000000000
87702  -44.520  -1.516  -16.130 0.0000000000
87703  -45.116  -1.268  -16.542 0.0000000000
87718  -44.898  -1.795  -16.870 0.0000000000
87719  -45.504  -1.502  -17.388 0.0000000000
87720  -46.175  -1.103  -17.887 0.0000000000
87736  -45.843  -1.550  -18.675 0.0000000000
87737  -46.306  -1.011  -18.703 0.0000000000
87744  -45.821  -1.253  -19.757 0.0000000000
87745  -46.151  -1.129  -19.177 0.0000000000
87751  -44.853  -1.553  -20.864 0.0000000000
87752  -45.396  -1.160  -20.646 0.0000000000
87759  -43.891  -1.655  -21.776 0.0000000000
87760  -44.599  -1.139  -21.576 0.0000000000
87761  -45.059  -1.086  -21.132 0.0000000000
87769  -39.382  -2.150  -22.920 0.0000000000
87770  -42.065  -1.952  -22.886 0.0000000000
87771  -42.862  -1.643  -22.625 0.0000000000
87772  -43.604  -1.193  -22.466 0.0000000000
87773  -44.150  -1.165  -22.075 0.0000000000
87784  -39.584  -1.699  -23.299 0.0000000000
87785  -40.638  -1.532  -23.459 0.0000000000
87786  -41.594  -1.394  -23.413 0.0000000000
87787  -42.522  -1.265  -23.169 0.0000000000
87788  -43.089  -1.183  -22.872 0.0000000000
88903  -44.743  -1.315  -11.320 0.0000000000
88904  -44.944  -1.477  -11.073 0.0000000000
88907  -43.149  -0.906  -12.131 0.0000000000
88908  -43.941  -0.691  -12.098 0.0000000000
88909  -44.730  -0.498  -12.073 0.0000000000
88910  -45.284  -1.030  -11.667 0.0000000000
88911  -45.782  -0.875  -12.074 0.0000000000
88914  -42.967  -0.657  -12.865 0.0000000000
88915  -43.733  -0.257  -12.756 0.0000000000
88916  -44.316  -0.143  -12.534 0.0000000000
88917  -46.250  -0.765  -12.296 0.0000000000
88918  -46.787  -0.471  -12.641 0.0000000000
88924  -43.030  -0.810  -13.605 0.0000000000
88925  -43.553  -0.250  -13.446 0.0000000000
88926  -47.412  -0.371  -13.082 0.0000000000
88927  -47.931  -0.248  -13.498 0.0000000000
88928  -48.615  -0.151  -13.863 0.0000000000
88929  -53.755  -0.159  -14.397 0.0000000000
88930  -54.558  -0.053  -14.282 0.0000000000
88931  -55.430  -0.148  -14.105 0.0000000000
88932  -56.301  -0.281  -13.904 0.0000000000
88933  -57.205  -0.369  -13.816 0.0000000000
88934  -58.153  -0.415  -13.771 0.0000000000
88935  -59.146  -0.434  -13.792 0.0000000000
88942  -43.105  -0.999  -14.060 0.0000000000
88943  -43.753  -0.502  -14.365 0.0000000000
88944  -44.422  -0.057  -14.620 0.0000000000
88945  -49.494  -0.220  -14.211 0.0000000000
88946  -50.463  -0.261  -14.443 0.0000000000
88947  -51.441  -0.269  -14.548 0.0000000000
88948  -52.398  -0.216  -14.498 0.0000000000
88949  -53.093  -0.052  -14.428 0.0000000000
88954  -43.988  -0.879  -15.083 0.0000000000
88955  -44.652  -0.456  -15.360 0.0000000000
88956  -45.327  -0.066  -15.614 0.0000000000
88962  -44.954  -0.920  -16.104 0.0000000000
88963  -45.620  -0.521  -16.389 0.0000000000
88964  -46.325  -0.116  -16.759 0.0000000000
88980  -45.905  -0.941  -17.223 0.0000000000
88981  -46.295  -0.553  -17.287 0.0000000000
88991  -46.685  -0.524  -18.223 0.0000000000
88992  -47.089  -0.100  -18.700 0.0000000000
88998  -46.093  -0.873  -19.877 0.0000000000
88999  -46.503  -0.577  -19.501 0.0000000000
89000  -47.263  0.124  -19.272 0.0000000000
89006  -45.941  -0.773  -20.330 0.0000000000
89007  -46.328  -0.152  -20.638 0.0000000000
89012  -44.776  -0.721  -21.776 0.0000000000
89013  -45.356  -0.472  -21.402 0.0000000000
89014  -46.126  0.295  -21.309 0.0000000000
89021  -43.775  -0.785  -22.674 0.0000000000
89022  -44.367  -0.556  -22.355 0.0000000000
89023  -45.103  0.167  -22.216 0.0000000000
89035  -39.978  -0.948  -23.871 0.0000000000
89036  -40.969  -0.869  -23.928 0.0000000000
89037  -42.067  -0.649  -23.808 0.0000000000
89038  -43.323  -0.593  -23.178 0.0000000000
89039  -44.067  0.089  -23.159 0.0000000000
89052  -40.289  -0.279  -24.329 0.0000000000
89053  -41.237  -0.219  -24.396 0.0000000000
89054  -42.020  0.007  -24.367 0.0000000000
90295  -45.097  0.053  -12.403 0.0000000000
90296  -45.369  -0.228  -12.204 0.0000000000
90297  -45.607  -0.516  -12.112 0.0000000000
90300  -44.313  0.204  -12.938 0.0000000000
90301  -44.878  0.392  -12.753 0.0000000000
90302  -45.454  0.437  -12.538 0.0000000000
90303  -46.152  0.094  -12.383 0.0000000000
90304  -47.339  0.535  -12.893 0.0000000000
90305  -47.937  1.095  -12.979 0.0000000000
90306  -56.418  1.285  -13.584 0.0000000000
90307  -57.265  1.176  -13.508 0.0000000000
90317  -44.118  0.183  -13.374 0.0000000000
90318  -44.654  0.528  -13.302 0.0000000000
90319  -47.667  0.181  -13.213 0.0000000000
90320  -48.217  0.685  -13.325 0.0000000000
90321  -49.093  0.702  -13.847 0.0000000000
90322  -54.006  0.856  -14.249 0.0000000000
90323  -55.005  0.777  -14.057 0.0000000000
90324  -55.913  0.612  -13.811 0.0000000000
90325  -56.795  0.436  -13.677 0.0000000000
90326  -57.707  0.361  -13.599 0.0000000000
90327  -58.666  0.339  -13.574 0.0000000000
90335  -43.965  0.059  -13.804 0.0000000000
90336  -44.631  0.448  -14.080 0.0000000000
90337  -45.261  0.837  -14.291 0.0000000000
90338  -49.905  0.657  -14.213 0.0000000000
90339  -50.800  0.636  -14.422 0.0000000000
90340  -51.726  0.618  -14.519 0.0000000000
90341  -52.611  0.649  -14.480 0.0000000000
90342  -53.317  0.554  -14.392 0.0000000000
90348  -44.756  0.150  -14.746 0.0000000000
90349  -45.433  0.557  -15.014 0.0000000000
90350  -46.127  0.999  -15.273 0.0000000000
90363  -45.687  0.143  -15.755 0.0000000000
90364  -46.459  0.584  -16.049 0.0000000000
90365  -47.213  1.161  -16.283 0.0000000000
90379  -46.882  0.102  -17.375 0.0000000000
90380  -47.385  0.870  -16.943 0.0000000000
90387  -47.136  -0.009  -18.149 0.0000000000
90388  -47.727  0.659  -18.313 0.0000000000
90389  -48.395  1.336  -18.613 0.0000000000
90394  -47.069  0.239  -20.128 0.0000000000
90395  -47.746  0.632  -19.633 0.0000000000
90396  -48.313  1.139  -19.314 0.0000000000
90402  -46.770  0.601  -20.934 0.0000000000
90403  -47.634  1.040  -20.602 0.0000000000
90404  -48.117  1.047  -19.999 0.0000000000
90409  -45.729  0.513  -21.897 0.0000000000
90410  -46.439  0.997  -21.632 0.0000000000
90411  -47.058  1.186  -21.246 0.0000000000
90418  -44.657  0.441  -22.787 0.0000000000
90419  -45.315  0.964  -22.549 0.0000000000
90420  -45.968  1.171  -22.199 0.0000000000
90430  -42.685  -0.014  -23.957 0.0000000000
90431  -43.467  0.483  -23.822 0.0000000000
90432  -44.269  0.851  -23.402 0.0000000000
90433  -44.807  1.115  -23.062 0.0000000000
90446  -40.573  0.335  -24.745 0.0000000000
90447  -41.478  0.421  -24.817 0.0000000000
90448  -42.549  0.675  -24.642 0.0000000000
90449  -43.370  1.105  -24.421 0.0000000000
90459  -40.757  0.914  -25.198 0.0000000000
90460  -41.704  1.035  -25.269 0.0000000000
90461  -42.430  1.274  -25.221 0.0000000000
91646  -45.095  0.721  -12.978 0.0000000000
91647  -45.359  0.891  -12.965 0.0000000000
91648  -45.987  1.085  -12.696 0.0000000000
91649  -46.882  1.223  -12.798 0.0000000000
91650  -47.864  1.611  -12.937 0.0000000000
91651  -48.634  2.041  -13.158 0.0000000000
91663  -45.072  0.762  -13.201 0.0000000000
91664  -45.383  1.075  -13.414 0.0000000000
91665  -48.336  1.451  -13.100 0.0000000000
91666  -49.057  1.700  -13.422 0.0000000000
91667  -49.738  1.999  -13.640 0.0000000000
91668  -53.794  1.698  -14.203 0.0000000000
91669  -54.467  1.726  -14.010 0.0000000000
91670  -55.550  1.768  -13.676 0.0000000000
91675  -45.055  0.787  -13.546 0.0000000000
91676  -45.408  1.123  -13.896 0.0000000000
91677  -45.872  1.467  -14.193 0.0000000000
91678  -49.562  1.375  -13.857 0.0000000000
91679  -50.255  1.617  -14.085 0.0000000000
91680  -51.100  1.485  -14.370 0.0000000000
91681  -51.991  1.525  -14.461 0.0000000000
91682  -53.051  1.596  -14.316 0.0000000000
91688  -45.597  1.142  -14.392 0.0000000000
91689  -46.174  1.430  -14.748 0.0000000000
91690  -46.808  1.773  -15.108 0.0000000000
91702  -46.536  1.302  -15.356 0.0000000000
91703  -47.150  1.605  -15.744 0.0000000000
91712  -47.682  1.686  -16.549 0.0000000000
91713  -48.185  1.985  -17.062 0.0000000000
91721  -47.914  1.379  -17.337 0.0000000000
91722  -48.458  1.751  -17.875 0.0000000000
91728  -48.965  1.893  -18.941 0.0000000000
91729  -49.305  2.185  -19.455 0.0000000000
91735  -47.990  1.529  -20.861 0.0000000000
91736  -48.546  1.646  -20.310 0.0000000000
91737  -49.100  1.969  -19.749 0.0000000000
91743  -46.932  1.496  -21.664 0.0000000000
91744  -47.587  1.745  -21.400 0.0000000000
91745  -48.147  1.778  -21.007 0.0000000000
91751  -45.814  1.688  -22.744 0.0000000000
91752  -46.554  1.668  -22.178 0.0000000000
91753  -47.106  1.815  -21.892 0.0000000000
91762  -43.952  1.283  -23.999 0.0000000000
91763  -44.663  1.670  -23.644 0.0000000000
91764  -45.226  1.541  -23.086 0.0000000000
91777  -43.047  1.394  -24.935 0.0000000000
91778  -43.759  1.756  -24.649 0.0000000000
91779  -44.238  1.751  -24.174 0.0000000000
91792  -40.976  1.632  -25.797 0.0000000000
91793  -42.012  1.541  -25.670 0.0000000000
91794  -42.815  1.794  -25.526 0.0000000000
91795  -43.311  1.806  -25.119 0.0000000000
91804  -41.213  2.055  -26.209 0.0000000000
91805  -41.783  1.918  -26.071 0.0000000000
91806  -42.315  1.867  -25.870 0.0000000000
92999  -45.818  1.371  -13.232 0.0000000000
93000  -46.548  1.678  -13.165 0.0000000000
93001  -47.427  2.083  -13.092 0.0000000000
93002  -48.456  2.598  -13.222 0.0000000000
93003  -49.481  2.722  -13.207 0.0000000000
93004  -50.130  3.193  -13.180 0.0000000000
93016  -45.710  1.373  -13.627 0.0000000000
93017  -46.222  1.686  -13.650 0.0000000000
93018  -47.106  2.334  -13.714 0.0000000000
93019  -47.796  2.557  -13.421 0.0000000000
93020  -49.632  2.338  -13.424 0.0000000000
93021  -50.375  2.720  -13.555 0.0000000000
93022  -51.451  3.120  -13.797 0.0000000000
93023  -52.450  3.156  -13.995 0.0000000000
93024  -53.577  2.642  -14.032 0.0000000000
93025  -54.795  2.687  -13.708 0.0000000000
93032  -45.891  1.533  -13.901 0.0000000000
93033  -46.419  1.875  -14.183 0.0000000000
93034  -47.117  2.413  -14.426 0.0000000000
93035  -50.697  2.096  -14.100 0.0000000000
93036  -51.258  2.302  -14.172 0.0000000000
93037  -52.166  2.410  -14.233 0.0000000000
93038  -52.821  2.473  -14.185 0.0000000000
93045  -46.784  1.995  -14.699 0.0000000000
93046  -47.386  2.405  -15.165 0.0000000000
93047  -47.972  2.857  -15.613 0.0000000000
93060  -47.735  2.354  -15.982 0.0000000000
93061  -48.235  2.958  -16.228 0.0000000000
93070  -48.081  2.377  -16.581 0.0000000000
93071  -48.601  2.752  -17.078 0.0000000000
93072  -49.107  3.131  -17.463 0.0000000000
93079  -49.002  2.492  -17.940 0.0000000000
93080  -49.407  3.006  -18.004 0.0000000000
93085  -49.271  2.491  -18.424 0.0000000000
93086  -49.639  2.609  -18.875 0.0000000000
93087  -50.065  2.870  -19.416 0.0000000000
93093  -48.787  2.092  -20.639 0.0000000000
93094  -49.399  2.370  -20.222 0.0000000000
93095  -50.189  2.974  -20.030 0.0000000000
93100  -47.751  2.165  -21.649 0.0000000000
93101  -48.397  2.300  -21.309 0.0000000000
93102  -49.282  2.860  -21.227 0.0000000000
93108  -45.875  2.022  -23.004 0.0000000000
93109  -46.258  2.147  -22.781 0.0000000000
93110  -47.322  2.409  -22.234 0.0000000000
93111  -48.154  3.001  -22.144 0.0000000000
93119  -44.864  2.121  -23.778 0.0000000000
93120  -45.485  2.275  -23.415 0.0000000000
93121  -46.486  2.795  -23.103 0.0000000000
93122  -47.152  3.170  -22.991 0.0000000000
93132  -43.959  2.130  -24.787 0.0000000000
93133  -44.506  2.335  -24.371 0.0000000000
93134  -45.294  2.996  -24.140 0.0000000000
93147  -43.037  2.103  -25.697 0.0000000000
93148  -43.598  2.300  -25.350 0.0000000000
93149  -44.354  2.945  -25.161 0.0000000000
93161  -41.542  2.383  -26.479 0.0000000000
93162  -42.638  2.298  -26.136 0.0000000000
93163  -43.417  2.840  -26.129 0.0000000000
94252  -48.735  3.260  -13.271 0.0000000000
94253  -49.327  3.353  -13.109 0.0000000000
94254  -50.108  3.574  -13.067 0.0000000000
94255  -50.569  3.830  -13.085 0.0000000000
94266  -47.507  2.713  -14.150 0.0000000000
94267  -48.166  3.101  -13.821 0.0000000000
94268  -50.434  3.496  -13.182 0.0000000000
94269  -50.908  3.730  -13.293 0.0000000000
94270  -51.847  3.939  -13.562 0.0000000000
94271  -52.977  3.899  -13.741 0.0000000000
94272  -54.196  3.763  -13.714 0.0000000000
94280  -47.719  2.888  -14.584 0.0000000000
94281  -48.278  3.512  -14.721 0.0000000000
94288  -47.969  3.035  -15.143 0.0000000000
94289  -48.375  3.545  -15.608 0.0000000000
94301  -48.782  3.620  -16.436 0.0000000000
94302  -49.259  3.950  -16.707 0.0000000000
94309  -49.053  3.473  -16.995 0.0000000000
94310  -49.572  3.770  -17.287 0.0000000000
94311  -50.143  4.045  -17.560 0.0000000000
94319  -49.927  3.415  -18.069 0.0000000000
94320  -50.571  3.871  -18.150 0.0000000000
94321  -51.132  4.064  -18.502 0.0000000000
94328  -50.208  3.210  -18.726 0.0000000000
94329  -50.753  3.421  -19.280 0.0000000000
94330  -51.547  4.004  -19.180 0.0000000000
94337  -49.977  3.080  -20.814 0.0000000000
94338  -50.636  3.363  -20.370 0.0000000000
94339  -51.273  3.696  -20.141 0.0000000000
94344  -48.832  3.213  -21.841 0.0000000000
94345  -49.705  3.566  -21.707 0.0000000000
94346  -50.539  3.632  -21.108 0.0000000000
94347  -50.969  3.706  -20.716 0.0000000000
94352  -47.739  3.350  -22.700 0.0000000000
94353  -48.497  3.753  -22.546 0.0000000000
94354  -49.102  3.677  -22.159 0.0000000000
94361  -45.966  3.260  -23.708 0.0000000000
94362  -46.734  3.497  -23.465 0.0000000000
94363  -47.455  3.857  -23.364 0.0000000000
94364  -47.964  3.833  -22.988 0.0000000000
94372  -44.936  3.262  -24.780 0.0000000000
94373  -45.676  3.717  -24.576 0.0000000000
94374  -46.451  3.884  -24.007 0.0000000000
94375  -46.972  3.938  -23.723 0.0000000000
94387  -44.041  3.125  -25.816 0.0000000000
94403  -42.928  3.111  -26.643 0.0000000000
95534  -49.044  3.835  -13.355 0.0000000000
95535  -49.865  4.078  -13.033 0.0000000000
95536  -50.534  4.128  -13.048 0.0000000000
95537  -50.817  4.050  -13.109 0.0000000000
95547  -48.807  4.098  -14.114 0.0000000000
95548  -49.660  4.661  -13.610 0.0000000000
95549  -50.426  4.709  -13.217 0.0000000000
95550  -51.217  4.556  -13.225 0.0000000000
95551  -52.403  4.764  -13.459 0.0000000000
95552  -53.567  4.809  -13.605 0.0000000000
95562  -48.782  4.240  -15.050 0.0000000000
95563  -49.335  4.776  -14.484 0.0000000000
95569  -48.965  4.239  -15.929 0.0000000000
95570  -49.343  4.824  -15.417 0.0000000000
95580  -49.170  4.144  -16.393 0.0000000000
95581  -49.663  4.701  -16.504 0.0000000000
95582  -50.257  5.225  -16.697 0.0000000000
95589  -49.962  4.378  -17.189 0.0000000000
95590  -50.586  4.850  -17.381 0.0000000000
95591  -51.226  5.298  -17.554 0.0000000000
95598  -50.954  4.437  -18.049 0.0000000000
95599  -51.628  4.881  -18.218 0.0000000000
95600  -52.255  5.340  -18.323 0.0000000000
95607  -52.134  4.469  -19.220 0.0000000000
95608  -52.583  5.070  -18.932 0.0000000000
95609  -53.017  5.248  -19.306 0.0000000000
95615  -51.944  4.136  -20.050 0.0000000000
95616  -52.643  4.695  -19.969 0.0000000000
95617  -52.905  5.049  -19.538 0.0000000000
95623  -49.979  4.054  -22.040 0.0000000000
95624  -50.472  4.057  -21.688 0.0000000000
95625  -51.415  4.245  -21.144 0.0000000000
95626  -52.136  4.502  -20.577 0.0000000000
95631  -48.749  4.238  -22.828 0.0000000000
95632  -49.400  4.215  -22.459 0.0000000000
95633  -50.345  4.446  -22.191 0.0000000000
95634  -50.895  4.440  -21.842 0.0000000000
95641  -47.652  4.220  -23.620 0.0000000000
95642  -48.229  4.337  -23.391 0.0000000000
95643  -48.991  4.510  -23.036 0.0000000000
95652  -47.324  4.431  -24.164 0.0000000000
96785  -49.915  5.028  -13.708 0.0000000000
96786  -50.211  5.163  -13.654 0.0000000000
96787  -50.979  5.489  -13.581 0.0000000000
96788  -51.956  5.505  -13.531 0.0000000000
96789  -53.047  5.647  -13.691 0.0000000000
96800  -49.863  5.159  -14.042 0.0000000000
96801  -50.439  5.645  -14.282 0.0000000000
96802  -50.919  5.821  -14.019 0.0000000000
96809  -49.784  5.316  -14.821 0.0000000000
96810  -50.212  5.744  -15.158 0.0000000000
96819  -49.792  5.331  -15.623 0.0000000000
96820  -50.298  5.674  -16.089 0.0000000000
96821  -50.850  5.951  -16.456 0.0000000000
96829  -50.612  5.526  -16.747 0.0000000000
96830  -51.199  5.792  -17.060 0.0000000000
96831  -51.815  6.069  -17.352 0.0000000000
96839  -51.600  5.584  -17.588 0.0000000000
96840  -52.226  5.832  -17.867 0.0000000000
96841  -52.844  6.039  -18.173 0.0000000000
96849  -52.615  5.587  -18.391 0.0000000000
96850  -53.157  5.702  -18.845 0.0000000000
96857  -52.796  5.021  -20.339 0.0000000000
96858  -53.290  5.307  -19.976 0.0000000000
96866  -51.737  4.792  -21.504 0.0000000000
96867  -52.441  5.086  -21.070 0.0000000000
96868  -53.331  5.814  -20.908 0.0000000000
96875  -49.396  4.673  -22.953 0.0000000000
96876  -50.014  4.866  -22.766 0.0000000000
96877  -51.321  5.102  -22.212 0.0000000000
96878  -52.301  5.806  -22.034 0.0000000000
98037  -51.157  5.898  -13.945 0.0000000000
98038  -51.638  6.033  -13.951 0.0000000000
98039  -52.598  6.260  -14.006 0.0000000000
98040  -53.769  6.582  -14.080 0.0000000000
98049  -50.584  5.949  -14.805 0.0000000000
98050  -51.107  6.084  -14.523 0.0000000000
98051  -52.170  6.476  -14.769 0.0000000000
98052  -53.199  6.897  -14.602 0.0000000000
98053  -53.982  7.259  -14.585 0.0000000000
98059  -50.683  6.102  -15.321 0.0000000000
98060  -51.401  6.336  -15.427 0.0000000000
98061  -52.215  6.699  -15.744 0.0000000000
98069  -50.870  6.187  -15.945 0.0000000000
98070  -51.479  6.341  -16.312 0.0000000000
98071  -52.304  6.729  -16.543 0.0000000000
98077  -51.801  6.359  -16.928 0.0000000000
98078  -52.451  6.611  -17.275 0.0000000000
98079  -53.062  6.871  -17.544 0.0000000000
98086  -52.794  6.412  -17.773 0.0000000000
98087  -53.439  6.670  -18.174 0.0000000000
98088  -54.105  7.075  -18.537 0.0000000000
98096  -53.952  6.325  -19.276 0.0000000000
98097  -54.550  7.146  -19.160 0.0000000000
98106  -53.968  6.143  -20.419 0.0000000000
98107  -54.532  6.707  -20.088 0.0000000000
98116  -52.980  6.108  -21.619 0.0000000000
98117  -53.818  6.602  -21.315 0.0000000000
98118  -54.287  6.658  -20.732 0.0000000000
99366  -53.009  7.107  -15.339 0.0000000000
99367  -53.772  7.490  -15.090 0.0000000000
99368  -54.531  7.970  -14.880 0.0000000000
99376  -52.950  7.212  -16.145 0.0000000000
99377  -53.719  7.811  -15.830 0.0000000000
99378  -54.116  7.930  -15.360 0.0000000000
99387  -52.924  7.210  -16.875 0.0000000000
99388  -53.469  7.698  -16.589 0.0000000000
99397  -53.006  7.079  -17.260 0.0000000000
99398  -53.633  7.550  -17.397 0.0000000000
99399  -54.241  8.043  -17.475 0.0000000000
99408  -53.923  7.330  -18.056 0.0000000000
99409  -54.541  7.887  -18.175 0.0000000000
99410  -55.070  8.423  -18.269 0.0000000000
99418  -54.984  7.638  -19.105 0.0000000000
99419  -55.237  8.125  -18.787 0.0000000000
99428  -55.021  7.263  -19.883 0.0000000000
99429  -55.433  7.763  -19.661 0.0000000000
99438  -54.096  7.149  -21.530 0.0000000000
99439  -54.718  7.262  -21.011 0.0000000000
99440  -55.245  7.572  -20.344 0.0000000000
100596  -54.874  8.455  -15.182 0.0000000000
100606  -54.090  8.265  -16.083 0.0000000000
100607  -54.458  8.384  -15.657 0.0000000000
100608  -55.351  8.776  -15.443 0.0000000000
100616  -53.925  8.123  -16.458 0.0000000000
100617  -54.352  8.510  -16.392 0.0000000000
100618  -54.958  8.884  -16.190 0.0000000000
100626  -53.781  7.961  -16.858 0.0000000000
100627  -54.137  8.272  -17.002 0.0000000000
100628  -54.706  8.799  -16.936 0.0000000000
100642  -54.544  8.406  -17.451 0.0000000000
100643  -55.106  8.830  -17.726 0.0000000000
100644  -55.692  9.148  -18.125 0.0000000000
100655  -55.493  8.652  -18.455 0.0000000000
100656  -56.037  9.004  -18.778 0.0000000000
100664  -55.792  8.329  -19.303 0.0000000000
100665  -56.320  8.782  -19.750 0.0000000000
100676  -55.025  7.754  -21.295 0.0000000000
100677  -55.631  8.096  -20.767 0.0000000000
101898  -55.641  9.177  -15.877 0.0000000000
101906  -55.470  9.353  -16.788 0.0000000000
101907  -56.315  9.941  -17.106 0.0000000000
101917  -55.731  9.422  -17.576 0.0000000000
101918  -56.310  9.638  -18.111 0.0000000000
101928  -56.645  9.482  -19.094 0.0000000000
