#!ascii label  , from subject colin27_FS vox2ras=TkReg
1950
49550  -9.840  -30.240  0.232 0.0000000000
49551  -10.371  -30.605  -0.393 0.0000000000
49557  -10.531  -30.682  -1.409 0.0000000000
49563  -10.580  -30.468  -2.504 0.0000000000
49569  -10.522  -30.537  -3.538 0.0000000000
49576  -9.814  -30.780  -4.896 0.0000000000
49577  -10.291  -30.534  -4.395 0.0000000000
49585  -9.361  -30.429  -5.528 0.0000000000
49586  -9.980  -30.197  -5.044 0.0000000000
49593  -8.805  -30.085  -6.232 0.0000000000
50686  -7.174  -29.500  7.289 0.0000000000
50693  -6.294  -29.452  6.109 0.0000000000
50694  -6.781  -29.505  6.711 0.0000000000
50702  -5.322  -29.630  4.741 0.0000000000
50703  -5.762  -29.486  5.482 0.0000000000
50717  -5.280  -29.653  3.819 0.0000000000
50731  -5.492  -29.579  2.918 0.0000000000
50742  -5.722  -29.563  1.905 0.0000000000
50743  -6.099  -29.957  1.788 0.0000000000
50754  -5.840  -29.067  0.947 0.0000000000
50755  -6.519  -29.575  1.250 0.0000000000
50756  -7.715  -29.646  1.095 0.0000000000
50757  -8.703  -29.857  1.087 0.0000000000
50766  -5.902  -28.788  0.477 0.0000000000
50767  -6.244  -29.029  0.441 0.0000000000
50768  -7.201  -29.067  0.219 0.0000000000
50769  -8.405  -29.437  0.334 0.0000000000
50770  -9.243  -29.878  0.511 0.0000000000
50777  -7.447  -28.749  -0.381 0.0000000000
50778  -8.098  -28.933  -0.346 0.0000000000
50779  -9.392  -29.482  -0.664 0.0000000000
50780  -10.243  -30.095  -1.015 0.0000000000
50787  -9.642  -29.083  -1.945 0.0000000000
50788  -10.227  -29.808  -1.659 0.0000000000
50796  -9.822  -28.871  -2.455 0.0000000000
50797  -10.204  -29.381  -2.523 0.0000000000
50805  -10.460  -29.810  -3.162 0.0000000000
50814  -10.486  -29.715  -3.918 0.0000000000
50824  -9.802  -29.532  -5.369 0.0000000000
50825  -10.235  -29.635  -4.707 0.0000000000
50835  -8.648  -29.451  -6.747 0.0000000000
50836  -9.248  -29.448  -6.050 0.0000000000
50845  -8.538  -29.555  -7.713 0.0000000000
51891  -6.983  -28.317  9.124 0.0000000000
51902  -7.145  -28.078  8.575 0.0000000000
51903  -7.318  -28.556  8.455 0.0000000000
51916  -7.289  -28.766  7.607 0.0000000000
51928  -6.685  -28.687  6.446 0.0000000000
51929  -7.063  -28.927  6.996 0.0000000000
51941  -5.677  -28.603  4.937 0.0000000000
51942  -6.231  -28.548  5.667 0.0000000000
51954  -5.461  -28.745  4.113 0.0000000000
51968  -5.509  -28.818  3.222 0.0000000000
51985  -5.587  -28.810  2.284 0.0000000000
52003  -5.683  -28.642  1.362 0.0000000000
52017  -5.791  -28.377  0.509 0.0000000000
52018  -5.995  -28.573  0.078 0.0000000000
52019  -6.468  -28.705  -0.092 0.0000000000
52031  -5.854  -28.059  -0.164 0.0000000000
52032  -6.198  -28.218  -0.556 0.0000000000
52033  -6.907  -28.521  -0.596 0.0000000000
52034  -7.635  -28.552  -0.846 0.0000000000
52035  -8.399  -28.722  -0.962 0.0000000000
52048  -6.532  -28.048  -1.056 0.0000000000
52049  -7.098  -28.113  -1.344 0.0000000000
52050  -7.916  -28.335  -1.461 0.0000000000
52051  -8.818  -28.638  -1.635 0.0000000000
52065  -7.471  -27.904  -1.798 0.0000000000
52066  -8.150  -28.027  -2.113 0.0000000000
52067  -9.318  -28.269  -2.683 0.0000000000
52068  -9.961  -28.826  -2.715 0.0000000000
52081  -9.800  -28.181  -3.782 0.0000000000
52082  -10.225  -28.942  -3.275 0.0000000000
52095  -9.834  -28.239  -4.731 0.0000000000
52096  -10.224  -28.909  -4.260 0.0000000000
52107  -9.579  -28.551  -5.622 0.0000000000
52108  -10.069  -28.946  -4.996 0.0000000000
52120  -8.556  -28.648  -7.227 0.0000000000
52121  -8.985  -28.618  -6.449 0.0000000000
52135  -8.538  -28.603  -8.158 0.0000000000
52146  -8.844  -28.427  -9.025 0.0000000000
52147  -9.404  -28.739  -9.138 0.0000000000
52156  -8.899  -27.771  -9.286 0.0000000000
52157  -9.234  -27.980  -9.313 0.0000000000
52158  -9.715  -28.166  -9.133 0.0000000000
52159  -12.688  -28.034  -9.329 0.0000000000
52164  -13.554  -28.132  -10.452 0.0000000000
52165  -14.041  -28.614  -10.757 0.0000000000
52170  -14.731  -28.584  -11.859 0.0000000000
52171  -15.376  -28.922  -12.068 0.0000000000
52177  -14.849  -28.151  -12.484 0.0000000000
52178  -15.637  -28.448  -12.744 0.0000000000
52185  -15.783  -27.943  -13.461 0.0000000000
52186  -16.508  -28.131  -13.778 0.0000000000
52192  -16.713  -27.880  -14.461 0.0000000000
53196  -4.705  -26.914  10.815 0.0000000000
53197  -5.221  -27.159  10.333 0.0000000000
53198  -5.873  -27.518  10.104 0.0000000000
53213  -5.795  -26.980  9.751 0.0000000000
53214  -6.365  -27.334  9.407 0.0000000000
53229  -6.931  -27.434  8.330 0.0000000000
53230  -7.206  -28.015  8.316 0.0000000000
53245  -6.987  -27.317  7.189 0.0000000000
53246  -7.254  -28.016  7.823 0.0000000000
53256  -6.659  -27.600  6.178 0.0000000000
53257  -7.032  -28.198  7.033 0.0000000000
53261  -5.795  -27.958  4.370 0.0000000000
53262  -6.164  -27.560  5.106 0.0000000000
53265  -5.810  -28.019  3.560 0.0000000000
53266  -6.652  -27.407  4.083 0.0000000000
53267  -7.966  -27.172  3.948 0.0000000000
53268  -9.185  -27.236  3.928 0.0000000000
53269  -9.861  -27.232  3.894 0.0000000000
53272  -5.841  -28.148  2.632 0.0000000000
53273  -6.581  -27.735  2.957 0.0000000000
53274  -7.614  -27.473  3.133 0.0000000000
53275  -8.816  -27.386  3.166 0.0000000000
53276  -10.019  -27.309  3.249 0.0000000000
53277  -10.672  -27.032  2.847 0.0000000000
53280  -5.835  -28.105  1.724 0.0000000000
53281  -6.447  -27.746  2.011 0.0000000000
53282  -7.350  -27.517  2.207 0.0000000000
53283  -8.442  -27.433  2.293 0.0000000000
53284  -9.567  -27.416  2.322 0.0000000000
53285  -10.507  -27.213  2.276 0.0000000000
53290  -5.817  -27.893  0.864 0.0000000000
53291  -6.290  -27.566  1.151 0.0000000000
53292  -7.068  -27.370  1.340 0.0000000000
53293  -8.079  -27.328  1.408 0.0000000000
53294  -9.165  -27.349  1.433 0.0000000000
53295  -10.181  -27.334  1.454 0.0000000000
53303  -5.800  -27.557  0.010 0.0000000000
53304  -6.099  -27.245  0.386 0.0000000000
53305  -6.753  -27.052  0.567 0.0000000000
53306  -7.665  -27.054  0.619 0.0000000000
53307  -8.756  -27.108  0.505 0.0000000000
53308  -9.783  -27.250  0.594 0.0000000000
53318  -5.917  -27.512  -0.800 0.0000000000
53319  -6.232  -27.802  -1.016 0.0000000000
53320  -8.952  -26.937  0.001 0.0000000000
53321  -9.361  -27.047  0.018 0.0000000000
53331  -5.966  -27.097  -1.296 0.0000000000
53332  -6.484  -27.411  -1.596 0.0000000000
53333  -7.036  -27.709  -1.777 0.0000000000
53341  -6.694  -27.161  -2.140 0.0000000000
53342  -7.222  -27.388  -2.293 0.0000000000
53343  -8.237  -27.561  -2.722 0.0000000000
53344  -8.758  -27.619  -3.057 0.0000000000
53348  -7.653  -27.062  -2.911 0.0000000000
53349  -8.312  -27.103  -3.335 0.0000000000
53350  -9.116  -27.583  -3.512 0.0000000000
53355  -8.833  -26.975  -4.000 0.0000000000
53356  -9.410  -27.541  -4.324 0.0000000000
53362  -9.109  -26.967  -4.686 0.0000000000
53363  -9.383  -27.509  -5.277 0.0000000000
53376  -8.775  -27.939  -6.795 0.0000000000
53377  -9.130  -27.709  -6.146 0.0000000000
53392  -8.489  -27.766  -7.489 0.0000000000
53400  -8.468  -27.604  -8.378 0.0000000000
53401  -10.091  -28.026  -9.006 0.0000000000
53402  -10.612  -27.884  -8.832 0.0000000000
53403  -11.468  -27.838  -8.795 0.0000000000
53409  -8.683  -27.364  -9.048 0.0000000000
53410  -9.008  -27.272  -9.512 0.0000000000
53411  -9.857  -27.461  -9.410 0.0000000000
53412  -10.895  -27.229  -9.261 0.0000000000
53413  -12.025  -27.410  -9.387 0.0000000000
53414  -12.782  -27.682  -9.743 0.0000000000
53418  -12.503  -27.087  -10.020 0.0000000000
53419  -13.107  -27.473  -10.476 0.0000000000
53420  -13.594  -27.914  -10.918 0.0000000000
53426  -13.392  -27.329  -11.297 0.0000000000
53427  -13.900  -27.926  -11.555 0.0000000000
53432  -13.622  -27.245  -11.919 0.0000000000
53433  -14.254  -27.596  -12.402 0.0000000000
53434  -14.880  -27.815  -12.836 0.0000000000
53438  -14.530  -27.299  -13.065 0.0000000000
53439  -15.170  -27.498  -13.477 0.0000000000
53440  -15.819  -27.648  -13.862 0.0000000000
53444  -15.471  -27.227  -14.125 0.0000000000
53445  -16.116  -27.454  -14.533 0.0000000000
53446  -16.789  -27.715  -14.884 0.0000000000
53450  -16.487  -27.310  -15.273 0.0000000000
53451  -17.164  -27.755  -15.492 0.0000000000
53462  -16.695  -27.235  -15.886 0.0000000000
53463  -17.288  -27.423  -16.271 0.0000000000
54390  -4.495  -26.305  11.012 0.0000000000
54393  -4.826  -26.235  10.104 0.0000000000
54394  -5.125  -26.562  9.959 0.0000000000
54397  -4.992  -25.837  9.529 0.0000000000
54398  -5.439  -26.224  9.417 0.0000000000
54399  -6.020  -26.666  9.348 0.0000000000
54407  -5.755  -25.777  8.709 0.0000000000
54408  -6.228  -26.284  8.569 0.0000000000
54416  -6.692  -26.394  7.415 0.0000000000
54419  -6.747  -26.603  6.466 0.0000000000
54420  -10.739  -26.221  6.100 0.0000000000
54421  -11.110  -26.057  6.038 0.0000000000
54424  -6.735  -26.632  5.535 0.0000000000
54425  -7.683  -26.426  5.348 0.0000000000
54426  -8.870  -26.607  5.404 0.0000000000
54427  -10.118  -26.544  5.607 0.0000000000
54428  -10.912  -26.157  5.556 0.0000000000
54431  -6.574  -26.970  4.835 0.0000000000
54432  -7.262  -26.810  4.705 0.0000000000
54433  -8.442  -26.961  4.682 0.0000000000
54434  -9.852  -27.040  4.513 0.0000000000
54435  -10.697  -26.377  4.712 0.0000000000
54439  -10.189  -27.151  3.822 0.0000000000
54440  -10.674  -26.701  3.538 0.0000000000
54447  -11.034  -26.607  2.251 0.0000000000
54448  -11.274  -26.313  1.733 0.0000000000
54455  -10.959  -27.026  1.475 0.0000000000
54456  -11.266  -26.501  1.393 0.0000000000
54465  -5.900  -26.922  -0.181 0.0000000000
54466  -6.404  -26.662  -0.118 0.0000000000
54467  -7.228  -26.582  -0.046 0.0000000000
54468  -8.163  -26.754  -0.020 0.0000000000
54469  -8.704  -26.880  -0.007 0.0000000000
54470  -10.645  -27.073  0.675 0.0000000000
54471  -11.193  -26.722  0.802 0.0000000000
54481  -5.803  -27.048  -0.559 0.0000000000
54482  -6.082  -26.543  -0.794 0.0000000000
54483  -6.797  -26.170  -0.827 0.0000000000
54484  -7.723  -26.345  -0.721 0.0000000000
54485  -8.847  -26.701  -0.545 0.0000000000
54486  -10.186  -26.862  -0.348 0.0000000000
54487  -10.944  -26.682  0.255 0.0000000000
54494  -5.830  -26.907  -1.021 0.0000000000
54495  -6.194  -26.616  -1.508 0.0000000000
54496  -7.295  -25.898  -1.336 0.0000000000
54497  -8.085  -26.100  -1.494 0.0000000000
54498  -9.296  -26.406  -1.697 0.0000000000
54499  -10.523  -26.433  -1.471 0.0000000000
54505  -6.660  -26.656  -2.314 0.0000000000
54506  -7.162  -26.761  -2.781 0.0000000000
54507  -9.879  -26.272  -2.661 0.0000000000
54508  -10.909  -26.256  -2.458 0.0000000000
54509  -11.371  -26.070  -2.876 0.0000000000
54513  -7.030  -26.308  -2.899 0.0000000000
54514  -7.581  -26.471  -3.211 0.0000000000
54515  -8.302  -26.405  -3.694 0.0000000000
54516  -10.448  -26.299  -3.225 0.0000000000
54517  -11.135  -26.291  -3.417 0.0000000000
54518  -11.580  -26.018  -3.362 0.0000000000
54522  -8.797  -26.371  -4.418 0.0000000000
54523  -11.472  -26.059  -3.824 0.0000000000
54524  -11.618  -25.861  -3.722 0.0000000000
54529  -8.997  -26.601  -5.424 0.0000000000
54530  -9.112  -27.185  -5.943 0.0000000000
54542  -8.777  -26.977  -6.582 0.0000000000
54543  -9.020  -27.281  -6.223 0.0000000000
54553  -8.291  -26.826  -7.712 0.0000000000
54560  -8.345  -26.640  -8.559 0.0000000000
54566  -8.650  -26.411  -9.280 0.0000000000
54567  -9.231  -26.392  -9.870 0.0000000000
54568  -10.208  -26.559  -9.813 0.0000000000
54569  -11.185  -26.563  -9.829 0.0000000000
54570  -11.955  -26.631  -10.021 0.0000000000
54573  -9.694  -25.900  -10.162 0.0000000000
54574  -10.459  -25.847  -10.343 0.0000000000
54575  -11.438  -26.002  -10.526 0.0000000000
54576  -12.379  -26.444  -10.732 0.0000000000
54577  -12.954  -26.804  -11.125 0.0000000000
54582  -12.616  -26.279  -11.409 0.0000000000
54583  -13.096  -26.573  -11.785 0.0000000000
54588  -13.554  -26.672  -12.473 0.0000000000
54589  -14.077  -26.894  -12.939 0.0000000000
54594  -13.702  -26.296  -13.146 0.0000000000
54595  -14.352  -26.573  -13.616 0.0000000000
54596  -14.986  -26.851  -14.038 0.0000000000
54601  -14.695  -26.280  -14.237 0.0000000000
54602  -15.319  -26.572  -14.666 0.0000000000
54603  -15.921  -26.928  -15.133 0.0000000000
54608  -15.612  -26.352  -15.396 0.0000000000
54609  -16.175  -26.799  -15.719 0.0000000000
54613  -15.856  -26.217  -16.040 0.0000000000
54614  -16.588  -26.577  -16.478 0.0000000000
54615  -17.459  -26.865  -16.866 0.0000000000
54626  -16.945  -26.296  -17.122 0.0000000000
54627  -17.592  -26.311  -17.449 0.0000000000
55584  -4.435  -25.531  11.314 0.0000000000
55588  -4.489  -25.396  10.444 0.0000000000
55596  -4.772  -25.214  9.431 0.0000000000
55597  -5.127  -25.595  9.224 0.0000000000
55606  -4.862  -24.719  8.837 0.0000000000
55607  -5.395  -25.125  8.520 0.0000000000
55608  -5.935  -25.553  8.296 0.0000000000
55614  -5.746  -24.680  7.783 0.0000000000
55615  -6.298  -25.210  7.426 0.0000000000
55616  -6.969  -24.766  6.940 0.0000000000
55617  -9.563  -25.480  7.278 0.0000000000
55618  -10.543  -25.513  7.372 0.0000000000
55619  -11.213  -25.187  7.373 0.0000000000
55620  -11.376  -24.850  7.294 0.0000000000
55624  -6.779  -25.862  6.586 0.0000000000
55625  -7.335  -25.282  6.548 0.0000000000
55626  -8.639  -25.590  6.699 0.0000000000
55627  -10.026  -26.031  6.584 0.0000000000
55628  -11.126  -25.803  6.622 0.0000000000
55629  -11.394  -25.094  6.855 0.0000000000
55637  -6.780  -26.177  6.077 0.0000000000
55638  -7.084  -25.876  5.870 0.0000000000
55639  -8.082  -25.917  5.922 0.0000000000
55640  -9.142  -26.221  6.075 0.0000000000
55641  -11.198  -25.672  5.859 0.0000000000
55642  -11.314  -25.263  6.278 0.0000000000
55652  -10.998  -25.596  5.041 0.0000000000
55663  -10.783  -25.697  3.984 0.0000000000
55675  -10.904  -25.820  2.727 0.0000000000
55676  -11.217  -26.075  1.978 0.0000000000
55689  -11.043  -25.604  1.749 0.0000000000
55690  -11.370  -26.051  1.403 0.0000000000
55702  -11.161  -25.658  0.857 0.0000000000
55703  -11.303  -26.254  0.763 0.0000000000
55711  -6.434  -26.163  -1.352 0.0000000000
55712  -6.794  -25.833  -1.531 0.0000000000
55713  -11.033  -26.110  -0.193 0.0000000000
55714  -11.170  -26.456  0.419 0.0000000000
55720  -6.532  -25.966  -1.983 0.0000000000
55721  -7.254  -25.620  -2.088 0.0000000000
55722  -8.213  -25.775  -2.406 0.0000000000
55723  -8.959  -25.931  -2.689 0.0000000000
55724  -10.907  -25.884  -1.474 0.0000000000
55730  -6.904  -25.897  -2.672 0.0000000000
55731  -7.512  -25.590  -2.954 0.0000000000
55732  -8.300  -25.649  -3.196 0.0000000000
55733  -9.036  -25.815  -3.285 0.0000000000
55734  -11.120  -25.741  -2.347 0.0000000000
55735  -11.455  -25.663  -2.967 0.0000000000
55740  -7.246  -25.956  -3.158 0.0000000000
55741  -7.812  -25.903  -3.458 0.0000000000
55742  -8.568  -25.885  -3.890 0.0000000000
55743  -9.551  -25.944  -3.790 0.0000000000
55744  -10.425  -26.171  -3.889 0.0000000000
55745  -11.584  -25.624  -3.551 0.0000000000
55750  -8.878  -25.812  -4.875 0.0000000000
55751  -9.827  -25.869  -4.718 0.0000000000
55752  -10.979  -26.091  -4.412 0.0000000000
55753  -11.542  -25.582  -4.306 0.0000000000
55761  -8.616  -25.285  -6.430 0.0000000000
55762  -8.700  -25.792  -6.128 0.0000000000
55763  -10.477  -25.716  -5.360 0.0000000000
55764  -11.317  -25.677  -5.289 0.0000000000
55765  -11.947  -25.216  -5.436 0.0000000000
55766  -12.370  -24.811  -5.934 0.0000000000
55779  -8.332  -25.221  -6.933 0.0000000000
55780  -8.281  -25.936  -7.220 0.0000000000
55781  -10.920  -25.617  -5.969 0.0000000000
55782  -11.629  -25.447  -6.329 0.0000000000
55783  -12.290  -25.118  -6.286 0.0000000000
55784  -12.465  -24.659  -6.558 0.0000000000
55792  -7.876  -24.991  -7.983 0.0000000000
55793  -8.026  -26.007  -8.045 0.0000000000
55794  -11.773  -25.266  -7.008 0.0000000000
55795  -12.197  -25.110  -6.853 0.0000000000
55796  -12.423  -24.892  -6.733 0.0000000000
55803  -7.930  -24.760  -9.006 0.0000000000
55804  -8.159  -25.642  -8.784 0.0000000000
55810  -8.067  -24.556  -9.375 0.0000000000
55811  -8.557  -25.147  -9.752 0.0000000000
55812  -9.193  -25.643  -10.157 0.0000000000
55816  -8.905  -24.653  -10.315 0.0000000000
55817  -9.523  -25.097  -10.549 0.0000000000
55818  -10.791  -25.019  -11.075 0.0000000000
55819  -11.837  -25.586  -11.193 0.0000000000
55820  -12.312  -25.956  -11.336 0.0000000000
55825  -11.042  -24.549  -11.596 0.0000000000
55826  -11.518  -24.900  -11.663 0.0000000000
55827  -12.399  -25.533  -12.006 0.0000000000
55828  -13.048  -26.156  -12.269 0.0000000000
55834  -12.719  -25.030  -12.950 0.0000000000
55835  -13.150  -25.841  -12.781 0.0000000000
55842  -12.976  -24.731  -13.346 0.0000000000
55843  -13.602  -25.347  -13.758 0.0000000000
55844  -14.291  -25.915  -14.095 0.0000000000
55851  -13.958  -24.955  -14.474 0.0000000000
55852  -14.556  -25.461  -14.756 0.0000000000
55853  -15.189  -25.979  -15.118 0.0000000000
55860  -14.651  -25.133  -15.450 0.0000000000
55861  -15.170  -25.589  -15.711 0.0000000000
55868  -15.863  -25.600  -16.786 0.0000000000
55869  -16.504  -26.029  -17.029 0.0000000000
55875  -15.989  -25.167  -17.396 0.0000000000
55876  -16.693  -25.534  -17.636 0.0000000000
55877  -17.819  -25.858  -17.993 0.0000000000
55889  -16.803  -25.030  -18.194 0.0000000000
55890  -17.379  -25.318  -18.332 0.0000000000
55891  -18.380  -25.730  -18.650 0.0000000000
55904  -18.694  -25.587  -19.683 0.0000000000
55915  -18.829  -25.782  -20.531 0.0000000000
55916  -19.246  -26.052  -19.950 0.0000000000
55921  -18.111  -25.614  -21.852 0.0000000000
55922  -18.489  -25.719  -21.196 0.0000000000
55934  -17.544  -25.607  -22.423 0.0000000000
56814  -4.528  -24.834  11.597 0.0000000000
56820  -4.424  -24.584  10.888 0.0000000000
56829  -4.482  -24.407  9.942 0.0000000000
56830  -9.766  -23.989  9.158 0.0000000000
56831  -10.180  -24.080  9.196 0.0000000000
56832  -10.849  -24.120  9.188 0.0000000000
56840  -4.639  -24.280  9.109 0.0000000000
56841  -4.923  -24.243  8.478 0.0000000000
56842  -7.368  -23.964  8.016 0.0000000000
56843  -8.059  -24.124  8.191 0.0000000000
56844  -9.417  -24.216  8.698 0.0000000000
56845  -10.473  -24.484  8.667 0.0000000000
56846  -11.120  -24.253  8.649 0.0000000000
56854  -5.425  -24.229  7.936 0.0000000000
56855  -6.100  -24.272  7.546 0.0000000000
56856  -7.132  -24.354  7.511 0.0000000000
56857  -8.524  -24.864  7.541 0.0000000000
56858  -9.953  -25.021  8.007 0.0000000000
56859  -10.923  -24.979  8.094 0.0000000000
56860  -11.294  -24.469  7.820 0.0000000000
56870  -7.537  -24.853  7.044 0.0000000000
56871  -7.958  -25.141  6.942 0.0000000000
56872  -11.343  -24.488  7.095 0.0000000000
56882  -11.116  -24.844  5.658 0.0000000000
56883  -11.286  -24.695  6.419 0.0000000000
56889  -10.172  -23.969  4.314 0.0000000000
56890  -10.602  -24.607  4.544 0.0000000000
56894  -10.047  -24.202  3.763 0.0000000000
56895  -10.541  -24.965  3.344 0.0000000000
56899  -10.024  -24.442  2.798 0.0000000000
56900  -10.592  -25.034  2.294 0.0000000000
56905  -10.011  -24.528  1.879 0.0000000000
56906  -10.660  -25.008  1.316 0.0000000000
56910  -9.302  -24.237  0.752 0.0000000000
56911  -9.845  -24.497  0.886 0.0000000000
56912  -10.677  -25.155  0.301 0.0000000000
56916  -9.397  -24.296  0.322 0.0000000000
56917  -10.030  -24.595  -0.242 0.0000000000
56918  -10.685  -25.306  -0.740 0.0000000000
56922  -10.298  -24.757  -1.144 0.0000000000
56923  -10.746  -25.288  -1.707 0.0000000000
56928  -10.369  -24.750  -1.918 0.0000000000
56929  -10.977  -25.035  -2.618 0.0000000000
56930  -11.411  -25.272  -3.236 0.0000000000
56935  -11.179  -24.856  -3.298 0.0000000000
56936  -11.588  -25.027  -3.814 0.0000000000
56941  -8.878  -25.558  -5.561 0.0000000000
56942  -9.170  -25.529  -5.287 0.0000000000
56943  -11.829  -24.917  -4.621 0.0000000000
56951  -8.580  -24.971  -6.674 0.0000000000
56952  -8.999  -25.251  -6.033 0.0000000000
56953  -9.659  -25.525  -5.520 0.0000000000
56954  -12.062  -24.531  -5.417 0.0000000000
56955  -12.354  -24.163  -6.184 0.0000000000
56968  -8.329  -24.628  -7.330 0.0000000000
56969  -8.969  -24.646  -6.820 0.0000000000
56970  -10.046  -25.265  -6.372 0.0000000000
56971  -10.925  -25.429  -6.489 0.0000000000
56972  -12.711  -24.108  -6.925 0.0000000000
56973  -12.873  -23.853  -7.253 0.0000000000
56981  -7.989  -24.038  -8.084 0.0000000000
56982  -8.675  -24.188  -7.653 0.0000000000
56983  -9.607  -24.485  -7.549 0.0000000000
56984  -10.986  -25.055  -7.291 0.0000000000
56985  -12.021  -24.969  -7.546 0.0000000000
56986  -12.607  -24.559  -7.357 0.0000000000
56987  -13.080  -23.979  -7.573 0.0000000000
56996  -7.788  -24.099  -8.835 0.0000000000
56997  -7.996  -23.792  -9.282 0.0000000000
56998  -9.520  -24.110  -8.242 0.0000000000
56999  -10.257  -24.246  -8.491 0.0000000000
57000  -11.537  -24.567  -8.384 0.0000000000
57001  -12.586  -24.597  -8.384 0.0000000000
57002  -13.446  -24.106  -8.484 0.0000000000
57003  -14.123  -23.830  -9.030 0.0000000000
57010  -7.873  -24.351  -9.211 0.0000000000
57011  -8.116  -24.186  -9.546 0.0000000000
57012  -10.345  -23.913  -9.139 0.0000000000
57013  -10.989  -24.083  -9.210 0.0000000000
57014  -12.171  -24.285  -9.403 0.0000000000
57015  -13.219  -24.415  -9.232 0.0000000000
57016  -14.018  -24.107  -9.370 0.0000000000
57021  -8.601  -24.278  -10.104 0.0000000000
57022  -9.237  -24.249  -10.549 0.0000000000
57023  -10.002  -24.320  -11.041 0.0000000000
57024  -12.354  -24.171  -10.017 0.0000000000
57025  -12.872  -24.293  -9.979 0.0000000000
57026  -13.645  -24.281  -9.896 0.0000000000
57032  -10.666  -24.255  -11.539 0.0000000000
57033  -11.325  -24.275  -11.967 0.0000000000
57034  -11.782  -24.741  -12.060 0.0000000000
57040  -11.542  -24.062  -12.350 0.0000000000
57041  -11.989  -24.449  -12.490 0.0000000000
57049  -12.574  -24.360  -13.056 0.0000000000
57050  -13.147  -24.339  -13.593 0.0000000000
57057  -13.765  -24.292  -14.485 0.0000000000
57058  -14.142  -24.744  -14.790 0.0000000000
57064  -13.920  -23.835  -15.090 0.0000000000
57065  -14.278  -24.422  -15.522 0.0000000000
57066  -14.700  -25.044  -15.783 0.0000000000
57071  -14.553  -24.116  -16.689 0.0000000000
57072  -14.922  -24.925  -16.361 0.0000000000
57077  -14.777  -23.943  -17.216 0.0000000000
57078  -15.411  -24.490  -17.419 0.0000000000
57079  -16.061  -24.942  -17.663 0.0000000000
57084  -15.640  -24.221  -17.963 0.0000000000
57085  -16.152  -24.544  -18.195 0.0000000000
57086  -16.963  -24.754  -18.658 0.0000000000
57087  -17.591  -25.054  -18.915 0.0000000000
57096  -16.560  -24.237  -18.954 0.0000000000
57097  -17.212  -24.444  -19.431 0.0000000000
57098  -17.999  -25.066  -19.525 0.0000000000
57109  -17.736  -24.539  -20.227 0.0000000000
57110  -18.308  -25.174  -20.311 0.0000000000
57119  -18.040  -24.869  -21.143 0.0000000000
57120  -18.408  -25.381  -20.788 0.0000000000
57125  -17.186  -24.745  -22.586 0.0000000000
57126  -17.713  -24.837  -22.053 0.0000000000
58021  -4.551  -23.786  11.555 0.0000000000
58032  -4.496  -23.534  10.465 0.0000000000
58033  -9.992  -23.172  10.127 0.0000000000
58034  -10.478  -23.246  10.120 0.0000000000
58035  -11.079  -23.245  9.994 0.0000000000
58044  -4.608  -23.448  9.467 0.0000000000
58045  -4.863  -23.100  8.926 0.0000000000
58046  -7.575  -23.069  9.139 0.0000000000
58047  -8.269  -23.232  9.268 0.0000000000
58048  -9.589  -23.576  9.490 0.0000000000
58049  -10.659  -23.718  9.641 0.0000000000
58050  -11.231  -23.532  9.346 0.0000000000
58058  -4.743  -23.672  8.787 0.0000000000
58059  -5.352  -23.455  8.430 0.0000000000
58060  -6.202  -23.394  8.302 0.0000000000
58061  -7.323  -23.498  8.521 0.0000000000
58062  -8.669  -23.747  8.861 0.0000000000
58063  -9.254  -23.850  9.023 0.0000000000
58064  -11.320  -23.604  8.517 0.0000000000
58074  -5.882  -23.782  7.916 0.0000000000
58075  -6.591  -23.812  7.869 0.0000000000
58076  -7.073  -23.886  7.933 0.0000000000
58077  -10.790  -23.142  7.382 0.0000000000
58078  -11.140  -23.617  7.557 0.0000000000
58086  -10.676  -23.352  6.828 0.0000000000
58087  -11.091  -24.021  6.580 0.0000000000
58091  -9.823  -23.165  5.248 0.0000000000
58092  -10.515  -23.683  5.583 0.0000000000
58093  -11.053  -24.321  6.054 0.0000000000
58097  -8.804  -23.204  4.100 0.0000000000
58098  -9.508  -23.386  4.416 0.0000000000
58099  -10.281  -23.854  4.680 0.0000000000
58103  -7.995  -23.152  3.138 0.0000000000
58104  -8.496  -23.273  3.480 0.0000000000
58105  -9.405  -23.827  3.178 0.0000000000
58109  -7.946  -23.211  2.583 0.0000000000
58110  -8.837  -23.644  2.295 0.0000000000
58111  -9.515  -24.116  2.359 0.0000000000
58116  -8.197  -23.408  1.417 0.0000000000
58117  -8.900  -23.824  1.425 0.0000000000
58118  -9.364  -24.138  1.657 0.0000000000
58123  -8.156  -23.406  0.230 0.0000000000
58124  -8.869  -23.922  0.683 0.0000000000
58125  -9.213  -24.159  1.088 0.0000000000
58129  -8.058  -23.344  -0.908 0.0000000000
58130  -9.059  -24.080  -0.495 0.0000000000
58131  -9.773  -24.471  -0.836 0.0000000000
58134  -7.945  -23.105  -1.975 0.0000000000
58135  -8.844  -23.789  -1.742 0.0000000000
58136  -9.693  -24.397  -1.474 0.0000000000
58140  -7.947  -22.878  -2.553 0.0000000000
58141  -8.630  -23.261  -2.873 0.0000000000
58142  -9.953  -24.237  -2.685 0.0000000000
58143  -10.764  -24.632  -3.102 0.0000000000
58148  -8.816  -23.046  -3.581 0.0000000000
58149  -9.573  -23.398  -3.882 0.0000000000
58150  -10.870  -24.315  -3.814 0.0000000000
58151  -11.529  -24.636  -4.224 0.0000000000
58156  -9.783  -23.144  -4.596 0.0000000000
58157  -10.549  -23.459  -4.867 0.0000000000
58158  -11.499  -24.242  -4.760 0.0000000000
58167  -10.836  -23.212  -5.544 0.0000000000
58168  -11.585  -23.616  -5.856 0.0000000000
58169  -12.134  -23.767  -6.234 0.0000000000
58183  -11.745  -23.200  -6.453 0.0000000000
58184  -12.292  -23.463  -6.743 0.0000000000
58185  -12.709  -23.744  -7.092 0.0000000000
58192  -8.095  -23.723  -8.470 0.0000000000
58193  -8.502  -23.808  -8.319 0.0000000000
58194  -9.085  -23.997  -8.082 0.0000000000
58195  -12.466  -23.082  -7.303 0.0000000000
58196  -12.801  -23.422  -7.509 0.0000000000
58205  -7.911  -23.777  -8.597 0.0000000000
58206  -8.293  -23.651  -8.950 0.0000000000
58207  -9.334  -23.744  -8.806 0.0000000000
58208  -10.006  -23.843  -9.059 0.0000000000
58209  -13.391  -23.429  -8.207 0.0000000000
58210  -14.022  -23.435  -8.838 0.0000000000
58218  -8.403  -23.774  -9.600 0.0000000000
58219  -9.109  -23.575  -9.682 0.0000000000
58220  -10.246  -23.682  -9.687 0.0000000000
58221  -11.463  -23.851  -9.962 0.0000000000
58222  -12.053  -24.073  -10.026 0.0000000000
58223  -14.628  -23.444  -9.504 0.0000000000
58224  -15.200  -23.068  -9.845 0.0000000000
58228  -8.416  -23.946  -9.897 0.0000000000
58229  -8.870  -23.817  -10.160 0.0000000000
58230  -9.928  -23.775  -10.653 0.0000000000
58231  -11.099  -23.601  -10.722 0.0000000000
58232  -12.252  -23.920  -10.574 0.0000000000
58233  -13.369  -24.082  -10.619 0.0000000000
58234  -14.306  -23.876  -10.272 0.0000000000
58235  -15.062  -23.324  -10.321 0.0000000000
58239  -10.322  -23.947  -11.301 0.0000000000
58240  -10.995  -23.794  -11.607 0.0000000000
58241  -11.953  -23.688  -11.534 0.0000000000
58242  -12.941  -23.780  -11.431 0.0000000000
58243  -13.946  -23.639  -11.286 0.0000000000
58244  -14.679  -23.436  -10.916 0.0000000000
58248  -11.360  -23.936  -12.128 0.0000000000
58249  -11.894  -23.876  -12.313 0.0000000000
58250  -12.798  -23.624  -12.284 0.0000000000
58251  -13.435  -23.527  -11.963 0.0000000000
58256  -12.163  -24.053  -12.836 0.0000000000
58257  -12.758  -23.868  -12.999 0.0000000000
58264  -13.549  -23.701  -13.814 0.0000000000
58273  -13.831  -23.343  -14.876 0.0000000000
58274  -13.893  -23.538  -15.508 0.0000000000
58282  -13.800  -22.963  -15.733 0.0000000000
58283  -13.998  -23.377  -16.309 0.0000000000
58289  -14.328  -23.437  -17.161 0.0000000000
58290  -14.891  -23.724  -17.573 0.0000000000
58297  -14.582  -23.173  -17.826 0.0000000000
58298  -15.334  -23.638  -18.286 0.0000000000
58299  -16.025  -23.878  -18.852 0.0000000000
58307  -15.702  -23.317  -19.124 0.0000000000
58308  -16.421  -23.580  -19.639 0.0000000000
58309  -17.129  -23.982  -20.153 0.0000000000
58323  -16.833  -23.358  -20.548 0.0000000000
58324  -17.458  -23.979  -20.881 0.0000000000
58341  -17.076  -23.291  -21.437 0.0000000000
58342  -17.535  -24.095  -21.742 0.0000000000
58351  -16.904  -23.654  -22.423 0.0000000000
58352  -17.397  -24.297  -22.254 0.0000000000
59302  -4.703  -22.658  12.134 0.0000000000
59315  -4.588  -22.600  11.076 0.0000000000
59327  -4.770  -22.469  9.991 0.0000000000
59328  -5.279  -22.105  9.847 0.0000000000
59329  -8.357  -22.256  10.213 0.0000000000
59330  -9.263  -22.410  10.393 0.0000000000
59331  -10.158  -22.657  10.489 0.0000000000
59332  -10.936  -22.627  10.426 0.0000000000
59333  -11.361  -22.647  9.928 0.0000000000
59341  -4.848  -22.840  9.342 0.0000000000
59342  -5.539  -22.572  9.223 0.0000000000
59343  -6.655  -22.503  9.354 0.0000000000
59344  -7.630  -22.589  9.650 0.0000000000
59345  -8.798  -22.851  9.873 0.0000000000
59346  -9.588  -22.968  10.119 0.0000000000
59347  -11.422  -22.788  9.164 0.0000000000
59355  -5.832  -23.051  8.628 0.0000000000
59356  -6.419  -22.950  8.805 0.0000000000
59357  -7.100  -22.941  9.109 0.0000000000
59358  -10.713  -22.448  8.026 0.0000000000
59359  -11.147  -22.776  8.389 0.0000000000
59366  -9.714  -22.425  6.911 0.0000000000
59367  -10.365  -22.631  7.359 0.0000000000
59368  -10.881  -22.923  7.745 0.0000000000
59373  -8.835  -22.372  5.764 0.0000000000
59374  -9.397  -22.488  6.198 0.0000000000
59375  -10.133  -22.879  6.421 0.0000000000
59381  -9.316  -22.735  5.299 0.0000000000
59382  -9.884  -22.933  5.729 0.0000000000
59387  -8.520  -22.874  4.309 0.0000000000
59388  -9.004  -22.785  4.755 0.0000000000
59403  -7.369  -22.949  1.844 0.0000000000
59411  -7.382  -22.974  0.848 0.0000000000
59421  -7.414  -22.777  -0.188 0.0000000000
59426  -7.324  -22.504  -1.270 0.0000000000
59431  -7.463  -22.305  -2.393 0.0000000000
59432  -7.944  -22.699  -2.930 0.0000000000
59437  -7.689  -22.196  -3.178 0.0000000000
59438  -8.279  -22.646  -3.552 0.0000000000
59439  -8.842  -22.827  -4.000 0.0000000000
59444  -7.892  -22.005  -3.810 0.0000000000
59445  -8.375  -22.281  -4.367 0.0000000000
59446  -9.215  -22.726  -4.602 0.0000000000
59447  -9.828  -22.911  -5.007 0.0000000000
59454  -8.701  -22.240  -5.023 0.0000000000
59455  -9.338  -22.412  -5.420 0.0000000000
59456  -10.258  -22.771  -5.548 0.0000000000
59457  -10.904  -22.932  -5.903 0.0000000000
59471  -9.742  -22.303  -5.996 0.0000000000
59472  -10.407  -22.385  -6.281 0.0000000000
59473  -11.252  -22.773  -6.420 0.0000000000
59474  -11.787  -22.845  -6.779 0.0000000000
59485  -10.795  -22.196  -6.724 0.0000000000
59486  -11.348  -22.286  -7.051 0.0000000000
59487  -12.106  -22.561  -7.348 0.0000000000
59488  -12.574  -22.821  -7.636 0.0000000000
59500  -12.450  -22.349  -7.842 0.0000000000
59501  -12.960  -22.628  -8.179 0.0000000000
59502  -13.744  -22.727  -8.695 0.0000000000
59509  -14.349  -22.728  -9.167 0.0000000000
59510  -14.966  -22.574  -9.613 0.0000000000
59513  -15.374  -22.595  -10.246 0.0000000000
59515  -14.569  -23.366  -11.444 0.0000000000
59516  -15.326  -22.949  -11.281 0.0000000000
59517  -15.782  -22.491  -11.832 0.0000000000
59520  -13.443  -23.461  -12.425 0.0000000000
59521  -14.207  -23.324  -12.206 0.0000000000
59522  -15.062  -22.773  -12.440 0.0000000000
59523  -15.832  -22.518  -12.550 0.0000000000
59530  -13.494  -23.361  -13.057 0.0000000000
59531  -14.288  -22.873  -13.289 0.0000000000
59532  -15.056  -22.539  -13.382 0.0000000000
59533  -15.822  -22.420  -13.408 0.0000000000
59544  -13.904  -23.028  -14.151 0.0000000000
59545  -14.436  -22.479  -14.353 0.0000000000
59546  -15.188  -22.274  -14.150 0.0000000000
59561  -13.957  -22.427  -15.347 0.0000000000
59562  -14.300  -22.092  -15.107 0.0000000000
59573  -13.804  -22.378  -16.627 0.0000000000
59574  -13.921  -22.965  -16.907 0.0000000000
59583  -13.823  -21.946  -17.718 0.0000000000
59584  -14.074  -22.695  -17.477 0.0000000000
59593  -13.921  -21.724  -18.234 0.0000000000
59594  -14.482  -22.335  -18.575 0.0000000000
59595  -15.221  -22.971  -18.981 0.0000000000
59603  -14.793  -21.889  -19.362 0.0000000000
59604  -15.574  -22.433  -19.779 0.0000000000
59605  -16.321  -22.959  -20.229 0.0000000000
59613  -15.880  -21.993  -20.592 0.0000000000
59614  -16.413  -22.479  -20.903 0.0000000000
59631  -16.635  -22.604  -21.924 0.0000000000
59648  -16.143  -22.627  -22.486 0.0000000000
60644  -4.840  -21.136  13.569 0.0000000000
60654  -4.794  -21.638  12.955 0.0000000000
60664  -4.759  -21.530  11.673 0.0000000000
60665  -4.925  -21.083  10.974 0.0000000000
60666  -7.596  -21.040  10.874 0.0000000000
60667  -8.213  -21.116  11.031 0.0000000000
60668  -9.268  -21.181  11.215 0.0000000000
60669  -10.236  -21.277  11.336 0.0000000000
60670  -10.870  -21.212  11.248 0.0000000000
60684  -4.780  -21.795  10.773 0.0000000000
60685  -5.322  -21.523  10.357 0.0000000000
60686  -6.132  -21.469  10.200 0.0000000000
60687  -7.351  -21.620  10.367 0.0000000000
60688  -8.727  -21.741  10.676 0.0000000000
60689  -9.772  -21.896  10.873 0.0000000000
60690  -10.642  -21.957  10.931 0.0000000000
60691  -11.204  -21.668  10.635 0.0000000000
60699  -5.676  -21.918  9.866 0.0000000000
60700  -6.357  -22.011  9.769 0.0000000000
60701  -6.980  -22.183  9.793 0.0000000000
60702  -11.065  -21.264  9.408 0.0000000000
60703  -11.392  -21.757  9.662 0.0000000000
60709  -10.012  -21.275  8.372 0.0000000000
60710  -10.723  -21.708  8.630 0.0000000000
60711  -11.312  -22.254  8.959 0.0000000000
60719  -9.613  -21.677  7.567 0.0000000000
60720  -10.378  -22.113  7.897 0.0000000000
60727  -9.319  -22.139  6.789 0.0000000000
60812  -7.703  -21.361  -4.530 0.0000000000
60813  -8.282  -21.905  -4.917 0.0000000000
60820  -7.888  -21.117  -5.289 0.0000000000
60821  -8.529  -21.612  -5.650 0.0000000000
60822  -9.251  -22.049  -5.961 0.0000000000
60829  -8.793  -21.287  -6.365 0.0000000000
60830  -9.563  -21.637  -6.579 0.0000000000
60831  -10.341  -21.953  -6.695 0.0000000000
60846  -9.899  -21.231  -7.213 0.0000000000
60847  -10.561  -21.617  -7.194 0.0000000000
60848  -11.596  -21.614  -7.720 0.0000000000
60849  -12.175  -22.027  -7.761 0.0000000000
60868  -11.850  -21.207  -8.213 0.0000000000
60869  -12.414  -21.667  -8.226 0.0000000000
60870  -13.421  -21.700  -8.827 0.0000000000
60871  -13.979  -22.248  -9.058 0.0000000000
60916  -14.740  -22.074  -14.779 0.0000000000
60929  -14.157  -21.905  -15.549 0.0000000000
60930  -14.679  -21.728  -15.444 0.0000000000
60945  -14.169  -21.591  -16.326 0.0000000000
60946  -14.949  -21.224  -16.164 0.0000000000
60960  -13.808  -21.399  -17.270 0.0000000000
60968  -13.726  -21.194  -18.083 0.0000000000
60969  -13.983  -21.460  -18.559 0.0000000000
60975  -13.827  -20.916  -18.671 0.0000000000
60976  -14.305  -21.201  -19.241 0.0000000000
60977  -14.972  -21.537  -19.796 0.0000000000
60981  -14.765  -20.891  -20.041 0.0000000000
60982  -15.432  -21.347  -20.593 0.0000000000
60983  -16.006  -21.752  -21.055 0.0000000000
60996  -15.752  -21.244  -21.460 0.0000000000
60997  -16.217  -21.880  -21.687 0.0000000000
61015  -15.538  -21.513  -22.329 0.0000000000
61016  -16.231  -22.108  -22.173 0.0000000000
61985  -4.829  -20.549  13.291 0.0000000000
61986  -4.843  -20.706  13.988 0.0000000000
61995  -4.836  -20.600  12.394 0.0000000000
61996  -9.330  -20.023  12.175 0.0000000000
61997  -10.206  -20.021  12.267 0.0000000000
61998  -10.960  -19.976  12.212 0.0000000000
61999  -11.278  -19.781  12.086 0.0000000000
62008  -4.969  -20.528  11.588 0.0000000000
62009  -5.686  -20.593  11.008 0.0000000000
62010  -6.748  -20.401  11.114 0.0000000000
62011  -7.659  -20.584  11.296 0.0000000000
62012  -8.655  -20.485  11.667 0.0000000000
62013  -9.771  -20.613  11.753 0.0000000000
62014  -10.618  -20.597  11.723 0.0000000000
62015  -11.156  -20.407  11.427 0.0000000000
62031  -5.855  -21.103  10.521 0.0000000000
62032  -6.462  -20.966  10.627 0.0000000000
62033  -7.160  -20.887  10.823 0.0000000000
62034  -11.311  -20.834  10.527 0.0000000000
62041  -9.954  -20.486  9.070 0.0000000000
62042  -10.609  -20.723  9.366 0.0000000000
62043  -11.212  -20.847  9.914 0.0000000000
62050  -9.484  -20.724  8.453 0.0000000000
62051  -10.215  -20.940  8.738 0.0000000000
62177  -7.994  -20.881  -5.674 0.0000000000
62183  -8.368  -20.766  -6.265 0.0000000000
62184  -8.919  -20.938  -6.732 0.0000000000
62194  -8.541  -20.288  -6.987 0.0000000000
62195  -9.389  -20.672  -7.321 0.0000000000
62196  -10.153  -20.878  -7.586 0.0000000000
62197  -10.805  -21.050  -7.810 0.0000000000
62283  -13.984  -20.917  -17.143 0.0000000000
62284  -14.471  -20.816  -16.913 0.0000000000
62285  -15.330  -20.735  -16.880 0.0000000000
62300  -13.868  -20.644  -17.791 0.0000000000
62301  -14.183  -20.501  -17.579 0.0000000000
62302  -14.751  -20.338  -17.562 0.0000000000
62303  -15.779  -20.233  -17.765 0.0000000000
62314  -13.824  -20.491  -18.412 0.0000000000
62315  -15.956  -19.852  -18.287 0.0000000000
62326  -13.863  -20.369  -19.036 0.0000000000
62327  -14.295  -20.261  -19.790 0.0000000000
62337  -14.916  -20.280  -20.828 0.0000000000
62338  -15.402  -20.806  -21.178 0.0000000000
62351  -15.032  -19.936  -21.517 0.0000000000
62352  -15.343  -20.482  -21.786 0.0000000000
62365  -13.696  -19.784  -23.140 0.0000000000
62366  -14.481  -20.652  -22.779 0.0000000000
62367  -15.148  -20.663  -22.359 0.0000000000
62382  -13.487  -19.791  -23.549 0.0000000000
62383  -13.792  -20.353  -23.483 0.0000000000
62398  -13.503  -19.860  -23.871 0.0000000000
63291  -4.676  -19.479  14.780 0.0000000000
63300  -4.733  -19.732  14.063 0.0000000000
63301  -4.838  -20.337  14.379 0.0000000000
63302  -9.786  -18.999  13.074 0.0000000000
63303  -10.171  -19.019  13.124 0.0000000000
63304  -10.810  -19.012  13.126 0.0000000000
63312  -4.767  -19.590  12.910 0.0000000000
63313  -5.043  -19.218  12.285 0.0000000000
63314  -5.870  -19.157  12.176 0.0000000000
63315  -6.959  -19.224  12.174 0.0000000000
63316  -8.291  -19.586  12.253 0.0000000000
63317  -9.589  -19.295  12.762 0.0000000000
63318  -10.566  -19.461  12.733 0.0000000000
63319  -11.181  -19.268  12.610 0.0000000000
63326  -4.875  -19.902  12.117 0.0000000000
63327  -5.395  -19.827  11.751 0.0000000000
63328  -6.292  -19.823  11.620 0.0000000000
63329  -7.307  -19.965  11.713 0.0000000000
63330  -7.968  -20.188  11.781 0.0000000000
63331  -11.395  -19.405  11.942 0.0000000000
63346  -10.196  -19.036  10.315 0.0000000000
63347  -10.700  -19.358  10.487 0.0000000000
63348  -11.264  -19.773  10.964 0.0000000000
63357  -9.866  -19.720  9.664 0.0000000000
63358  -10.867  -20.151  10.149 0.0000000000
63359  -11.204  -20.435  10.420 0.0000000000
63369  -9.566  -20.271  9.057 0.0000000000
63641  -14.039  -20.305  -17.913 0.0000000000
63642  -14.274  -20.089  -18.044 0.0000000000
63643  -14.859  -19.840  -18.214 0.0000000000
63644  -15.491  -19.718  -18.365 0.0000000000
63655  -13.977  -20.126  -18.246 0.0000000000
63656  -14.225  -19.566  -18.675 0.0000000000
63657  -15.001  -19.290  -18.778 0.0000000000
63658  -16.021  -19.494  -18.690 0.0000000000
63671  -13.880  -19.961  -18.712 0.0000000000
63672  -14.023  -19.630  -19.322 0.0000000000
63673  -15.611  -19.075  -19.080 0.0000000000
63674  -16.502  -19.247  -19.211 0.0000000000
63687  -14.429  -19.514  -20.283 0.0000000000
63703  -14.786  -19.385  -21.432 0.0000000000
63704  -15.056  -19.770  -21.972 0.0000000000
63718  -13.658  -19.098  -23.146 0.0000000000
63719  -14.424  -19.453  -22.534 0.0000000000
63720  -14.954  -20.164  -22.336 0.0000000000
63735  -13.170  -19.197  -23.698 0.0000000000
63752  -13.653  -19.362  -24.524 0.0000000000
64578  -4.510  -18.669  14.776 0.0000000000
64586  -4.604  -18.565  13.620 0.0000000000
64587  -4.969  -18.090  13.125 0.0000000000
64588  -5.640  -17.954  13.010 0.0000000000
64589  -7.815  -18.120  13.038 0.0000000000
64590  -8.392  -18.223  13.080 0.0000000000
64591  -9.504  -18.596  13.190 0.0000000000
64592  -10.458  -18.459  13.381 0.0000000000
64593  -11.121  -18.485  13.197 0.0000000000
64600  -4.799  -18.745  12.825 0.0000000000
64601  -5.390  -18.549  12.625 0.0000000000
64602  -6.406  -18.402  12.688 0.0000000000
64603  -7.674  -18.544  12.733 0.0000000000
64604  -8.818  -18.854  12.815 0.0000000000
64605  -9.322  -18.938  12.961 0.0000000000
64606  -11.318  -18.506  12.595 0.0000000000
64614  -10.689  -17.990  11.550 0.0000000000
64615  -11.136  -18.528  11.730 0.0000000000
64631  -9.513  -18.641  10.289 0.0000000000
64632  -10.498  -18.490  10.909 0.0000000000
64633  -11.029  -19.022  11.000 0.0000000000
64645  -9.178  -19.180  9.785 0.0000000000
64929  -14.187  -19.293  -19.168 0.0000000000
64930  -14.424  -19.153  -19.124 0.0000000000
64941  -14.345  -19.149  -19.656 0.0000000000
64942  -14.864  -18.883  -19.406 0.0000000000
64943  -15.924  -18.927  -19.268 0.0000000000
64944  -16.975  -19.128  -19.535 0.0000000000
64957  -14.714  -18.894  -20.816 0.0000000000
64958  -14.959  -18.179  -19.915 0.0000000000
64959  -16.173  -18.393  -19.672 0.0000000000
64960  -18.038  -19.270  -20.017 0.0000000000
64972  -14.498  -18.621  -22.160 0.0000000000
64973  -17.235  -17.718  -21.317 0.0000000000
64974  -17.304  -17.146  -22.032 0.0000000000
64986  -13.338  -18.502  -23.387 0.0000000000
64987  -13.914  -18.576  -22.918 0.0000000000
65003  -12.895  -18.301  -23.851 0.0000000000
65022  -13.067  -18.440  -24.461 0.0000000000
65038  -13.497  -18.432  -25.090 0.0000000000
65841  -4.496  -17.392  15.427 0.0000000000
65842  -4.946  -16.658  15.719 0.0000000000
65857  -4.474  -17.599  14.267 0.0000000000
65858  -4.719  -17.185  13.863 0.0000000000
65866  -4.699  -17.709  13.614 0.0000000000
65867  -5.277  -17.332  13.473 0.0000000000
65868  -6.384  -17.506  13.251 0.0000000000
65869  -7.642  -17.613  13.259 0.0000000000
65870  -8.834  -17.625  13.465 0.0000000000
65871  -9.919  -17.726  13.657 0.0000000000
65872  -10.785  -17.714  13.617 0.0000000000
65873  -11.268  -17.645  13.258 0.0000000000
65880  -7.121  -18.037  13.014 0.0000000000
65881  -7.558  -18.089  13.036 0.0000000000
65882  -11.269  -17.544  12.634 0.0000000000
65892  -9.609  -17.174  11.180 0.0000000000
65893  -10.160  -17.468  11.344 0.0000000000
65894  -10.865  -17.362  12.060 0.0000000000
65910  -9.297  -17.580  10.780 0.0000000000
65911  -9.897  -18.038  10.815 0.0000000000
66301  -15.091  -17.678  -21.090 0.0000000000
66302  -14.610  -17.896  -20.665 0.0000000000
66303  -16.618  -17.980  -20.957 0.0000000000
66304  -17.092  -17.883  -21.102 0.0000000000
66322  -14.492  -18.137  -22.156 0.0000000000
66323  -14.291  -17.530  -21.617 0.0000000000
66324  -16.158  -17.336  -21.685 0.0000000000
66325  -16.853  -17.468  -21.564 0.0000000000
66342  -13.581  -18.137  -23.193 0.0000000000
66343  -13.972  -17.823  -22.941 0.0000000000
66344  -14.243  -17.669  -22.680 0.0000000000
66345  -16.351  -16.611  -22.602 0.0000000000
66363  -13.332  -17.718  -23.641 0.0000000000
66364  -13.711  -17.408  -23.470 0.0000000000
66383  -12.968  -17.651  -24.369 0.0000000000
66396  -13.158  -17.612  -25.099 0.0000000000
66397  -13.846  -17.604  -25.568 0.0000000000
66408  -14.348  -17.176  -25.833 0.0000000000
67251  -5.536  -16.058  15.753 0.0000000000
67260  -4.570  -16.882  14.560 0.0000000000
67261  -4.914  -16.210  14.987 0.0000000000
67276  -4.605  -17.001  14.160 0.0000000000
67277  -5.034  -16.518  14.048 0.0000000000
67278  -9.805  -16.092  14.388 0.0000000000
67279  -10.751  -16.111  14.312 0.0000000000
67280  -11.323  -16.046  14.001 0.0000000000
67281  -11.369  -15.911  13.697 0.0000000000
67287  -5.858  -16.579  13.624 0.0000000000
67288  -6.924  -16.614  13.557 0.0000000000
67289  -8.137  -16.721  13.689 0.0000000000
67290  -9.305  -16.859  13.930 0.0000000000
67291  -10.334  -16.925  14.020 0.0000000000
67292  -11.040  -16.855  13.798 0.0000000000
67293  -11.285  -16.602  13.373 0.0000000000
67299  -10.777  -16.083  12.485 0.0000000000
67300  -11.061  -16.526  12.634 0.0000000000
67311  -9.620  -16.574  11.442 0.0000000000
67312  -10.541  -16.546  12.057 0.0000000000
67313  -10.877  -16.821  12.263 0.0000000000
67329  -9.350  -17.049  11.113 0.0000000000
67746  -15.649  -17.070  -22.018 0.0000000000
67747  -15.829  -17.141  -21.879 0.0000000000
67764  -13.932  -17.178  -23.446 0.0000000000
67765  -14.107  -17.296  -23.185 0.0000000000
67766  -15.833  -16.908  -22.196 0.0000000000
67776  -13.283  -17.147  -24.271 0.0000000000
67777  -13.632  -16.941  -23.965 0.0000000000
67786  -13.294  -16.850  -24.899 0.0000000000
67787  -13.481  -16.630  -24.539 0.0000000000
67799  -13.763  -16.710  -25.585 0.0000000000
67800  -14.049  -16.971  -25.769 0.0000000000
67810  -14.032  -16.161  -26.001 0.0000000000
67811  -14.466  -16.455  -26.129 0.0000000000
68749  -5.762  -15.401  15.583 0.0000000000
68750  -6.162  -15.338  16.014 0.0000000000
68762  -5.551  -15.256  15.134 0.0000000000
68763  -5.886  -14.967  15.522 0.0000000000
68779  -5.589  -15.432  14.292 0.0000000000
68780  -5.983  -15.087  13.909 0.0000000000
68781  -8.228  -15.156  14.260 0.0000000000
68782  -9.260  -15.184  14.555 0.0000000000
68783  -10.338  -15.238  14.677 0.0000000000
68784  -11.109  -15.285  14.437 0.0000000000
68785  -11.452  -15.320  13.956 0.0000000000
68793  -5.583  -15.990  13.839 0.0000000000
68794  -6.253  -15.659  13.770 0.0000000000
68795  -7.433  -15.694  13.901 0.0000000000
68796  -8.677  -15.981  14.196 0.0000000000
68797  -11.265  -15.648  13.342 0.0000000000
68805  -10.461  -15.651  12.384 0.0000000000
68806  -10.897  -15.579  12.792 0.0000000000
68820  -9.413  -15.578  11.712 0.0000000000
68821  -10.029  -15.911  11.939 0.0000000000
69226  -14.052  -16.975  -23.469 0.0000000000
69227  -14.043  -16.777  -23.637 0.0000000000
69245  -13.945  -16.651  -23.868 0.0000000000
69246  -14.058  -16.154  -24.240 0.0000000000
69257  -13.527  -16.343  -24.886 0.0000000000
69258  -13.805  -15.923  -24.697 0.0000000000
69259  -14.426  -15.265  -24.880 0.0000000000
69260  -14.936  -14.750  -25.010 0.0000000000
69261  -17.453  -16.062  -23.347 0.0000000000
69271  -13.769  -16.071  -25.422 0.0000000000
69272  -14.202  -15.268  -25.693 0.0000000000
69284  -13.890  -16.072  -25.815 0.0000000000
69285  -14.399  -15.518  -26.312 0.0000000000
69286  -15.199  -15.697  -26.725 0.0000000000
69295  -14.887  -15.082  -26.918 0.0000000000
69296  -15.114  -15.038  -27.070 0.0000000000
70159  -6.642  -14.607  16.425 0.0000000000
70174  -5.817  -14.409  15.258 0.0000000000
70175  -6.166  -14.451  15.785 0.0000000000
70176  -10.236  -13.703  15.321 0.0000000000
70177  -10.584  -13.796  15.235 0.0000000000
70190  -5.791  -14.450  14.729 0.0000000000
70191  -6.139  -14.481  14.169 0.0000000000
70192  -7.233  -14.612  14.189 0.0000000000
70193  -8.589  -14.350  14.629 0.0000000000
70194  -9.879  -14.231  15.072 0.0000000000
70195  -10.909  -14.374  14.923 0.0000000000
70196  -11.274  -14.481  14.369 0.0000000000
70204  -6.414  -14.970  13.897 0.0000000000
70205  -6.785  -15.204  13.863 0.0000000000
70206  -10.902  -13.914  13.203 0.0000000000
70207  -11.235  -14.464  13.580 0.0000000000
70215  -9.812  -13.894  12.278 0.0000000000
70216  -10.506  -14.475  12.644 0.0000000000
70217  -11.037  -15.051  13.116 0.0000000000
70235  -9.348  -14.446  11.935 0.0000000000
70236  -9.940  -15.227  12.174 0.0000000000
70672  -14.395  -14.967  -25.387 0.0000000000
70673  -14.839  -14.614  -25.330 0.0000000000
70674  -15.186  -14.371  -25.498 0.0000000000
70675  -17.883  -15.142  -24.470 0.0000000000
70686  -14.514  -14.547  -25.985 0.0000000000
70687  -14.799  -14.403  -25.787 0.0000000000
70688  -15.177  -14.136  -25.812 0.0000000000
70689  -15.543  -13.891  -26.015 0.0000000000
70690  -18.275  -14.474  -25.270 0.0000000000
70701  -14.530  -14.750  -26.286 0.0000000000
70702  -14.912  -14.379  -26.630 0.0000000000
70714  -14.654  -15.039  -26.908 0.0000000000
70715  -15.177  -14.391  -27.090 0.0000000000
70716  -15.548  -14.516  -27.481 0.0000000000
70725  -15.593  -14.037  -27.602 0.0000000000
70726  -15.987  -14.153  -28.131 0.0000000000
71557  -6.635  -13.390  17.186 0.0000000000
71568  -5.769  -13.254  15.621 0.0000000000
71569  -6.243  -13.610  16.263 0.0000000000
71570  -6.887  -14.015  16.866 0.0000000000
71583  -5.746  -13.565  15.074 0.0000000000
71584  -5.956  -13.838  15.555 0.0000000000
71585  -9.857  -12.983  15.396 0.0000000000
71586  -10.474  -13.182  15.350 0.0000000000
71587  -11.139  -13.348  15.061 0.0000000000
71588  -11.344  -12.927  14.800 0.0000000000
71597  -6.016  -13.602  14.580 0.0000000000
71598  -6.772  -13.616  14.442 0.0000000000
71599  -7.871  -13.546  14.663 0.0000000000
71600  -9.131  -13.373  15.062 0.0000000000
71601  -9.915  -13.516  15.322 0.0000000000
71602  -11.228  -13.925  14.728 0.0000000000
71603  -11.305  -13.442  14.374 0.0000000000
71610  -10.604  -13.317  12.970 0.0000000000
71611  -10.996  -13.387  13.605 0.0000000000
71623  -9.316  -13.384  12.096 0.0000000000
71624  -9.984  -13.274  12.440 0.0000000000
72076  -14.872  -14.221  -25.827 0.0000000000
72077  -15.111  -14.085  -26.165 0.0000000000
72078  -15.575  -13.710  -26.358 0.0000000000
72079  -16.118  -13.416  -26.588 0.0000000000
72080  -18.582  -13.902  -25.898 0.0000000000
72092  -14.911  -14.232  -26.214 0.0000000000
72093  -15.436  -13.760  -26.838 0.0000000000
72094  -16.153  -13.176  -26.915 0.0000000000
72095  -17.162  -12.838  -27.137 0.0000000000
72096  -18.689  -12.685  -27.403 0.0000000000
72108  -15.661  -13.634  -27.463 0.0000000000
72109  -15.891  -13.194  -27.898 0.0000000000
72122  -15.795  -13.619  -27.917 0.0000000000
72123  -16.216  -13.196  -28.449 0.0000000000
72926  -5.677  -12.317  18.007 0.0000000000
72934  -5.638  -12.343  17.032 0.0000000000
72935  -6.226  -12.791  17.601 0.0000000000
72948  -5.624  -12.601  16.083 0.0000000000
72949  -6.112  -12.896  16.807 0.0000000000
72961  -5.594  -12.678  15.289 0.0000000000
72962  -9.425  -12.403  15.392 0.0000000000
72963  -10.323  -12.372  15.467 0.0000000000
72964  -11.001  -12.483  15.343 0.0000000000
72965  -11.372  -12.484  15.033 0.0000000000
72972  -5.800  -12.826  14.823 0.0000000000
72973  -6.402  -12.796  14.591 0.0000000000
72974  -7.318  -12.747  14.686 0.0000000000
72975  -8.366  -12.609  15.061 0.0000000000
72976  -11.365  -12.454  14.599 0.0000000000
72984  -10.658  -12.620  13.362 0.0000000000
72985  -11.096  -12.493  13.938 0.0000000000
72998  -9.138  -12.368  12.253 0.0000000000
72999  -10.110  -12.293  12.822 0.0000000000
73463  -15.766  -13.412  -27.341 0.0000000000
73464  -16.034  -13.096  -27.367 0.0000000000
73465  -16.863  -12.695  -27.519 0.0000000000
73466  -18.074  -12.510  -27.629 0.0000000000
73467  -19.468  -12.558  -27.662 0.0000000000
73479  -15.898  -13.166  -27.635 0.0000000000
73480  -16.432  -12.647  -28.065 0.0000000000
73481  -17.570  -12.029  -28.176 0.0000000000
73482  -18.796  -12.177  -28.035 0.0000000000
73483  -19.750  -12.300  -28.052 0.0000000000
73496  -16.711  -12.143  -29.081 0.0000000000
73497  -16.960  -12.002  -28.547 0.0000000000
73511  -16.624  -12.220  -30.065 0.0000000000
74253  -4.832  -11.487  18.891 0.0000000000
74264  -4.715  -11.239  17.769 0.0000000000
74265  -5.164  -11.880  18.348 0.0000000000
74275  -4.704  -11.174  16.778 0.0000000000
74276  -5.121  -11.800  17.377 0.0000000000
74288  -4.829  -11.156  15.983 0.0000000000
74289  -5.149  -11.782  16.405 0.0000000000
74296  -4.974  -10.998  15.662 0.0000000000
74297  -5.378  -11.589  15.392 0.0000000000
74298  -6.531  -11.309  15.195 0.0000000000
74299  -7.632  -11.293  15.289 0.0000000000
74300  -8.800  -11.542  15.450 0.0000000000
74301  -10.063  -11.505  15.539 0.0000000000
74302  -10.865  -11.671  15.416 0.0000000000
74303  -11.296  -11.814  15.199 0.0000000000
74311  -5.631  -12.295  15.040 0.0000000000
74312  -6.012  -12.100  14.824 0.0000000000
74313  -6.908  -12.012  14.813 0.0000000000
74314  -7.783  -12.033  15.031 0.0000000000
74315  -11.451  -11.869  14.864 0.0000000000
74325  -9.878  -11.176  13.192 0.0000000000
74326  -10.342  -11.581  13.429 0.0000000000
74327  -11.132  -11.534  14.364 0.0000000000
74341  -9.528  -11.305  12.782 0.0000000000
74342  -10.008  -11.729  13.002 0.0000000000
74824  -17.936  -11.572  -28.582 0.0000000000
74825  -18.528  -11.703  -28.440 0.0000000000
74826  -19.474  -11.887  -28.388 0.0000000000
74827  -20.405  -12.064  -28.296 0.0000000000
74838  -16.982  -11.487  -29.343 0.0000000000
74839  -17.421  -11.366  -29.005 0.0000000000
74840  -18.315  -11.220  -28.789 0.0000000000
74841  -19.210  -11.372  -28.781 0.0000000000
74842  -20.210  -11.536  -28.722 0.0000000000
74843  -21.331  -11.702  -28.524 0.0000000000
74853  -16.878  -11.340  -29.847 0.0000000000
74854  -17.130  -11.187  -29.481 0.0000000000
74863  -16.789  -11.555  -30.604 0.0000000000
75526  -4.670  -10.479  19.173 0.0000000000
75537  -4.508  -10.490  18.146 0.0000000000
75544  -4.479  -10.437  17.155 0.0000000000
75550  -4.746  -10.390  16.223 0.0000000000
75551  -5.032  -10.047  15.944 0.0000000000
75558  -4.852  -10.745  15.839 0.0000000000
75559  -5.226  -10.459  15.742 0.0000000000
75560  -6.175  -10.442  15.519 0.0000000000
75561  -7.337  -10.400  15.565 0.0000000000
75562  -8.547  -10.423  15.638 0.0000000000
75563  -9.759  -10.477  15.647 0.0000000000
75564  -10.810  -10.635  15.321 0.0000000000
75565  -11.151  -11.305  15.248 0.0000000000
75573  -11.000  -10.267  14.771 0.0000000000
75574  -11.304  -11.140  14.948 0.0000000000
75586  -9.784  -10.607  13.323 0.0000000000
75587  -10.580  -10.478  14.080 0.0000000000
75588  -11.101  -10.836  14.558 0.0000000000
75602  -9.243  -10.283  12.871 0.0000000000
76134  -17.603  -10.909  -29.324 0.0000000000
76135  -18.020  -10.798  -29.220 0.0000000000
76136  -18.931  -10.824  -29.198 0.0000000000
76137  -19.904  -11.000  -29.256 0.0000000000
76138  -20.931  -11.068  -29.129 0.0000000000
76139  -21.926  -11.077  -29.050 0.0000000000
76152  -17.032  -10.913  -30.039 0.0000000000
76153  -17.526  -10.662  -29.873 0.0000000000
76154  -18.633  -10.315  -29.695 0.0000000000
76155  -19.612  -10.343  -29.667 0.0000000000
76156  -20.602  -10.445  -29.633 0.0000000000
76157  -21.592  -10.533  -29.547 0.0000000000
76158  -22.527  -10.599  -29.501 0.0000000000
76171  -17.010  -10.891  -30.490 0.0000000000
76172  -17.434  -10.249  -30.842 0.0000000000
76188  -16.920  -11.137  -30.943 0.0000000000
76189  -17.262  -10.687  -31.453 0.0000000000
76964  -4.671  -9.463  19.419 0.0000000000
76977  -4.490  -9.558  18.429 0.0000000000
76991  -4.457  -9.614  17.521 0.0000000000
77007  -4.652  -9.582  16.757 0.0000000000
77008  -5.170  -9.472  16.211 0.0000000000
77009  -5.618  -9.096  16.187 0.0000000000
77021  -5.277  -9.877  15.904 0.0000000000
77022  -5.847  -9.521  15.925 0.0000000000
77023  -6.989  -9.484  15.892 0.0000000000
77024  -8.200  -9.427  15.866 0.0000000000
77025  -9.397  -9.405  15.775 0.0000000000
77026  -10.360  -9.444  15.484 0.0000000000
77035  -10.850  -9.536  15.063 0.0000000000
77045  -9.218  -9.125  13.244 0.0000000000
77046  -9.677  -9.441  13.533 0.0000000000
77047  -10.491  -9.181  14.429 0.0000000000
77053  -8.824  -9.283  12.921 0.0000000000
77054  -9.395  -9.898  13.127 0.0000000000
77650  -17.854  -9.965  -30.663 0.0000000000
77651  -18.519  -9.821  -30.442 0.0000000000
77652  -19.351  -9.841  -30.187 0.0000000000
77653  -20.299  -9.800  -30.226 0.0000000000
77654  -21.280  -9.952  -30.051 0.0000000000
77655  -22.252  -10.063  -29.976 0.0000000000
77656  -23.184  -10.211  -29.914 0.0000000000
77675  -17.807  -9.766  -31.124 0.0000000000
77676  -18.241  -9.481  -31.086 0.0000000000
77677  -20.504  -9.478  -30.600 0.0000000000
77678  -21.002  -9.464  -30.552 0.0000000000
77679  -21.930  -9.458  -30.426 0.0000000000
77680  -22.964  -9.606  -30.356 0.0000000000
77681  -24.226  -9.960  -30.315 0.0000000000
77695  -17.738  -9.839  -31.592 0.0000000000
77696  -18.072  -9.464  -31.501 0.0000000000
77714  -17.700  -10.076  -32.118 0.0000000000
78360  -4.715  -8.437  19.655 0.0000000000
78370  -4.553  -8.558  18.668 0.0000000000
78382  -4.485  -8.690  17.757 0.0000000000
78398  -4.602  -8.888  17.119 0.0000000000
78399  -4.917  -8.667  16.654 0.0000000000
78400  -5.554  -8.512  16.392 0.0000000000
78401  -6.116  -8.276  16.342 0.0000000000
78420  -5.942  -8.805  16.200 0.0000000000
78421  -6.613  -8.576  16.215 0.0000000000
78422  -7.752  -8.446  16.104 0.0000000000
78423  -8.976  -8.378  15.964 0.0000000000
78424  -9.990  -8.355  15.647 0.0000000000
78439  -10.524  -8.407  15.076 0.0000000000
78449  -9.155  -8.651  13.349 0.0000000000
78450  -9.737  -8.358  13.912 0.0000000000
78451  -10.170  -7.989  14.518 0.0000000000
78464  -8.474  -8.108  13.092 0.0000000000
79032  -19.239  -9.423  -30.635 0.0000000000
79033  -19.855  -9.464  -30.623 0.0000000000
79034  -20.257  -9.479  -30.616 0.0000000000
79047  -18.892  -9.147  -31.056 0.0000000000
79048  -19.638  -9.080  -31.115 0.0000000000
79049  -20.485  -9.131  -30.996 0.0000000000
79050  -21.510  -8.905  -30.934 0.0000000000
79051  -22.549  -8.906  -30.806 0.0000000000
79052  -23.587  -9.139  -30.774 0.0000000000
79053  -24.175  -9.324  -30.785 0.0000000000
79062  -18.126  -9.300  -31.942 0.0000000000
79063  -18.597  -8.896  -31.807 0.0000000000
79064  -19.356  -8.637  -31.619 0.0000000000
79065  -20.120  -8.515  -31.602 0.0000000000
79066  -21.029  -8.388  -31.567 0.0000000000
79067  -22.073  -8.328  -31.453 0.0000000000
79068  -23.173  -8.424  -31.298 0.0000000000
79069  -24.343  -8.837  -31.270 0.0000000000
79688  -4.638  -7.533  18.942 0.0000000000
79701  -4.494  -7.645  17.983 0.0000000000
79714  -4.601  -7.837  17.097 0.0000000000
79715  -5.177  -7.666  16.596 0.0000000000
79716  -6.007  -7.484  16.377 0.0000000000
79717  -6.467  -7.944  16.365 0.0000000000
79730  -6.451  -6.874  16.265 0.0000000000
79731  -7.076  -7.408  16.253 0.0000000000
79732  -8.437  -7.356  16.057 0.0000000000
79733  -9.536  -7.313  15.759 0.0000000000
79734  -10.177  -7.340  15.300 0.0000000000
79746  -9.965  -6.997  14.519 0.0000000000
79747  -10.259  -7.281  14.814 0.0000000000
79764  -9.008  -7.590  13.548 0.0000000000
79765  -9.682  -7.350  14.181 0.0000000000
79766  -10.050  -7.404  14.519 0.0000000000
79786  -8.361  -7.313  13.187 0.0000000000
80352  -19.229  -8.288  -32.162 0.0000000000
80353  -19.802  -8.124  -32.119 0.0000000000
80354  -20.499  -7.849  -32.201 0.0000000000
80355  -21.503  -7.643  -32.172 0.0000000000
80356  -22.659  -7.757  -31.913 0.0000000000
80357  -23.757  -7.874  -31.830 0.0000000000
80358  -24.840  -8.092  -32.084 0.0000000000
80367  -19.588  -7.702  -32.654 0.0000000000
80368  -20.037  -7.736  -32.408 0.0000000000
80369  -21.664  -7.172  -32.564 0.0000000000
80370  -22.250  -7.215  -32.460 0.0000000000
80371  -23.192  -7.218  -32.354 0.0000000000
80372  -24.230  -7.249  -32.400 0.0000000000
80373  -25.386  -7.376  -32.898 0.0000000000
80382  -25.667  -6.901  -33.458 0.0000000000
80962  -4.602  -6.548  19.297 0.0000000000
80973  -4.466  -6.607  18.326 0.0000000000
80983  -4.479  -6.650  17.425 0.0000000000
80984  -4.819  -6.644  16.718 0.0000000000
80985  -5.398  -6.857  16.471 0.0000000000
80999  -5.227  -6.190  16.409 0.0000000000
81000  -5.902  -6.341  16.257 0.0000000000
81001  -6.798  -6.282  16.066 0.0000000000
81002  -7.859  -6.344  15.926 0.0000000000
81003  -9.004  -6.304  15.767 0.0000000000
81004  -9.913  -6.232  15.394 0.0000000000
81025  -10.076  -6.372  14.662 0.0000000000
81026  -10.240  -6.561  15.026 0.0000000000
81049  -8.485  -6.025  13.385 0.0000000000
81050  -9.179  -6.492  13.829 0.0000000000
81051  -9.724  -6.580  14.331 0.0000000000
81066  -8.051  -6.616  13.073 0.0000000000
81067  -8.585  -6.815  13.396 0.0000000000
81607  -20.514  -7.554  -32.460 0.0000000000
81608  -20.770  -7.472  -32.448 0.0000000000
81615  -19.782  -7.351  -32.853 0.0000000000
81616  -20.245  -7.347  -32.667 0.0000000000
81617  -21.094  -7.057  -32.732 0.0000000000
81618  -21.831  -6.799  -32.853 0.0000000000
81619  -22.658  -6.723  -32.847 0.0000000000
81620  -23.581  -6.655  -32.805 0.0000000000
81621  -24.454  -6.704  -32.933 0.0000000000
81629  -20.438  -6.678  -33.205 0.0000000000
81630  -21.255  -6.454  -33.281 0.0000000000
81631  -22.103  -6.369  -33.380 0.0000000000
81632  -23.001  -6.294  -33.391 0.0000000000
81633  -23.935  -6.161  -33.322 0.0000000000
81634  -25.014  -6.362  -33.552 0.0000000000
81635  -25.944  -6.582  -33.865 0.0000000000
81643  -25.532  -5.961  -34.197 0.0000000000
81644  -26.318  -6.215  -34.540 0.0000000000
82297  -4.460  -5.671  19.684 0.0000000000
82308  -4.360  -5.699  18.755 0.0000000000
82322  -4.308  -5.653  17.829 0.0000000000
82336  -4.434  -5.576  16.912 0.0000000000
82337  -4.875  -5.771  16.501 0.0000000000
82356  -4.740  -5.141  16.394 0.0000000000
82357  -5.303  -5.399  16.143 0.0000000000
82358  -6.197  -5.398  15.852 0.0000000000
82359  -7.248  -5.373  15.706 0.0000000000
82360  -8.379  -5.340  15.643 0.0000000000
82361  -9.385  -5.294  15.500 0.0000000000
82362  -10.000  -5.256  15.257 0.0000000000
82379  -10.057  -5.902  14.649 0.0000000000
82380  -10.171  -5.657  14.853 0.0000000000
82394  -8.447  -5.249  13.272 0.0000000000
82395  -9.060  -5.392  13.692 0.0000000000
82396  -9.771  -5.679  14.369 0.0000000000
82397  -10.047  -5.312  14.567 0.0000000000
82404  -7.840  -5.588  12.939 0.0000000000
82955  -21.501  -5.942  -33.871 0.0000000000
82956  -22.411  -5.880  -33.919 0.0000000000
82957  -23.320  -5.761  -33.866 0.0000000000
82958  -24.215  -5.681  -33.853 0.0000000000
82959  -24.886  -5.705  -34.088 0.0000000000
82968  -21.826  -5.418  -34.439 0.0000000000
82969  -22.759  -5.346  -34.411 0.0000000000
82970  -23.646  -5.221  -34.308 0.0000000000
82971  -24.468  -5.208  -34.338 0.0000000000
82972  -25.209  -5.322  -34.510 0.0000000000
82973  -25.789  -5.606  -34.649 0.0000000000
82979  -25.616  -5.149  -34.848 0.0000000000
82980  -26.233  -5.415  -35.172 0.0000000000
83644  -4.242  -5.041  19.185 0.0000000000
83658  -4.159  -4.831  18.383 0.0000000000
83673  -4.193  -4.673  17.423 0.0000000000
83683  -4.457  -4.519  16.592 0.0000000000
83694  -4.884  -4.520  16.021 0.0000000000
83695  -5.560  -4.522  15.735 0.0000000000
83696  -6.532  -4.415  15.573 0.0000000000
83697  -7.697  -4.368  15.566 0.0000000000
83698  -8.790  -4.338  15.491 0.0000000000
83699  -9.646  -4.360  15.222 0.0000000000
83700  -10.158  -4.831  14.993 0.0000000000
83709  -9.835  -4.199  14.734 0.0000000000
83710  -10.056  -4.901  14.608 0.0000000000
83722  -8.177  -4.745  12.997 0.0000000000
83723  -8.775  -4.511  13.378 0.0000000000
83724  -9.618  -4.413  14.052 0.0000000000
83725  -9.927  -5.068  14.408 0.0000000000
83736  -7.517  -4.430  12.696 0.0000000000
84307  -22.227  -4.871  -34.930 0.0000000000
84308  -23.145  -4.744  -34.788 0.0000000000
84309  -24.030  -4.622  -34.623 0.0000000000
84310  -24.852  -4.751  -34.700 0.0000000000
84311  -25.300  -4.927  -34.796 0.0000000000
84324  -22.672  -4.320  -35.363 0.0000000000
84325  -23.582  -4.149  -35.155 0.0000000000
84326  -24.530  -4.133  -35.062 0.0000000000
84327  -25.486  -4.560  -35.201 0.0000000000
84328  -26.249  -4.687  -35.713 0.0000000000
84999  -4.456  -4.260  19.134 0.0000000000
85003  -4.474  -3.829  18.085 0.0000000000
85004  -4.749  -3.685  18.759 0.0000000000
85007  -4.354  -3.753  17.057 0.0000000000
85009  -4.786  -3.531  16.146 0.0000000000
85010  -5.182  -2.858  15.846 0.0000000000
85012  -5.102  -3.984  15.713 0.0000000000
85013  -5.680  -3.397  15.559 0.0000000000
85014  -6.970  -3.382  15.462 0.0000000000
85015  -8.130  -3.360  15.527 0.0000000000
85016  -9.090  -3.342  15.397 0.0000000000
85017  -9.618  -3.323  14.987 0.0000000000
85019  -9.644  -3.350  14.391 0.0000000000
85023  -8.303  -3.938  12.970 0.0000000000
85024  -8.966  -3.348  13.428 0.0000000000
85025  -9.497  -3.373  13.919 0.0000000000
85033  -7.852  -3.322  12.741 0.0000000000
85034  -8.384  -3.263  13.015 0.0000000000
85604  -23.109  -3.726  -35.743 0.0000000000
85605  -24.055  -3.539  -35.565 0.0000000000
85606  -25.050  -3.689  -35.696 0.0000000000
85607  -25.868  -4.063  -35.955 0.0000000000
85608  -26.314  -4.358  -36.110 0.0000000000
85623  -23.540  -3.203  -36.230 0.0000000000
85624  -24.501  -3.131  -36.242 0.0000000000
85625  -25.549  -3.379  -36.714 0.0000000000
85626  -26.352  -4.066  -36.566 0.0000000000
85634  -25.907  -3.099  -37.359 0.0000000000
85635  -26.728  -3.579  -37.497 0.0000000000
86236  -4.776  -3.392  18.016 0.0000000000
86237  -5.166  -3.049  18.458 0.0000000000
86240  -4.749  -3.268  17.611 0.0000000000
86241  -5.178  -2.497  17.411 0.0000000000
86243  -4.766  -3.076  16.874 0.0000000000
86244  -5.182  -2.412  16.417 0.0000000000
86246  -5.566  -2.149  15.691 0.0000000000
86247  -6.382  -2.323  15.378 0.0000000000
86248  -7.462  -2.401  15.433 0.0000000000
86249  -8.499  -2.366  15.460 0.0000000000
86250  -9.269  -2.385  15.216 0.0000000000
86252  -5.968  -1.644  15.391 0.0000000000
86253  -6.380  -1.555  15.349 0.0000000000
86254  -9.515  -2.413  14.669 0.0000000000
86257  -8.956  -2.451  13.438 0.0000000000
86258  -9.415  -2.435  13.913 0.0000000000
86264  -7.509  -2.439  12.590 0.0000000000
86265  -8.395  -2.457  13.019 0.0000000000
86820  -23.930  -2.771  -36.792 0.0000000000
86821  -24.725  -2.838  -36.904 0.0000000000
86836  -23.455  -2.453  -37.386 0.0000000000
86837  -24.313  -2.455  -37.379 0.0000000000
86838  -25.286  -2.612  -37.512 0.0000000000
86839  -26.077  -2.848  -37.703 0.0000000000
86851  -25.859  -2.378  -38.007 0.0000000000
86852  -26.548  -2.712  -38.218 0.0000000000
87432  -5.678  -1.647  18.312 0.0000000000
87436  -5.436  -1.398  17.066 0.0000000000
87439  -5.426  -1.243  16.190 0.0000000000
87442  -5.699  -1.115  15.662 0.0000000000
87443  -6.945  -1.658  15.350 0.0000000000
87444  -7.768  -1.312  15.450 0.0000000000
87445  -8.853  -1.449  15.355 0.0000000000
87446  -9.379  -1.523  14.984 0.0000000000
87449  -6.120  -1.009  15.388 0.0000000000
87450  -6.660  -1.094  15.378 0.0000000000
87451  -7.107  -1.228  15.399 0.0000000000
87452  -9.443  -1.535  14.391 0.0000000000
87456  -8.897  -1.600  13.463 0.0000000000
87457  -9.352  -1.555  13.932 0.0000000000
87462  -7.996  -1.584  12.757 0.0000000000
87463  -8.432  -1.687  13.054 0.0000000000
87970  -23.853  -2.126  -37.937 0.0000000000
87971  -24.605  -2.130  -37.875 0.0000000000
87994  -23.410  -1.683  -38.406 0.0000000000
87995  -24.321  -1.679  -38.402 0.0000000000
87996  -25.235  -1.896  -38.222 0.0000000000
87997  -26.091  -1.981  -38.481 0.0000000000
87998  -26.790  -2.173  -38.737 0.0000000000
88019  -24.855  -1.399  -38.679 0.0000000000
88020  -25.547  -1.420  -38.842 0.0000000000
88021  -26.454  -1.575  -39.055 0.0000000000
88631  -5.451  -0.434  17.756 0.0000000000
88634  -4.871  0.303  16.326 0.0000000000
88635  -5.150  -0.082  16.623 0.0000000000
88638  -4.945  0.261  16.102 0.0000000000
88639  -5.330  -0.236  15.890 0.0000000000
88640  -6.892  0.047  15.367 0.0000000000
88641  -7.382  -0.209  15.433 0.0000000000
88642  -8.509  -0.376  15.389 0.0000000000
88643  -9.144  -0.814  15.185 0.0000000000
88647  -5.748  -0.329  15.512 0.0000000000
88648  -6.485  -0.217  15.341 0.0000000000
88649  -7.077  -0.819  15.396 0.0000000000
88650  -9.111  -0.160  15.115 0.0000000000
88651  -9.313  -0.662  14.716 0.0000000000
88655  -8.275  -0.093  13.284 0.0000000000
88656  -8.607  -0.449  13.453 0.0000000000
88657  -9.267  -0.726  14.059 0.0000000000
88662  -7.858  -0.382  12.925 0.0000000000
88663  -8.399  -1.128  13.069 0.0000000000
89271  -23.835  -1.248  -38.883 0.0000000000
89272  -24.431  -1.307  -38.810 0.0000000000
89307  -24.693  -0.958  -39.295 0.0000000000
89308  -25.888  -0.965  -39.468 0.0000000000
89309  -26.877  -1.138  -39.605 0.0000000000
89331  -24.181  -0.365  -40.152 0.0000000000
89332  -25.310  -0.462  -40.089 0.0000000000
89333  -26.392  -0.514  -40.092 0.0000000000
89334  -27.515  -0.796  -40.231 0.0000000000
89927  -4.570  1.072  17.995 0.0000000000
89934  -4.380  0.999  17.122 0.0000000000
89935  -4.963  0.454  17.424 0.0000000000
89944  -4.599  0.743  16.374 0.0000000000
89945  -4.770  0.541  16.851 0.0000000000
89954  -4.940  0.689  15.740 0.0000000000
89955  -5.409  0.166  15.636 0.0000000000
89956  -6.820  0.598  15.401 0.0000000000
89957  -7.935  0.639  15.496 0.0000000000
89958  -8.782  0.611  15.257 0.0000000000
89967  -5.115  1.061  15.472 0.0000000000
89968  -5.633  0.523  15.435 0.0000000000
89969  -6.216  0.443  15.331 0.0000000000
89970  -9.143  0.324  14.665 0.0000000000
89971  -9.286  -0.290  14.457 0.0000000000
89976  -8.312  0.550  13.496 0.0000000000
89977  -8.994  0.184  14.021 0.0000000000
89978  -9.224  -0.110  14.307 0.0000000000
89987  -7.716  0.526  13.154 0.0000000000
90670  -24.833  0.141  -40.683 0.0000000000
90671  -25.878  0.052  -40.648 0.0000000000
90672  -26.838  0.026  -40.643 0.0000000000
90673  -27.710  0.215  -40.943 0.0000000000
90694  -24.434  0.714  -41.240 0.0000000000
90695  -25.450  0.591  -41.199 0.0000000000
90696  -26.425  0.502  -41.140 0.0000000000
90697  -27.059  0.417  -41.067 0.0000000000
91281  -3.944  1.643  17.586 0.0000000000
91296  -3.643  1.968  16.377 0.0000000000
91297  -3.834  1.707  16.612 0.0000000000
91308  -3.748  1.927  16.173 0.0000000000
91309  -4.187  1.555  15.925 0.0000000000
91310  -5.630  1.956  15.447 0.0000000000
91311  -6.225  1.619  15.444 0.0000000000
91312  -7.329  1.578  15.514 0.0000000000
91313  -8.307  1.596  15.414 0.0000000000
91325  -4.713  1.545  15.545 0.0000000000
91326  -5.374  1.527  15.411 0.0000000000
91327  -6.029  0.932  15.343 0.0000000000
91328  -8.933  1.544  15.003 0.0000000000
91340  -8.309  1.729  13.710 0.0000000000
91341  -8.798  1.394  14.249 0.0000000000
91356  -7.618  1.451  13.266 0.0000000000
91991  -27.678  0.634  -41.236 0.0000000000
91992  -28.059  0.705  -41.294 0.0000000000
92010  -25.068  1.202  -41.635 0.0000000000
92011  -26.049  1.118  -41.579 0.0000000000
92012  -27.252  0.998  -41.432 0.0000000000
92013  -28.246  1.345  -41.668 0.0000000000
92644  -3.884  2.269  18.104 0.0000000000
92664  -3.623  2.530  16.634 0.0000000000
92665  -3.714  2.454  17.084 0.0000000000
92679  -3.633  2.287  16.399 0.0000000000
92680  -3.604  2.135  16.675 0.0000000000
92692  -3.841  2.213  15.883 0.0000000000
92693  -4.247  2.197  15.601 0.0000000000
92694  -5.836  2.316  15.482 0.0000000000
92695  -6.628  2.449  15.553 0.0000000000
92696  -7.719  2.541  15.569 0.0000000000
92697  -8.529  2.588  15.276 0.0000000000
92709  -4.747  2.229  15.455 0.0000000000
92710  -5.229  2.381  15.422 0.0000000000
92711  -8.818  2.609  14.720 0.0000000000
92724  -7.984  2.474  13.504 0.0000000000
92725  -8.565  2.758  14.013 0.0000000000
92742  -7.311  2.757  12.998 0.0000000000
93363  -24.743  1.778  -42.129 0.0000000000
93364  -25.593  1.619  -42.002 0.0000000000
93365  -26.467  1.775  -42.036 0.0000000000
93366  -27.531  2.079  -42.175 0.0000000000
93367  -28.575  2.021  -42.182 0.0000000000
93392  -25.588  2.296  -42.508 0.0000000000
93393  -26.737  2.497  -42.543 0.0000000000
93394  -27.305  2.594  -42.555 0.0000000000
93993  -4.256  3.200  18.155 0.0000000000
94004  -3.724  2.854  16.518 0.0000000000
94005  -4.096  3.452  17.028 0.0000000000
94019  -3.830  2.776  15.964 0.0000000000
94020  -4.065  3.510  16.217 0.0000000000
94031  -4.025  2.565  15.694 0.0000000000
94032  -4.482  3.074  15.571 0.0000000000
94033  -5.605  3.166  15.489 0.0000000000
94034  -6.941  3.448  15.622 0.0000000000
94035  -8.038  3.558  15.588 0.0000000000
94036  -8.664  3.624  15.127 0.0000000000
94046  -4.796  2.621  15.444 0.0000000000
94047  -4.963  2.813  15.417 0.0000000000
94048  -8.718  3.681  14.493 0.0000000000
94051  -8.035  3.673  13.475 0.0000000000
94052  -8.566  3.709  14.000 0.0000000000
94058  -7.396  3.684  13.022 0.0000000000
94615  -27.566  2.629  -42.555 0.0000000000
94616  -28.056  2.677  -42.542 0.0000000000
94617  -28.906  2.728  -42.552 0.0000000000
94642  -26.132  3.031  -43.069 0.0000000000
94643  -27.341  3.153  -42.979 0.0000000000
94644  -28.392  3.365  -42.943 0.0000000000
94645  -29.275  3.424  -42.905 0.0000000000
94676  -26.512  3.781  -43.513 0.0000000000
94677  -27.267  4.011  -43.501 0.0000000000
95286  -4.553  4.324  17.703 0.0000000000
95297  -4.409  4.402  16.706 0.0000000000
95305  -4.455  4.376  15.921 0.0000000000
95306  -5.013  4.342  15.400 0.0000000000
95307  -6.112  4.414  15.540 0.0000000000
95308  -7.318  4.519  15.662 0.0000000000
95309  -8.245  4.601  15.442 0.0000000000
95319  -8.656  4.671  14.892 0.0000000000
95327  -7.975  4.643  13.558 0.0000000000
95328  -8.492  4.721  14.084 0.0000000000
95334  -7.306  4.646  13.116 0.0000000000
95923  -27.959  3.955  -43.352 0.0000000000
95924  -28.759  4.227  -43.355 0.0000000000
95925  -29.652  4.118  -43.269 0.0000000000
95954  -26.775  4.643  -43.925 0.0000000000
95955  -27.675  4.579  -43.650 0.0000000000
95956  -28.221  4.470  -43.498 0.0000000000
96522  -4.615  5.365  17.289 0.0000000000
96531  -4.551  5.385  16.379 0.0000000000
96540  -4.766  5.401  15.738 0.0000000000
96541  -5.459  5.438  15.480 0.0000000000
96542  -6.542  5.497  15.592 0.0000000000
96543  -7.641  5.568  15.620 0.0000000000
96544  -8.378  5.645  15.281 0.0000000000
96552  -8.627  5.755  14.706 0.0000000000
96568  -7.895  5.573  13.602 0.0000000000
96569  -8.448  6.067  14.128 0.0000000000
96588  -7.249  5.751  13.200 0.0000000000
97167  -28.813  4.704  -43.479 0.0000000000
97168  -29.167  4.754  -43.448 0.0000000000
97169  -29.826  4.817  -43.434 0.0000000000
97182  -26.855  5.060  -44.191 0.0000000000
97183  -27.333  5.225  -44.122 0.0000000000
97184  -28.463  5.081  -43.695 0.0000000000
97185  -29.391  5.441  -43.679 0.0000000000
97186  -30.237  5.367  -43.715 0.0000000000
97213  -27.168  5.869  -44.647 0.0000000000
97762  -4.561  6.322  16.880 0.0000000000
97771  -4.596  6.336  16.090 0.0000000000
97782  -4.954  6.407  15.554 0.0000000000
97783  -5.814  6.473  15.499 0.0000000000
97784  -6.921  6.537  15.639 0.0000000000
97785  -7.904  6.602  15.546 0.0000000000
97786  -8.466  6.673  15.126 0.0000000000
97801  -8.543  6.758  14.573 0.0000000000
97822  -8.109  6.818  13.733 0.0000000000
97823  -8.445  6.809  14.167 0.0000000000
97845  -7.533  6.423  13.361 0.0000000000
98443  -27.948  5.929  -44.407 0.0000000000
98444  -28.848  6.097  -44.206 0.0000000000
98445  -29.673  6.275  -44.032 0.0000000000
98446  -30.335  6.226  -44.250 0.0000000000
98466  -27.471  6.585  -44.947 0.0000000000
98467  -30.549  6.401  -44.773 0.0000000000
99061  -4.524  7.101  16.519 0.0000000000
99077  -4.629  7.311  15.899 0.0000000000
99078  -5.177  7.425  15.438 0.0000000000
99079  -6.159  7.504  15.527 0.0000000000
99080  -7.258  7.568  15.625 0.0000000000
99081  -8.113  7.625  15.425 0.0000000000
99097  -8.509  7.668  14.927 0.0000000000
99110  -8.029  7.816  13.704 0.0000000000
99111  -8.390  7.615  14.251 0.0000000000
99131  -7.439  7.455  13.282 0.0000000000
99713  -28.278  6.777  -44.743 0.0000000000
99714  -29.116  7.085  -44.629 0.0000000000
99715  -29.908  7.076  -44.351 0.0000000000
99716  -30.350  6.965  -44.632 0.0000000000
99733  -26.962  7.259  -45.376 0.0000000000
99734  -27.749  7.399  -45.192 0.0000000000
99735  -28.409  7.543  -45.054 0.0000000000
99736  -30.561  6.856  -45.179 0.0000000000
99737  -30.944  6.841  -45.858 0.0000000000
99760  -26.484  7.463  -45.583 0.0000000000
99761  -31.777  7.219  -46.498 0.0000000000
99781  -32.225  7.902  -46.777 0.0000000000
99782  -32.781  7.750  -46.791 0.0000000000
100324  -5.464  8.476  15.455 0.0000000000
100325  -6.518  8.543  15.587 0.0000000000
100326  -7.565  8.597  15.588 0.0000000000
100327  -8.269  8.646  15.248 0.0000000000
100336  -8.429  8.695  14.658 0.0000000000
100344  -7.685  8.423  13.473 0.0000000000
100345  -8.184  8.791  13.945 0.0000000000
100920  -29.560  7.678  -44.803 0.0000000000
100921  -30.123  7.600  -44.812 0.0000000000
100922  -30.374  7.279  -44.985 0.0000000000
100935  -27.318  7.907  -45.402 0.0000000000
100936  -27.896  8.322  -45.347 0.0000000000
100937  -28.870  8.107  -45.174 0.0000000000
100938  -29.642  8.324  -45.339 0.0000000000
100939  -30.411  7.571  -45.624 0.0000000000
100940  -30.885  7.276  -46.202 0.0000000000
100959  -26.659  8.087  -45.686 0.0000000000
100960  -27.283  8.355  -45.491 0.0000000000
100961  -29.606  8.688  -45.847 0.0000000000
100962  -30.027  8.370  -46.094 0.0000000000
100963  -30.686  7.792  -46.786 0.0000000000
100978  -31.753  8.243  -46.901 0.0000000000
100979  -32.636  8.442  -46.977 0.0000000000
100980  -33.656  8.336  -46.889 0.0000000000
101599  -7.633  9.420  13.452 0.0000000000
102205  -27.829  9.062  -45.456 0.0000000000
102206  -28.385  8.985  -45.407 0.0000000000
102207  -28.963  8.771  -45.403 0.0000000000
102224  -26.368  8.885  -46.090 0.0000000000
102225  -27.234  8.976  -45.656 0.0000000000
102226  -28.720  9.133  -45.610 0.0000000000
102227  -29.141  9.034  -45.821 0.0000000000
102228  -29.463  8.802  -46.362 0.0000000000
102229  -29.774  8.410  -46.988 0.0000000000
102241  -31.118  8.793  -47.564 0.0000000000
102242  -32.127  9.131  -47.417 0.0000000000
102243  -33.264  9.219  -47.442 0.0000000000
102244  -34.471  9.329  -46.996 0.0000000000
103462  -27.658  9.337  -45.629 0.0000000000
103463  -27.969  9.434  -45.575 0.0000000000
103477  -26.691  9.628  -46.187 0.0000000000
103478  -27.545  9.738  -45.966 0.0000000000
103479  -28.376  9.523  -46.065 0.0000000000
103480  -28.861  9.340  -46.667 0.0000000000
103481  -29.544  9.225  -47.008 0.0000000000
103482  -30.414  8.775  -47.092 0.0000000000
103492  -27.001  10.383  -46.628 0.0000000000
103493  -27.867  10.240  -46.784 0.0000000000
103494  -28.540  10.094  -47.092 0.0000000000
103495  -28.940  10.208  -47.707 0.0000000000
103496  -30.044  10.090  -47.872 0.0000000000
103497  -31.351  10.071  -47.733 0.0000000000
103498  -32.677  10.084  -47.751 0.0000000000
103499  -33.900  10.394  -47.745 0.0000000000
103500  -35.023  10.679  -46.985 0.0000000000
103510  -32.329  10.834  -47.906 0.0000000000
103511  -33.097  10.951  -47.956 0.0000000000
103512  -33.799  11.269  -47.941 0.0000000000
104749  -27.425  10.837  -47.473 0.0000000000
104750  -28.262  10.634  -47.715 0.0000000000
104751  -29.004  10.616  -47.880 0.0000000000
104752  -29.400  10.604  -48.191 0.0000000000
104753  -30.757  11.098  -47.769 0.0000000000
104754  -31.758  11.419  -48.004 0.0000000000
104755  -34.574  11.627  -47.733 0.0000000000
104756  -35.370  11.643  -46.970 0.0000000000
104767  -26.915  11.600  -47.772 0.0000000000
104768  -27.851  11.498  -47.930 0.0000000000
104769  -29.160  11.143  -48.018 0.0000000000
104770  -29.872  11.149  -48.019 0.0000000000
104771  -30.045  11.002  -48.211 0.0000000000
104772  -32.671  11.588  -48.178 0.0000000000
104773  -33.440  11.669  -48.145 0.0000000000
104774  -33.928  11.708  -47.971 0.0000000000
105920  -30.881  12.250  -48.565 0.0000000000
105921  -31.382  12.140  -48.397 0.0000000000
105922  -34.655  12.823  -47.793 0.0000000000
105923  -35.292  12.476  -47.127 0.0000000000
105933  -27.734  12.283  -48.683 0.0000000000
105934  -28.939  12.056  -48.873 0.0000000000
105935  -29.845  12.042  -48.906 0.0000000000
105936  -30.509  12.215  -49.046 0.0000000000
105937  -32.248  12.268  -48.522 0.0000000000
105938  -33.209  12.297  -48.528 0.0000000000
105939  -33.914  12.224  -48.048 0.0000000000
106998  -28.274  14.117  -48.243 0.0000000000
106999  -29.105  14.059  -48.388 0.0000000000
107000  -29.570  14.055  -48.475 0.0000000000
107001  -31.070  12.675  -48.737 0.0000000000
107002  -31.231  12.507  -48.659 0.0000000000
107003  -34.512  13.938  -47.709 0.0000000000
107004  -35.160  13.508  -46.956 0.0000000000
107013  -27.565  13.243  -48.579 0.0000000000
107014  -28.470  13.187  -48.758 0.0000000000
107015  -29.583  13.343  -48.794 0.0000000000
107016  -30.667  12.948  -48.770 0.0000000000
107017  -31.657  13.021  -48.748 0.0000000000
107018  -32.874  13.199  -48.753 0.0000000000
107019  -33.867  13.120  -48.346 0.0000000000
108145  -33.332  15.372  -43.915 0.0000000000
108154  -33.386  15.592  -44.527 0.0000000000
108155  -33.978  15.380  -44.679 0.0000000000
108164  -34.233  15.383  -46.045 0.0000000000
108165  -34.878  14.817  -45.339 0.0000000000
108170  -28.133  15.105  -47.967 0.0000000000
108171  -28.967  14.981  -47.947 0.0000000000
108172  -29.813  14.762  -48.242 0.0000000000
108173  -30.347  14.970  -48.287 0.0000000000
108174  -34.051  14.950  -47.303 0.0000000000
108175  -34.870  14.561  -46.616 0.0000000000
108181  -27.414  14.282  -48.279 0.0000000000
108182  -29.838  14.108  -48.514 0.0000000000
108183  -30.416  14.309  -48.518 0.0000000000
108184  -31.389  14.172  -48.663 0.0000000000
108185  -32.479  14.250  -48.709 0.0000000000
108186  -33.577  14.191  -48.310 0.0000000000
109400  -32.812  15.746  -43.532 0.0000000000
109404  -31.903  16.070  -45.414 0.0000000000
109405  -32.853  15.796  -44.751 0.0000000000
109406  -33.413  15.660  -44.846 0.0000000000
109412  -31.790  16.075  -46.560 0.0000000000
109413  -32.636  15.938  -46.005 0.0000000000
109414  -33.440  15.735  -45.493 0.0000000000
109422  -28.096  15.669  -48.176 0.0000000000
109423  -28.709  16.050  -48.237 0.0000000000
109424  -29.689  15.906  -48.054 0.0000000000
109425  -30.577  15.657  -47.971 0.0000000000
109426  -31.543  15.847  -47.664 0.0000000000
109427  -32.463  15.845  -47.254 0.0000000000
109428  -33.398  15.703  -46.709 0.0000000000
109438  -28.080  15.992  -48.289 0.0000000000
109439  -30.609  15.041  -48.319 0.0000000000
109440  -31.100  15.118  -48.363 0.0000000000
109441  -32.054  15.234  -48.301 0.0000000000
109442  -33.062  15.129  -47.856 0.0000000000
110527  -32.730  16.507  -43.141 0.0000000000
110535  -30.902  17.058  -45.727 0.0000000000
110536  -31.426  16.769  -45.162 0.0000000000
110537  -32.328  16.564  -44.394 0.0000000000
110541  -30.700  16.992  -46.458 0.0000000000
110542  -31.268  16.527  -46.042 0.0000000000
110546  -28.864  17.131  -48.264 0.0000000000
110547  -29.535  16.985  -47.927 0.0000000000
110548  -30.293  16.793  -47.350 0.0000000000
110549  -31.090  16.415  -47.061 0.0000000000
110558  -28.040  16.700  -48.434 0.0000000000
111659  -30.988  17.414  -45.186 0.0000000000
111660  -31.717  17.499  -44.576 0.0000000000
111661  -32.513  17.562  -43.776 0.0000000000
111671  -29.954  18.111  -46.355 0.0000000000
111672  -30.364  17.804  -45.944 0.0000000000
111676  -29.182  17.762  -47.719 0.0000000000
111677  -29.797  17.874  -46.921 0.0000000000
111678  -30.311  17.386  -46.683 0.0000000000
111685  -28.492  17.966  -48.115 0.0000000000
112906  -31.029  18.244  -44.911 0.0000000000
112907  -32.106  18.601  -43.993 0.0000000000
112908  -32.463  18.134  -43.732 0.0000000000
112921  -29.156  18.971  -46.407 0.0000000000
112922  -29.702  18.614  -46.230 0.0000000000
112923  -30.464  18.824  -45.430 0.0000000000
112935  -28.224  18.868  -47.260 0.0000000000
112936  -29.000  18.627  -47.057 0.0000000000
112937  -29.466  18.375  -46.704 0.0000000000
112944  -28.402  18.586  -47.609 0.0000000000
114057  -30.945  20.037  -45.478 0.0000000000
114058  -31.176  19.493  -44.935 0.0000000000
114059  -31.991  19.771  -43.961 0.0000000000
114068  -29.199  20.080  -46.501 0.0000000000
114069  -29.421  19.576  -46.252 0.0000000000
114070  -30.373  19.555  -45.675 0.0000000000
114071  -30.661  19.280  -45.353 0.0000000000
114084  -27.968  20.077  -47.283 0.0000000000
114085  -28.477  19.609  -46.903 0.0000000000
114086  -28.919  19.178  -46.569 0.0000000000
114099  -27.862  19.141  -47.396 0.0000000000
115239  -30.675  20.958  -46.234 0.0000000000
115240  -30.796  20.553  -45.889 0.0000000000
115241  -31.344  20.577  -45.256 0.0000000000
115242  -31.882  20.533  -44.458 0.0000000000
115250  -29.192  20.511  -46.770 0.0000000000
115251  -29.995  20.495  -46.398 0.0000000000
115252  -30.118  20.050  -46.040 0.0000000000
115265  -27.861  20.532  -47.569 0.0000000000
115266  -28.509  20.546  -47.097 0.0000000000
116462  -30.613  21.298  -46.472 0.0000000000
116463  -31.176  21.421  -46.029 0.0000000000
116464  -31.448  21.360  -45.577 0.0000000000
116465  -31.713  21.390  -45.004 0.0000000000
116467  -29.280  21.065  -47.131 0.0000000000
116468  -29.918  21.032  -46.879 0.0000000000
116469  -31.579  21.587  -45.497 0.0000000000
116470  -31.654  21.700  -45.336 0.0000000000
116477  -28.593  21.159  -47.427 0.0000000000
117681  -30.518  22.656  -44.947 0.0000000000
117682  -30.961  22.574  -44.389 0.0000000000
117683  -31.939  22.001  -44.381 0.0000000000
117687  -30.030  22.004  -47.329 0.0000000000
117688  -30.311  21.799  -46.933 0.0000000000
117689  -30.958  22.257  -45.804 0.0000000000
117690  -31.489  22.001  -45.340 0.0000000000
117691  -31.628  21.794  -45.208 0.0000000000
117694  -29.527  21.685  -47.360 0.0000000000
117695  -29.831  21.332  -47.188 0.0000000000
117696  -31.535  21.840  -45.498 0.0000000000
117697  -31.679  21.817  -45.497 0.0000000000
117703  -28.577  21.802  -47.605 0.0000000000
118912  -30.250  22.848  -45.440 0.0000000000
118913  -30.089  23.088  -44.322 0.0000000000
118922  -29.825  22.092  -47.422 0.0000000000
118923  -30.162  22.450  -47.295 0.0000000000
118924  -30.487  22.616  -46.411 0.0000000000
118927  -29.426  22.236  -47.536 0.0000000000
118928  -29.702  22.762  -47.748 0.0000000000
118931  -28.532  22.508  -48.002 0.0000000000
118932  -29.366  23.087  -48.213 0.0000000000
118933  -29.853  23.421  -48.432 0.0000000000
118934  -30.372  23.655  -48.494 0.0000000000
118938  -28.418  22.942  -48.616 0.0000000000
118939  -29.142  23.346  -48.768 0.0000000000
118940  -29.947  23.779  -48.788 0.0000000000
118941  -30.562  23.928  -48.573 0.0000000000
118947  -29.055  23.790  -49.258 0.0000000000
118948  -29.714  23.958  -49.080 0.0000000000
120148  -30.242  23.252  -46.054 0.0000000000
120149  -30.189  23.713  -45.120 0.0000000000
120163  -30.316  22.971  -47.570 0.0000000000
120164  -30.523  23.193  -46.946 0.0000000000
120165  -30.493  23.906  -46.172 0.0000000000
120166  -30.864  24.422  -45.238 0.0000000000
120172  -30.085  23.098  -47.935 0.0000000000
120173  -30.606  23.340  -47.686 0.0000000000
120174  -30.924  23.773  -47.123 0.0000000000
120175  -31.200  24.330  -46.400 0.0000000000
120176  -31.837  24.885  -45.751 0.0000000000
120179  -29.906  23.223  -48.181 0.0000000000
120180  -30.340  23.385  -48.197 0.0000000000
120181  -30.829  23.755  -48.075 0.0000000000
120182  -31.344  24.144  -47.494 0.0000000000
120183  -31.864  24.621  -46.912 0.0000000000
120185  -30.060  24.040  -48.946 0.0000000000
120186  -30.684  24.218  -48.520 0.0000000000
120187  -31.500  24.762  -47.967 0.0000000000
120192  -29.064  24.169  -49.470 0.0000000000
120193  -29.762  24.373  -49.212 0.0000000000
120194  -30.743  24.886  -48.778 0.0000000000
121257  -30.112  25.153  -49.308 0.0000000000
165906  -16.999  -16.435  -22.802 0.0000000000
165909  -16.694  -16.018  -23.314 0.0000000000
