#!ascii label  , from subject colin27_FS vox2ras=TkReg
779
121266  8.343  26.106  -29.784 0.0000000000
121290  8.891  26.005  -30.371 0.0000000000
121291  8.410  26.364  -30.429 0.0000000000
121317  9.482  26.232  -30.912 0.0000000000
121318  8.796  26.416  -30.813 0.0000000000
121319  8.452  26.516  -30.745 0.0000000000
122251  7.176  26.404  -27.367 0.0000000000
122252  6.770  26.780  -26.797 0.0000000000
122260  7.567  26.414  -28.269 0.0000000000
122272  7.845  26.614  -29.157 0.0000000000
122289  8.222  27.112  -30.571 0.0000000000
122290  8.068  26.849  -30.049 0.0000000000
122309  10.906  26.550  -31.596 0.0000000000
122310  10.081  26.659  -31.420 0.0000000000
122311  9.266  26.853  -31.241 0.0000000000
122312  8.582  26.936  -30.936 0.0000000000
122313  8.284  26.683  -30.592 0.0000000000
122334  13.073  26.809  -32.210 0.0000000000
122335  12.213  26.840  -32.095 0.0000000000
122336  11.560  26.679  -31.856 0.0000000000
123243  6.399  27.242  -26.529 0.0000000000
123249  7.183  27.099  -27.872 0.0000000000
123250  6.752  27.449  -27.238 0.0000000000
123256  7.410  27.336  -28.547 0.0000000000
123268  7.694  27.582  -29.379 0.0000000000
123285  8.405  27.587  -30.843 0.0000000000
123286  8.042  27.800  -30.233 0.0000000000
123301  11.170  26.933  -31.905 0.0000000000
123302  10.667  27.115  -31.847 0.0000000000
123303  9.845  27.364  -31.698 0.0000000000
123304  8.998  27.835  -31.441 0.0000000000
123326  14.576  27.349  -32.673 0.0000000000
123327  13.611  27.428  -32.611 0.0000000000
123328  12.638  27.533  -32.493 0.0000000000
123329  11.502  27.486  -32.220 0.0000000000
123330  10.473  27.851  -32.110 0.0000000000
123331  9.671  28.083  -31.949 0.0000000000
123332  9.259  28.261  -31.859 0.0000000000
124238  5.979  27.481  -26.180 0.0000000000
124239  5.500  27.941  -25.962 0.0000000000
124240  4.766  28.802  -25.543 0.0000000000
124241  4.310  29.312  -25.167 0.0000000000
124245  6.130  27.968  -26.662 0.0000000000
124246  5.602  28.888  -26.574 0.0000000000
124247  5.084  29.245  -26.191 0.0000000000
124252  7.020  27.821  -27.963 0.0000000000
124253  6.514  28.683  -27.535 0.0000000000
124254  5.995  29.211  -27.141 0.0000000000
124261  7.252  28.490  -28.614 0.0000000000
124262  6.923  29.061  -28.163 0.0000000000
124269  7.734  28.514  -29.582 0.0000000000
124282  8.399  28.495  -30.845 0.0000000000
124283  8.027  28.683  -30.181 0.0000000000
124297  8.781  28.728  -31.481 0.0000000000
124316  18.007  27.937  -33.135 0.0000000000
124317  16.985  27.883  -33.162 0.0000000000
124318  15.983  27.886  -33.154 0.0000000000
124319  15.014  27.926  -33.111 0.0000000000
124320  14.071  28.028  -33.045 0.0000000000
124321  13.162  28.168  -32.926 0.0000000000
124322  12.170  28.526  -32.828 0.0000000000
124323  11.044  28.509  -32.519 0.0000000000
124324  10.138  28.637  -32.325 0.0000000000
124325  9.453  28.704  -32.088 0.0000000000
124326  9.069  28.555  -31.799 0.0000000000
124334  18.219  28.585  -33.635 0.0000000000
124335  17.231  28.457  -33.694 0.0000000000
124336  16.264  28.423  -33.694 0.0000000000
124337  15.307  28.446  -33.626 0.0000000000
124338  14.433  28.499  -33.506 0.0000000000
124339  13.509  28.765  -33.452 0.0000000000
124340  12.876  28.686  -33.139 0.0000000000
124347  18.305  29.159  -33.991 0.0000000000
124348  17.262  29.086  -34.252 0.0000000000
124349  16.455  28.874  -34.210 0.0000000000
124350  15.457  29.014  -34.263 0.0000000000
124351  14.570  28.921  -33.977 0.0000000000
124352  14.046  28.880  -33.775 0.0000000000
124357  16.739  29.365  -34.614 0.0000000000
124358  16.391  29.256  -34.571 0.0000000000
124359  15.971  29.152  -34.504 0.0000000000
125202  4.425  29.744  -25.469 0.0000000000
125203  4.086  29.767  -24.883 0.0000000000
125206  5.273  29.639  -26.537 0.0000000000
125207  4.847  29.706  -26.040 0.0000000000
125212  6.236  29.674  -27.442 0.0000000000
125213  5.701  29.637  -26.954 0.0000000000
125219  7.185  29.515  -28.498 0.0000000000
125220  6.765  29.576  -27.971 0.0000000000
125227  7.917  29.750  -29.692 0.0000000000
125228  7.612  29.430  -29.189 0.0000000000
125240  8.178  29.515  -30.343 0.0000000000
125241  7.886  29.171  -29.809 0.0000000000
125253  8.572  29.490  -31.216 0.0000000000
125269  12.022  29.265  -33.115 0.0000000000
125270  11.423  29.206  -32.922 0.0000000000
125271  10.568  29.283  -32.742 0.0000000000
125272  9.740  29.414  -32.484 0.0000000000
125273  9.055  29.381  -31.949 0.0000000000
125285  13.150  29.241  -33.715 0.0000000000
125286  12.615  29.197  -33.376 0.0000000000
125295  18.385  30.475  -33.984 0.0000000000
125296  15.000  29.442  -34.601 0.0000000000
125297  14.487  29.394  -34.426 0.0000000000
125298  13.661  29.325  -34.052 0.0000000000
125299  12.820  29.594  -33.879 0.0000000000
125306  16.917  29.603  -34.558 0.0000000000
125307  16.283  29.661  -34.697 0.0000000000
125308  15.507  29.602  -34.668 0.0000000000
125309  14.540  29.847  -34.700 0.0000000000
125310  11.287  30.476  -35.738 0.0000000000
125311  11.097  30.351  -35.801 0.0000000000
126260  3.885  30.497  -24.505 0.0000000000
126262  4.637  30.466  -25.833 0.0000000000
126263  4.216  30.483  -25.194 0.0000000000
126265  5.449  30.024  -26.807 0.0000000000
126266  5.172  30.404  -26.518 0.0000000000
126268  7.169  31.040  -28.206 0.0000000000
126269  6.717  30.538  -27.869 0.0000000000
126270  5.804  30.453  -27.098 0.0000000000
126271  5.440  30.781  -26.813 0.0000000000
126276  6.614  31.505  -29.610 0.0000000000
126277  6.432  31.279  -29.328 0.0000000000
126278  7.048  30.032  -28.275 0.0000000000
126284  6.804  31.496  -29.843 0.0000000000
126285  7.796  30.071  -29.345 0.0000000000
126294  8.424  30.483  -30.825 0.0000000000
126307  8.759  30.398  -31.736 0.0000000000
126323  12.144  29.513  -33.316 0.0000000000
126324  11.728  29.639  -33.279 0.0000000000
126325  9.727  30.162  -35.841 0.0000000000
126326  9.237  30.480  -35.722 0.0000000000
126327  8.760  30.830  -35.432 0.0000000000
126345  17.627  31.261  -33.219 0.0000000000
126346  12.195  29.716  -33.596 0.0000000000
126347  10.060  30.232  -35.980 0.0000000000
126348  9.551  30.319  -35.953 0.0000000000
126349  8.835  30.763  -35.714 0.0000000000
126350  8.622  30.994  -35.373 0.0000000000
126361  17.938  30.848  -33.642 0.0000000000
126362  15.830  30.748  -34.302 0.0000000000
126363  15.123  30.764  -34.505 0.0000000000
126364  10.666  30.400  -35.888 0.0000000000
126365  10.259  30.395  -36.018 0.0000000000
126366  9.556  30.792  -35.938 0.0000000000
126367  8.795  31.447  -35.993 0.0000000000
126374  18.110  30.582  -33.885 0.0000000000
126375  16.417  30.096  -34.559 0.0000000000
126376  15.645  30.204  -34.654 0.0000000000
126377  14.713  30.419  -34.689 0.0000000000
126378  11.379  30.701  -35.712 0.0000000000
126379  11.035  30.575  -35.747 0.0000000000
126380  10.383  30.950  -35.738 0.0000000000
126381  9.658  31.491  -35.638 0.0000000000
127313  3.828  31.341  -24.227 0.0000000000
127315  4.500  31.336  -25.419 0.0000000000
127316  4.078  31.106  -24.847 0.0000000000
127318  5.900  31.999  -26.767 0.0000000000
127319  5.377  31.625  -26.427 0.0000000000
127320  4.963  31.141  -26.142 0.0000000000
127323  6.953  31.675  -27.859 0.0000000000
127324  6.258  31.395  -27.302 0.0000000000
127325  5.655  31.215  -26.868 0.0000000000
127326  5.285  31.039  -26.597 0.0000000000
127330  6.865  31.973  -29.796 0.0000000000
127331  6.623  31.740  -29.417 0.0000000000
127332  6.392  31.534  -29.060 0.0000000000
127337  7.168  32.022  -30.202 0.0000000000
127338  7.039  31.931  -29.922 0.0000000000
127344  7.526  32.139  -30.447 0.0000000000
127355  8.587  31.388  -31.422 0.0000000000
127372  17.211  32.133  -32.474 0.0000000000
127373  16.988  32.240  -32.441 0.0000000000
127374  8.828  31.192  -32.233 0.0000000000
127393  17.804  31.488  -32.910 0.0000000000
127394  17.276  31.737  -32.767 0.0000000000
127395  14.596  31.818  -33.777 0.0000000000
127396  8.518  31.165  -35.434 0.0000000000
127397  8.457  31.610  -34.944 0.0000000000
127410  15.163  31.114  -34.236 0.0000000000
127411  14.287  31.331  -34.282 0.0000000000
127412  11.527  31.965  -34.976 0.0000000000
127413  11.141  32.054  -34.880 0.0000000000
127414  10.584  32.319  -34.760 0.0000000000
127415  10.208  32.563  -34.695 0.0000000000
127416  8.495  31.168  -35.693 0.0000000000
127425  14.052  30.792  -34.677 0.0000000000
127426  11.359  31.072  -35.536 0.0000000000
127427  11.068  31.330  -35.421 0.0000000000
127428  10.485  31.685  -35.298 0.0000000000
128288  3.925  32.986  -23.733 0.0000000000
128292  4.773  33.093  -24.870 0.0000000000
128293  4.308  32.832  -24.390 0.0000000000
128294  3.878  32.217  -23.991 0.0000000000
128297  5.679  33.105  -25.933 0.0000000000
128298  5.195  32.897  -25.484 0.0000000000
128299  4.654  32.323  -25.136 0.0000000000
128300  4.182  31.860  -24.700 0.0000000000
128304  6.025  32.875  -26.483 0.0000000000
128305  5.540  32.398  -26.165 0.0000000000
128306  5.025  31.952  -25.823 0.0000000000
128310  7.010  32.381  -27.772 0.0000000000
128311  6.557  32.541  -27.254 0.0000000000
128315  6.971  32.158  -29.830 0.0000000000
128316  7.002  32.264  -29.609 0.0000000000
128317  6.733  32.091  -29.100 0.0000000000
128318  7.036  32.914  -27.727 0.0000000000
128322  6.978  31.988  -30.018 0.0000000000
128323  7.270  32.334  -29.997 0.0000000000
128327  7.685  32.593  -30.493 0.0000000000
128337  16.579  33.288  -31.758 0.0000000000
128338  8.248  32.863  -31.421 0.0000000000
128349  16.806  32.866  -32.003 0.0000000000
128350  14.864  32.741  -32.685 0.0000000000
128351  14.188  32.848  -32.834 0.0000000000
128352  8.588  32.833  -33.329 0.0000000000
128361  15.249  32.274  -33.016 0.0000000000
128362  14.574  32.278  -33.299 0.0000000000
128363  12.370  33.248  -33.415 0.0000000000
128364  12.063  33.113  -33.768 0.0000000000
128365  11.629  33.081  -33.866 0.0000000000
128366  11.110  33.124  -33.833 0.0000000000
128367  8.667  32.680  -34.626 0.0000000000
128377  14.091  32.039  -33.755 0.0000000000
128378  11.976  32.749  -34.212 0.0000000000
128379  11.653  32.634  -34.418 0.0000000000
128380  11.150  32.632  -34.302 0.0000000000
128381  10.483  32.999  -34.261 0.0000000000
128388  9.878  32.813  -34.602 0.0000000000
129160  4.278  35.516  -23.214 0.0000000000
129161  4.083  35.532  -22.966 0.0000000000
129164  5.075  33.764  -24.934 0.0000000000
129165  4.606  33.721  -24.379 0.0000000000
129170  5.986  33.711  -26.076 0.0000000000
129171  5.549  33.746  -25.503 0.0000000000
129176  6.408  33.597  -26.726 0.0000000000
129180  6.851  33.597  -27.382 0.0000000000
129184  7.510  32.897  -29.878 0.0000000000
129185  7.358  32.776  -29.565 0.0000000000
129186  7.301  33.653  -27.987 0.0000000000
129190  7.830  33.227  -30.343 0.0000000000
129194  8.253  33.423  -31.094 0.0000000000
129204  16.089  34.043  -31.455 0.0000000000
129205  14.576  34.191  -31.470 0.0000000000
129206  13.583  34.095  -31.671 0.0000000000
129207  12.884  34.083  -31.924 0.0000000000
129208  8.477  33.537  -32.239 0.0000000000
129217  15.105  33.169  -32.219 0.0000000000
129218  13.684  33.899  -31.802 0.0000000000
129219  12.903  33.754  -32.438 0.0000000000
129220  12.330  33.892  -32.537 0.0000000000
129221  11.741  33.894  -32.870 0.0000000000
129222  11.197  33.972  -33.031 0.0000000000
129223  8.639  33.539  -33.418 0.0000000000
129233  12.371  33.467  -33.114 0.0000000000
129234  11.985  33.495  -33.296 0.0000000000
129235  11.433  33.513  -33.398 0.0000000000
129236  10.683  33.718  -33.552 0.0000000000
130043  4.004  35.748  -22.773 0.0000000000
130046  4.534  35.732  -23.485 0.0000000000
130047  4.269  35.694  -23.143 0.0000000000
130055  5.570  36.173  -24.765 0.0000000000
130056  5.020  35.978  -24.076 0.0000000000
130062  6.365  36.382  -25.884 0.0000000000
130063  6.012  36.299  -25.374 0.0000000000
130067  6.702  34.435  -26.961 0.0000000000
130071  7.658  36.271  -27.973 0.0000000000
130072  7.479  36.321  -27.673 0.0000000000
130076  8.032  34.003  -30.002 0.0000000000
130077  7.536  34.490  -28.315 0.0000000000
130078  7.309  34.214  -27.986 0.0000000000
130083  8.291  34.218  -30.743 0.0000000000
130089  14.560  35.185  -30.708 0.0000000000
130090  13.596  35.046  -30.765 0.0000000000
130091  12.769  34.949  -30.962 0.0000000000
130092  8.385  34.332  -31.667 0.0000000000
130099  15.232  34.650  -31.115 0.0000000000
130100  14.147  34.556  -31.157 0.0000000000
130101  13.229  34.489  -31.345 0.0000000000
130102  12.287  34.504  -31.662 0.0000000000
130103  11.585  34.615  -31.977 0.0000000000
130104  11.030  34.836  -32.249 0.0000000000
130105  8.509  34.352  -32.646 0.0000000000
130114  11.888  34.221  -32.323 0.0000000000
130115  11.370  34.331  -32.550 0.0000000000
130116  10.652  34.554  -32.866 0.0000000000
130117  10.108  34.734  -33.125 0.0000000000
130118  8.678  34.333  -33.412 0.0000000000
130127  10.259  34.309  -33.382 0.0000000000
131061  3.839  36.266  -22.439 0.0000000000
131066  4.470  36.431  -23.222 0.0000000000
131067  4.247  36.155  -22.935 0.0000000000
131075  4.620  36.084  -23.509 0.0000000000
131076  4.368  35.905  -23.188 0.0000000000
131085  5.431  36.351  -24.510 0.0000000000
131086  5.030  36.170  -24.021 0.0000000000
131090  6.313  36.567  -25.740 0.0000000000
131091  5.830  36.362  -25.113 0.0000000000
131095  7.181  36.737  -27.193 0.0000000000
131096  6.734  36.550  -26.533 0.0000000000
131100  7.586  36.471  -27.843 0.0000000000
131101  7.227  36.450  -27.302 0.0000000000
131104  8.231  35.828  -29.440 0.0000000000
131105  7.865  36.243  -28.447 0.0000000000
131109  8.402  35.275  -30.387 0.0000000000
131115  13.883  35.848  -30.404 0.0000000000
131116  12.887  35.663  -30.471 0.0000000000
131117  11.831  35.424  -30.947 0.0000000000
131118  10.851  35.909  -31.325 0.0000000000
131119  10.343  36.192  -31.583 0.0000000000
131120  8.301  35.183  -31.250 0.0000000000
131127  11.726  34.887  -31.532 0.0000000000
131128  11.217  35.185  -31.683 0.0000000000
131129  10.302  35.585  -32.239 0.0000000000
131130  9.684  35.869  -32.699 0.0000000000
131131  8.200  35.328  -32.191 0.0000000000
131132  7.945  35.927  -32.514 0.0000000000
131138  10.197  35.047  -32.845 0.0000000000
131139  8.421  35.066  -32.965 0.0000000000
131140  8.096  35.707  -32.896 0.0000000000
131146  8.550  35.237  -33.436 0.0000000000
131147  8.291  35.519  -33.195 0.0000000000
131996  4.355  36.972  -22.964 0.0000000000
131997  4.002  36.757  -22.545 0.0000000000
132007  5.146  37.236  -23.961 0.0000000000
132008  4.718  36.751  -23.508 0.0000000000
132014  5.523  36.969  -24.539 0.0000000000
132015  5.088  36.534  -23.990 0.0000000000
132019  6.414  37.175  -25.792 0.0000000000
132020  5.934  36.752  -25.124 0.0000000000
132023  7.137  37.332  -27.215 0.0000000000
132024  6.759  36.944  -26.496 0.0000000000
132028  7.598  37.035  -27.906 0.0000000000
132031  8.180  36.721  -29.415 0.0000000000
132032  7.937  36.596  -28.625 0.0000000000
132036  8.330  36.288  -30.107 0.0000000000
132043  13.136  36.645  -30.274 0.0000000000
132044  12.123  36.514  -30.383 0.0000000000
132045  11.155  36.545  -30.697 0.0000000000
132046  10.401  36.694  -31.170 0.0000000000
132047  8.171  36.200  -31.014 0.0000000000
132048  7.857  36.744  -31.409 0.0000000000
132055  9.860  36.592  -31.744 0.0000000000
132056  9.531  36.441  -32.477 0.0000000000
132057  8.128  35.763  -31.607 0.0000000000
132058  7.830  36.340  -32.010 0.0000000000
132064  9.301  36.212  -33.050 0.0000000000
132065  7.734  36.373  -32.896 0.0000000000
132070  7.997  36.138  -33.568 0.0000000000
132076  8.003  36.417  -34.119 0.0000000000
132882  4.430  37.976  -22.811 0.0000000000
132883  4.055  37.538  -22.377 0.0000000000
132891  5.145  38.098  -23.936 0.0000000000
132892  4.740  37.553  -23.423 0.0000000000
132895  5.578  37.769  -24.517 0.0000000000
132899  6.477  38.004  -25.845 0.0000000000
132900  6.026  37.462  -25.131 0.0000000000
132903  6.994  38.050  -27.304 0.0000000000
132904  6.763  37.645  -26.568 0.0000000000
132908  7.432  37.807  -27.952 0.0000000000
132911  8.067  37.192  -29.559 0.0000000000
132912  7.839  37.450  -28.931 0.0000000000
132916  8.225  36.995  -30.049 0.0000000000
132917  7.856  37.585  -29.925 0.0000000000
132927  8.170  36.681  -30.491 0.0000000000
132928  7.847  37.217  -30.854 0.0000000000
132937  7.552  37.182  -31.771 0.0000000000
132945  7.278  37.255  -32.681 0.0000000000
132951  7.447  36.969  -33.608 0.0000000000
133758  4.524  38.987  -22.706 0.0000000000
133763  5.090  38.993  -23.930 0.0000000000
133764  4.787  38.502  -23.363 0.0000000000
133767  5.511  38.697  -24.506 0.0000000000
133770  6.314  38.947  -25.926 0.0000000000
133771  5.998  38.352  -25.159 0.0000000000
133774  6.890  38.477  -27.372 0.0000000000
133775  6.720  38.587  -26.837 0.0000000000
133778  7.048  38.606  -27.916 0.0000000000
133779  6.840  38.739  -27.445 0.0000000000
133782  7.407  38.339  -28.746 0.0000000000
133785  7.518  38.210  -29.608 0.0000000000
133797  7.324  38.288  -30.599 0.0000000000
133809  7.301  37.863  -31.554 0.0000000000
133820  7.231  37.616  -32.110 0.0000000000
134623  4.567  40.002  -22.621 0.0000000000
134627  5.100  39.484  -23.899 0.0000000000
134628  4.911  39.545  -23.403 0.0000000000
134630  5.360  39.724  -24.363 0.0000000000
134631  5.110  39.733  -23.871 0.0000000000
134636  6.067  39.863  -25.970 0.0000000000
134637  5.845  39.351  -25.202 0.0000000000
134643  6.409  39.561  -26.721 0.0000000000
134651  6.853  39.110  -28.229 0.0000000000
134652  6.694  39.339  -27.678 0.0000000000
134660  7.017  38.993  -28.724 0.0000000000
134661  6.653  39.531  -28.609 0.0000000000
134669  7.160  38.816  -29.471 0.0000000000
134670  6.689  39.394  -29.422 0.0000000000
134685  7.231  38.633  -30.005 0.0000000000
135533  4.580  40.985  -22.531 0.0000000000
135537  4.989  40.544  -23.101 0.0000000000
135541  5.352  40.814  -24.377 0.0000000000
135542  5.148  40.234  -23.794 0.0000000000
135549  5.902  40.426  -26.063 0.0000000000
135550  5.642  40.558  -25.382 0.0000000000
135557  6.069  40.342  -26.600 0.0000000000
135558  5.773  40.964  -26.304 0.0000000000
135566  6.265  40.255  -27.414 0.0000000000
135567  5.896  41.006  -27.135 0.0000000000
135574  6.318  40.212  -28.342 0.0000000000
135575  5.878  40.950  -28.032 0.0000000000
136472  4.531  41.925  -22.517 0.0000000000
136476  5.315  42.031  -23.535 0.0000000000
136477  5.079  41.503  -22.929 0.0000000000
136483  5.343  41.651  -24.161 0.0000000000
136484  5.250  41.113  -23.628 0.0000000000
136493  5.292  41.662  -24.933 0.0000000000
136502  5.470  41.699  -25.854 0.0000000000
136511  5.641  41.786  -26.761 0.0000000000
136520  5.836  41.793  -27.668 0.0000000000
137455  4.449  42.690  -22.525 0.0000000000
137456  3.983  42.428  -22.250 0.0000000000
137462  5.335  42.795  -23.492 0.0000000000
137463  5.046  42.504  -22.870 0.0000000000
137470  5.332  42.691  -24.333 0.0000000000
137471  5.275  43.330  -24.576 0.0000000000
137477  5.140  42.670  -25.421 0.0000000000
137478  5.052  43.245  -24.920 0.0000000000
137486  5.379  42.587  -26.297 0.0000000000
137497  5.796  42.753  -27.203 0.0000000000
138444  4.674  43.214  -22.707 0.0000000000
138445  4.030  43.404  -22.412 0.0000000000
138446  3.569  44.095  -22.291 0.0000000000
138454  5.467  43.315  -23.737 0.0000000000
138455  5.143  43.471  -23.150 0.0000000000
138464  5.484  43.603  -24.219 0.0000000000
138465  5.178  43.832  -24.749 0.0000000000
138473  5.098  43.132  -25.971 0.0000000000
138474  4.989  43.786  -25.545 0.0000000000
138484  5.436  43.571  -26.464 0.0000000000
138485  5.128  44.411  -26.155 0.0000000000
139453  4.623  44.014  -22.756 0.0000000000
139454  4.050  44.486  -22.486 0.0000000000
139455  3.472  44.870  -22.219 0.0000000000
139463  5.403  44.055  -23.623 0.0000000000
139464  5.091  44.427  -23.107 0.0000000000
139473  5.488  44.447  -24.227 0.0000000000
139474  5.006  44.654  -24.918 0.0000000000
139484  4.868  44.895  -25.600 0.0000000000
139497  5.082  45.230  -26.163 0.0000000000
140378  5.113  45.395  -22.977 0.0000000000
140379  4.749  45.098  -22.778 0.0000000000
140380  3.714  45.517  -22.264 0.0000000000
140390  5.278  45.107  -23.379 0.0000000000
140391  5.112  44.860  -23.047 0.0000000000
140399  5.379  45.438  -24.318 0.0000000000
140400  4.808  45.586  -25.033 0.0000000000
140413  4.787  45.725  -25.641 0.0000000000
140432  5.600  45.703  -26.443 0.0000000000
140433  4.958  46.039  -26.027 0.0000000000
141048  5.719  46.197  -5.904 0.0000000000
141057  6.554  46.934  -6.262 0.0000000000
141058  5.982  46.688  -6.389 0.0000000000
141208  5.083  46.037  -22.896 0.0000000000
141209  4.327  46.100  -22.470 0.0000000000
141210  3.806  46.188  -22.215 0.0000000000
141219  5.448  46.322  -23.591 0.0000000000
141231  5.202  46.568  -24.559 0.0000000000
141232  4.743  46.257  -25.230 0.0000000000
141255  4.819  47.004  -25.205 0.0000000000
141256  4.828  46.371  -25.663 0.0000000000
141276  5.269  46.784  -25.910 0.0000000000
141277  4.935  46.403  -25.893 0.0000000000
141857  7.538  47.073  -5.564 0.0000000000
141862  7.824  47.613  -5.757 0.0000000000
141863  7.148  47.347  -6.320 0.0000000000
141864  6.262  47.227  -6.766 0.0000000000
141865  5.401  47.127  -6.986 0.0000000000
141874  6.668  47.647  -7.070 0.0000000000
141875  5.910  47.593  -7.568 0.0000000000
141876  5.007  47.344  -7.788 0.0000000000
142033  4.261  47.603  -21.917 0.0000000000
142034  3.581  47.356  -21.743 0.0000000000
142046  5.484  47.382  -22.814 0.0000000000
142047  4.682  46.975  -22.430 0.0000000000
142048  3.982  46.763  -22.111 0.0000000000
142060  5.608  47.523  -23.699 0.0000000000
142076  5.284  47.893  -24.521 0.0000000000
142077  5.259  48.483  -24.503 0.0000000000
142096  5.047  47.961  -25.206 0.0000000000
142097  5.156  48.278  -24.732 0.0000000000
142106  5.438  47.615  -25.655 0.0000000000
142733  8.193  48.621  -5.764 0.0000000000
142734  8.093  48.395  -5.419 0.0000000000
142746  8.248  48.625  -6.058 0.0000000000
142747  7.886  48.122  -6.385 0.0000000000
142748  7.262  47.958  -6.959 0.0000000000
142752  8.197  48.733  -6.653 0.0000000000
142753  7.748  48.560  -7.288 0.0000000000
142754  6.763  48.192  -7.658 0.0000000000
142755  5.995  48.149  -8.130 0.0000000000
142756  5.318  47.893  -8.284 0.0000000000
142757  4.698  47.639  -8.475 0.0000000000
142766  7.327  48.844  -8.109 0.0000000000
142767  6.493  48.586  -8.455 0.0000000000
142768  5.703  48.380  -8.748 0.0000000000
142769  4.868  48.250  -9.005 0.0000000000
142944  3.429  48.771  -21.121 0.0000000000
142961  5.189  48.680  -21.876 0.0000000000
142962  4.515  48.421  -21.661 0.0000000000
142963  3.802  48.206  -21.522 0.0000000000
142975  5.454  48.368  -22.403 0.0000000000
142976  4.967  47.907  -22.177 0.0000000000
142988  5.905  48.828  -22.912 0.0000000000
142989  5.668  49.660  -23.301 0.0000000000
142990  5.504  50.323  -23.063 0.0000000000
143001  5.604  48.300  -23.808 0.0000000000
143002  5.289  49.004  -23.952 0.0000000000
143003  5.173  50.145  -23.617 0.0000000000
143013  5.322  48.973  -24.997 0.0000000000
143014  5.261  48.764  -24.585 0.0000000000
143689  7.512  48.935  -4.659 0.0000000000
143701  8.211  48.876  -5.762 0.0000000000
143702  7.728  49.463  -5.401 0.0000000000
143703  6.959  50.197  -5.182 0.0000000000
143719  8.256  49.258  -6.247 0.0000000000
143720  7.918  49.894  -6.113 0.0000000000
143730  8.334  49.308  -7.165 0.0000000000
143731  7.959  49.158  -7.806 0.0000000000
143736  8.273  49.673  -7.883 0.0000000000
143737  7.831  49.536  -8.499 0.0000000000
143738  6.984  49.210  -8.809 0.0000000000
143739  6.141  48.990  -9.073 0.0000000000
143740  5.452  48.721  -9.308 0.0000000000
143748  7.469  49.754  -9.256 0.0000000000
143749  6.683  49.499  -9.501 0.0000000000
143750  5.793  49.323  -9.802 0.0000000000
143751  4.824  48.902  -9.745 0.0000000000
143763  5.203  49.399  -10.339 0.0000000000
143900  5.062  49.840  -21.102 0.0000000000
143901  4.345  49.652  -20.902 0.0000000000
143902  3.687  49.480  -20.766 0.0000000000
143903  3.191  49.289  -20.706 0.0000000000
143907  5.956  49.549  -21.972 0.0000000000
143908  5.423  49.375  -21.648 0.0000000000
143909  4.754  49.171  -21.420 0.0000000000
143910  4.058  48.959  -21.221 0.0000000000
143913  5.622  48.964  -22.166 0.0000000000
143934  4.878  49.994  -24.134 0.0000000000
144598  7.427  50.223  -5.762 0.0000000000
144599  6.679  50.913  -5.641 0.0000000000
144612  8.251  49.890  -6.664 0.0000000000
144613  7.644  50.633  -6.527 0.0000000000
144614  6.859  51.398  -6.323 0.0000000000
144630  8.328  50.251  -7.412 0.0000000000
144631  7.912  50.985  -7.377 0.0000000000
144635  8.318  50.301  -8.418 0.0000000000
144636  8.052  50.067  -9.056 0.0000000000
144643  8.257  50.677  -9.289 0.0000000000
144644  7.849  50.326  -9.665 0.0000000000
144645  7.181  50.051  -9.909 0.0000000000
144646  6.485  49.811  -10.071 0.0000000000
144657  8.235  50.814  -10.029 0.0000000000
144658  7.660  50.610  -10.448 0.0000000000
144659  6.842  50.278  -10.527 0.0000000000
144660  5.925  49.944  -10.591 0.0000000000
144661  5.035  49.827  -10.918 0.0000000000
144673  7.218  50.675  -10.986 0.0000000000
144674  6.547  50.495  -11.170 0.0000000000
144675  5.716  50.294  -11.404 0.0000000000
144676  4.870  50.175  -11.718 0.0000000000
144687  4.536  50.318  -12.244 0.0000000000
144771  4.384  50.768  -20.023 0.0000000000
144772  3.719  50.648  -19.890 0.0000000000
144782  6.140  50.767  -20.848 0.0000000000
144783  5.428  50.459  -20.702 0.0000000000
144784  4.681  50.290  -20.567 0.0000000000
144785  3.975  50.180  -20.445 0.0000000000
144786  3.414  50.007  -20.323 0.0000000000
144790  6.174  50.390  -21.622 0.0000000000
144791  5.731  50.069  -21.339 0.0000000000
144795  4.239  51.007  -23.033 0.0000000000
145406  7.340  51.485  -7.008 0.0000000000
145407  6.626  52.059  -6.634 0.0000000000
145425  8.306  50.916  -7.961 0.0000000000
145426  7.685  51.702  -7.977 0.0000000000
145427  7.028  52.077  -7.308 0.0000000000
145441  8.320  51.172  -8.739 0.0000000000
145442  7.942  51.908  -9.065 0.0000000000
145449  8.363  51.481  -9.783 0.0000000000
145450  8.175  52.017  -9.615 0.0000000000
145453  8.187  51.306  -10.783 0.0000000000
145454  7.709  50.960  -11.133 0.0000000000
145458  7.869  51.423  -11.693 0.0000000000
145459  7.194  50.958  -11.641 0.0000000000
145460  6.350  50.768  -11.850 0.0000000000
145461  5.582  50.608  -12.090 0.0000000000
145462  4.997  50.509  -12.330 0.0000000000
145470  7.459  51.384  -12.231 0.0000000000
145471  6.855  51.186  -12.298 0.0000000000
145472  6.126  51.101  -12.453 0.0000000000
145473  5.371  51.002  -12.639 0.0000000000
145474  4.608  50.747  -12.755 0.0000000000
145483  6.633  51.394  -12.853 0.0000000000
145484  5.975  51.376  -13.134 0.0000000000
145485  5.133  51.197  -13.339 0.0000000000
145486  4.386  51.099  -13.535 0.0000000000
145494  4.158  51.217  -14.054 0.0000000000
145524  6.706  52.066  -18.918 0.0000000000
145525  6.375  51.947  -18.888 0.0000000000
145526  5.570  51.828  -18.852 0.0000000000
145527  4.684  51.688  -18.755 0.0000000000
145528  3.989  51.513  -18.617 0.0000000000
145539  7.060  52.103  -19.408 0.0000000000
145540  6.823  51.968  -19.267 0.0000000000
145541  6.041  51.609  -19.489 0.0000000000
145542  5.052  51.318  -19.578 0.0000000000
145543  4.151  51.235  -19.393 0.0000000000
145544  3.570  51.065  -19.287 0.0000000000
145550  7.015  52.021  -19.671 0.0000000000
145551  6.544  51.657  -20.168 0.0000000000
145552  5.731  51.101  -20.184 0.0000000000
145553  5.046  50.789  -20.214 0.0000000000
145558  6.524  51.248  -21.158 0.0000000000
145563  6.357  50.815  -22.042 0.0000000000
145564  5.636  50.918  -22.546 0.0000000000
145565  4.999  51.320  -22.612 0.0000000000
145566  4.377  51.375  -22.820 0.0000000000
145575  4.339  51.156  -23.509 0.0000000000
146154  7.018  52.450  -7.777 0.0000000000
146155  6.465  52.785  -7.120 0.0000000000
146171  7.199  52.701  -8.596 0.0000000000
146172  6.647  53.040  -7.894 0.0000000000
146183  8.271  52.129  -10.028 0.0000000000
146184  7.716  52.536  -9.612 0.0000000000
146192  8.429  51.978  -10.647 0.0000000000
146193  7.987  52.530  -10.527 0.0000000000
146200  8.403  52.072  -11.623 0.0000000000
146201  8.222  52.366  -11.085 0.0000000000
146206  7.940  51.853  -12.758 0.0000000000
146207  7.203  51.503  -12.762 0.0000000000
146213  7.811  52.284  -14.011 0.0000000000
146214  6.884  51.708  -13.653 0.0000000000
146215  5.691  51.539  -13.945 0.0000000000
146216  4.835  51.347  -14.057 0.0000000000
146217  4.403  51.260  -14.074 0.0000000000
146226  7.835  52.616  -15.007 0.0000000000
146227  7.102  52.239  -14.811 0.0000000000
146228  6.104  52.003  -14.712 0.0000000000
146229  5.156  51.697  -14.754 0.0000000000
146230  4.342  51.419  -14.661 0.0000000000
146240  7.898  52.824  -15.816 0.0000000000
146241  7.293  52.532  -15.783 0.0000000000
146242  6.399  52.277  -15.671 0.0000000000
146243  5.446  52.075  -15.593 0.0000000000
146244  4.611  51.885  -15.530 0.0000000000
146245  4.030  51.689  -15.526 0.0000000000
146253  7.998  52.992  -16.240 0.0000000000
146254  7.581  52.760  -16.743 0.0000000000
146255  6.644  52.441  -16.621 0.0000000000
146256  5.690  52.271  -16.493 0.0000000000
146257  4.824  52.151  -16.388 0.0000000000
146258  4.160  52.029  -16.301 0.0000000000
146269  7.427  52.718  -17.917 0.0000000000
146270  6.787  52.447  -17.603 0.0000000000
146271  5.905  52.304  -17.403 0.0000000000
146272  5.004  52.285  -17.255 0.0000000000
146273  4.275  52.107  -17.128 0.0000000000
146283  7.295  52.638  -18.731 0.0000000000
146284  6.848  52.288  -18.591 0.0000000000
146285  6.124  52.188  -18.257 0.0000000000
146286  5.236  52.136  -18.110 0.0000000000
146287  4.428  52.005  -17.970 0.0000000000
146288  3.896  51.746  -17.779 0.0000000000
146296  7.146  52.392  -19.349 0.0000000000
146297  7.084  52.288  -18.993 0.0000000000
146300  7.072  52.333  -19.988 0.0000000000
146301  6.761  52.162  -20.689 0.0000000000
146305  6.297  51.960  -21.548 0.0000000000
146306  5.517  52.513  -21.781 0.0000000000
146307  5.025  52.827  -21.905 0.0000000000
146313  6.124  51.358  -22.118 0.0000000000
146314  5.652  51.729  -22.175 0.0000000000
146315  4.753  52.294  -22.323 0.0000000000
146316  3.883  52.196  -22.940 0.0000000000
146932  6.931  53.195  -8.753 0.0000000000
146933  6.580  53.706  -8.470 0.0000000000
146945  7.061  53.257  -9.178 0.0000000000
146946  6.627  54.077  -9.428 0.0000000000
146958  7.265  53.401  -10.222 0.0000000000
146959  6.638  54.349  -10.219 0.0000000000
146974  8.193  52.510  -11.827 0.0000000000
146975  7.840  52.993  -11.508 0.0000000000
146989  8.185  52.566  -12.306 0.0000000000
146990  7.893  53.413  -12.688 0.0000000000
147003  8.230  52.734  -13.327 0.0000000000
147004  7.900  53.588  -13.702 0.0000000000
147008  8.236  52.959  -14.335 0.0000000000
147009  7.854  53.732  -14.638 0.0000000000
147015  8.169  53.128  -15.202 0.0000000000
147016  7.838  53.734  -15.518 0.0000000000
147020  8.060  53.188  -15.851 0.0000000000
147021  7.823  53.494  -16.402 0.0000000000
147029  7.714  53.375  -17.414 0.0000000000
147034  7.584  53.248  -18.363 0.0000000000
147035  7.278  53.536  -18.788 0.0000000000
147040  7.463  53.015  -19.083 0.0000000000
147041  7.035  53.518  -19.349 0.0000000000
147045  7.215  52.873  -19.630 0.0000000000
147046  6.753  53.171  -20.193 0.0000000000
147047  6.152  53.399  -20.680 0.0000000000
147052  6.433  52.749  -20.877 0.0000000000
147053  5.821  53.104  -21.233 0.0000000000
147054  5.137  53.227  -21.574 0.0000000000
147066  4.623  53.303  -22.031 0.0000000000
147067  4.077  53.190  -22.599 0.0000000000
147686  6.973  54.221  -11.062 0.0000000000
147697  7.167  54.192  -12.137 0.0000000000
147698  6.451  55.176  -11.681 0.0000000000
147709  7.286  54.291  -13.164 0.0000000000
147710  6.608  55.166  -12.717 0.0000000000
147727  7.400  54.403  -14.071 0.0000000000
147728  6.783  55.086  -13.682 0.0000000000
147744  7.318  54.676  -14.984 0.0000000000
147745  6.971  54.932  -14.309 0.0000000000
147757  7.473  54.354  -15.983 0.0000000000
147765  7.289  54.392  -16.941 0.0000000000
147766  6.823  55.065  -17.156 0.0000000000
147777  7.413  53.990  -17.973 0.0000000000
147778  6.848  54.824  -17.784 0.0000000000
147790  7.326  53.738  -18.466 0.0000000000
147791  6.882  54.313  -18.714 0.0000000000
147800  6.330  54.287  -19.639 0.0000000000
147801  5.696  54.612  -20.243 0.0000000000
147805  6.079  53.920  -20.305 0.0000000000
147806  5.486  54.027  -20.761 0.0000000000
147807  4.970  54.308  -21.132 0.0000000000
147818  5.182  53.736  -21.220 0.0000000000
147819  4.706  54.026  -21.594 0.0000000000
148540  6.828  55.269  -15.171 0.0000000000
148541  6.531  55.664  -14.519 0.0000000000
148555  6.973  55.023  -15.726 0.0000000000
148556  6.544  55.750  -15.481 0.0000000000
148567  7.100  54.778  -16.280 0.0000000000
148568  6.697  55.451  -16.481 0.0000000000
148577  6.527  55.687  -17.435 0.0000000000
148590  6.261  55.669  -18.513 0.0000000000
148607  6.331  54.984  -19.152 0.0000000000
148608  5.843  55.566  -19.676 0.0000000000
148630  5.102  55.107  -20.866 0.0000000000
148631  4.807  54.575  -21.336 0.0000000000
148652  4.633  54.773  -21.699 0.0000000000
165499  8.602  32.158  -35.608 0.0000000000
165500  9.100  32.249  -35.685 0.0000000000
165501  8.820  32.486  -35.264 0.0000000000
165502  8.432  31.661  -35.451 0.0000000000
165503  9.845  32.256  -35.095 0.0000000000
165504  9.183  32.983  -34.699 0.0000000000
165505  8.962  33.712  -34.252 0.0000000000
165506  8.782  33.526  -34.076 0.0000000000
165507  8.754  33.032  -34.333 0.0000000000
165508  9.790  33.448  -34.219 0.0000000000
165509  8.881  33.185  -34.437 0.0000000000
165510  9.199  34.550  -33.886 0.0000000000
165511  8.856  34.364  -33.789 0.0000000000
165512  9.972  33.986  -33.760 0.0000000000
165513  9.814  34.551  -33.458 0.0000000000
165514  10.253  33.541  -33.995 0.0000000000
165515  8.763  35.068  -33.688 0.0000000000
165516  9.682  35.301  -33.096 0.0000000000
165517  9.002  35.976  -33.505 0.0000000000
165518  8.373  36.196  -33.578 0.0000000000
165581  6.162  49.912  -22.248 0.0000000000
165582  6.045  50.068  -22.736 0.0000000000
165584  4.652  51.145  -22.766 0.0000000000
165585  5.135  51.016  -22.692 0.0000000000
165586  4.558  50.486  -23.591 0.0000000000
165588  4.747  50.827  -22.976 0.0000000000
165589  4.332  50.506  -23.823 0.0000000000
