-5.162656670739422179e-03
-5.334777746923602404e-02
-2.387768120562092013e-04
-1.509556864216089755e-02
-8.787687557599492376e-04
-5.426647582364254631e-03
-4.920347602187554424e-03
-1.516298780011079463e-02
-5.226685693320965581e-02
-2.130035761758408697e-02
-6.654099542326361028e-02
-6.961896601709929855e-02
-7.010093049739907212e-02
-7.310251425589420204e-02
-6.879309666588957761e-02
-7.217293554428626245e-02
-4.316810579878239268e-02
-6.538814616960259007e-02
-6.355346379866941287e-02
-8.342094242748819555e-02
-8.095927149013179558e-02
-8.521006092191099612e-02
-8.570034254805458662e-02
-8.469362177653945445e-02
-6.573540811643051318e-02
-8.877841166533516348e-02
-9.022541523321847556e-02
-8.349324975240748903e-02
-8.823713373135798343e-02
-8.997333538904557504e-02
-9.547695078457649198e-02
-9.304580678957204143e-02
-9.360698308059753336e-02
-9.166470486204679469e-02
-9.318257795264595078e-02
-9.237748507228349393e-02
-9.845647221381985392e-02
-9.655867586828260907e-02
-9.763493788019304842e-02
-9.676821050326844809e-02
-9.803288625440374771e-02
-5.496149273618143420e-03
-8.570197577554206081e-02
-9.632455584545954186e-02
-1.018560462285016122e-01
-1.013832134578266236e-01
-1.010422985380045185e-01
-7.740997574295192807e-02
-1.904185900819717336e-02
-4.517262702161583404e-02
-1.209529462551699013e-02
-5.450359120120727013e-02
-9.225480296145896486e-02
-6.569783152422384309e-02
-2.549950988358258910e-02
-1.994686011737999143e-02
-1.409020095293374297e-02
-1.116003808929731320e-02
-8.579019993153459006e-03
-7.394355795283169205e-03
-1.117804147481795962e-01
-1.070199491436674977e-01
-9.251502365977405662e-02
-9.706605271645084299e-02
-8.171489341972591747e-02
-6.265339822064909178e-03
-1.003481202999097427e-03
-2.126179001868489047e-03
-2.895250900496481802e-02
-2.762508055599267529e-02
-4.115143577874714152e-03
-2.079315153223907503e-03
-1.286834991043445293e-02
-8.486272273078299122e-03
-1.653085077843293241e-02
-3.573415262430003000e-03
-2.476034128286790266e-03
-7.960718222940751237e-03
-5.298479780261505616e-03
-4.698378541062008147e-03
-6.498604885112429369e-03
-2.843569512811879984e-03
-4.165115975540296944e-02
-3.417876200484350896e-02
-2.279131974338038848e-03
-1.641657282228404418e-03
-9.230656110901729050e-03
-1.113127855769113356e-01
-9.367113512214031434e-02
-2.274477655763703157e-02
-7.197883216311155852e-02
-1.100377539037633856e-01
-5.779540247630910593e-02
-9.761467940317984648e-02
-1.440482587927014758e-02
-2.938247481634633385e-03
-1.103933870279987135e-02
-1.533011801189198241e-03
-1.182213562936926116e-01
-4.757455552867815608e-03
-7.355558861637552862e-03
-1.267094343019603683e-03
-3.712885132144170142e-03
-6.584507688367993543e-03
-2.127243354110506558e-03
-3.546505926712038414e-03
-4.489655833116868409e-03
-2.062518815796867289e-03
-5.641058433882936533e-03
-6.729824357844175001e-03
-3.647081588564953653e-03
-4.782884932140706036e-03
-1.424910960233446728e-03
-1.490228207293959250e-03
-3.271412164958293137e-03
-3.769177266227204635e-03
-8.287617947359023421e-03
-6.178540104448958757e-03
-3.901959260446799527e-03
-1.145923238208547412e-01
-1.196212452385711777e-01
-1.200200860848580492e-01
-1.228973357238619390e-01
-1.168568921943210631e-01
-1.194907248283456763e-01
-1.096107716953070577e-01
-1.169340731852403503e-01
-9.833515073540234630e-02
-1.134338551140225415e-01
-2.177219422459116070e-03
-4.562084093929242440e-02
-4.717068702024633520e-02
-6.572610262761006744e-04
-2.569574813993818780e-03
-5.752679571008900011e-02
-3.671818813323326353e-02
-4.241747475876529727e-03
-3.263749949381850729e-03
-4.079381293472896658e-02
-1.277040297873353533e-02
-1.434760679416565050e-02
-8.720454807159409849e-02
-5.757384910115708604e-02
-8.355839547390470079e-02
-6.916647759503935511e-02
-1.168125122575562613e-01
-1.046513886713758973e-01
-1.292818744346245496e-01
-1.337897629497217800e-01
-1.087246876167930337e-01
-5.545933927431061922e-02
-7.364092801259775056e-02
-9.034358354106351852e-02
-5.931873307574301452e-02
-9.576855340731056654e-02
-6.641749342585105687e-02
-1.310493662678694216e-01
-9.502255383778905606e-02
-1.054579844573841768e-01
-1.330681030253925423e-01
-1.235658080310607365e-01
-1.375817516898326931e-01
-1.072757599491170749e-01
-1.387288391028116130e-01
-1.350148611489125627e-01
-1.346462205322362382e-01
-1.341414283709172484e-01
-1.322104613904230563e-01
-1.257431290594960005e-01
-1.378068691290236791e-01
-4.654319068283134520e-02
-9.737715368065950894e-02
-1.174696221459866907e-01
-1.367859425870535384e-01
-4.444348383140682424e-02
-1.126866618371505195e-02
-1.236797404393657346e-02
-2.737877224683559624e-02
-3.970247375945713808e-02
-7.159423129070607850e-02
-4.862895558374562277e-02
-1.330638049894431255e-02
-3.371616620745598175e-02
-2.699998678896414067e-02
-1.068589613892556058e-02
-2.235542786806864884e-02
-7.219432393244417517e-03
-6.497263400224588537e-02
-1.341578867710014472e-02
-8.729230733894980526e-03
-3.944196876058207735e-02
-4.145768067829883746e-02
-1.586790450559212237e-02
-5.623074281729094522e-03
-4.584043614015567703e-02
-9.905329654970863179e-03
-3.178717153685529928e-02
-1.957892000695133760e-03
-4.642256873700591896e-02
-1.104993120722701401e-02
-7.290546855144729513e-03
-6.470923502846896019e-03
-1.105881848590454034e-02
-1.313689705084050870e-02
-8.266532113056784467e-03
-4.069629812589655241e-03
-8.663057514191349704e-04
-1.332753310848073386e-02
-2.177548264519197502e-02
-7.074330831173780178e-03
-1.735878734924736766e-02
-2.606583361331124907e-02
-2.133136715836687555e-02
-3.221744008751788874e-02
-2.910597140904178440e-02
-3.579700295102799384e-02
-6.352186780766332086e-02
-1.327507722264969214e-01
-5.436339563106311334e-02
-2.199003330777296941e-02
-1.314541465307499657e-01
-2.160282661403739937e-02
-3.460194696243925477e-02
-1.335160896929804275e-01
-3.057213228134912988e-02
-6.861256284089840840e-02
-2.681243263201827515e-02
-1.135846806070375109e-01
-5.070756785287684060e-02
-2.977685529340285547e-02
-1.362119268206610778e-01
-6.383371819497979383e-02
-1.783824735527343025e-02
-1.338855907071353699e-03
-2.543696618299480863e-02
-1.225680106462723011e-03
-1.580691767100406370e-03
-4.986524913838058168e-03
-5.315953603978755028e-03
-3.843263923367200383e-03
-2.674429329393329755e-03
-9.238446987331651317e-04
-2.004693808885012023e-03
-9.812976188675799974e-03
-9.646747976613351608e-03
-2.195049124373840352e-03
-1.167947646889964898e-03
-2.584687941725145790e-03
-1.442328566775843805e-03
-2.536639969464342392e-03
-1.424428718055559175e-03
-1.200171713043287486e-03
-1.142275175955546028e-03
-2.662621520960552907e-03
-6.297062245524539907e-03
-1.565835508157107769e-03
-1.372988521475806412e-01
-5.442430308239905312e-02
-1.275390776106502810e-01
-1.204932918666935110e-01
-1.369192435197596203e-01
-2.936901074205412743e-02
-1.502211973607321845e-02
-5.225432560852936309e-02
-1.551846441244184895e-02
-1.429921721109264632e-01
-6.423514234468016143e-03
-1.091182103108237879e-03
