1.366696019431093978e-01
1.364612328482049941e-01
5.772049163935322191e-02
1.274258464980371208e-01
4.585734674383201703e-02
1.030397137765360904e-01
6.754771619466870547e-02
1.214072208495692307e-01
1.734654991167678961e-01
3.011232365535554401e-02
9.535755169244786167e-02
1.775998988276826784e-01
8.044197543853659482e-03
1.366489325974034053e-01
7.954014444163104436e-02
1.534570997560394945e-01
8.724684320321418607e-02
6.243125549992190049e-02
8.429520166925918989e-02
1.111254914014033757e-01
8.128933749608435733e-02
9.821027624919009824e-02
3.237132684338484001e-02
1.819672632071392959e-01
1.044125089919419880e-01
5.909206242954778698e-02
1.764588208297115379e-01
7.553012838399364437e-02
9.492241744047213992e-02
5.866891499130055809e-02
1.237052062605138447e-01
1.212715381068854015e-01
1.055525183574641535e-01
3.058169605172644800e-02
1.043670759715186191e-01
7.882827121982416418e-02
8.732620959314929543e-02
1.231340133274189119e-01
9.933285822565729450e-02
1.183371775711700158e-01
8.015578076569829236e-02
1.569257905105804207e-01
5.648945291414719794e-02
1.130439555033069254e-01
1.086168289108864204e-01
5.664206488756118318e-02
9.549414583344351115e-02
1.641025954045729485e-01
1.267459439253382225e-01
5.893743778524174193e-02
4.429814145501964617e-02
7.625955704802511725e-02
9.258640629450776149e-02
1.537336774017119545e-01
1.372652481373699551e-01
5.261447807553487621e-02
1.485074062448734633e-01
1.173220149544850210e-01
6.666769678863659898e-02
1.105463894881256737e-01
1.349604651995720550e-01
5.458753514071545965e-02
1.210732865878461073e-01
1.413311932866562204e-01
2.231307514366143163e-02
7.544626359674755367e-02
1.330037330009006258e-01
1.177360303892778237e-01
3.476423621530044805e-02
1.313817668033618880e-01
5.533400760369588944e-02
9.700593529713930074e-02
1.048764742949827022e-01
1.756562891211115307e-01
8.735916118726827495e-02
2.014827759910091665e-01
2.085976127193556184e-02
6.834925195868624126e-02
1.025042198574680485e-01
1.158121205813967824e-01
7.291338874231523270e-02
1.269448284983977215e-01
1.133703493360931347e-01
1.120846918687219418e-01
5.697817756296252867e-02
1.843529703297831501e-01
2.924434332993663954e-02
6.107827126995202249e-02
7.721589356133251592e-02
1.285175114048363598e-01
1.316335254088130124e-01
3.160932457764942249e-02
9.630642555096546875e-02
1.311183013956580545e-01
1.006233553200563957e-01
6.256578744695961980e-02
1.329478123915008858e-01
9.651980425155026744e-02
7.921101919185302709e-02
1.199035029100151695e-01
8.898910716313168656e-02
1.321563271184427180e-01
3.844943376123510781e-02
1.254983741869496461e-01
1.144388114556965652e-01
7.588669429764860475e-02
1.147942792035048232e-01
1.146820589313699568e-01
1.666418466036394541e-01
-1.341174733810412967e-02
6.965800808205269146e-02
1.269250769249460342e-01
7.474445644823990431e-02
1.146768889767537658e-01
1.342865488516724604e-01
8.163507534804403942e-02
1.339934578339295745e-01
4.933181765913041694e-02
1.195565168753639496e-01
1.167367841834809905e-01
1.359228626682994490e-01
9.203728959822887745e-02
1.042508814475413548e-01
7.471932721555574197e-02
1.160736429603461684e-01
5.920242595003011310e-02
1.651315715798308270e-01
7.941519731912649593e-02
5.297087377718279200e-02
1.302153499913887291e-01
1.451539953133840211e-01
3.683063439770439818e-02
1.098583763191048890e-01
1.490472475878206193e-01
3.037803042621267657e-02
7.401525692727228822e-02
5.327722393512968058e-02
8.400975105244501417e-02
9.209446890877392988e-02
1.760075823351792135e-01
1.332899516250253269e-01
1.356749697303113456e-01
1.072682196767400509e-01
3.659845810785411491e-02
9.163934204205137490e-02
8.902978298218611197e-02
8.708270859393252294e-02
1.482419358374191809e-01
5.192768443612771900e-02
1.320186277092632032e-01
1.062991766444267849e-01
1.174034193175486074e-01
5.887431638359830188e-02
4.655880224137531886e-02
1.524751769046996941e-01
8.763463150383654643e-02
1.352804640026011862e-01
1.048384263478893130e-01
1.057646968399106324e-01
6.078901383598656061e-02
6.716334852461924854e-02
8.506286537766505340e-02
7.407389982099388259e-02
1.115805133479702560e-01
1.535511830943956380e-01
6.771637213003889322e-02
5.301645525454024011e-02
1.109522678517218530e-01
7.977115075237339870e-02
1.584277258215381901e-01
5.943665124762709251e-02
1.685937380261145480e-01
5.980224475962214736e-02
1.005754680427630721e-01
1.131562306180561306e-01
5.200644956007516306e-02
1.066534198676253320e-01
6.129700167083773632e-02
1.441044383933673956e-01
1.272060755100682394e-01
1.537060811796115978e-01
9.393154281631155289e-02
1.201017397748054272e-01
5.477015053096812025e-02
9.850734306580555266e-02
8.912561194912338447e-02
9.431437497321681906e-02
1.089890477110994071e-01
6.296403284089036045e-02
1.399947554644894732e-01
1.172688588524335440e-01
-4.030651108396043902e-02
1.529666056203000668e-01
1.935767484085240131e-01
1.059889693072839645e-01
9.732470839031903687e-02
1.594170266464178809e-01
9.722943731954247770e-02
1.164685776430919306e-01
2.843919934776861780e-02
6.573755253013280342e-02
1.109223287117659940e-01
1.248199965652643240e-01
1.214913165878369616e-01
8.358058406307200539e-02
9.054125484462993700e-02
1.345811270312927688e-01
1.037575899917841937e-01
8.721530532382681944e-02
9.018976636580144923e-02
1.427561364120896181e-01
1.063217446906967734e-01
6.951436041432079715e-02
1.054898075990831074e-01
6.662858893776912872e-02
9.621532939398191875e-02
8.734660087246370885e-02
1.413007243684568648e-01
9.924358010260592167e-02
7.865717933771176895e-02
1.955347299453721321e-01
6.472311729654367518e-02
8.213253452178115310e-02
4.387990716317657913e-02
7.795431466361812944e-02
1.453438479338104994e-01
6.667567600170365427e-02
1.405569372978762166e-01
9.078332379376941041e-03
1.052186137397409516e-01
1.472358538753386625e-01
1.060004654368018606e-01
1.014461044308629933e-01
6.564974484152463763e-02
7.192903994612431795e-02
2.802857757949861472e-03
1.237195692033762340e-01
3.962361109988710162e-02
1.843864677767753646e-01
1.052097338081340316e-01
1.175129005356168044e-01
2.979829483257356859e-02
6.151272389039197375e-02
9.791811833068242432e-02
1.876889298529984540e-01
5.897218984602103919e-02
1.281918599221548716e-01
1.310097378250392186e-01
1.454820654741491026e-01
2.372251709037265233e-02
1.359492835824853696e-01
9.530779860244498192e-02
4.848573941387424036e-02
1.217786783314351862e-01
1.095762100104310521e-01
1.396550089856971599e-01
3.145556314924380370e-02
5.997768059551211728e-02
9.103159831386653522e-02
1.959606399408180266e-01
9.251934319689281150e-02
1.188188997474246555e-01
1.061909422524321966e-01
7.676435897583933077e-02
1.229568870679144110e-01
1.149029954208886650e-01
6.022532341601316563e-02
1.179202604097120410e-01
1.246311682158351974e-01
7.126786149916153335e-02
7.942729588365027293e-02
5.411270993924910400e-02
8.893265509262326951e-02
9.888182568290315722e-02
1.632676793279674854e-01
8.064501786448496912e-02
4.124639722626288751e-02
1.314054589824636965e-01
1.139511900272323075e-01
1.245049518830627644e-01
5.478379274039180125e-02
1.330704753366485082e-01
1.155013302126826069e-01
1.101945876131981139e-01
7.992774799250434992e-02
1.605156276063357534e-01
1.353701196280627794e-01
1.768653153480270745e-02
7.675262225749168721e-02
6.465804879905101554e-02
1.186660214953836334e-01
8.652935260143490570e-02
1.614912581271901182e-01
8.068872395310178192e-02
4.400025147826402971e-02
4.199612322490808847e-02
5.096231697073105860e-02
1.560405405113423072e-01
1.110646591712493025e-01
1.185332494054681662e-01
1.205925883415565059e-01
1.570602363614719277e-01
6.759568724715359078e-02
9.083523678292559911e-02
7.790873554860267003e-02
9.311454380144745802e-02
1.332502933650057120e-01
1.350182499270308201e-01
1.377968421158889401e-01
1.414887702733536035e-02
4.068086654503644262e-02
1.370226466215560546e-01
1.103888038759737178e-01
2.648671703042038139e-02
1.819297121399533479e-01
6.614398500654883328e-02
1.126863537875720800e-01
1.766809912797050464e-01
4.908843312477850773e-02
1.098217586696684789e-01
1.589913556724416033e-01
5.965177971026014436e-02
9.966638608433608937e-02
1.017161323462617561e-01
7.216301145646031312e-02
3.430114792618155217e-02
1.179547079808882515e-01
6.960913125745271657e-02
1.757768056432409409e-01
1.097249797414808770e-01
8.865367576663041316e-02
1.165431374393168795e-01
8.318343373723624534e-02
9.249161666129357418e-02
1.339188991680066998e-01
1.484765647220791518e-01
5.439081399920664417e-02
5.766065704464662378e-02
1.563577121924659696e-01
9.400529565070503413e-02
9.294573066628297742e-02
1.380841389552084353e-01
1.499644251319829369e-01
-4.144037286547619381e-02
1.608300264843000038e-01
1.522574638919228507e-01
1.137492525478321914e-01
2.056099420482648821e-02
1.358576006330136643e-02
1.618850902402977354e-01
1.351625571906039935e-01
-1.142169032293716135e-02
1.379658240431337335e-01
1.414893252400198920e-01
7.782198071846735399e-02
7.301246226318836019e-02
1.180521343315110716e-01
1.284874614997106868e-01
1.307816576870173275e-01
5.619544874056259243e-02
5.622208394695393796e-02
8.467862074785192927e-02
1.008044277399001709e-01
1.262536175496832280e-01
1.425976050806938566e-01
7.760187455110689747e-02
7.937824443566521282e-02
1.125033201936086469e-01
1.342468741477542693e-01
9.066200825516457229e-02
1.092633616462511670e-01
9.394156167884526454e-03
1.249130929211681451e-01
1.272785025103077006e-01
1.362132150598797109e-01
7.912316931121221586e-02
6.822291746123387846e-02
1.282138928307412495e-01
1.494572657104132896e-01
8.560244460230148622e-02
1.395392925970827536e-01
1.080884549025904473e-01
1.906275231685571336e-01
5.122581233910239451e-02
-5.611664422315709722e-02
6.975670644168641132e-02
1.350808152703169007e-01
7.103651129302601674e-02
1.599325539676813568e-01
4.377656711308242077e-02
1.697955597674680739e-01
1.046159611406433099e-01
8.756372846109050645e-02
5.543713959099594302e-02
4.877835555131981859e-02
1.673606885627885177e-01
9.441083532590288652e-02
4.644321649875382541e-03
1.497954264686611747e-01
6.106008160488840542e-02
6.586824578847161327e-02
6.379541439502844913e-02
8.477449381587953692e-02
2.033283444380643568e-01
8.109783446403817653e-02
9.067140710978316420e-02
4.157981249390596545e-03
5.362371893726902705e-02
1.509851012567948736e-01
1.535256278812642261e-01
1.290375979539531981e-01
-1.241468009599677735e-02
1.366905823830408817e-01
1.252314305587374221e-01
9.800582108153410577e-02
8.028876742107915465e-02
3.890545157621083661e-02
9.263254429731992978e-02
9.659734643398476539e-02
1.905382149445651319e-01
7.534401960551395661e-02
1.514157569451509699e-01
6.637379585145641858e-02
1.377208483382716953e-01
6.421217936347012323e-02
2.689242429859795003e-02
9.562135600134791247e-02
1.389924718992462394e-01
1.507048731094516869e-01
7.241762127505624314e-02
1.460431586346461197e-01
8.290276939166951742e-02
1.261777157877251865e-01
1.153463343241264427e-01
3.584875248328789343e-02
6.028342749438309056e-02
1.263775079245340605e-01
9.638110498250251901e-02
2.012435393026074104e-01
6.517494435324855395e-02
2.002004426362509193e-01
1.119898832322903104e-01
1.931592573745433139e-02
1.389252038655938160e-01
-2.378135993138741355e-03
-5.775297104686938354e-03
1.573208192271019490e-01
1.538767363057607085e-01
9.526847162090124055e-02
1.300304135537868611e-01
7.443685565100843782e-02
1.955913355398578579e-01
6.266159774305912755e-02
4.634407139294893785e-02
1.284358132517893214e-01
8.280170940029929483e-02
6.308000992495521597e-02
8.950766226173534346e-02
1.280779013164977664e-01
1.328953844430640352e-01
1.140433065799678625e-01
1.201944832044962164e-01
5.650319671840198232e-02
1.463716452288554848e-01
6.380290814566313973e-02
1.013885580535871522e-01
1.208717490754211976e-01
-8.311897547972346700e-04
1.542525967720392854e-01
1.195729960608034048e-01
6.211537729401805930e-02
1.171080850700683129e-01
1.240051129579010647e-01
1.067768306903674747e-01
8.029340734244339028e-02
2.323673852021883590e-01
4.094708531819490904e-02
2.811686830608373100e-02
1.105659141064365691e-01
1.116307896664388011e-01
1.554322673904202645e-01
1.022566107759076415e-01
1.077289193127701772e-01
7.169847047639321680e-02
3.776159592259520359e-02
1.085347788748253217e-01
1.558223279207436862e-01
1.084045979701405704e-01
6.405895774372771800e-02
6.531554943476458597e-02
5.293363195046929537e-02
2.405922697862961090e-02
1.610490875704883029e-01
1.010738269089984653e-01
1.393204197741410022e-01
1.849775052812866472e-01
6.612145754276810283e-02
9.729242620181688395e-02
6.207089608085758492e-02
9.945739493635119555e-02
