#!ascii label  , from subject colin27_FS vox2ras=TkReg
1571
81471  -46.825  -6.321  -22.021 0.0000000000
81480  -46.868  -6.269  -22.921 0.0000000000
81486  -47.009  -6.177  -23.434 0.0000000000
81494  -47.904  -6.287  -23.840 0.0000000000
82765  -46.781  -5.121  -21.145 0.0000000000
82766  -47.160  -5.506  -20.876 0.0000000000
82773  -46.598  -5.461  -21.583 0.0000000000
82774  -47.073  -6.178  -21.319 0.0000000000
82780  -45.875  -5.021  -22.951 0.0000000000
82781  -46.315  -5.609  -22.528 0.0000000000
82792  -45.881  -5.030  -23.440 0.0000000000
82793  -46.457  -5.567  -23.644 0.0000000000
82794  -47.167  -6.098  -23.707 0.0000000000
82804  -46.735  -5.175  -24.678 0.0000000000
82805  -47.634  -5.873  -24.222 0.0000000000
82821  -46.830  -4.895  -25.213 0.0000000000
82822  -47.393  -5.165  -25.118 0.0000000000
82823  -48.324  -5.360  -25.018 0.0000000000
82824  -49.352  -5.416  -24.958 0.0000000000
84046  -46.970  -4.823  -20.928 0.0000000000
84047  -47.489  -4.695  -20.552 0.0000000000
84048  -48.281  -4.412  -20.034 0.0000000000
84056  -46.650  -4.637  -21.366 0.0000000000
84062  -45.825  -4.457  -22.762 0.0000000000
84063  -46.127  -4.561  -22.145 0.0000000000
84076  -45.720  -4.463  -23.304 0.0000000000
84077  -45.868  -4.879  -23.784 0.0000000000
84089  -45.692  -4.303  -23.991 0.0000000000
84090  -46.095  -4.780  -24.351 0.0000000000
84105  -45.816  -4.170  -24.594 0.0000000000
84106  -46.315  -4.393  -25.198 0.0000000000
84107  -47.046  -4.647  -25.650 0.0000000000
84108  -47.889  -4.867  -25.737 0.0000000000
84109  -48.867  -4.915  -25.610 0.0000000000
84110  -49.865  -4.892  -25.471 0.0000000000
84111  -50.863  -4.863  -25.484 0.0000000000
84112  -51.902  -4.652  -25.604 0.0000000000
84113  -52.961  -4.521  -25.617 0.0000000000
84114  -53.843  -4.133  -25.536 0.0000000000
84115  -54.800  -3.983  -25.579 0.0000000000
84116  -55.822  -3.942  -25.662 0.0000000000
84136  -46.666  -4.067  -25.956 0.0000000000
84137  -47.393  -4.228  -26.378 0.0000000000
84138  -48.393  -4.522  -26.347 0.0000000000
84139  -49.355  -4.547  -26.201 0.0000000000
84140  -50.308  -4.444  -26.095 0.0000000000
84141  -51.168  -4.287  -25.905 0.0000000000
84142  -51.812  -3.998  -25.810 0.0000000000
84172  -47.992  -4.027  -27.015 0.0000000000
84173  -48.875  -4.243  -26.943 0.0000000000
84174  -49.785  -4.283  -26.782 0.0000000000
84175  -50.339  -4.233  -26.624 0.0000000000
85309  -49.867  -3.272  -18.934 0.0000000000
85330  -48.881  -3.578  -19.640 0.0000000000
85331  -49.461  -3.439  -19.255 0.0000000000
85344  -47.048  -4.163  -20.970 0.0000000000
85345  -47.672  -3.633  -20.590 0.0000000000
85346  -48.263  -3.590  -20.108 0.0000000000
85361  -46.661  -3.699  -21.591 0.0000000000
85362  -47.177  -3.589  -21.109 0.0000000000
85376  -45.863  -3.787  -22.687 0.0000000000
85377  -46.203  -3.744  -22.148 0.0000000000
85389  -45.669  -3.729  -23.495 0.0000000000
85398  -45.657  -3.644  -24.233 0.0000000000
85407  -45.770  -3.580  -24.960 0.0000000000
85408  -46.147  -3.475  -25.737 0.0000000000
85409  -52.418  -4.006  -25.597 0.0000000000
85410  -53.160  -3.675  -25.602 0.0000000000
85411  -54.158  -3.242  -25.600 0.0000000000
85412  -55.256  -3.205  -25.509 0.0000000000
85413  -56.306  -3.129  -25.524 0.0000000000
85414  -57.367  -3.124  -25.584 0.0000000000
85426  -46.696  -3.424  -26.564 0.0000000000
85427  -47.352  -3.634  -26.956 0.0000000000
85428  -50.747  -4.175  -26.429 0.0000000000
85429  -51.365  -3.916  -26.404 0.0000000000
85430  -52.340  -3.587  -26.194 0.0000000000
85431  -53.403  -3.087  -26.188 0.0000000000
85432  -53.948  -2.862  -25.881 0.0000000000
85442  -47.059  -3.147  -27.213 0.0000000000
85443  -47.685  -3.350  -27.541 0.0000000000
85444  -48.432  -3.728  -27.530 0.0000000000
85445  -49.315  -3.907  -27.504 0.0000000000
85446  -50.477  -3.966  -27.185 0.0000000000
85447  -51.609  -3.615  -27.169 0.0000000000
85448  -52.725  -3.255  -27.167 0.0000000000
85449  -53.337  -3.040  -26.788 0.0000000000
85476  -48.139  -3.326  -27.886 0.0000000000
85477  -48.669  -3.383  -28.120 0.0000000000
85478  -49.682  -3.513  -28.222 0.0000000000
85479  -50.835  -3.522  -28.138 0.0000000000
85480  -51.875  -3.346  -28.055 0.0000000000
85481  -52.587  -3.155  -28.040 0.0000000000
86528  -49.753  -2.832  -19.030 0.0000000000
86529  -50.138  -2.575  -18.836 0.0000000000
86544  -48.817  -3.001  -19.750 0.0000000000
86545  -49.358  -2.679  -19.448 0.0000000000
86546  -49.933  -1.944  -19.203 0.0000000000
86553  -47.781  -3.100  -20.726 0.0000000000
86554  -48.357  -2.809  -20.321 0.0000000000
86555  -48.991  -1.977  -20.096 0.0000000000
86565  -46.787  -3.182  -21.719 0.0000000000
86566  -47.369  -2.898  -21.320 0.0000000000
86567  -48.096  -2.094  -21.101 0.0000000000
86576  -46.008  -3.311  -22.650 0.0000000000
86577  -46.413  -3.007  -22.289 0.0000000000
86578  -47.105  -2.171  -22.086 0.0000000000
86586  -45.840  -3.182  -22.986 0.0000000000
86587  -46.128  -2.482  -23.243 0.0000000000
86594  -45.714  -3.045  -23.763 0.0000000000
86595  -45.923  -2.366  -24.148 0.0000000000
86603  -45.688  -3.037  -24.476 0.0000000000
86604  -45.848  -2.618  -25.160 0.0000000000
86605  -54.241  -2.791  -25.809 0.0000000000
86606  -54.781  -2.713  -25.796 0.0000000000
86607  -55.768  -2.549  -25.737 0.0000000000
86608  -56.867  -2.287  -25.594 0.0000000000
86609  -57.938  -2.335  -25.478 0.0000000000
86618  -46.200  -2.601  -26.196 0.0000000000
86619  -53.601  -2.890  -26.615 0.0000000000
86620  -54.148  -2.696  -26.369 0.0000000000
86621  -55.289  -2.360  -26.513 0.0000000000
86622  -56.269  -1.984  -26.116 0.0000000000
86623  -56.993  -1.714  -25.944 0.0000000000
86628  -46.658  -2.557  -27.054 0.0000000000
86629  -47.191  -2.637  -27.697 0.0000000000
86630  -53.004  -3.074  -27.739 0.0000000000
86631  -53.561  -2.873  -27.324 0.0000000000
86632  -54.553  -2.522  -27.377 0.0000000000
86633  -55.450  -2.220  -27.588 0.0000000000
86651  -47.872  -2.764  -28.226 0.0000000000
86652  -48.797  -2.631  -28.916 0.0000000000
86653  -50.087  -2.973  -28.951 0.0000000000
86654  -51.202  -3.005  -28.868 0.0000000000
86655  -52.166  -2.899  -28.709 0.0000000000
86656  -53.085  -2.833  -28.394 0.0000000000
86657  -54.017  -2.585  -28.285 0.0000000000
86658  -54.873  -2.328  -28.314 0.0000000000
86659  -55.619  -2.031  -28.495 0.0000000000
86684  -48.872  -2.056  -29.397 0.0000000000
86685  -49.510  -2.218  -29.479 0.0000000000
86686  -50.590  -2.385  -29.505 0.0000000000
86687  -51.633  -2.413  -29.415 0.0000000000
86688  -52.614  -2.423  -29.288 0.0000000000
86689  -53.557  -2.381  -29.150 0.0000000000
86690  -54.426  -2.243  -29.047 0.0000000000
86691  -55.126  -2.058  -29.000 0.0000000000
87721  -51.689  -1.603  -17.929 0.0000000000
87738  -50.530  -1.563  -18.839 0.0000000000
87739  -51.089  -1.581  -18.358 0.0000000000
87746  -49.675  -1.510  -19.749 0.0000000000
87747  -50.121  -1.462  -19.328 0.0000000000
87753  -48.636  -1.759  -20.726 0.0000000000
87754  -49.207  -1.336  -20.518 0.0000000000
87762  -47.733  -1.821  -21.730 0.0000000000
87763  -48.470  -1.298  -21.497 0.0000000000
87764  -48.891  -1.236  -21.002 0.0000000000
87774  -46.722  -1.951  -22.761 0.0000000000
87775  -47.516  -1.403  -22.526 0.0000000000
87776  -48.027  -1.307  -22.033 0.0000000000
87789  -46.578  -1.597  -23.620 0.0000000000
87790  -47.036  -1.437  -23.069 0.0000000000
87797  -46.203  -1.692  -24.623 0.0000000000
87807  -46.190  -1.743  -25.636 0.0000000000
87808  -57.670  -1.706  -25.703 0.0000000000
87809  -58.486  -1.624  -25.454 0.0000000000
87817  -46.418  -1.736  -26.632 0.0000000000
87818  -56.141  -1.964  -26.991 0.0000000000
87819  -56.850  -1.664  -26.584 0.0000000000
87820  -57.536  -1.436  -26.266 0.0000000000
87821  -58.333  -1.133  -25.875 0.0000000000
87822  -58.794  -1.153  -25.441 0.0000000000
87827  -46.813  -1.704  -27.737 0.0000000000
87828  -47.331  -2.188  -28.168 0.0000000000
87829  -56.175  -1.891  -27.910 0.0000000000
87830  -56.823  -1.668  -27.470 0.0000000000
87831  -57.455  -1.466  -27.073 0.0000000000
87832  -58.070  -1.236  -26.776 0.0000000000
87838  -46.919  -1.078  -28.232 0.0000000000
87839  -47.630  -1.579  -28.863 0.0000000000
87840  -48.481  -1.933  -29.282 0.0000000000
87841  -56.219  -1.747  -28.639 0.0000000000
87842  -56.782  -1.608  -28.298 0.0000000000
87843  -57.568  -1.425  -28.055 0.0000000000
87844  -57.904  -1.318  -27.423 0.0000000000
87861  -47.971  -1.030  -29.516 0.0000000000
87862  -48.770  -1.365  -29.776 0.0000000000
87863  -50.040  -1.675  -29.997 0.0000000000
87864  -51.121  -1.794  -30.010 0.0000000000
87865  -52.137  -1.818  -29.907 0.0000000000
87866  -53.113  -1.845  -29.811 0.0000000000
87867  -54.034  -1.801  -29.655 0.0000000000
87868  -54.856  -1.727  -29.507 0.0000000000
87869  -55.760  -1.543  -29.383 0.0000000000
87870  -56.695  -1.435  -29.001 0.0000000000
87871  -57.190  -1.377  -28.652 0.0000000000
88982  -52.040  -0.629  -17.853 0.0000000000
88983  -52.768  -0.534  -17.364 0.0000000000
88984  -53.229  -0.013  -17.099 0.0000000000
88993  -50.674  -1.059  -19.008 0.0000000000
88994  -51.169  -0.778  -18.662 0.0000000000
89001  -49.934  -1.096  -19.851 0.0000000000
89002  -50.379  -0.858  -19.570 0.0000000000
89003  -51.082  -0.104  -19.430 0.0000000000
89008  -49.777  -0.953  -20.259 0.0000000000
89009  -50.204  -0.355  -20.585 0.0000000000
89015  -48.698  -0.869  -21.714 0.0000000000
89016  -49.303  -0.653  -21.325 0.0000000000
89017  -50.156  0.005  -21.236 0.0000000000
89024  -47.746  -0.991  -22.758 0.0000000000
89025  -48.347  -0.731  -22.368 0.0000000000
89026  -49.247  -0.035  -22.223 0.0000000000
89040  -46.878  -1.174  -23.707 0.0000000000
89041  -47.378  -0.897  -23.395 0.0000000000
89042  -48.185  -0.191  -23.312 0.0000000000
89055  -46.714  -1.092  -24.121 0.0000000000
89056  -47.084  -0.506  -24.452 0.0000000000
89066  -46.517  -0.999  -25.030 0.0000000000
89067  -46.909  -0.311  -25.344 0.0000000000
89075  -46.493  -0.938  -25.996 0.0000000000
89076  -46.872  -0.144  -26.251 0.0000000000
89077  -58.683  -0.879  -25.927 0.0000000000
89084  -46.589  -0.877  -26.959 0.0000000000
89085  -46.817  -0.042  -27.209 0.0000000000
89086  -58.686  -0.951  -26.427 0.0000000000
89087  -59.410  -0.628  -26.791 0.0000000000
89094  -46.769  -0.781  -27.726 0.0000000000
89095  -46.847  -0.172  -28.393 0.0000000000
89096  -57.946  -1.202  -28.374 0.0000000000
89097  -58.523  -1.088  -27.803 0.0000000000
89113  -47.506  -0.385  -29.460 0.0000000000
89114  -48.133  -0.679  -29.837 0.0000000000
89117  -57.670  -0.925  -29.166 0.0000000000
90366  -53.605  0.734  -16.886 0.0000000000
90381  -51.841  -0.004  -18.354 0.0000000000
90382  -52.534  0.415  -17.773 0.0000000000
90383  -53.084  0.624  -17.321 0.0000000000
90390  -51.566  0.228  -19.004 0.0000000000
90391  -52.083  0.661  -18.664 0.0000000000
90397  -50.838  0.091  -20.160 0.0000000000
90398  -51.596  0.677  -19.834 0.0000000000
90399  -51.878  0.736  -19.233 0.0000000000
90405  -50.707  0.261  -20.921 0.0000000000
90406  -51.286  0.675  -20.705 0.0000000000
90412  -49.923  0.264  -21.832 0.0000000000
90413  -50.583  0.518  -21.517 0.0000000000
90414  -51.059  0.709  -21.258 0.0000000000
90421  -48.859  0.236  -22.935 0.0000000000
90422  -49.761  0.696  -22.673 0.0000000000
90423  -50.551  0.880  -22.156 0.0000000000
90424  -51.035  0.979  -21.716 0.0000000000
90434  -47.789  -0.055  -24.081 0.0000000000
90435  -48.561  0.428  -23.808 0.0000000000
90436  -49.335  0.835  -23.500 0.0000000000
90450  -47.456  0.052  -24.827 0.0000000000
90451  -48.200  0.580  -24.771 0.0000000000
90452  -49.080  1.005  -24.325 0.0000000000
90462  -47.455  0.356  -25.537 0.0000000000
90463  -48.110  1.009  -25.650 0.0000000000
90470  -47.361  0.751  -26.423 0.0000000000
90471  -48.075  1.382  -26.237 0.0000000000
90478  -46.945  0.897  -27.424 0.0000000000
90485  -46.666  1.440  -28.774 0.0000000000
90486  -46.786  1.203  -28.441 0.0000000000
90501  -46.660  1.305  -29.043 0.0000000000
90502  -46.951  0.662  -29.328 0.0000000000
91704  -53.675  1.451  -17.033 0.0000000000
91705  -54.157  1.323  -16.677 0.0000000000
91714  -52.705  0.957  -17.896 0.0000000000
91715  -53.107  1.295  -17.663 0.0000000000
91723  -52.577  1.102  -18.328 0.0000000000
91724  -52.988  1.760  -18.691 0.0000000000
91730  -52.038  1.171  -20.087 0.0000000000
91731  -52.358  1.292  -19.449 0.0000000000
91732  -53.024  1.967  -19.532 0.0000000000
91738  -51.864  1.156  -20.618 0.0000000000
91739  -52.370  1.482  -20.423 0.0000000000
91740  -52.849  1.843  -20.266 0.0000000000
91746  -51.568  1.190  -21.379 0.0000000000
91747  -52.341  1.659  -21.250 0.0000000000
91748  -52.696  1.783  -20.800 0.0000000000
91754  -49.963  1.188  -23.326 0.0000000000
91755  -50.534  1.289  -22.904 0.0000000000
91756  -51.403  1.539  -22.313 0.0000000000
91757  -51.907  1.629  -21.763 0.0000000000
91765  -49.810  1.361  -23.991 0.0000000000
91766  -50.443  1.577  -23.655 0.0000000000
91767  -51.069  1.785  -23.343 0.0000000000
91780  -48.889  1.277  -25.138 0.0000000000
91781  -49.609  1.598  -24.714 0.0000000000
91782  -50.384  1.959  -24.418 0.0000000000
91783  -50.818  1.928  -23.917 0.0000000000
91796  -48.717  1.592  -25.838 0.0000000000
91797  -49.492  1.975  -25.452 0.0000000000
91798  -49.944  2.032  -24.939 0.0000000000
91807  -47.654  1.513  -26.817 0.0000000000
91808  -48.515  1.993  -26.483 0.0000000000
91809  -49.076  2.002  -25.988 0.0000000000
91816  -47.267  1.923  -27.545 0.0000000000
91817  -47.893  2.009  -26.968 0.0000000000
91824  -46.587  1.855  -28.809 0.0000000000
91825  -46.798  1.883  -28.202 0.0000000000
91836  -46.688  1.517  -29.815 0.0000000000
93062  -53.966  1.734  -16.893 0.0000000000
93063  -54.369  2.042  -16.704 0.0000000000
93064  -55.091  2.308  -16.250 0.0000000000
93073  -53.793  2.032  -17.295 0.0000000000
93074  -54.221  2.602  -17.156 0.0000000000
93081  -53.513  2.236  -18.118 0.0000000000
93088  -53.550  2.488  -19.118 0.0000000000
93089  -53.926  2.904  -19.796 0.0000000000
93096  -53.453  2.349  -20.102 0.0000000000
93097  -54.060  2.836  -20.621 0.0000000000
93103  -52.596  2.002  -21.528 0.0000000000
93104  -53.126  2.221  -21.216 0.0000000000
93105  -54.055  3.022  -21.627 0.0000000000
93112  -51.811  1.928  -22.457 0.0000000000
93113  -52.301  2.099  -22.127 0.0000000000
93114  -53.352  2.876  -22.438 0.0000000000
93115  -54.148  3.379  -22.378 0.0000000000
93123  -51.731  2.103  -22.956 0.0000000000
93124  -52.474  2.762  -23.310 0.0000000000
93125  -53.280  3.300  -23.291 0.0000000000
93135  -50.682  2.307  -24.619 0.0000000000
93136  -51.305  2.469  -24.201 0.0000000000
93137  -52.262  3.161  -24.167 0.0000000000
93150  -49.776  2.332  -25.600 0.0000000000
93151  -50.351  2.483  -25.232 0.0000000000
93152  -51.227  3.026  -25.127 0.0000000000
93164  -48.784  2.541  -26.585 0.0000000000
93165  -49.482  2.509  -26.118 0.0000000000
93166  -50.231  3.043  -26.023 0.0000000000
93172  -47.436  2.640  -27.572 0.0000000000
93173  -48.107  2.638  -27.047 0.0000000000
93181  -46.547  2.565  -28.743 0.0000000000
93182  -46.900  2.622  -28.132 0.0000000000
93192  -46.400  2.472  -29.390 0.0000000000
93206  -46.517  2.347  -30.530 0.0000000000
94303  -54.677  2.769  -16.748 0.0000000000
94304  -55.426  3.382  -16.338 0.0000000000
94305  -56.192  4.094  -16.125 0.0000000000
94312  -53.959  2.668  -17.670 0.0000000000
94313  -54.489  3.359  -17.498 0.0000000000
94314  -55.094  4.082  -17.260 0.0000000000
94322  -53.958  2.974  -18.373 0.0000000000
94323  -54.555  3.613  -18.720 0.0000000000
94324  -55.019  3.934  -19.188 0.0000000000
94331  -54.092  3.137  -19.183 0.0000000000
94332  -54.688  3.474  -19.867 0.0000000000
94333  -55.435  4.025  -19.678 0.0000000000
94340  -54.764  3.427  -21.066 0.0000000000
94341  -55.575  3.948  -20.626 0.0000000000
94348  -54.693  3.586  -21.967 0.0000000000
94349  -55.328  3.902  -21.651 0.0000000000
94355  -53.922  3.505  -23.031 0.0000000000
94356  -54.690  3.894  -22.814 0.0000000000
94357  -55.093  3.963  -22.231 0.0000000000
94365  -52.940  3.459  -23.903 0.0000000000
94366  -53.693  3.867  -23.791 0.0000000000
94367  -54.223  3.884  -23.370 0.0000000000
94376  -51.853  3.363  -24.765 0.0000000000
94377  -52.637  3.865  -24.576 0.0000000000
94378  -53.198  3.899  -24.222 0.0000000000
94390  -50.836  3.273  -25.692 0.0000000000
94391  -51.536  3.810  -25.485 0.0000000000
94392  -52.115  3.868  -25.013 0.0000000000
94406  -48.971  3.051  -26.709 0.0000000000
94407  -49.730  3.507  -26.598 0.0000000000
94408  -50.534  3.646  -26.226 0.0000000000
94409  -51.004  3.738  -25.925 0.0000000000
94421  -47.599  3.388  -27.678 0.0000000000
94422  -48.543  3.516  -27.150 0.0000000000
94423  -49.144  3.585  -26.868 0.0000000000
94430  -46.622  3.341  -28.727 0.0000000000
94431  -47.048  3.382  -28.166 0.0000000000
94438  -46.271  3.345  -29.749 0.0000000000
94446  -46.263  3.414  -30.778 0.0000000000
95583  -55.736  4.582  -16.812 0.0000000000
95584  -56.496  4.761  -16.257 0.0000000000
95585  -57.038  4.813  -15.904 0.0000000000
95592  -54.921  4.095  -18.142 0.0000000000
95593  -55.372  4.648  -17.760 0.0000000000
95601  -54.966  4.053  -18.741 0.0000000000
95602  -55.442  4.478  -18.858 0.0000000000
95610  -56.188  4.585  -19.893 0.0000000000
95611  -56.735  4.995  -20.102 0.0000000000
95618  -56.245  4.417  -20.779 0.0000000000
95619  -56.709  4.809  -20.587 0.0000000000
95627  -55.963  4.309  -21.465 0.0000000000
95628  -56.552  4.698  -21.343 0.0000000000
95635  -55.035  4.325  -23.103 0.0000000000
95636  -55.628  4.493  -22.473 0.0000000000
95637  -56.240  4.643  -21.886 0.0000000000
95644  -53.856  4.269  -24.009 0.0000000000
95645  -54.434  4.444  -23.711 0.0000000000
95646  -55.227  4.652  -23.278 0.0000000000
95654  -52.794  4.302  -24.725 0.0000000000
95655  -53.380  4.548  -24.469 0.0000000000
95656  -54.137  4.928  -24.234 0.0000000000
95665  -51.684  4.567  -25.807 0.0000000000
95666  -52.377  4.482  -25.172 0.0000000000
95667  -52.828  5.035  -25.063 0.0000000000
95677  -49.759  3.967  -26.806 0.0000000000
95678  -50.183  4.168  -26.708 0.0000000000
95679  -51.045  4.275  -26.220 0.0000000000
95692  -47.663  3.902  -27.845 0.0000000000
95693  -48.161  4.145  -27.660 0.0000000000
95694  -49.325  4.220  -27.130 0.0000000000
95695  -50.069  4.812  -27.103 0.0000000000
95707  -46.798  3.904  -28.664 0.0000000000
95708  -47.300  4.139  -28.275 0.0000000000
95709  -48.115  4.805  -28.104 0.0000000000
95717  -46.642  4.196  -29.082 0.0000000000
95718  -47.172  4.926  -28.846 0.0000000000
95730  -46.255  4.358  -30.097 0.0000000000
95752  -46.065  4.417  -31.167 0.0000000000
95772  -46.158  4.487  -32.253 0.0000000000
95788  -46.228  4.475  -33.316 0.0000000000
95807  -46.729  4.216  -34.448 0.0000000000
95823  -46.709  4.717  -35.641 0.0000000000
95839  -46.628  5.164  -36.229 0.0000000000
95840  -47.368  4.941  -36.624 0.0000000000
96811  -57.691  5.519  -15.630 0.0000000000
96822  -55.860  4.999  -16.979 0.0000000000
96823  -56.178  5.244  -16.838 0.0000000000
96824  -56.945  5.545  -16.078 0.0000000000
96832  -55.783  5.087  -17.346 0.0000000000
96833  -56.147  5.604  -17.610 0.0000000000
96842  -55.780  5.163  -18.213 0.0000000000
96843  -56.349  5.672  -18.531 0.0000000000
96851  -56.083  5.088  -19.043 0.0000000000
96852  -56.795  5.444  -19.558 0.0000000000
96853  -57.510  5.672  -19.990 0.0000000000
96859  -57.155  5.239  -20.319 0.0000000000
96860  -57.791  5.636  -20.572 0.0000000000
96861  -58.176  5.939  -20.838 0.0000000000
96869  -57.186  5.117  -21.080 0.0000000000
96870  -57.704  5.728  -21.384 0.0000000000
96871  -58.323  6.163  -21.192 0.0000000000
96879  -56.042  4.976  -22.674 0.0000000000
96880  -56.663  5.243  -22.215 0.0000000000
96881  -57.511  5.958  -22.107 0.0000000000
96889  -55.081  4.914  -23.644 0.0000000000
96890  -55.752  5.282  -23.282 0.0000000000
96891  -56.508  5.874  -23.068 0.0000000000
96899  -53.869  5.392  -24.488 0.0000000000
96900  -54.731  5.438  -24.095 0.0000000000
96901  -55.400  5.985  -23.913 0.0000000000
96910  -51.983  4.948  -25.754 0.0000000000
96911  -52.386  5.433  -25.627 0.0000000000
96912  -53.176  5.692  -25.004 0.0000000000
96921  -50.672  4.824  -26.735 0.0000000000
96922  -51.494  5.317  -26.413 0.0000000000
96923  -52.115  6.044  -26.244 0.0000000000
96934  -48.746  4.868  -27.750 0.0000000000
96935  -49.541  5.326  -27.653 0.0000000000
96936  -50.552  5.526  -27.251 0.0000000000
96937  -51.176  6.049  -27.117 0.0000000000
96949  -47.760  5.103  -28.517 0.0000000000
96950  -48.660  5.676  -28.433 0.0000000000
96951  -49.437  5.927  -28.181 0.0000000000
96960  -46.756  5.186  -29.503 0.0000000000
96961  -47.667  5.825  -29.103 0.0000000000
96962  -48.352  6.180  -28.961 0.0000000000
96973  -46.427  5.513  -30.484 0.0000000000
96974  -47.029  5.992  -29.792 0.0000000000
96992  -46.153  5.471  -31.574 0.0000000000
97009  -45.958  5.575  -32.736 0.0000000000
97029  -45.912  5.184  -33.928 0.0000000000
97047  -45.741  5.903  -35.223 0.0000000000
97048  -46.058  5.132  -34.940 0.0000000000
97062  -45.814  6.031  -36.011 0.0000000000
97063  -46.196  5.427  -35.802 0.0000000000
97075  -45.964  6.205  -36.388 0.0000000000
97076  -46.457  5.830  -36.699 0.0000000000
97077  -47.130  5.511  -37.071 0.0000000000
97089  -46.638  6.317  -37.279 0.0000000000
97090  -47.188  6.021  -37.463 0.0000000000
98029  -57.853  6.592  -13.347 0.0000000000
98030  -58.443  6.753  -13.356 0.0000000000
98031  -58.978  6.772  -13.435 0.0000000000
98042  -55.997  6.790  -13.666 0.0000000000
98043  -57.177  6.901  -13.438 0.0000000000
98044  -59.301  6.719  -13.701 0.0000000000
98062  -57.686  6.237  -15.744 0.0000000000
98063  -58.530  6.584  -15.232 0.0000000000
98064  -59.120  7.030  -14.665 0.0000000000
98072  -56.515  5.925  -16.982 0.0000000000
98073  -57.098  6.687  -16.763 0.0000000000
98080  -56.615  6.270  -17.794 0.0000000000
98081  -57.262  7.015  -18.047 0.0000000000
98089  -56.976  6.231  -18.802 0.0000000000
98090  -57.675  6.773  -19.130 0.0000000000
98098  -57.431  6.055  -19.521 0.0000000000
98099  -58.215  6.229  -19.952 0.0000000000
98100  -58.940  6.608  -20.073 0.0000000000
98101  -59.353  6.935  -19.969 0.0000000000
98108  -58.240  6.005  -20.497 0.0000000000
98109  -58.729  6.322  -20.633 0.0000000000
98110  -59.372  6.841  -20.299 0.0000000000
98119  -58.090  6.298  -21.742 0.0000000000
98120  -58.806  6.716  -21.442 0.0000000000
98121  -59.353  6.777  -20.846 0.0000000000
98129  -57.094  6.130  -22.658 0.0000000000
98130  -57.771  6.664  -22.414 0.0000000000
98131  -58.354  6.709  -21.973 0.0000000000
98138  -55.992  6.408  -23.691 0.0000000000
98139  -56.762  6.561  -23.200 0.0000000000
98140  -57.236  6.627  -22.849 0.0000000000
98147  -53.903  6.399  -24.667 0.0000000000
98148  -54.886  6.453  -24.228 0.0000000000
98149  -55.444  6.490  -23.983 0.0000000000
98158  -52.724  6.537  -25.724 0.0000000000
98159  -53.284  6.490  -25.178 0.0000000000
98169  -51.689  6.283  -26.792 0.0000000000
98170  -52.186  6.714  -26.543 0.0000000000
98181  -50.005  6.107  -27.904 0.0000000000
98182  -50.722  6.347  -27.623 0.0000000000
98183  -51.373  6.787  -27.448 0.0000000000
98184  -51.834  6.762  -27.001 0.0000000000
98194  -48.753  6.407  -28.927 0.0000000000
98195  -49.433  6.645  -28.652 0.0000000000
98196  -50.347  6.777  -28.171 0.0000000000
98197  -50.847  6.817  -27.841 0.0000000000
98209  -47.578  6.428  -29.734 0.0000000000
98210  -48.318  6.718  -29.466 0.0000000000
98211  -48.916  6.808  -29.111 0.0000000000
98220  -46.501  6.221  -31.070 0.0000000000
98221  -47.170  6.637  -30.474 0.0000000000
98222  -47.780  6.804  -29.967 0.0000000000
98241  -46.483  6.539  -31.828 0.0000000000
98242  -46.794  6.707  -31.156 0.0000000000
98266  -46.184  6.606  -32.774 0.0000000000
98288  -45.802  6.989  -33.898 0.0000000000
98289  -45.825  6.303  -33.661 0.0000000000
98304  -45.700  6.635  -34.556 0.0000000000
98305  -45.750  5.807  -34.460 0.0000000000
98319  -45.652  6.659  -35.500 0.0000000000
98335  -45.726  6.598  -36.193 0.0000000000
98336  -45.985  6.451  -36.607 0.0000000000
98351  -45.760  6.955  -36.578 0.0000000000
98352  -46.178  6.775  -37.110 0.0000000000
98353  -46.864  6.803  -37.699 0.0000000000
99351  -58.104  7.329  -13.345 0.0000000000
99352  -58.784  7.740  -13.369 0.0000000000
99353  -59.208  7.692  -13.510 0.0000000000
99357  -54.687  7.312  -14.332 0.0000000000
99358  -55.594  7.448  -14.011 0.0000000000
99359  -56.668  7.836  -13.750 0.0000000000
99360  -57.789  7.844  -13.488 0.0000000000
99361  -58.363  7.898  -13.401 0.0000000000
99362  -59.472  7.706  -13.853 0.0000000000
99368  -54.531  7.970  -14.880 0.0000000000
99369  -55.384  7.985  -14.387 0.0000000000
99370  -55.973  7.989  -14.089 0.0000000000
99371  -59.456  7.743  -14.371 0.0000000000
99379  -57.930  7.237  -16.034 0.0000000000
99380  -58.785  7.818  -15.473 0.0000000000
99381  -59.292  7.797  -14.839 0.0000000000
99389  -57.902  7.733  -17.139 0.0000000000
99390  -58.271  7.875  -16.285 0.0000000000
99400  -58.183  7.681  -18.426 0.0000000000
99401  -58.768  7.988  -18.481 0.0000000000
99411  -58.464  7.060  -19.456 0.0000000000
99412  -59.106  7.758  -19.044 0.0000000000
99413  -59.758  8.010  -19.118 0.0000000000
99420  -58.705  6.680  -19.830 0.0000000000
99421  -59.088  7.057  -19.737 0.0000000000
99422  -59.928  7.506  -19.723 0.0000000000
99423  -60.663  7.837  -19.844 0.0000000000
99430  -59.880  7.174  -20.543 0.0000000000
99431  -60.457  7.622  -20.327 0.0000000000
99441  -59.075  7.199  -21.643 0.0000000000
99442  -59.678  7.343  -21.278 0.0000000000
99443  -60.198  7.490  -20.800 0.0000000000
99452  -57.888  7.205  -22.621 0.0000000000
99453  -58.589  7.367  -22.183 0.0000000000
99454  -59.223  7.465  -21.729 0.0000000000
99460  -55.942  6.921  -23.836 0.0000000000
99461  -56.337  7.233  -23.699 0.0000000000
99462  -57.316  7.196  -23.095 0.0000000000
99463  -57.916  7.612  -22.805 0.0000000000
99468  -53.830  7.030  -24.831 0.0000000000
99469  -54.342  7.308  -24.638 0.0000000000
99470  -55.484  7.147  -24.107 0.0000000000
99471  -55.933  7.670  -24.068 0.0000000000
99478  -52.918  7.091  -25.798 0.0000000000
99479  -53.412  7.322  -25.418 0.0000000000
99480  -53.984  7.834  -25.040 0.0000000000
99487  -52.724  7.363  -26.312 0.0000000000
99488  -53.099  7.740  -26.130 0.0000000000
99498  -51.577  7.499  -27.734 0.0000000000
99499  -52.065  7.286  -27.163 0.0000000000
99508  -49.520  7.197  -28.930 0.0000000000
99509  -50.021  7.464  -28.776 0.0000000000
99510  -50.929  7.350  -28.130 0.0000000000
99521  -48.507  7.179  -29.712 0.0000000000
99522  -49.117  7.447  -29.437 0.0000000000
99523  -49.792  7.863  -29.235 0.0000000000
99534  -47.480  7.108  -30.684 0.0000000000
99535  -48.082  7.330  -30.276 0.0000000000
99536  -48.775  7.868  -30.139 0.0000000000
99553  -46.774  7.042  -31.804 0.0000000000
99554  -47.216  7.278  -31.331 0.0000000000
99555  -47.997  7.922  -31.075 0.0000000000
99570  -46.699  7.228  -32.294 0.0000000000
99571  -47.274  7.790  -32.171 0.0000000000
99583  -45.888  7.249  -33.810 0.0000000000
99584  -46.182  7.354  -33.407 0.0000000000
99597  -45.787  7.419  -34.143 0.0000000000
99598  -46.039  8.061  -33.888 0.0000000000
99608  -45.597  7.449  -35.008 0.0000000000
99619  -45.542  7.438  -35.979 0.0000000000
99632  -45.745  7.670  -36.840 0.0000000000
99633  -46.382  7.735  -37.578 0.0000000000
100585  -59.053  8.323  -13.432 0.0000000000
100586  -59.163  8.166  -13.426 0.0000000000
100589  -56.993  8.418  -13.920 0.0000000000
100590  -57.607  8.363  -13.741 0.0000000000
100591  -58.581  8.511  -13.611 0.0000000000
100592  -59.434  8.653  -13.704 0.0000000000
100593  -59.843  9.280  -13.943 0.0000000000
100596  -54.874  8.455  -15.182 0.0000000000
100597  -55.341  8.446  -14.848 0.0000000000
100598  -56.306  8.554  -14.405 0.0000000000
100599  -57.391  8.727  -14.086 0.0000000000
100600  -58.018  8.694  -13.887 0.0000000000
100601  -59.776  8.555  -14.239 0.0000000000
100602  -60.027  9.236  -14.157 0.0000000000
100607  -54.458  8.384  -15.657 0.0000000000
100608  -55.351  8.776  -15.443 0.0000000000
100609  -55.785  8.719  -14.968 0.0000000000
100610  -59.286  8.474  -15.739 0.0000000000
100611  -59.693  8.467  -15.052 0.0000000000
100612  -60.220  9.127  -14.828 0.0000000000
100617  -54.352  8.510  -16.392 0.0000000000
100618  -54.958  8.884  -16.190 0.0000000000
100619  -58.390  8.164  -17.327 0.0000000000
100620  -58.815  8.394  -16.604 0.0000000000
100621  -59.909  8.979  -15.989 0.0000000000
100622  -60.194  9.057  -15.373 0.0000000000
100628  -54.706  8.799  -16.936 0.0000000000
100629  -58.243  8.039  -17.705 0.0000000000
100630  -58.821  8.301  -17.853 0.0000000000
100631  -59.784  8.960  -17.168 0.0000000000
100632  -60.453  9.029  -17.788 0.0000000000
100633  -62.110  9.427  -18.030 0.0000000000
100634  -62.303  9.422  -18.273 0.0000000000
100643  -55.106  8.830  -17.726 0.0000000000
100644  -55.692  9.148  -18.125 0.0000000000
100645  -59.084  8.150  -18.483 0.0000000000
100646  -59.742  8.472  -18.421 0.0000000000
100647  -60.854  8.795  -18.418 0.0000000000
100648  -61.776  9.054  -18.449 0.0000000000
100649  -62.360  9.247  -18.805 0.0000000000
100655  -55.493  8.652  -18.455 0.0000000000
100656  -56.037  9.004  -18.778 0.0000000000
100657  -60.265  8.232  -19.042 0.0000000000
100658  -60.957  8.317  -19.292 0.0000000000
100659  -61.830  8.707  -19.395 0.0000000000
100660  -62.367  9.164  -19.612 0.0000000000
100666  -61.145  8.121  -20.031 0.0000000000
100667  -61.775  8.818  -20.340 0.0000000000
100668  -62.306  9.201  -20.113 0.0000000000
100679  -59.991  7.769  -21.419 0.0000000000
100680  -60.592  8.123  -21.034 0.0000000000
100681  -61.303  8.874  -20.959 0.0000000000
100692  -58.861  8.058  -22.357 0.0000000000
100693  -59.567  8.031  -21.878 0.0000000000
100694  -60.303  8.797  -21.788 0.0000000000
100700  -56.932  7.804  -23.597 0.0000000000
100701  -57.550  8.015  -23.309 0.0000000000
100702  -58.336  8.261  -22.882 0.0000000000
100708  -54.980  7.741  -24.509 0.0000000000
100709  -55.526  8.135  -24.404 0.0000000000
100710  -56.370  8.197  -24.035 0.0000000000
100717  -53.833  8.200  -25.449 0.0000000000
100718  -54.595  8.364  -24.954 0.0000000000
100719  -55.366  8.950  -24.785 0.0000000000
100725  -52.970  7.897  -26.521 0.0000000000
100726  -53.375  8.330  -26.282 0.0000000000
100733  -51.976  7.794  -27.642 0.0000000000
100734  -52.633  8.194  -27.276 0.0000000000
100735  -53.279  8.957  -27.069 0.0000000000
100743  -50.726  7.873  -28.614 0.0000000000
100744  -51.571  8.245  -28.309 0.0000000000
100745  -52.439  8.886  -28.143 0.0000000000
100755  -49.650  8.091  -29.523 0.0000000000
100756  -50.391  8.419  -29.273 0.0000000000
100757  -51.334  9.024  -29.103 0.0000000000
100772  -48.542  8.087  -30.637 0.0000000000
100773  -49.388  8.511  -30.282 0.0000000000
100774  -50.267  9.116  -30.111 0.0000000000
100789  -47.745  8.050  -31.739 0.0000000000
100790  -48.532  8.651  -31.490 0.0000000000
100791  -49.373  9.217  -31.263 0.0000000000
100802  -46.896  7.890  -32.779 0.0000000000
100803  -47.624  8.619  -32.554 0.0000000000
100804  -48.441  9.267  -32.328 0.0000000000
100812  -46.658  8.492  -33.393 0.0000000000
100813  -47.197  9.228  -33.207 0.0000000000
100821  -45.690  8.244  -34.502 0.0000000000
100822  -45.982  8.851  -33.983 0.0000000000
100831  -45.449  8.389  -35.342 0.0000000000
100843  -45.466  8.523  -36.264 0.0000000000
100862  -45.795  8.788  -37.164 0.0000000000
101878  -58.739  8.947  -13.816 0.0000000000
101879  -59.076  9.070  -13.817 0.0000000000
101880  -59.615  9.279  -13.907 0.0000000000
101883  -56.484  8.925  -14.694 0.0000000000
101884  -56.982  9.077  -14.569 0.0000000000
101885  -58.303  9.199  -14.225 0.0000000000
101886  -59.312  9.513  -14.201 0.0000000000
101887  -59.898  9.643  -14.253 0.0000000000
101890  -55.719  9.003  -15.536 0.0000000000
101891  -56.203  9.078  -15.193 0.0000000000
101892  -57.285  9.649  -15.162 0.0000000000
101893  -58.210  9.883  -14.922 0.0000000000
101894  -60.270  9.690  -14.823 0.0000000000
101898  -55.641  9.177  -15.877 0.0000000000
101899  -56.376  9.710  -16.059 0.0000000000
101900  -57.200  10.084  -15.884 0.0000000000
101901  -60.353  9.276  -16.040 0.0000000000
101902  -60.548  9.568  -15.900 0.0000000000
101903  -61.186  9.862  -16.883 0.0000000000
101906  -55.470  9.353  -16.788 0.0000000000
101907  -56.315  9.941  -17.106 0.0000000000
101908  -56.911  10.202  -17.646 0.0000000000
101909  -60.314  9.284  -16.390 0.0000000000
101910  -60.741  9.451  -17.069 0.0000000000
101911  -61.679  9.580  -17.630 0.0000000000
101912  -62.304  9.703  -17.955 0.0000000000
101917  -55.731  9.422  -17.576 0.0000000000
101918  -56.310  9.638  -18.111 0.0000000000
101919  -57.100  10.169  -18.462 0.0000000000
101920  -61.079  9.249  -17.796 0.0000000000
101921  -61.423  9.154  -18.043 0.0000000000
101922  -62.587  9.671  -18.346 0.0000000000
101928  -56.645  9.482  -19.094 0.0000000000
101929  -57.298  9.999  -19.475 0.0000000000
101930  -62.738  9.663  -19.050 0.0000000000
101937  -62.138  9.319  -20.402 0.0000000000
101938  -62.480  9.752  -20.105 0.0000000000
101948  -60.937  9.037  -21.395 0.0000000000
101949  -61.773  9.612  -21.158 0.0000000000
101950  -62.270  10.369  -20.920 0.0000000000
101961  -59.035  8.559  -22.586 0.0000000000
101962  -59.691  9.084  -22.491 0.0000000000
101963  -60.728  9.745  -22.265 0.0000000000
101964  -61.523  10.364  -22.139 0.0000000000
101971  -57.062  8.434  -23.743 0.0000000000
101972  -57.715  8.852  -23.603 0.0000000000
101973  -58.755  9.379  -23.353 0.0000000000
101974  -59.802  9.983  -23.181 0.0000000000
101975  -60.471  10.493  -23.125 0.0000000000
101982  -56.000  8.855  -24.479 0.0000000000
101983  -56.821  9.263  -24.275 0.0000000000
101984  -57.816  9.745  -24.086 0.0000000000
101985  -58.481  10.201  -24.086 0.0000000000
101991  -54.069  8.978  -25.765 0.0000000000
101992  -54.962  9.493  -25.485 0.0000000000
101993  -55.956  9.676  -24.985 0.0000000000
101994  -56.607  9.974  -24.849 0.0000000000
101999  -53.788  9.302  -26.610 0.0000000000
102000  -54.429  9.712  -26.286 0.0000000000
102006  -53.023  9.207  -27.748 0.0000000000
102007  -53.669  9.707  -27.435 0.0000000000
102008  -54.191  9.903  -26.957 0.0000000000
102015  -52.051  9.248  -28.761 0.0000000000
102016  -52.808  9.656  -28.492 0.0000000000
102017  -53.361  9.819  -28.072 0.0000000000
102026  -50.948  9.360  -29.763 0.0000000000
102027  -51.784  9.761  -29.508 0.0000000000
102028  -52.393  9.895  -29.044 0.0000000000
102045  -50.029  9.427  -30.853 0.0000000000
102046  -50.717  9.682  -30.505 0.0000000000
102047  -51.343  9.961  -30.230 0.0000000000
102066  -49.102  9.473  -31.945 0.0000000000
102067  -49.886  9.883  -31.750 0.0000000000
102068  -50.609  10.037  -31.208 0.0000000000
102069  -51.116  10.175  -30.815 0.0000000000
102078  -47.864  9.822  -32.889 0.0000000000
102079  -48.884  9.910  -32.482 0.0000000000
102080  -49.419  9.907  -32.199 0.0000000000
102091  -45.644  10.014  -33.922 0.0000000000
102092  -46.434  9.593  -33.560 0.0000000000
102093  -47.116  9.754  -33.183 0.0000000000
102104  -45.435  9.370  -34.609 0.0000000000
102105  -45.797  9.426  -33.963 0.0000000000
102116  -45.225  9.399  -35.640 0.0000000000
102128  -45.358  9.556  -36.494 0.0000000000
102141  -45.608  9.786  -37.105 0.0000000000
103125  -58.854  9.849  -14.606 0.0000000000
103126  -59.506  10.050  -14.684 0.0000000000
103127  -60.072  10.093  -14.832 0.0000000000
103131  -57.813  10.165  -15.477 0.0000000000
103132  -58.711  10.337  -15.316 0.0000000000
103133  -59.725  10.472  -15.421 0.0000000000
103134  -60.430  10.208  -15.581 0.0000000000
103139  -56.909  10.171  -16.467 0.0000000000
103140  -57.761  10.505  -16.253 0.0000000000
103141  -58.978  10.803  -16.293 0.0000000000
103142  -60.207  10.845  -16.310 0.0000000000
103143  -61.151  10.346  -16.708 0.0000000000
103144  -61.640  10.011  -17.141 0.0000000000
103148  -57.112  10.381  -17.004 0.0000000000
103149  -57.937  10.768  -17.524 0.0000000000
103150  -59.476  11.113  -17.310 0.0000000000
103151  -60.802  11.127  -17.330 0.0000000000
103152  -61.624  10.796  -17.367 0.0000000000
103153  -62.123  10.257  -17.650 0.0000000000
103154  -62.550  9.934  -18.001 0.0000000000
103158  -57.918  10.615  -18.887 0.0000000000
103159  -58.883  11.079  -18.447 0.0000000000
103160  -60.040  11.262  -18.298 0.0000000000
103161  -62.479  10.472  -18.037 0.0000000000
103162  -62.704  10.208  -18.379 0.0000000000
103166  -57.997  10.425  -19.928 0.0000000000
103167  -58.684  10.905  -19.494 0.0000000000
103168  -59.536  11.270  -19.270 0.0000000000
103169  -62.674  10.285  -19.312 0.0000000000
103177  -58.708  10.889  -20.494 0.0000000000
103178  -59.245  11.196  -20.003 0.0000000000
103179  -62.414  10.690  -20.262 0.0000000000
103190  -62.005  10.654  -21.721 0.0000000000
103191  -62.259  11.208  -21.365 0.0000000000
103206  -61.097  10.702  -22.810 0.0000000000
103207  -61.712  11.206  -22.657 0.0000000000
103208  -62.132  11.210  -22.061 0.0000000000
103219  -59.160  10.393  -23.883 0.0000000000
103220  -59.893  10.905  -23.870 0.0000000000
103221  -60.729  11.134  -23.486 0.0000000000
103222  -61.235  11.246  -23.185 0.0000000000
103229  -57.202  10.198  -24.723 0.0000000000
103230  -57.986  10.499  -24.597 0.0000000000
103231  -58.749  10.870  -24.650 0.0000000000
103232  -59.340  10.879  -24.301 0.0000000000
103238  -54.980  10.163  -26.166 0.0000000000
103239  -55.600  10.292  -25.793 0.0000000000
103240  -56.538  10.609  -25.582 0.0000000000
103241  -57.585  10.807  -25.253 0.0000000000
103242  -58.186  10.907  -25.017 0.0000000000
103248  -54.713  10.288  -26.809 0.0000000000
103249  -55.435  10.672  -26.681 0.0000000000
103250  -55.944  10.739  -26.156 0.0000000000
103256  -53.757  10.199  -27.980 0.0000000000
103257  -54.385  10.469  -27.631 0.0000000000
103258  -54.956  10.634  -27.191 0.0000000000
103265  -52.840  10.219  -28.958 0.0000000000
103266  -53.441  10.436  -28.602 0.0000000000
103267  -53.968  10.520  -28.190 0.0000000000
103274  -51.893  10.298  -30.091 0.0000000000
103275  -52.558  10.511  -29.581 0.0000000000
103276  -53.037  10.556  -29.116 0.0000000000
103291  -51.606  10.475  -30.661 0.0000000000
103292  -52.176  10.777  -30.444 0.0000000000
103310  -50.093  10.406  -31.991 0.0000000000
103311  -50.480  10.470  -31.699 0.0000000000
103312  -51.232  10.799  -31.347 0.0000000000
103313  -51.823  10.892  -30.916 0.0000000000
103325  -47.644  10.853  -32.764 0.0000000000
103326  -48.562  10.683  -32.587 0.0000000000
103327  -49.584  10.538  -32.294 0.0000000000
103328  -50.316  10.831  -32.028 0.0000000000
103329  -50.737  10.864  -31.789 0.0000000000
103348  -45.498  10.708  -33.894 0.0000000000
103349  -46.059  10.595  -33.488 0.0000000000
103350  -46.951  10.443  -33.089 0.0000000000
103370  -44.885  11.033  -34.608 0.0000000000
103371  -45.167  10.562  -34.421 0.0000000000
103384  -44.808  10.788  -34.868 0.0000000000
103385  -44.973  10.208  -35.132 0.0000000000
103393  -44.761  10.837  -35.313 0.0000000000
103394  -44.977  10.439  -35.933 0.0000000000
103397  -45.311  10.475  -36.727 0.0000000000
104433  -61.540  11.182  -17.771 0.0000000000
104434  -62.105  10.914  -17.810 0.0000000000
104435  -62.352  10.621  -17.918 0.0000000000
104438  -61.033  11.385  -18.354 0.0000000000
104439  -61.794  11.266  -18.458 0.0000000000
104440  -62.368  10.789  -18.477 0.0000000000
104441  -62.607  10.531  -18.854 0.0000000000
104444  -60.497  11.506  -19.281 0.0000000000
104445  -61.355  11.624  -19.314 0.0000000000
104446  -62.042  11.433  -19.373 0.0000000000
104447  -62.409  10.883  -19.442 0.0000000000
104454  -59.398  11.388  -20.608 0.0000000000
104455  -60.008  11.610  -20.193 0.0000000000
104456  -60.921  12.112  -20.319 0.0000000000
104457  -61.691  12.055  -20.229 0.0000000000
104458  -62.202  11.681  -20.596 0.0000000000
104465  -59.116  11.410  -21.227 0.0000000000
104466  -59.978  11.935  -21.133 0.0000000000
104467  -60.448  12.060  -20.728 0.0000000000
104468  -62.308  11.968  -21.634 0.0000000000
104478  -59.454  11.875  -21.588 0.0000000000
104479  -61.837  11.774  -23.035 0.0000000000
104480  -62.157  11.837  -22.404 0.0000000000
104491  -59.905  11.265  -24.261 0.0000000000
104492  -60.296  11.467  -24.174 0.0000000000
104493  -61.255  11.924  -23.764 0.0000000000
104494  -61.929  12.188  -23.189 0.0000000000
104504  -58.889  11.229  -24.991 0.0000000000
104505  -59.480  11.384  -24.730 0.0000000000
104506  -60.345  12.185  -24.848 0.0000000000
104507  -60.917  12.408  -24.526 0.0000000000
104512  -56.640  11.051  -26.055 0.0000000000
104513  -57.145  11.212  -25.986 0.0000000000
104514  -58.388  11.413  -25.557 0.0000000000
104515  -59.304  12.247  -25.761 0.0000000000
104516  -59.963  12.579  -25.448 0.0000000000
104522  -55.660  11.000  -26.987 0.0000000000
104523  -56.269  11.191  -26.656 0.0000000000
104524  -57.470  11.918  -26.910 0.0000000000
104525  -58.426  12.197  -26.476 0.0000000000
104526  -58.788  12.529  -26.412 0.0000000000
104531  -54.643  10.857  -27.934 0.0000000000
104532  -55.245  11.118  -27.613 0.0000000000
104533  -56.365  12.059  -27.999 0.0000000000
104534  -57.143  12.365  -27.693 0.0000000000
104542  -53.663  10.844  -28.807 0.0000000000
104543  -54.236  11.024  -28.508 0.0000000000
104544  -55.177  12.047  -28.887 0.0000000000
104545  -55.920  12.421  -28.785 0.0000000000
104552  -52.867  10.898  -29.661 0.0000000000
104553  -53.324  11.037  -29.338 0.0000000000
104554  -54.163  11.900  -29.494 0.0000000000
104555  -54.681  12.308  -29.481 0.0000000000
104569  -52.754  11.101  -30.084 0.0000000000
104570  -53.311  11.854  -30.288 0.0000000000
104571  -53.960  12.396  -30.117 0.0000000000
104589  -51.423  11.497  -31.608 0.0000000000
104590  -52.222  11.546  -31.087 0.0000000000
104591  -52.928  12.388  -30.903 0.0000000000
104608  -46.851  11.710  -32.739 0.0000000000
104609  -47.224  11.579  -32.666 0.0000000000
104610  -48.126  11.575  -32.475 0.0000000000
104611  -49.110  11.479  -32.322 0.0000000000
104612  -50.006  11.386  -32.132 0.0000000000
104613  -50.822  11.425  -31.901 0.0000000000
104634  -45.204  11.614  -33.928 0.0000000000
104635  -45.519  11.390  -33.690 0.0000000000
104636  -46.489  11.497  -32.987 0.0000000000
104637  -47.067  11.077  -32.834 0.0000000000
104651  -45.053  11.400  -34.246 0.0000000000
104652  -45.298  11.017  -34.069 0.0000000000
104658  -44.688  11.397  -34.906 0.0000000000
104662  -44.716  11.413  -35.686 0.0000000000
104663  -44.981  11.284  -36.406 0.0000000000
104666  -45.363  11.296  -36.982 0.0000000000
105651  -61.047  12.535  -20.794 0.0000000000
105652  -61.391  12.639  -20.933 0.0000000000
105653  -61.936  12.548  -21.016 0.0000000000
105660  -60.297  12.361  -21.416 0.0000000000
105661  -60.784  12.661  -21.232 0.0000000000
105662  -61.303  12.985  -21.272 0.0000000000
105663  -62.201  12.508  -21.570 0.0000000000
105668  -59.336  12.684  -22.551 0.0000000000
105669  -60.043  12.517  -21.882 0.0000000000
105670  -60.653  12.994  -21.777 0.0000000000
105671  -62.278  12.517  -22.245 0.0000000000
105677  -61.854  12.798  -23.681 0.0000000000
105678  -62.186  12.645  -22.903 0.0000000000
105687  -60.758  12.606  -24.832 0.0000000000
105688  -61.205  12.900  -24.597 0.0000000000
105693  -59.678  12.916  -25.856 0.0000000000
105694  -60.455  12.940  -25.287 0.0000000000
105695  -60.838  13.322  -25.049 0.0000000000
105701  -57.986  12.409  -26.970 0.0000000000
105702  -58.310  12.778  -26.898 0.0000000000
105703  -59.027  12.872  -26.425 0.0000000000
105707  -56.947  12.750  -28.200 0.0000000000
105708  -57.619  12.727  -27.465 0.0000000000
105709  -57.955  13.001  -27.254 0.0000000000
105717  -55.633  12.775  -29.295 0.0000000000
105718  -56.312  12.770  -28.786 0.0000000000
105726  -54.412  12.481  -29.816 0.0000000000
105727  -54.887  12.748  -29.665 0.0000000000
105740  -53.570  12.690  -30.640 0.0000000000
105741  -54.301  12.939  -30.266 0.0000000000
105742  -54.682  13.237  -29.919 0.0000000000
105754  -48.956  12.865  -31.883 0.0000000000
105755  -49.314  12.795  -31.817 0.0000000000
105756  -50.133  12.662  -31.741 0.0000000000
105757  -51.207  12.310  -31.710 0.0000000000
105758  -52.341  12.755  -31.288 0.0000000000
105759  -53.061  13.091  -30.992 0.0000000000
105780  -46.873  12.069  -32.665 0.0000000000
105781  -47.547  12.331  -32.436 0.0000000000
105782  -48.610  12.588  -32.075 0.0000000000
105783  -49.617  12.128  -32.004 0.0000000000
105784  -50.464  11.963  -31.963 0.0000000000
105785  -50.863  11.892  -31.940 0.0000000000
105808  -45.116  12.053  -33.873 0.0000000000
105809  -45.732  12.283  -33.294 0.0000000000
105810  -46.365  12.415  -32.854 0.0000000000
105824  -44.755  12.117  -34.465 0.0000000000
105832  -44.550  12.247  -35.224 0.0000000000
105835  -44.677  12.295  -36.271 0.0000000000
105836  -45.023  11.793  -36.738 0.0000000000
105839  -44.774  12.822  -36.771 0.0000000000
105840  -45.243  12.298  -37.164 0.0000000000
106729  -61.521  13.061  -21.321 0.0000000000
106730  -61.718  12.977  -21.315 0.0000000000
106735  -60.953  13.386  -21.827 0.0000000000
106736  -61.461  13.375  -21.739 0.0000000000
106737  -61.994  13.098  -21.677 0.0000000000
106743  -60.047  13.459  -22.546 0.0000000000
106744  -60.619  13.407  -22.130 0.0000000000
106745  -61.983  13.742  -22.366 0.0000000000
106746  -62.223  13.091  -22.267 0.0000000000
106752  -62.165  13.538  -23.134 0.0000000000
106753  -62.269  12.963  -22.643 0.0000000000
106763  -61.708  13.690  -24.173 0.0000000000
106769  -59.799  13.529  -25.686 0.0000000000
106770  -60.438  13.740  -25.303 0.0000000000
106771  -61.084  13.787  -24.848 0.0000000000
106777  -57.607  13.616  -26.803 0.0000000000
106778  -58.241  13.423  -26.649 0.0000000000
106779  -59.151  13.450  -26.112 0.0000000000
106785  -56.974  13.351  -27.848 0.0000000000
106786  -57.532  13.343  -27.168 0.0000000000
106787  -58.054  13.125  -27.052 0.0000000000
106795  -55.815  13.394  -29.104 0.0000000000
106796  -56.426  13.341  -28.501 0.0000000000
106804  -54.563  13.830  -29.761 0.0000000000
106805  -54.967  13.459  -29.618 0.0000000000
106818  -52.945  13.924  -30.712 0.0000000000
106819  -53.443  13.570  -30.646 0.0000000000
106820  -54.386  13.574  -30.037 0.0000000000
106821  -54.684  13.452  -29.831 0.0000000000
106832  -48.943  13.235  -31.790 0.0000000000
106833  -49.601  13.424  -31.603 0.0000000000
106834  -50.524  13.471  -31.445 0.0000000000
106835  -51.600  13.504  -31.240 0.0000000000
106836  -52.647  13.688  -30.931 0.0000000000
106837  -53.083  13.453  -30.900 0.0000000000
106855  -46.847  12.896  -32.581 0.0000000000
106856  -47.592  13.299  -32.267 0.0000000000
106857  -48.277  13.712  -31.923 0.0000000000
106880  -44.883  12.569  -34.128 0.0000000000
106881  -45.186  13.031  -33.727 0.0000000000
106882  -46.024  13.319  -33.025 0.0000000000
106901  -44.667  13.040  -34.531 0.0000000000
106902  -44.993  13.786  -34.145 0.0000000000
106912  -44.463  13.230  -35.501 0.0000000000
106916  -44.564  13.359  -36.382 0.0000000000
106919  -44.848  13.346  -37.152 0.0000000000
106920  -45.554  13.207  -37.900 0.0000000000
106924  -45.680  13.647  -38.359 0.0000000000
107887  -60.906  13.768  -22.140 0.0000000000
107888  -61.144  13.872  -22.142 0.0000000000
107895  -59.945  14.417  -23.019 0.0000000000
107896  -60.763  14.297  -22.513 0.0000000000
107897  -61.469  14.386  -22.562 0.0000000000
107905  -61.934  14.551  -23.083 0.0000000000
107914  -61.827  14.539  -23.823 0.0000000000
107920  -58.885  14.700  -25.647 0.0000000000
107921  -59.564  14.418  -25.530 0.0000000000
107922  -60.580  14.576  -25.068 0.0000000000
107923  -61.347  14.586  -24.539 0.0000000000
107929  -56.712  14.394  -26.610 0.0000000000
107930  -57.380  14.179  -26.495 0.0000000000
107931  -58.616  14.215  -25.945 0.0000000000
107932  -59.309  13.867  -25.837 0.0000000000
107937  -54.685  14.805  -27.905 0.0000000000
107938  -55.147  14.593  -27.700 0.0000000000
107939  -56.395  14.084  -27.134 0.0000000000
107940  -57.226  13.747  -26.893 0.0000000000
107946  -54.683  14.619  -28.314 0.0000000000
107947  -55.604  13.977  -28.464 0.0000000000
107948  -56.379  13.662  -28.031 0.0000000000
107958  -52.939  14.752  -29.988 0.0000000000
107959  -53.356  14.660  -29.806 0.0000000000
107960  -54.401  14.308  -29.324 0.0000000000
107961  -55.236  13.778  -29.175 0.0000000000
107975  -50.934  14.965  -30.677 0.0000000000
107976  -51.416  14.876  -30.608 0.0000000000
107977  -52.636  14.513  -30.374 0.0000000000
107978  -53.816  14.126  -30.089 0.0000000000
107979  -54.348  13.978  -29.873 0.0000000000
107996  -48.928  14.093  -31.638 0.0000000000
107997  -49.739  14.363  -31.313 0.0000000000
107998  -50.762  14.588  -30.885 0.0000000000
107999  -51.937  14.206  -30.827 0.0000000000
108000  -52.433  14.129  -30.754 0.0000000000
108023  -46.823  13.912  -32.645 0.0000000000
108024  -47.544  14.373  -32.319 0.0000000000
108025  -48.194  14.756  -31.924 0.0000000000
108048  -45.505  14.051  -33.634 0.0000000000
108049  -46.186  14.505  -33.184 0.0000000000
108068  -44.675  14.191  -34.825 0.0000000000
108069  -45.201  14.499  -34.199 0.0000000000
108083  -44.482  14.198  -35.804 0.0000000000
108090  -44.520  14.230  -36.717 0.0000000000
108093  -44.803  14.206  -37.788 0.0000000000
108094  -45.333  13.812  -38.222 0.0000000000
108097  -44.812  14.731  -38.316 0.0000000000
108098  -45.477  14.269  -38.713 0.0000000000
108099  -46.179  13.990  -38.912 0.0000000000
108110  -45.592  14.686  -39.281 0.0000000000
108111  -46.290  14.401  -39.462 0.0000000000
108123  -46.428  14.792  -39.967 0.0000000000
109137  -60.510  15.349  -23.069 0.0000000000
109138  -61.126  15.317  -22.910 0.0000000000
109145  -61.552  15.330  -23.189 0.0000000000
109152  -61.684  15.307  -23.665 0.0000000000
109158  -58.126  15.820  -25.556 0.0000000000
109159  -58.791  15.454  -25.511 0.0000000000
109160  -59.916  15.504  -25.184 0.0000000000
109161  -60.829  15.497  -24.709 0.0000000000
109162  -61.494  15.386  -24.209 0.0000000000
109169  -55.671  15.593  -26.358 0.0000000000
109170  -56.424  15.069  -26.299 0.0000000000
109171  -57.819  15.214  -25.763 0.0000000000
109172  -58.528  14.859  -25.680 0.0000000000
109178  -53.638  15.950  -28.005 0.0000000000
109179  -54.333  15.334  -27.747 0.0000000000
109180  -55.399  15.099  -26.767 0.0000000000
109181  -56.038  14.686  -26.672 0.0000000000
109187  -53.602  15.627  -28.478 0.0000000000
109188  -54.085  14.982  -28.718 0.0000000000
109197  -52.808  15.150  -29.727 0.0000000000
109198  -53.465  15.201  -29.170 0.0000000000
109199  -53.989  14.817  -29.100 0.0000000000
109210  -50.123  15.832  -30.732 0.0000000000
109211  -50.621  15.489  -30.611 0.0000000000
109212  -51.536  15.578  -30.246 0.0000000000
109213  -52.176  15.692  -29.856 0.0000000000
109227  -48.863  15.141  -31.516 0.0000000000
109228  -49.774  15.562  -30.957 0.0000000000
109229  -50.377  15.191  -30.784 0.0000000000
109248  -46.866  14.988  -32.794 0.0000000000
109249  -47.510  15.539  -32.442 0.0000000000
109250  -48.149  15.682  -31.941 0.0000000000
109275  -45.689  15.001  -33.831 0.0000000000
109276  -46.361  15.610  -33.474 0.0000000000
109277  -46.921  15.864  -32.991 0.0000000000
109295  -44.713  14.924  -35.347 0.0000000000
109296  -45.229  15.354  -34.671 0.0000000000
109297  -45.859  15.784  -34.110 0.0000000000
109315  -44.581  15.142  -36.109 0.0000000000
109316  -44.911  15.578  -35.459 0.0000000000
109331  -44.465  15.130  -36.993 0.0000000000
109340  -44.559  15.283  -37.818 0.0000000000
109344  -44.799  15.296  -38.767 0.0000000000
109345  -45.280  14.862  -39.145 0.0000000000
109353  -44.793  15.796  -39.283 0.0000000000
109354  -45.412  15.274  -39.727 0.0000000000
109355  -46.098  14.872  -39.936 0.0000000000
109371  -45.596  15.791  -40.540 0.0000000000
109372  -46.342  15.178  -40.439 0.0000000000
109384  -45.584  16.151  -40.978 0.0000000000
109385  -46.065  15.839  -41.133 0.0000000000
110275  -60.263  16.389  -23.343 0.0000000000
110276  -60.845  16.020  -23.195 0.0000000000
110283  -60.776  16.661  -23.517 0.0000000000
110284  -61.193  16.052  -23.361 0.0000000000
110292  -61.051  16.647  -23.780 0.0000000000
110293  -61.419  15.968  -23.700 0.0000000000
110301  -57.544  17.131  -25.519 0.0000000000
110302  -58.137  16.633  -25.476 0.0000000000
110303  -59.265  16.580  -25.258 0.0000000000
110304  -60.231  16.507  -24.838 0.0000000000
110305  -61.081  16.359  -24.260 0.0000000000
110306  -61.533  15.812  -23.976 0.0000000000
110312  -55.014  17.006  -26.237 0.0000000000
110313  -55.676  16.441  -26.072 0.0000000000
110314  -57.082  16.437  -25.639 0.0000000000
110315  -57.781  16.017  -25.573 0.0000000000
110320  -53.696  16.443  -27.490 0.0000000000
110321  -54.621  16.342  -26.639 0.0000000000
110322  -55.298  15.844  -26.409 0.0000000000
110327  -52.556  16.917  -28.626 0.0000000000
110328  -53.051  16.466  -28.295 0.0000000000
110335  -51.782  16.933  -29.484 0.0000000000
110336  -52.416  16.340  -29.247 0.0000000000
110337  -53.113  15.889  -28.817 0.0000000000
110345  -50.006  16.472  -30.736 0.0000000000
110346  -50.766  16.526  -30.292 0.0000000000
110347  -51.607  16.490  -29.795 0.0000000000
110348  -52.075  16.174  -29.672 0.0000000000
110361  -48.587  16.452  -31.681 0.0000000000
110362  -49.321  16.750  -31.206 0.0000000000
110375  -47.281  16.514  -32.995 0.0000000000
110376  -47.809  16.493  -32.427 0.0000000000
110397  -46.321  16.445  -34.104 0.0000000000
110398  -46.804  16.498  -33.553 0.0000000000
110416  -45.323  16.211  -35.264 0.0000000000
110417  -45.783  16.354  -34.649 0.0000000000
110440  -44.616  15.658  -36.525 0.0000000000
110441  -44.902  16.096  -36.058 0.0000000000
110461  -44.629  16.196  -37.006 0.0000000000
110462  -45.022  16.706  -36.452 0.0000000000
110470  -44.539  16.157  -37.971 0.0000000000
110477  -44.577  16.326  -38.785 0.0000000000
110479  -44.758  16.398  -39.718 0.0000000000
110480  -45.189  15.970  -40.176 0.0000000000
110492  -44.729  16.911  -40.191 0.0000000000
110493  -45.109  16.506  -40.638 0.0000000000
110503  -45.587  16.548  -41.547 0.0000000000
110504  -46.517  16.182  -41.782 0.0000000000
110516  -45.489  16.979  -42.125 0.0000000000
110517  -46.038  16.795  -42.463 0.0000000000
111402  -59.842  17.193  -23.420 0.0000000000
111410  -60.336  17.274  -23.559 0.0000000000
111417  -60.650  17.314  -23.806 0.0000000000
111422  -57.804  17.870  -25.492 0.0000000000
111423  -58.686  17.696  -25.284 0.0000000000
111424  -59.584  17.545  -24.929 0.0000000000
111425  -60.348  17.347  -24.467 0.0000000000
111426  -60.814  17.192  -24.094 0.0000000000
111430  -55.397  17.839  -26.194 0.0000000000
111431  -56.424  17.609  -25.811 0.0000000000
111432  -57.189  17.538  -25.589 0.0000000000
111437  -53.181  18.183  -27.496 0.0000000000
111438  -53.817  17.569  -26.915 0.0000000000
111439  -54.625  17.444  -26.434 0.0000000000
111444  -52.662  17.608  -28.154 0.0000000000
111445  -53.217  17.236  -27.645 0.0000000000
111451  -51.787  17.621  -29.237 0.0000000000
111452  -52.266  17.341  -28.779 0.0000000000
111458  -50.138  17.719  -30.683 0.0000000000
111459  -50.912  17.521  -30.088 0.0000000000
111460  -51.429  17.354  -29.668 0.0000000000
111470  -48.916  17.767  -31.830 0.0000000000
111471  -49.553  17.478  -31.153 0.0000000000
111487  -47.581  17.037  -32.992 0.0000000000
111488  -48.025  17.621  -32.801 0.0000000000
111503  -46.711  16.951  -34.079 0.0000000000
111504  -47.269  17.484  -33.810 0.0000000000
111505  -47.729  18.037  -33.569 0.0000000000
111519  -45.715  16.758  -35.109 0.0000000000
111520  -46.366  17.376  -34.859 0.0000000000
111521  -47.003  17.917  -34.576 0.0000000000
111538  -45.443  16.973  -35.800 0.0000000000
111539  -45.852  17.926  -36.116 0.0000000000
111560  -44.669  16.746  -37.479 0.0000000000
111561  -45.167  17.458  -37.045 0.0000000000
111562  -45.680  18.094  -36.769 0.0000000000
111579  -44.622  17.011  -38.036 0.0000000000
111580  -44.841  17.860  -38.228 0.0000000000
111594  -44.540  17.280  -38.930 0.0000000000
111595  -44.648  17.960  -38.827 0.0000000000
111603  -44.610  17.354  -39.771 0.0000000000
111613  -44.731  17.452  -40.579 0.0000000000
111614  -44.978  17.040  -41.221 0.0000000000
111623  -44.797  17.733  -41.367 0.0000000000
111624  -45.136  17.245  -41.814 0.0000000000
111634  -44.873  17.842  -41.991 0.0000000000
111635  -45.323  17.532  -42.542 0.0000000000
111636  -45.855  17.280  -42.933 0.0000000000
111648  -45.597  17.775  -43.248 0.0000000000
112636  -59.245  18.094  -23.576 0.0000000000
112637  -59.601  17.638  -23.514 0.0000000000
112646  -59.684  18.340  -23.782 0.0000000000
112647  -59.877  17.800  -23.596 0.0000000000
112654  -59.802  18.445  -24.073 0.0000000000
112655  -60.183  17.902  -23.810 0.0000000000
112660  -57.725  18.553  -25.574 0.0000000000
112661  -58.190  18.776  -25.449 0.0000000000
112662  -59.020  18.541  -25.072 0.0000000000
112663  -59.653  18.296  -24.517 0.0000000000
112664  -60.329  17.830  -24.123 0.0000000000
112669  -55.465  19.070  -26.487 0.0000000000
112670  -56.255  18.754  -26.161 0.0000000000
112671  -57.204  18.554  -25.736 0.0000000000
112672  -57.710  18.867  -25.623 0.0000000000
112677  -53.238  18.800  -27.511 0.0000000000
112678  -53.781  18.966  -27.154 0.0000000000
112679  -54.602  18.466  -26.578 0.0000000000
112684  -52.793  18.941  -27.852 0.0000000000
112685  -53.301  19.115  -27.532 0.0000000000
112690  -51.645  18.917  -29.195 0.0000000000
112691  -52.152  18.335  -28.602 0.0000000000
112699  -50.054  18.563  -30.960 0.0000000000
112700  -50.550  18.807  -30.531 0.0000000000
112701  -51.202  18.295  -29.756 0.0000000000
112713  -49.121  18.532  -32.132 0.0000000000
112714  -49.609  18.638  -31.584 0.0000000000
112715  -50.105  19.059  -31.190 0.0000000000
112740  -48.744  18.674  -32.762 0.0000000000
112741  -49.278  19.038  -32.398 0.0000000000
112757  -47.632  18.232  -33.964 0.0000000000
112758  -48.110  18.728  -33.789 0.0000000000
112775  -46.889  18.147  -34.942 0.0000000000
112776  -47.434  18.668  -34.725 0.0000000000
112777  -48.005  19.204  -34.476 0.0000000000
112794  -46.713  18.618  -35.657 0.0000000000
112795  -47.218  19.066  -35.485 0.0000000000
112810  -45.613  18.224  -37.100 0.0000000000
112811  -46.036  18.740  -36.885 0.0000000000
112830  -45.508  18.590  -37.762 0.0000000000
112831  -45.898  19.049  -37.549 0.0000000000
112843  -44.599  17.908  -39.280 0.0000000000
112844  -44.933  18.631  -39.013 0.0000000000
112853  -44.670  18.163  -39.935 0.0000000000
112854  -44.838  18.998  -40.158 0.0000000000
112865  -44.720  18.550  -40.888 0.0000000000
112866  -44.780  19.120  -40.713 0.0000000000
112874  -44.726  18.391  -41.681 0.0000000000
112884  -44.817  18.500  -42.453 0.0000000000
112885  -45.158  18.208  -43.041 0.0000000000
112896  -44.891  18.813  -43.213 0.0000000000
112897  -45.319  18.498  -43.715 0.0000000000
113804  -58.229  19.007  -23.825 0.0000000000
113805  -58.917  18.811  -23.741 0.0000000000
113806  -59.352  18.590  -23.737 0.0000000000
113812  -56.479  19.461  -24.317 0.0000000000
113813  -57.524  19.462  -24.140 0.0000000000
113814  -58.586  19.453  -24.161 0.0000000000
113815  -59.332  18.857  -23.943 0.0000000000
113823  -54.643  19.827  -24.496 0.0000000000
113824  -58.694  19.507  -24.658 0.0000000000
113825  -59.244  19.001  -24.344 0.0000000000
113830  -58.146  19.407  -25.450 0.0000000000
113831  -58.539  19.464  -25.169 0.0000000000
113832  -59.091  19.042  -24.767 0.0000000000
113837  -55.576  19.686  -26.728 0.0000000000
113838  -56.151  19.782  -26.547 0.0000000000
113839  -56.940  19.568  -26.105 0.0000000000
113840  -57.696  19.435  -25.661 0.0000000000
113841  -58.095  19.742  -25.431 0.0000000000
113846  -54.261  19.898  -27.397 0.0000000000
113847  -54.976  19.713  -26.968 0.0000000000
113848  -55.717  20.116  -26.870 0.0000000000
113853  -52.951  19.970  -28.041 0.0000000000
113854  -53.521  19.745  -27.636 0.0000000000
113860  -51.745  20.002  -29.238 0.0000000000
113861  -52.271  19.673  -28.568 0.0000000000
113876  -50.790  19.877  -30.661 0.0000000000
113877  -51.192  19.633  -29.928 0.0000000000
113891  -50.051  19.488  -31.728 0.0000000000
113892  -50.454  19.767  -31.275 0.0000000000
113915  -49.191  19.424  -32.966 0.0000000000
113916  -49.817  19.889  -32.600 0.0000000000
113917  -50.362  20.118  -32.023 0.0000000000
113929  -48.843  19.455  -33.597 0.0000000000
113930  -49.402  20.007  -33.533 0.0000000000
113947  -47.943  19.512  -34.932 0.0000000000
113948  -48.620  19.838  -34.542 0.0000000000
113949  -49.125  19.993  -34.043 0.0000000000
113964  -47.117  19.252  -35.866 0.0000000000
113965  -47.620  19.708  -35.762 0.0000000000
113966  -48.218  19.986  -35.282 0.0000000000
113977  -46.892  19.631  -36.600 0.0000000000
113978  -47.448  20.146  -36.494 0.0000000000
113993  -45.836  19.200  -37.882 0.0000000000
113994  -46.225  19.625  -37.760 0.0000000000
114007  -45.712  19.508  -38.544 0.0000000000
114008  -46.096  19.936  -38.413 0.0000000000
114017  -45.365  19.626  -39.715 0.0000000000
114025  -44.763  19.195  -41.031 0.0000000000
114026  -45.034  19.704  -40.862 0.0000000000
114031  -44.732  19.383  -41.722 0.0000000000
114032  -44.890  19.982  -41.492 0.0000000000
114040  -44.712  19.517  -42.892 0.0000000000
114049  -44.788  19.462  -43.909 0.0000000000
114050  -45.262  19.009  -44.378 0.0000000000
114060  -45.032  19.690  -44.805 0.0000000000
114965  -56.029  20.084  -24.461 0.0000000000
114966  -56.851  20.270  -24.491 0.0000000000
114967  -57.813  20.115  -24.495 0.0000000000
114968  -58.343  19.942  -24.616 0.0000000000
114974  -53.426  20.424  -24.703 0.0000000000
114975  -54.301  20.419  -24.576 0.0000000000
114976  -55.254  20.424  -24.560 0.0000000000
114977  -57.257  20.720  -24.889 0.0000000000
114978  -58.003  20.323  -24.892 0.0000000000
114979  -58.428  19.973  -24.923 0.0000000000
114984  -52.559  20.484  -25.052 0.0000000000
114985  -53.098  21.011  -24.942 0.0000000000
114986  -57.033  20.810  -25.500 0.0000000000
114987  -57.633  20.431  -25.290 0.0000000000
114988  -58.144  20.082  -25.233 0.0000000000
114993  -56.126  20.688  -26.684 0.0000000000
114994  -56.707  20.566  -26.169 0.0000000000
114995  -57.363  20.215  -25.772 0.0000000000
114996  -57.832  20.048  -25.524 0.0000000000
115003  -54.181  20.392  -27.725 0.0000000000
115004  -54.928  20.602  -27.587 0.0000000000
115005  -55.640  20.694  -27.170 0.0000000000
115016  -52.898  20.506  -28.465 0.0000000000
115017  -53.743  20.701  -28.185 0.0000000000
115018  -54.529  20.876  -27.977 0.0000000000
115029  -51.755  20.756  -29.783 0.0000000000
115030  -52.523  20.825  -29.090 0.0000000000
115031  -53.327  21.080  -28.734 0.0000000000
115051  -50.875  20.395  -31.138 0.0000000000
115052  -51.307  20.690  -30.602 0.0000000000
115068  -50.788  20.581  -31.773 0.0000000000
115069  -51.264  21.032  -31.408 0.0000000000
115093  -50.229  20.579  -33.110 0.0000000000
115094  -50.744  20.929  -32.718 0.0000000000
115095  -51.229  21.227  -32.073 0.0000000000
115113  -49.917  20.542  -33.537 0.0000000000
115114  -50.453  21.006  -33.561 0.0000000000
115135  -49.042  20.482  -34.929 0.0000000000
115136  -49.614  20.732  -34.460 0.0000000000
115137  -50.144  20.978  -33.988 0.0000000000
115151  -48.251  20.366  -35.836 0.0000000000
115152  -48.713  20.475  -35.382 0.0000000000
115153  -49.264  20.891  -35.330 0.0000000000
115164  -47.294  20.432  -36.971 0.0000000000
115165  -47.979  20.861  -36.666 0.0000000000
115166  -48.683  20.898  -36.070 0.0000000000
115167  -48.984  20.876  -35.701 0.0000000000
115179  -46.856  20.399  -37.628 0.0000000000
115180  -47.427  21.071  -37.603 0.0000000000
115191  -46.021  20.066  -38.719 0.0000000000
115192  -46.419  20.558  -38.693 0.0000000000
115193  -46.980  21.061  -38.260 0.0000000000
115202  -45.895  20.246  -39.308 0.0000000000
115203  -46.218  20.987  -39.808 0.0000000000
115213  -45.719  20.693  -40.470 0.0000000000
115214  -46.141  21.219  -40.373 0.0000000000
115219  -44.835  20.142  -41.819 0.0000000000
115220  -45.167  20.677  -41.664 0.0000000000
115225  -44.777  20.499  -42.478 0.0000000000
115226  -44.968  21.028  -42.303 0.0000000000
115233  -44.651  20.498  -43.592 0.0000000000
115243  -44.707  20.497  -44.591 0.0000000000
115253  -45.004  20.450  -45.385 0.0000000000
116196  -56.094  20.645  -24.595 0.0000000000
116197  -56.508  20.901  -24.750 0.0000000000
116202  -53.996  20.892  -24.672 0.0000000000
116203  -54.614  21.101  -24.723 0.0000000000
116204  -55.661  21.214  -24.873 0.0000000000
116205  -56.477  21.180  -25.189 0.0000000000
116214  -52.269  21.157  -25.565 0.0000000000
116215  -52.835  21.534  -25.298 0.0000000000
116216  -53.707  21.465  -24.914 0.0000000000
116217  -54.746  21.836  -25.092 0.0000000000
116218  -55.710  21.690  -25.664 0.0000000000
116219  -56.459  21.153  -25.725 0.0000000000
116227  -51.822  21.423  -26.211 0.0000000000
116228  -52.354  21.785  -25.777 0.0000000000
116229  -55.820  21.579  -26.621 0.0000000000
116230  -56.230  21.211  -26.194 0.0000000000
116238  -51.432  21.737  -26.933 0.0000000000
116239  -55.064  21.250  -27.958 0.0000000000
116240  -55.545  21.601  -27.468 0.0000000000
116249  -53.997  21.396  -28.725 0.0000000000
116250  -54.675  21.424  -28.399 0.0000000000
116251  -55.392  21.904  -28.131 0.0000000000
116263  -51.958  21.376  -30.373 0.0000000000
116264  -52.575  21.552  -29.861 0.0000000000
116265  -53.606  21.747  -29.381 0.0000000000
116266  -54.620  21.873  -29.051 0.0000000000
116267  -55.197  22.014  -28.696 0.0000000000
116288  -51.850  21.535  -31.053 0.0000000000
116289  -52.667  22.039  -30.682 0.0000000000
116290  -53.280  22.133  -30.108 0.0000000000
116311  -51.779  21.681  -31.799 0.0000000000
116312  -52.434  22.134  -31.471 0.0000000000
116334  -51.264  21.583  -33.108 0.0000000000
116335  -51.716  21.863  -32.644 0.0000000000
116336  -52.324  22.201  -32.102 0.0000000000
116356  -50.985  21.524  -33.538 0.0000000000
116357  -51.628  22.061  -33.498 0.0000000000
116372  -50.136  21.408  -34.838 0.0000000000
116373  -50.635  21.657  -34.385 0.0000000000
116374  -51.230  21.957  -33.936 0.0000000000
116387  -49.936  21.594  -35.447 0.0000000000
116388  -50.374  21.708  -35.032 0.0000000000
116400  -48.332  21.565  -37.057 0.0000000000
116401  -48.803  21.712  -36.745 0.0000000000
116402  -49.249  21.346  -35.978 0.0000000000
116412  -48.092  21.856  -37.618 0.0000000000
116413  -48.490  21.897  -37.225 0.0000000000
116423  -46.915  21.368  -38.939 0.0000000000
116424  -47.490  21.821  -38.572 0.0000000000
116433  -46.642  21.355  -39.528 0.0000000000
116434  -47.159  22.019  -39.694 0.0000000000
116443  -46.102  21.350  -40.703 0.0000000000
116444  -46.606  21.816  -40.547 0.0000000000
116445  -47.077  22.273  -40.355 0.0000000000
116452  -45.992  21.666  -41.440 0.0000000000
116453  -46.494  22.190  -41.290 0.0000000000
116456  -44.899  21.201  -42.637 0.0000000000
116457  -45.285  21.678  -42.548 0.0000000000
116460  -44.834  21.539  -43.300 0.0000000000
116461  -45.090  22.040  -43.178 0.0000000000
116466  -44.679  21.513  -44.378 0.0000000000
116471  -44.752  21.444  -45.412 0.0000000000
117444  -53.278  22.030  -25.290 0.0000000000
117445  -53.850  22.364  -25.313 0.0000000000
117446  -54.750  22.522  -25.665 0.0000000000
117447  -55.352  22.348  -26.183 0.0000000000
117454  -52.196  22.106  -26.143 0.0000000000
117455  -52.796  22.567  -25.815 0.0000000000
117456  -53.841  23.148  -25.820 0.0000000000
117457  -54.758  23.196  -26.382 0.0000000000
117458  -55.414  22.368  -26.801 0.0000000000
117464  -51.294  22.181  -27.412 0.0000000000
117465  -51.858  22.584  -26.802 0.0000000000
117466  -52.425  23.260  -26.536 0.0000000000
117467  -54.793  23.562  -26.893 0.0000000000
117468  -55.198  22.856  -27.394 0.0000000000
117477  -51.390  22.764  -27.654 0.0000000000
117478  -55.272  22.685  -28.325 0.0000000000
117492  -53.959  22.428  -30.008 0.0000000000
117493  -54.571  22.425  -29.629 0.0000000000
117494  -55.196  22.672  -29.112 0.0000000000
117513  -53.143  22.480  -31.276 0.0000000000
117514  -53.721  22.590  -30.722 0.0000000000
117515  -54.645  22.914  -30.350 0.0000000000
117516  -55.135  23.027  -29.773 0.0000000000
117538  -53.023  22.587  -31.904 0.0000000000
117539  -53.881  22.939  -31.561 0.0000000000
117540  -54.415  23.092  -31.005 0.0000000000
117549  -52.263  22.388  -33.196 0.0000000000
117550  -52.768  22.591  -32.655 0.0000000000
117551  -53.614  23.013  -32.308 0.0000000000
117565  -52.246  22.543  -33.707 0.0000000000
117566  -52.949  22.879  -33.439 0.0000000000
117567  -53.507  23.084  -32.926 0.0000000000
117577  -51.149  22.328  -34.823 0.0000000000
117578  -51.753  22.545  -34.342 0.0000000000
117579  -52.586  22.907  -34.014 0.0000000000
117589  -50.282  22.291  -35.939 0.0000000000
117590  -50.745  22.286  -35.393 0.0000000000
117591  -51.518  22.789  -35.186 0.0000000000
117601  -49.236  22.407  -37.035 0.0000000000
117602  -49.761  22.296  -36.500 0.0000000000
117603  -50.732  22.975  -36.449 0.0000000000
117615  -48.428  22.482  -38.023 0.0000000000
117616  -48.807  22.471  -37.544 0.0000000000
117617  -49.695  23.063  -37.482 0.0000000000
117618  -50.214  23.015  -36.984 0.0000000000
117631  -48.146  22.510  -38.509 0.0000000000
117632  -48.788  23.041  -38.481 0.0000000000
117633  -49.239  23.080  -38.002 0.0000000000
117644  -47.915  22.816  -39.461 0.0000000000
117645  -48.350  22.973  -38.956 0.0000000000
117654  -47.080  22.522  -40.739 0.0000000000
117655  -47.473  22.781  -40.404 0.0000000000
117666  -46.390  22.482  -41.732 0.0000000000
117667  -46.918  22.892  -41.376 0.0000000000
117668  -47.302  22.935  -40.946 0.0000000000
117679  -45.987  22.669  -42.429 0.0000000000
117680  -46.521  23.074  -42.061 0.0000000000
117685  -45.013  22.227  -43.501 0.0000000000
117686  -45.339  22.723  -43.365 0.0000000000
117692  -44.888  22.619  -44.152 0.0000000000
117693  -45.143  23.189  -43.955 0.0000000000
117698  -44.687  22.516  -45.189 0.0000000000
118687  -53.035  23.645  -26.239 0.0000000000
118696  -52.059  23.391  -26.972 0.0000000000
118699  -55.054  23.399  -27.919 0.0000000000
118709  -55.116  23.442  -28.555 0.0000000000
118849  -50.051  23.650  -37.876 0.0000000000
118862  -49.093  23.560  -38.935 0.0000000000
118863  -49.678  23.782  -38.492 0.0000000000
118874  -48.320  23.386  -39.881 0.0000000000
118875  -48.669  23.448  -39.399 0.0000000000
118876  -49.294  23.933  -39.358 0.0000000000
118884  -48.058  23.376  -40.343 0.0000000000
118885  -48.706  23.869  -40.285 0.0000000000
118886  -49.039  23.888  -39.804 0.0000000000
118894  -47.240  23.570  -41.631 0.0000000000
118895  -47.718  23.618  -41.200 0.0000000000
118896  -48.272  23.786  -40.759 0.0000000000
118909  -46.359  23.486  -42.542 0.0000000000
118910  -46.967  23.889  -42.183 0.0000000000
118911  -47.417  23.880  -41.758 0.0000000000
118920  -45.908  23.721  -43.174 0.0000000000
118921  -46.445  24.110  -42.827 0.0000000000
118925  -45.007  23.701  -44.401 0.0000000000
118926  -45.371  23.747  -43.857 0.0000000000
118929  -44.740  23.578  -45.075 0.0000000000
