#!ascii label  , from subject colin27_FS vox2ras=TkReg
635
118712  -6.386  23.705  -29.038 0.0000000000
118713  -6.867  23.494  -29.854 0.0000000000
118720  -6.909  24.233  -29.923 0.0000000000
118721  -7.580  23.731  -30.616 0.0000000000
118729  -8.213  24.088  -31.245 0.0000000000
118754  -12.862  24.010  -32.845 0.0000000000
118775  -13.111  24.303  -33.277 0.0000000000
118776  -13.582  24.100  -33.289 0.0000000000
118777  -14.484  24.063  -33.584 0.0000000000
118799  -14.888  24.440  -34.184 0.0000000000
118800  -15.596  24.347  -34.319 0.0000000000
118813  -16.117  24.600  -34.789 0.0000000000
118814  -16.430  24.462  -34.625 0.0000000000
119967  -5.996  24.930  -28.369 0.0000000000
119973  -6.029  24.310  -28.633 0.0000000000
119974  -6.417  24.864  -29.221 0.0000000000
119981  -6.875  25.000  -30.009 0.0000000000
119982  -7.312  24.803  -30.605 0.0000000000
119988  -7.981  24.796  -31.431 0.0000000000
119989  -8.690  24.382  -31.700 0.0000000000
119990  -9.501  24.190  -31.878 0.0000000000
119991  -10.422  24.044  -32.007 0.0000000000
119992  -11.230  23.821  -32.014 0.0000000000
120006  -8.189  25.235  -31.980 0.0000000000
120007  -8.565  24.996  -32.084 0.0000000000
120008  -9.276  24.829  -32.288 0.0000000000
120009  -10.317  24.852  -32.622 0.0000000000
120010  -11.319  24.414  -32.595 0.0000000000
120011  -12.019  24.000  -32.454 0.0000000000
120031  -10.758  25.351  -33.109 0.0000000000
120032  -11.326  25.083  -33.132 0.0000000000
120033  -12.489  24.757  -33.344 0.0000000000
120034  -13.480  24.500  -33.621 0.0000000000
120035  -13.963  24.300  -33.662 0.0000000000
120057  -12.917  25.278  -33.913 0.0000000000
120058  -13.409  25.053  -33.978 0.0000000000
120059  -14.274  24.733  -34.129 0.0000000000
120060  -15.150  24.859  -34.615 0.0000000000
120077  -15.875  24.952  -34.941 0.0000000000
120078  -16.536  24.966  -35.031 0.0000000000
120079  -17.071  24.821  -34.819 0.0000000000
121073  -5.859  25.478  -27.892 0.0000000000
121081  -6.095  25.528  -28.606 0.0000000000
121088  -6.324  25.750  -29.185 0.0000000000
121097  -6.654  25.653  -29.749 0.0000000000
121098  -7.057  25.624  -30.390 0.0000000000
121105  -7.491  25.661  -31.105 0.0000000000
121112  -7.929  25.775  -31.896 0.0000000000
121113  -8.386  25.558  -32.333 0.0000000000
121114  -8.959  25.414  -32.567 0.0000000000
121115  -9.620  25.329  -32.744 0.0000000000
121128  -8.193  26.131  -32.443 0.0000000000
121129  -8.651  26.052  -32.748 0.0000000000
121130  -9.328  25.952  -32.980 0.0000000000
121131  -10.200  25.765  -33.144 0.0000000000
121132  -11.122  25.839  -33.494 0.0000000000
121133  -11.854  25.460  -33.576 0.0000000000
121149  -11.795  26.052  -33.873 0.0000000000
121150  -12.491  25.725  -33.989 0.0000000000
121151  -13.248  25.685  -34.291 0.0000000000
121152  -13.984  25.534  -34.512 0.0000000000
121153  -14.736  25.427  -34.789 0.0000000000
121154  -17.568  25.134  -34.880 0.0000000000
121155  -18.229  25.567  -34.867 0.0000000000
121156  -19.169  25.657  -34.528 0.0000000000
121157  -20.082  25.747  -34.279 0.0000000000
121158  -21.021  25.716  -34.009 0.0000000000
121159  -22.060  25.621  -33.690 0.0000000000
121170  -15.455  25.551  -35.165 0.0000000000
121171  -16.353  25.746  -35.439 0.0000000000
121172  -17.335  25.600  -35.234 0.0000000000
121173  -18.004  26.035  -35.274 0.0000000000
121180  -15.776  26.076  -35.571 0.0000000000
121181  -16.117  26.271  -35.727 0.0000000000
122042  -5.670  25.930  -27.560 0.0000000000
122047  -5.498  26.452  -27.734 0.0000000000
122048  -5.816  26.024  -28.141 0.0000000000
122052  -5.315  27.069  -28.064 0.0000000000
122053  -5.641  26.608  -28.360 0.0000000000
122054  -6.014  26.217  -28.781 0.0000000000
122060  -5.492  27.098  -28.561 0.0000000000
122061  -5.806  26.893  -28.881 0.0000000000
122062  -6.361  26.597  -29.479 0.0000000000
122063  -6.797  26.906  -30.085 0.0000000000
122070  -6.821  26.245  -30.082 0.0000000000
122071  -7.160  26.573  -30.674 0.0000000000
122076  -7.558  26.606  -31.506 0.0000000000
122082  -7.895  26.704  -32.223 0.0000000000
122093  -8.314  26.766  -32.764 0.0000000000
122094  -8.926  26.719  -33.128 0.0000000000
122095  -9.699  26.625  -33.369 0.0000000000
122096  -10.526  26.596  -33.610 0.0000000000
122097  -11.331  26.747  -33.988 0.0000000000
122098  -21.968  26.825  -33.972 0.0000000000
122111  -12.151  26.589  -34.316 0.0000000000
122112  -12.946  26.383  -34.567 0.0000000000
122113  -13.690  26.196  -34.762 0.0000000000
122114  -14.462  26.171  -35.106 0.0000000000
122115  -14.988  25.825  -35.139 0.0000000000
122116  -19.018  26.148  -34.929 0.0000000000
122117  -19.825  26.524  -34.819 0.0000000000
122118  -20.789  26.451  -34.401 0.0000000000
122119  -21.584  26.332  -34.050 0.0000000000
122120  -22.164  26.323  -33.785 0.0000000000
122132  -14.862  26.758  -35.666 0.0000000000
122133  -15.220  26.181  -35.442 0.0000000000
122134  -17.075  26.224  -35.627 0.0000000000
122135  -18.047  28.302  -37.464 0.0000000000
122136  -18.634  26.457  -35.269 0.0000000000
122137  -19.240  26.573  -35.100 0.0000000000
122145  -15.314  27.779  -37.582 0.0000000000
122146  -16.108  27.907  -37.531 0.0000000000
122147  -17.060  28.095  -37.564 0.0000000000
122148  -17.632  28.218  -37.613 0.0000000000
122988  -4.987  27.707  -27.812 0.0000000000
122991  -5.324  27.718  -28.612 0.0000000000
122992  -5.505  28.094  -29.040 0.0000000000
122998  -5.582  27.314  -28.830 0.0000000000
122999  -5.872  27.645  -29.215 0.0000000000
123000  -6.536  27.610  -29.827 0.0000000000
123001  -6.988  27.589  -30.425 0.0000000000
123007  -7.323  27.530  -31.137 0.0000000000
123012  -7.621  27.543  -31.911 0.0000000000
123018  -7.980  27.577  -32.612 0.0000000000
123028  -8.524  27.586  -33.177 0.0000000000
123029  -9.261  27.484  -33.541 0.0000000000
123030  -10.060  27.342  -33.759 0.0000000000
123031  -10.754  27.317  -33.973 0.0000000000
123032  -11.195  27.490  -34.266 0.0000000000
123045  -11.735  27.353  -34.521 0.0000000000
123046  -12.590  27.276  -35.018 0.0000000000
123047  -13.480  26.786  -35.069 0.0000000000
123048  -13.955  26.530  -35.080 0.0000000000
123049  -20.088  27.162  -35.074 0.0000000000
123050  -20.745  27.294  -34.826 0.0000000000
123051  -21.494  27.108  -34.324 0.0000000000
123062  -12.948  28.294  -37.838 0.0000000000
123063  -13.712  28.108  -38.002 0.0000000000
123064  -14.136  26.856  -35.434 0.0000000000
123065  -18.234  28.492  -37.357 0.0000000000
123066  -18.545  28.404  -37.368 0.0000000000
123067  -19.503  27.157  -35.332 0.0000000000
123068  -20.325  27.625  -35.286 0.0000000000
123072  -13.131  28.259  -37.871 0.0000000000
123073  -13.540  28.094  -38.158 0.0000000000
123074  -14.499  27.957  -37.889 0.0000000000
123075  -15.396  27.900  -37.285 0.0000000000
123076  -16.650  28.044  -37.253 0.0000000000
123077  -17.722  28.292  -37.330 0.0000000000
123078  -18.525  28.497  -37.126 0.0000000000
123079  -19.217  28.528  -36.967 0.0000000000
123080  -20.049  28.541  -37.100 0.0000000000
123084  -13.225  28.434  -37.817 0.0000000000
123085  -13.618  28.317  -37.917 0.0000000000
123086  -14.186  28.185  -37.929 0.0000000000
123087  -14.726  28.074  -37.709 0.0000000000
123917  -4.656  28.526  -27.571 0.0000000000
123921  -4.901  28.453  -28.366 0.0000000000
123922  -5.236  28.522  -28.972 0.0000000000
123926  -5.689  28.557  -29.369 0.0000000000
123927  -6.904  29.726  -30.624 0.0000000000
123928  -7.326  29.919  -30.964 0.0000000000
123933  -7.578  29.890  -31.405 0.0000000000
123939  -7.733  29.972  -31.316 0.0000000000
123947  -7.671  28.464  -32.351 0.0000000000
123954  -8.102  28.495  -33.077 0.0000000000
123955  -8.837  28.565  -33.782 0.0000000000
123956  -9.711  28.117  -33.995 0.0000000000
123957  -10.478  27.895  -34.175 0.0000000000
123958  -10.915  27.748  -34.254 0.0000000000
123970  -9.041  29.080  -34.246 0.0000000000
123971  -9.486  28.822  -34.316 0.0000000000
123972  -10.225  28.543  -34.490 0.0000000000
123973  -11.328  29.222  -37.005 0.0000000000
123974  -11.910  27.736  -34.907 0.0000000000
123975  -21.197  28.337  -35.987 0.0000000000
123990  -11.643  29.028  -37.306 0.0000000000
123991  -12.077  28.777  -37.419 0.0000000000
123992  -15.845  28.837  -36.629 0.0000000000
123993  -16.764  28.785  -36.487 0.0000000000
123994  -17.664  28.864  -36.411 0.0000000000
123995  -18.071  28.932  -36.388 0.0000000000
123996  -20.686  28.313  -36.730 0.0000000000
124008  -11.914  29.007  -37.449 0.0000000000
124009  -12.370  28.669  -37.622 0.0000000000
124010  -14.455  28.730  -37.462 0.0000000000
124011  -14.949  28.638  -37.296 0.0000000000
124012  -16.155  28.475  -37.081 0.0000000000
124013  -17.213  28.551  -36.966 0.0000000000
124014  -18.198  28.788  -36.716 0.0000000000
124015  -19.069  28.737  -36.685 0.0000000000
124016  -19.942  28.704  -36.722 0.0000000000
124024  -12.192  28.990  -37.540 0.0000000000
124025  -12.814  28.725  -37.694 0.0000000000
124026  -13.422  28.681  -37.756 0.0000000000
124027  -14.141  28.647  -37.677 0.0000000000
124028  -14.504  28.346  -37.720 0.0000000000
124904  -4.217  29.989  -27.588 0.0000000000
124905  -4.382  29.591  -27.322 0.0000000000
124909  -3.577  30.838  -28.928 0.0000000000
124910  -4.537  29.314  -28.309 0.0000000000
124911  -4.888  29.041  -28.883 0.0000000000
124913  -3.692  30.666  -29.718 0.0000000000
124914  -3.902  30.257  -30.360 0.0000000000
124915  -4.155  30.153  -30.733 0.0000000000
124916  -5.960  29.842  -30.624 0.0000000000
124917  -6.912  29.918  -30.883 0.0000000000
124919  -3.739  30.399  -30.184 0.0000000000
124920  -4.016  30.247  -30.673 0.0000000000
124921  -4.274  29.869  -31.011 0.0000000000
124922  -7.282  30.120  -31.286 0.0000000000
124925  -4.355  30.237  -31.044 0.0000000000
124926  -4.645  30.142  -31.360 0.0000000000
124927  -7.563  30.093  -31.294 0.0000000000
124932  -7.468  30.114  -31.452 0.0000000000
124938  -7.680  29.390  -32.834 0.0000000000
124939  -8.145  29.420  -33.579 0.0000000000
124950  -8.404  30.526  -36.060 0.0000000000
124951  -8.994  30.174  -36.098 0.0000000000
124952  -9.733  29.869  -36.288 0.0000000000
124953  -10.566  29.590  -36.583 0.0000000000
124954  -15.230  29.769  -35.207 0.0000000000
124955  -15.847  29.665  -35.112 0.0000000000
124956  -16.860  29.518  -34.925 0.0000000000
124957  -17.904  29.574  -34.877 0.0000000000
124958  -18.868  29.800  -34.953 0.0000000000
124959  -19.602  30.053  -35.101 0.0000000000
124970  -8.645  30.420  -36.150 0.0000000000
124971  -9.273  30.139  -36.254 0.0000000000
124972  -10.150  29.780  -36.456 0.0000000000
124973  -10.937  29.406  -36.895 0.0000000000
124974  -13.395  29.889  -36.562 0.0000000000
124975  -13.906  29.642  -36.472 0.0000000000
124976  -15.002  29.315  -36.182 0.0000000000
124977  -16.278  29.154  -35.857 0.0000000000
124978  -17.312  29.101  -35.738 0.0000000000
124979  -18.297  29.126  -35.874 0.0000000000
124980  -19.269  29.428  -35.647 0.0000000000
124981  -20.129  29.828  -35.683 0.0000000000
124982  -20.793  29.897  -36.164 0.0000000000
124993  -10.702  29.758  -36.681 0.0000000000
124994  -11.587  29.504  -37.148 0.0000000000
124995  -12.395  29.710  -37.282 0.0000000000
124996  -13.270  29.593  -37.041 0.0000000000
124997  -14.258  29.061  -37.200 0.0000000000
124998  -14.761  28.995  -36.959 0.0000000000
124999  -18.898  29.053  -36.270 0.0000000000
125000  -19.601  29.181  -36.279 0.0000000000
125001  -20.334  29.296  -36.517 0.0000000000
125008  -12.383  29.205  -37.516 0.0000000000
125009  -13.002  29.167  -37.570 0.0000000000
125010  -13.706  29.036  -37.533 0.0000000000
125011  -13.873  29.173  -37.409 0.0000000000
125858  -3.542  31.607  -28.576 0.0000000000
125863  -3.567  31.256  -29.124 0.0000000000
125865  -3.714  30.973  -29.751 0.0000000000
125866  -3.910  31.073  -30.114 0.0000000000
125867  -5.348  29.676  -30.877 0.0000000000
125868  -6.284  30.113  -30.897 0.0000000000
125869  -6.973  30.582  -30.567 0.0000000000
125872  -3.876  30.595  -30.284 0.0000000000
125873  -4.198  30.742  -30.663 0.0000000000
125874  -4.830  30.068  -31.574 0.0000000000
125875  -5.316  30.231  -31.772 0.0000000000
125876  -5.664  30.209  -32.133 0.0000000000
125880  -4.601  30.558  -31.250 0.0000000000
125881  -5.088  30.399  -31.584 0.0000000000
125882  -5.822  30.513  -32.025 0.0000000000
125883  -6.102  30.525  -32.293 0.0000000000
125886  -6.383  30.905  -32.643 0.0000000000
125887  -6.410  30.676  -32.719 0.0000000000
125893  -6.639  31.159  -33.094 0.0000000000
125894  -7.641  30.434  -33.382 0.0000000000
125895  -7.902  30.796  -36.001 0.0000000000
125896  -15.556  30.925  -33.781 0.0000000000
125897  -16.099  30.872  -33.715 0.0000000000
125898  -17.007  30.891  -33.667 0.0000000000
125899  -17.786  31.001  -33.809 0.0000000000
125905  -7.488  31.272  -35.883 0.0000000000
125906  -8.076  30.770  -36.132 0.0000000000
125907  -13.714  30.537  -35.340 0.0000000000
125908  -14.331  30.451  -34.866 0.0000000000
125909  -15.312  30.376  -34.397 0.0000000000
125910  -16.420  30.188  -34.259 0.0000000000
125911  -17.425  30.223  -34.205 0.0000000000
125912  -18.452  30.581  -34.241 0.0000000000
125913  -19.359  30.687  -34.621 0.0000000000
125914  -20.106  30.816  -35.027 0.0000000000
125920  -7.736  31.213  -36.276 0.0000000000
125921  -8.643  30.826  -36.293 0.0000000000
125922  -9.718  30.297  -36.365 0.0000000000
125923  -10.273  30.003  -36.504 0.0000000000
125924  -12.724  30.720  -36.250 0.0000000000
125925  -13.417  30.248  -36.058 0.0000000000
125926  -14.173  29.974  -35.676 0.0000000000
125927  -14.790  29.917  -35.231 0.0000000000
125928  -20.791  30.633  -35.592 0.0000000000
125937  -8.858  31.201  -36.375 0.0000000000
125938  -9.494  30.945  -36.406 0.0000000000
125939  -10.564  30.386  -36.608 0.0000000000
125940  -11.666  30.365  -36.930 0.0000000000
125941  -12.503  30.267  -36.818 0.0000000000
125942  -13.047  30.140  -36.576 0.0000000000
126794  -3.469  32.374  -27.664 0.0000000000
126799  -3.474  31.988  -28.471 0.0000000000
126804  -3.605  31.703  -29.143 0.0000000000
126808  -3.850  31.842  -29.854 0.0000000000
126809  -4.093  31.625  -30.215 0.0000000000
126810  -6.915  30.933  -30.187 0.0000000000
126811  -7.067  30.891  -30.333 0.0000000000
126816  -4.658  31.474  -30.995 0.0000000000
126817  -5.119  31.921  -31.203 0.0000000000
126818  -6.551  31.010  -30.290 0.0000000000
126819  -6.880  31.230  -30.382 0.0000000000
126823  -5.096  31.101  -31.494 0.0000000000
126824  -5.439  31.376  -31.620 0.0000000000
126825  -6.205  31.490  -32.428 0.0000000000
126828  -6.791  31.768  -33.393 0.0000000000
126829  -6.917  32.302  -34.155 0.0000000000
126834  -6.880  31.622  -33.745 0.0000000000
126835  -7.112  32.094  -34.832 0.0000000000
126836  -13.998  31.683  -33.984 0.0000000000
126837  -14.838  31.528  -33.665 0.0000000000
126838  -15.699  31.471  -33.489 0.0000000000
126839  -16.652  31.671  -33.344 0.0000000000
126840  -17.542  31.772  -33.475 0.0000000000
126841  -18.350  31.659  -33.813 0.0000000000
126847  -7.129  31.826  -36.068 0.0000000000
126848  -12.868  31.541  -34.989 0.0000000000
126849  -13.652  31.155  -34.700 0.0000000000
126850  -14.521  31.019  -34.158 0.0000000000
126851  -15.163  31.048  -33.807 0.0000000000
126852  -19.096  31.545  -34.264 0.0000000000
126853  -19.713  31.508  -34.676 0.0000000000
126854  -20.104  31.641  -34.929 0.0000000000
126861  -7.668  31.703  -36.415 0.0000000000
126862  -8.038  31.302  -36.360 0.0000000000
126863  -9.680  31.888  -36.263 0.0000000000
126864  -10.505  31.853  -36.273 0.0000000000
126865  -11.427  31.778  -36.200 0.0000000000
126866  -12.318  31.543  -35.753 0.0000000000
126867  -13.101  30.955  -35.512 0.0000000000
126868  -20.561  31.535  -35.262 0.0000000000
126869  -21.237  31.458  -35.752 0.0000000000
126877  -7.918  31.842  -36.454 0.0000000000
126878  -8.330  31.539  -36.398 0.0000000000
126879  -9.098  31.574  -36.366 0.0000000000
126880  -10.057  31.296  -36.411 0.0000000000
126881  -11.030  31.156  -36.593 0.0000000000
126882  -11.983  31.071  -36.590 0.0000000000
127781  -3.476  32.959  -26.953 0.0000000000
127786  -3.466  32.710  -27.756 0.0000000000
127789  -3.580  32.579  -28.624 0.0000000000
127790  -3.698  33.035  -28.845 0.0000000000
127793  -3.660  32.088  -29.234 0.0000000000
127794  -3.858  32.550  -29.450 0.0000000000
127798  -4.382  32.496  -30.255 0.0000000000
127799  -4.946  32.521  -30.811 0.0000000000
127802  -5.452  32.503  -31.352 0.0000000000
127803  -6.076  32.417  -32.015 0.0000000000
127806  -6.606  32.446  -32.871 0.0000000000
127807  -6.837  32.617  -33.760 0.0000000000
127808  -12.639  32.883  -32.894 0.0000000000
127809  -13.855  32.925  -32.654 0.0000000000
127810  -14.755  32.930  -32.584 0.0000000000
127811  -15.628  32.985  -32.473 0.0000000000
127812  -16.682  33.265  -32.441 0.0000000000
127813  -17.003  33.422  -32.482 0.0000000000
127816  -6.849  32.814  -34.701 0.0000000000
127817  -10.858  32.813  -34.335 0.0000000000
127818  -11.626  32.627  -34.108 0.0000000000
127819  -12.397  32.538  -33.663 0.0000000000
127820  -13.352  32.240  -33.659 0.0000000000
127821  -14.389  31.893  -33.614 0.0000000000
127822  -15.300  31.816  -33.359 0.0000000000
127823  -16.310  32.186  -33.008 0.0000000000
127824  -17.243  32.752  -32.857 0.0000000000
127825  -18.145  32.616  -33.414 0.0000000000
127828  -6.829  32.968  -36.070 0.0000000000
127829  -8.215  32.965  -35.735 0.0000000000
127830  -9.290  32.790  -35.454 0.0000000000
127831  -10.260  32.706  -35.029 0.0000000000
127832  -11.275  32.489  -34.929 0.0000000000
127833  -12.205  32.144  -34.763 0.0000000000
127834  -13.115  31.934  -34.292 0.0000000000
127835  -18.851  32.493  -34.007 0.0000000000
127836  -19.532  32.362  -34.656 0.0000000000
127837  -19.876  31.969  -34.819 0.0000000000
127841  -7.317  32.219  -36.427 0.0000000000
127842  -7.813  32.435  -36.247 0.0000000000
127843  -8.834  32.286  -36.178 0.0000000000
127844  -9.912  32.311  -35.835 0.0000000000
127845  -10.867  32.290  -35.699 0.0000000000
127846  -11.651  32.113  -35.521 0.0000000000
127847  -19.752  32.604  -34.952 0.0000000000
127848  -20.071  32.319  -35.097 0.0000000000
127849  -20.789  32.293  -35.522 0.0000000000
127855  -7.718  32.068  -36.476 0.0000000000
127856  -8.165  32.031  -36.435 0.0000000000
127857  -8.584  31.872  -36.402 0.0000000000
128701  -3.497  33.566  -26.493 0.0000000000
128705  -3.515  33.268  -27.168 0.0000000000
128708  -3.530  33.312  -27.755 0.0000000000
128709  -3.634  33.482  -28.340 0.0000000000
128712  -3.841  33.579  -28.927 0.0000000000
128715  -4.221  33.487  -29.622 0.0000000000
128716  -4.677  33.473  -30.300 0.0000000000
128718  -5.240  33.488  -30.889 0.0000000000
128719  -5.859  33.486  -31.583 0.0000000000
128720  -13.099  34.069  -31.537 0.0000000000
128721  -13.467  34.240  -31.464 0.0000000000
128722  -14.386  34.568  -31.476 0.0000000000
128723  -15.242  34.571  -31.634 0.0000000000
128726  -6.488  33.485  -32.567 0.0000000000
128727  -6.731  33.136  -33.386 0.0000000000
128728  -8.979  34.204  -33.697 0.0000000000
128729  -9.456  34.014  -33.379 0.0000000000
128730  -10.576  33.655  -32.907 0.0000000000
128731  -11.868  33.293  -32.707 0.0000000000
128732  -12.758  33.759  -31.862 0.0000000000
128733  -14.194  33.470  -32.029 0.0000000000
128734  -15.057  33.542  -32.040 0.0000000000
128735  -16.129  34.217  -31.946 0.0000000000
128736  -16.774  33.979  -32.211 0.0000000000
128739  -6.676  33.851  -33.671 0.0000000000
128740  -6.765  33.340  -34.211 0.0000000000
128741  -8.128  34.236  -34.795 0.0000000000
128742  -8.683  34.051  -34.262 0.0000000000
128743  -9.927  33.282  -34.118 0.0000000000
128744  -11.128  33.064  -33.580 0.0000000000
128745  -11.777  32.835  -33.477 0.0000000000
128746  -17.339  33.815  -32.530 0.0000000000
128747  -17.984  33.613  -33.014 0.0000000000
128750  -6.660  33.951  -34.535 0.0000000000
128751  -6.865  33.653  -35.134 0.0000000000
128752  -7.780  33.859  -35.219 0.0000000000
128753  -8.917  33.356  -34.968 0.0000000000
128754  -9.611  33.038  -34.884 0.0000000000
128755  -18.608  33.483  -33.709 0.0000000000
128756  -19.104  33.281  -34.446 0.0000000000
128761  -19.623  33.106  -35.118 0.0000000000
128762  -20.276  32.969  -35.540 0.0000000000
128763  -20.875  32.944  -35.859 0.0000000000
128768  -19.835  33.520  -35.709 0.0000000000
128769  -20.391  33.514  -36.054 0.0000000000
129574  -3.581  34.334  -26.069 0.0000000000
129575  -3.714  34.691  -26.509 0.0000000000
129578  -3.607  33.986  -26.999 0.0000000000
129579  -3.788  34.658  -27.178 0.0000000000
129582  -3.616  33.974  -27.685 0.0000000000
129583  -3.824  34.441  -28.136 0.0000000000
129586  -4.108  34.463  -29.012 0.0000000000
129589  -4.468  34.414  -29.745 0.0000000000
129590  -4.880  34.457  -30.386 0.0000000000
129593  -5.444  34.545  -31.061 0.0000000000
129594  -6.160  34.553  -31.873 0.0000000000
129595  -10.403  34.950  -31.731 0.0000000000
129596  -10.820  34.848  -31.588 0.0000000000
129597  -11.779  34.695  -31.419 0.0000000000
129598  -12.877  34.461  -31.433 0.0000000000
129599  -13.887  34.860  -31.403 0.0000000000
129600  -14.789  34.984  -31.506 0.0000000000
129601  -15.617  34.888  -31.713 0.0000000000
129604  -6.503  34.570  -33.005 0.0000000000
129605  -8.314  34.816  -33.931 0.0000000000
129606  -8.763  34.592  -33.571 0.0000000000
129607  -9.977  34.694  -32.232 0.0000000000
129608  -11.199  34.111  -31.995 0.0000000000
129609  -12.220  33.947  -31.730 0.0000000000
129610  -12.682  33.990  -31.623 0.0000000000
129611  -16.348  34.778  -32.014 0.0000000000
129612  -17.020  34.693  -32.379 0.0000000000
129615  -6.587  34.581  -34.264 0.0000000000
129616  -6.828  34.782  -35.074 0.0000000000
129617  -7.875  34.647  -34.595 0.0000000000
129618  -8.446  34.427  -34.148 0.0000000000
129619  -17.682  34.607  -32.831 0.0000000000
129620  -18.285  34.497  -33.464 0.0000000000
129623  -6.664  34.265  -35.062 0.0000000000
129624  -7.198  34.311  -35.360 0.0000000000
129625  -7.592  34.312  -35.183 0.0000000000
129626  -18.779  34.359  -34.300 0.0000000000
129627  -19.164  33.866  -34.910 0.0000000000
129631  -18.928  34.616  -35.156 0.0000000000
129632  -19.323  33.948  -35.538 0.0000000000
129637  -18.993  34.647  -35.946 0.0000000000
129638  -19.609  34.059  -36.272 0.0000000000
129646  -19.071  34.714  -36.698 0.0000000000
129647  -19.683  34.497  -37.005 0.0000000000
130465  -4.023  35.747  -24.981 0.0000000000
130468  -3.755  35.027  -25.365 0.0000000000
130469  -4.103  35.649  -25.504 0.0000000000
130473  -3.776  35.042  -25.956 0.0000000000
130474  -4.088  35.433  -26.375 0.0000000000
130480  -4.149  35.404  -27.353 0.0000000000
130487  -4.198  35.367  -28.288 0.0000000000
130492  -4.374  35.401  -29.175 0.0000000000
130493  -4.529  35.851  -29.662 0.0000000000
130498  -4.596  35.160  -29.891 0.0000000000
130499  -4.894  35.605  -30.401 0.0000000000
130502  -5.560  35.620  -31.331 0.0000000000
130503  -6.129  35.501  -32.333 0.0000000000
130504  -10.422  35.383  -31.570 0.0000000000
130505  -11.239  35.582  -31.278 0.0000000000
130506  -12.279  35.574  -31.243 0.0000000000
130507  -13.306  35.609  -31.335 0.0000000000
130508  -14.245  35.705  -31.494 0.0000000000
130509  -15.159  35.727  -31.766 0.0000000000
130510  -15.883  35.401  -31.962 0.0000000000
130513  -6.346  35.346  -33.461 0.0000000000
130514  -8.332  35.246  -33.678 0.0000000000
130515  -8.973  35.508  -32.704 0.0000000000
130516  -9.706  35.886  -31.842 0.0000000000
130517  -15.698  36.005  -32.180 0.0000000000
130518  -16.446  35.679  -32.468 0.0000000000
130519  -17.238  35.339  -32.743 0.0000000000
130522  -6.395  35.270  -34.509 0.0000000000
130523  -7.010  35.412  -35.048 0.0000000000
130524  -7.679  35.682  -34.165 0.0000000000
130525  -17.020  35.985  -33.013 0.0000000000
130526  -17.737  35.597  -33.418 0.0000000000
130527  -18.378  35.188  -33.943 0.0000000000
130530  -18.139  35.864  -34.117 0.0000000000
130531  -18.528  35.438  -34.694 0.0000000000
130534  -18.725  35.413  -35.551 0.0000000000
130540  -18.812  35.407  -36.339 0.0000000000
131349  -4.313  36.466  -24.918 0.0000000000
131352  -4.455  36.364  -25.636 0.0000000000
131361  -4.582  36.318  -26.557 0.0000000000
131362  -4.888  36.784  -26.972 0.0000000000
131370  -4.536  36.161  -27.547 0.0000000000
131371  -4.947  36.850  -27.676 0.0000000000
131379  -4.505  36.186  -28.400 0.0000000000
131380  -4.846  36.882  -28.572 0.0000000000
131387  -4.506  36.244  -29.094 0.0000000000
131388  -4.661  36.730  -29.616 0.0000000000
131394  -5.063  36.730  -30.674 0.0000000000
131399  -5.653  36.670  -31.821 0.0000000000
131400  -6.057  36.090  -32.823 0.0000000000
131401  -10.552  36.512  -31.415 0.0000000000
131402  -11.667  36.618  -31.165 0.0000000000
131403  -12.723  36.616  -31.235 0.0000000000
131404  -13.683  36.625  -31.420 0.0000000000
131405  -14.523  36.638  -31.723 0.0000000000
131406  -15.218  36.678  -32.112 0.0000000000
131409  -5.817  36.838  -32.921 0.0000000000
131410  -6.113  35.991  -33.742 0.0000000000
131411  -8.454  36.316  -33.313 0.0000000000
131412  -9.208  36.569  -32.463 0.0000000000
131413  -9.780  36.855  -31.865 0.0000000000
131414  -15.817  36.655  -32.589 0.0000000000
131415  -16.478  36.648  -33.039 0.0000000000
131418  -5.800  36.653  -33.951 0.0000000000
131419  -6.197  35.792  -34.718 0.0000000000
131422  -17.139  36.617  -33.540 0.0000000000
131423  -17.710  36.505  -34.049 0.0000000000
131429  -18.132  36.452  -34.667 0.0000000000
131430  -18.482  36.082  -35.229 0.0000000000
131437  -18.289  36.736  -35.361 0.0000000000
131438  -18.604  36.275  -35.953 0.0000000000
131444  -18.665  36.104  -36.754 0.0000000000
132321  -4.475  37.315  -24.356 0.0000000000
132324  -4.680  37.339  -24.921 0.0000000000
132325  -4.967  37.742  -25.184 0.0000000000
132331  -4.804  37.095  -25.718 0.0000000000
132332  -5.165  37.737  -25.769 0.0000000000
132342  -4.958  37.093  -26.345 0.0000000000
132343  -5.361  37.527  -26.733 0.0000000000
132352  -5.540  37.558  -27.790 0.0000000000
132353  -5.903  37.932  -28.215 0.0000000000
132362  -5.309  37.466  -28.827 0.0000000000
132363  -5.974  37.938  -28.953 0.0000000000
132371  -5.263  37.550  -29.797 0.0000000000
132372  -5.936  38.047  -29.872 0.0000000000
132379  -5.330  37.966  -30.882 0.0000000000
132380  -5.934  38.259  -30.375 0.0000000000
132387  -5.453  37.741  -32.154 0.0000000000
132388  -11.114  37.757  -31.441 0.0000000000
132389  -12.197  37.676  -31.209 0.0000000000
132390  -13.205  37.631  -31.231 0.0000000000
132391  -14.108  37.606  -31.436 0.0000000000
132392  -14.891  37.591  -31.776 0.0000000000
132393  -15.505  37.581  -32.295 0.0000000000
132398  -5.537  37.651  -33.229 0.0000000000
132401  -10.293  37.484  -31.834 0.0000000000
132402  -16.042  37.556  -32.909 0.0000000000
132403  -16.634  37.515  -33.524 0.0000000000
132407  -5.411  37.357  -34.243 0.0000000000
132411  -17.312  37.443  -34.237 0.0000000000
132412  -17.762  36.971  -34.449 0.0000000000
132417  -17.478  37.779  -34.708 0.0000000000
132418  -17.825  37.391  -34.964 0.0000000000
132425  -18.131  37.282  -36.127 0.0000000000
132426  -18.489  36.647  -36.457 0.0000000000
133361  -4.865  38.376  -24.112 0.0000000000
133365  -4.976  38.016  -24.760 0.0000000000
133366  -5.272  38.520  -24.877 0.0000000000
133374  -5.568  38.487  -25.868 0.0000000000
133383  -6.044  38.486  -26.839 0.0000000000
133384  -6.487  39.105  -26.928 0.0000000000
133393  -6.047  38.131  -27.664 0.0000000000
133394  -6.689  38.637  -27.841 0.0000000000
133395  -7.334  39.199  -28.051 0.0000000000
133406  -6.661  38.355  -29.161 0.0000000000
133407  -7.315  38.934  -28.665 0.0000000000
133413  -6.539  38.349  -30.079 0.0000000000
133414  -7.276  38.750  -29.615 0.0000000000
133419  -5.706  38.443  -31.161 0.0000000000
133420  -6.140  38.504  -30.780 0.0000000000
133421  -7.036  38.836  -30.537 0.0000000000
133427  -5.534  38.556  -31.675 0.0000000000
133428  -5.997  38.766  -31.346 0.0000000000
133429  -6.609  38.968  -31.143 0.0000000000
133431  -11.793  38.738  -31.511 0.0000000000
133432  -12.784  38.676  -31.242 0.0000000000
133433  -13.733  38.608  -31.224 0.0000000000
133434  -14.603  38.553  -31.424 0.0000000000
133435  -15.355  38.513  -31.825 0.0000000000
133440  -5.321  38.593  -32.610 0.0000000000
133444  -15.894  38.499  -32.486 0.0000000000
133445  -16.348  38.474  -33.229 0.0000000000
133450  -5.258  38.448  -33.660 0.0000000000
133454  -16.808  38.415  -34.002 0.0000000000
133463  -17.224  38.286  -34.753 0.0000000000
133464  -17.527  37.928  -34.962 0.0000000000
133477  -17.450  38.117  -35.537 0.0000000000
134406  -5.883  39.198  -25.935 0.0000000000
134454  -5.826  38.975  -31.664 0.0000000000
134455  -6.338  39.249  -31.654 0.0000000000
134469  -5.726  39.231  -32.119 0.0000000000
134470  -6.524  39.961  -32.327 0.0000000000
134482  -5.604  39.642  -33.143 0.0000000000
134483  -6.141  40.286  -32.943 0.0000000000
134495  -5.312  39.196  -34.293 0.0000000000
135466  -5.751  39.943  -34.048 0.0000000000
