#!ascii label  , from subject colin27_FS vox2ras=TkReg
1000
112069  -30.290  19.405  29.596 0.0000000000
113253  -29.923  19.726  33.547 0.0000000000
113261  -30.126  19.661  32.788 0.0000000000
113272  -30.371  19.778  31.838 0.0000000000
113287  -30.480  19.868  30.900 0.0000000000
113301  -30.452  19.982  30.006 0.0000000000
113314  -30.126  19.416  28.882 0.0000000000
113315  -30.281  20.084  29.282 0.0000000000
113326  -29.692  19.594  27.968 0.0000000000
113334  -29.033  19.547  26.473 0.0000000000
113335  -29.261  19.902  27.149 0.0000000000
113348  -27.973  19.647  25.321 0.0000000000
113349  -28.532  19.400  25.729 0.0000000000
114362  -17.618  20.821  39.136 0.0000000000
114366  -32.749  21.136  39.075 0.0000000000
114367  -32.986  21.044  38.857 0.0000000000
114370  -17.663  20.610  38.574 0.0000000000
114374  -30.081  20.155  37.909 0.0000000000
114375  -31.070  20.447  38.145 0.0000000000
114376  -32.184  20.784  38.609 0.0000000000
114377  -32.941  20.914  38.189 0.0000000000
114380  -17.576  20.468  37.657 0.0000000000
114381  -18.234  19.930  37.439 0.0000000000
114383  -29.811  20.480  37.292 0.0000000000
114389  -17.480  20.550  36.649 0.0000000000
114390  -18.156  19.973  36.525 0.0000000000
114391  -29.225  19.923  36.766 0.0000000000
114392  -29.733  20.656  36.437 0.0000000000
114398  -17.475  20.658  35.666 0.0000000000
114399  -18.130  20.028  35.572 0.0000000000
114400  -29.314  19.986  35.810 0.0000000000
114401  -29.813  20.651  35.477 0.0000000000
114406  -17.469  20.731  34.675 0.0000000000
114407  -18.120  20.054  34.575 0.0000000000
114408  -29.584  19.989  34.848 0.0000000000
114409  -30.091  20.564  34.584 0.0000000000
114415  -17.522  20.802  33.648 0.0000000000
114416  -18.178  20.091  33.551 0.0000000000
114417  -29.887  20.005  34.121 0.0000000000
114418  -30.312  20.434  33.585 0.0000000000
114430  -17.647  20.831  32.623 0.0000000000
114431  -18.243  20.102  32.521 0.0000000000
114432  -30.516  20.561  32.525 0.0000000000
114444  -17.770  20.814  31.636 0.0000000000
114445  -18.340  20.164  31.509 0.0000000000
114446  -30.572  20.647  31.534 0.0000000000
114458  -17.906  20.756  30.848 0.0000000000
114459  -18.424  20.328  30.336 0.0000000000
114460  -30.435  20.734  30.552 0.0000000000
114469  -18.611  20.493  29.151 0.0000000000
114470  -30.010  21.050  29.209 0.0000000000
114471  -30.211  20.718  29.558 0.0000000000
114476  -19.004  20.417  28.193 0.0000000000
114477  -19.517  20.039  27.781 0.0000000000
114478  -29.869  20.538  28.731 0.0000000000
114479  -30.177  20.455  29.157 0.0000000000
114484  -19.329  20.605  27.466 0.0000000000
114485  -19.877  20.225  27.097 0.0000000000
114486  -20.382  19.934  26.768 0.0000000000
114487  -28.705  20.743  27.342 0.0000000000
114488  -29.116  20.478  27.605 0.0000000000
114493  -20.233  20.382  26.614 0.0000000000
114494  -20.713  20.254  26.238 0.0000000000
114495  -21.320  19.973  25.831 0.0000000000
114496  -28.081  20.669  26.420 0.0000000000
114497  -28.573  20.494  26.802 0.0000000000
114498  -29.008  20.314  27.164 0.0000000000
114513  -21.188  20.581  25.757 0.0000000000
114514  -21.826  20.353  25.437 0.0000000000
114515  -22.576  20.551  25.026 0.0000000000
114516  -26.297  21.103  25.302 0.0000000000
114517  -26.761  20.887  25.445 0.0000000000
114518  -27.836  20.433  25.864 0.0000000000
114519  -28.526  20.000  26.184 0.0000000000
114535  -23.268  20.535  24.764 0.0000000000
114536  -24.060  20.413  24.557 0.0000000000
114537  -25.017  20.472  24.524 0.0000000000
114538  -26.100  20.699  24.877 0.0000000000
114539  -27.130  20.175  25.034 0.0000000000
114540  -27.639  19.914  25.230 0.0000000000
115558  -33.898  21.952  39.702 0.0000000000
115559  -34.278  22.008  39.652 0.0000000000
115561  -16.532  21.753  39.375 0.0000000000
115562  -17.445  21.145  39.735 0.0000000000
115564  -31.810  21.576  38.855 0.0000000000
115565  -32.461  21.398  39.148 0.0000000000
115566  -33.402  21.503  39.234 0.0000000000
115567  -34.130  21.847  39.372 0.0000000000
115569  -16.302  21.837  38.336 0.0000000000
115570  -17.054  21.167  38.836 0.0000000000
115571  -30.392  20.916  37.692 0.0000000000
115572  -31.033  21.204  38.221 0.0000000000
115573  -31.683  21.054  38.700 0.0000000000
115574  -33.605  21.345  38.517 0.0000000000
115575  -34.277  21.824  38.802 0.0000000000
115576  -34.718  22.058  38.552 0.0000000000
115579  -16.239  21.965  37.264 0.0000000000
115580  -16.885  21.128  37.913 0.0000000000
115581  -30.472  21.330  37.004 0.0000000000
115582  -30.757  21.405  37.685 0.0000000000
115583  -33.645  21.267  37.606 0.0000000000
115584  -34.376  21.772  37.925 0.0000000000
115585  -34.591  21.963  38.371 0.0000000000
115588  -16.328  22.128  36.245 0.0000000000
115589  -16.812  21.200  36.890 0.0000000000
115590  -30.228  21.266  35.981 0.0000000000
115592  -34.374  21.713  36.832 0.0000000000
115593  -34.856  21.988  36.445 0.0000000000
115596  -16.414  22.374  35.467 0.0000000000
115597  -16.832  21.480  35.778 0.0000000000
115598  -30.361  21.146  35.127 0.0000000000
115599  -30.800  21.599  34.841 0.0000000000
115606  -16.596  22.240  34.864 0.0000000000
115607  -17.005  21.490  34.824 0.0000000000
115608  -30.594  21.163  34.268 0.0000000000
115609  -30.989  21.847  34.157 0.0000000000
115622  -16.685  22.164  34.226 0.0000000000
115623  -16.951  21.694  33.777 0.0000000000
115624  -30.832  21.461  33.247 0.0000000000
115625  -31.085  22.046  33.579 0.0000000000
115638  -17.159  21.709  32.715 0.0000000000
115639  -30.767  21.424  32.210 0.0000000000
115650  -17.364  21.684  31.697 0.0000000000
115651  -30.525  21.565  31.270 0.0000000000
115657  -17.569  21.600  30.673 0.0000000000
115658  -17.862  21.132  30.182 0.0000000000
115659  -29.667  22.109  29.818 0.0000000000
115660  -30.114  21.637  30.152 0.0000000000
115667  -17.719  21.769  29.841 0.0000000000
115668  -18.039  21.361  29.334 0.0000000000
115669  -29.598  21.578  29.216 0.0000000000
115670  -30.010  21.248  29.521 0.0000000000
115677  -18.437  21.391  28.304 0.0000000000
115678  -27.787  21.836  28.035 0.0000000000
115679  -28.221  21.608  27.944 0.0000000000
115680  -28.937  21.265  28.160 0.0000000000
115685  -18.943  21.385  27.357 0.0000000000
115686  -19.468  20.980  26.960 0.0000000000
115687  -26.948  21.856  27.386 0.0000000000
115688  -27.530  21.646  27.515 0.0000000000
115689  -28.360  21.086  27.357 0.0000000000
115690  -28.775  20.892  27.618 0.0000000000
115704  -19.424  21.649  26.685 0.0000000000
115705  -20.041  21.102  26.377 0.0000000000
115706  -20.799  21.186  25.836 0.0000000000
115707  -26.225  21.978  26.483 0.0000000000
115708  -26.804  21.699  26.771 0.0000000000
115709  -27.814  21.022  26.637 0.0000000000
115710  -28.256  20.884  26.921 0.0000000000
115729  -21.405  21.136  25.565 0.0000000000
115730  -22.038  21.356  25.339 0.0000000000
115731  -22.948  21.495  25.102 0.0000000000
115732  -23.818  21.824  25.255 0.0000000000
115733  -24.781  21.825  25.462 0.0000000000
115734  -26.019  21.645  25.708 0.0000000000
115735  -27.160  21.138  26.067 0.0000000000
115736  -27.598  20.870  26.184 0.0000000000
115746  -23.680  21.134  24.788 0.0000000000
115747  -24.442  21.203  24.819 0.0000000000
115748  -25.367  21.232  24.999 0.0000000000
115749  -25.830  21.220  25.147 0.0000000000
116752  -33.900  22.382  39.922 0.0000000000
116753  -34.585  22.428  39.911 0.0000000000
116754  -35.620  22.910  40.073 0.0000000000
116755  -36.511  23.268  40.014 0.0000000000
116756  -36.946  23.457  39.896 0.0000000000
116761  -31.861  21.960  38.927 0.0000000000
116762  -32.343  22.054  39.217 0.0000000000
116763  -33.187  22.034  39.658 0.0000000000
116764  -34.604  22.143  39.418 0.0000000000
116765  -35.455  22.482  39.488 0.0000000000
116766  -36.533  22.828  39.564 0.0000000000
116767  -37.524  23.280  39.492 0.0000000000
116768  -38.492  23.394  38.944 0.0000000000
116769  -38.933  23.475  38.715 0.0000000000
116772  -15.518  23.436  38.711 0.0000000000
116773  -15.835  22.515  38.960 0.0000000000
116774  -31.597  21.915  38.479 0.0000000000
116775  -32.051  22.304  38.656 0.0000000000
116776  -34.467  21.986  39.135 0.0000000000
116777  -35.100  22.228  38.815 0.0000000000
116778  -36.379  22.542  38.870 0.0000000000
116779  -37.507  22.822  38.895 0.0000000000
116780  -38.371  22.746  38.694 0.0000000000
116781  -39.051  23.290  38.556 0.0000000000
116785  -15.547  23.560  38.103 0.0000000000
116786  -15.734  22.953  37.795 0.0000000000
116787  -30.995  21.902  36.795 0.0000000000
116788  -31.348  22.158  37.510 0.0000000000
116789  -31.788  22.338  38.191 0.0000000000
116790  -34.768  22.056  37.570 0.0000000000
116791  -35.084  22.160  37.944 0.0000000000
116792  -36.191  22.432  38.007 0.0000000000
116793  -37.350  22.723  38.059 0.0000000000
116794  -38.439  22.937  38.072 0.0000000000
116795  -39.147  22.808  37.985 0.0000000000
116798  -15.940  22.962  36.617 0.0000000000
116799  -30.828  21.789  36.153 0.0000000000
116800  -31.382  22.390  36.316 0.0000000000
116801  -34.635  21.952  37.338 0.0000000000
116802  -35.049  22.178  36.927 0.0000000000
116803  -36.011  22.397  36.994 0.0000000000
116804  -37.115  22.663  37.050 0.0000000000
116805  -38.290  22.853  37.085 0.0000000000
116806  -39.530  23.065  37.138 0.0000000000
116807  -40.692  23.196  36.583 0.0000000000
116808  -41.276  23.292  36.395 0.0000000000
116811  -16.142  23.057  35.685 0.0000000000
116812  -30.721  21.585  35.475 0.0000000000
116813  -31.275  22.262  35.093 0.0000000000
116814  -35.138  22.103  36.253 0.0000000000
116815  -35.755  22.236  35.911 0.0000000000
116816  -36.835  22.504  36.000 0.0000000000
116817  -37.960  22.706  35.998 0.0000000000
116818  -39.155  22.811  35.976 0.0000000000
116819  -40.345  22.757  35.899 0.0000000000
116820  -41.497  22.940  35.810 0.0000000000
116821  -42.120  23.123  35.360 0.0000000000
116824  -16.314  23.053  34.890 0.0000000000
116825  -31.296  22.509  33.886 0.0000000000
116835  -16.509  22.978  34.107 0.0000000000
116836  -16.673  22.543  33.646 0.0000000000
116837  -30.978  21.908  32.635 0.0000000000
116838  -31.137  22.348  33.035 0.0000000000
116842  -16.629  23.192  33.378 0.0000000000
116843  -16.797  22.749  32.836 0.0000000000
116844  -30.848  22.421  32.129 0.0000000000
116845  -31.118  22.826  32.689 0.0000000000
116852  -17.073  22.664  31.805 0.0000000000
116853  -30.279  22.491  31.121 0.0000000000
116859  -17.298  22.599  30.818 0.0000000000
116860  -26.287  23.065  30.327 0.0000000000
116861  -26.859  22.942  30.147 0.0000000000
116862  -27.795  22.846  29.880 0.0000000000
116863  -28.936  22.514  29.718 0.0000000000
116864  -29.722  22.543  30.362 0.0000000000
116871  -17.532  22.581  29.827 0.0000000000
116872  -17.772  22.199  29.281 0.0000000000
116873  -25.426  23.120  29.588 0.0000000000
116874  -26.041  22.922  29.725 0.0000000000
116875  -27.045  22.593  29.306 0.0000000000
116876  -28.006  22.359  29.042 0.0000000000
116877  -28.729  21.954  28.763 0.0000000000
116884  -17.758  22.864  29.046 0.0000000000
116885  -18.058  22.449  28.497 0.0000000000
116886  -25.423  23.028  29.032 0.0000000000
116887  -26.242  22.596  28.647 0.0000000000
116888  -27.281  22.139  28.274 0.0000000000
116889  -28.103  21.949  28.388 0.0000000000
116890  -28.517  21.715  28.300 0.0000000000
116902  -18.528  22.407  27.542 0.0000000000
116903  -24.492  23.057  27.663 0.0000000000
116904  -25.224  22.786  27.935 0.0000000000
116905  -26.448  22.191  27.531 0.0000000000
116906  -27.047  21.947  27.685 0.0000000000
116922  -19.077  22.427  26.757 0.0000000000
116923  -19.852  22.372  26.201 0.0000000000
116924  -20.465  21.902  25.903 0.0000000000
116925  -23.925  22.999  26.722 0.0000000000
116926  -24.519  22.851  26.984 0.0000000000
116927  -25.686  22.275  26.712 0.0000000000
116928  -26.300  22.064  26.865 0.0000000000
116944  -20.555  22.667  25.829 0.0000000000
116945  -21.297  22.175  25.655 0.0000000000
116946  -22.328  22.338  25.623 0.0000000000
116947  -23.167  22.424  25.702 0.0000000000
116948  -23.997  22.606  26.108 0.0000000000
116949  -25.095  22.246  26.166 0.0000000000
116950  -25.611  22.111  26.160 0.0000000000
117969  -34.242  22.845  40.092 0.0000000000
117970  -34.824  23.306  40.285 0.0000000000
117971  -35.717  23.650  40.251 0.0000000000
117972  -36.521  23.723  40.033 0.0000000000
117973  -37.147  23.627  39.790 0.0000000000
117978  -32.998  22.564  39.371 0.0000000000
117979  -33.703  23.031  39.718 0.0000000000
117980  -34.311  23.391  40.022 0.0000000000
117981  -37.582  23.654  39.565 0.0000000000
117982  -38.135  23.637  39.237 0.0000000000
117983  -38.769  23.649  38.827 0.0000000000
117988  -32.606  22.752  38.848 0.0000000000
117989  -33.236  23.269  39.062 0.0000000000
117990  -39.398  23.667  38.474 0.0000000000
117991  -39.969  24.109  38.310 0.0000000000
117995  -15.476  24.012  38.316 0.0000000000
117996  -15.571  23.902  37.725 0.0000000000
117997  -31.942  22.877  37.234 0.0000000000
117998  -32.330  23.006  37.858 0.0000000000
117999  -32.941  23.410  38.450 0.0000000000
118000  -39.670  23.325  38.075 0.0000000000
118001  -40.140  23.789  37.777 0.0000000000
118002  -40.630  23.959  37.377 0.0000000000
118005  -15.756  23.842  36.985 0.0000000000
118006  -31.856  22.929  36.627 0.0000000000
118007  -32.320  23.367  36.822 0.0000000000
118008  -39.691  23.150  37.732 0.0000000000
118009  -40.145  23.388  37.375 0.0000000000
118010  -41.056  23.725  36.821 0.0000000000
118011  -41.622  24.095  36.459 0.0000000000
118014  -15.962  24.017  36.003 0.0000000000
118015  -31.931  23.369  35.536 0.0000000000
118016  -32.184  23.434  36.250 0.0000000000
118017  -41.551  23.411  36.268 0.0000000000
118018  -42.062  23.782  35.948 0.0000000000
118021  -16.215  23.909  35.098 0.0000000000
118022  -31.621  23.332  34.283 0.0000000000
118023  -42.462  23.490  34.979 0.0000000000
118026  -16.443  23.856  34.322 0.0000000000
118027  -31.289  23.255  33.204 0.0000000000
118033  -16.587  23.861  33.575 0.0000000000
118034  -16.735  23.841  32.808 0.0000000000
118035  -25.372  23.914  31.923 0.0000000000
118036  -26.150  23.894  32.059 0.0000000000
118037  -26.618  23.959  32.056 0.0000000000
118038  -29.366  23.955  31.743 0.0000000000
118039  -30.368  23.440  31.891 0.0000000000
118040  -30.986  23.221  32.473 0.0000000000
118048  -16.958  23.718  31.922 0.0000000000
118049  -24.557  23.930  30.787 0.0000000000
118050  -25.146  23.627  31.153 0.0000000000
118051  -25.941  23.545  31.378 0.0000000000
118052  -26.856  23.695  31.538 0.0000000000
118053  -27.885  23.754  31.207 0.0000000000
118054  -28.847  23.576  31.126 0.0000000000
118055  -29.702  23.217  31.086 0.0000000000
118063  -17.194  23.588  30.973 0.0000000000
118064  -24.381  23.792  29.931 0.0000000000
118065  -24.945  23.475  30.362 0.0000000000
118066  -25.730  23.263  30.557 0.0000000000
118067  -26.517  23.283  30.785 0.0000000000
118068  -27.399  23.319  30.658 0.0000000000
118069  -28.377  23.230  30.483 0.0000000000
118070  -29.167  23.040  30.535 0.0000000000
118078  -17.407  23.521  30.080 0.0000000000
118079  -24.309  23.713  29.059 0.0000000000
118080  -24.893  23.356  29.545 0.0000000000
118081  -25.384  23.204  29.978 0.0000000000
118089  -17.661  23.556  29.257 0.0000000000
118090  -17.989  23.526  28.511 0.0000000000
118091  -24.241  23.580  28.359 0.0000000000
118092  -24.711  23.263  28.693 0.0000000000
118105  -18.372  23.426  27.740 0.0000000000
118106  -23.517  23.787  27.189 0.0000000000
118107  -23.934  23.469  27.562 0.0000000000
118108  -24.467  23.208  28.072 0.0000000000
118120  -18.800  23.395  26.930 0.0000000000
118121  -19.484  23.396  26.351 0.0000000000
118122  -22.961  23.735  26.446 0.0000000000
118123  -23.436  23.432  26.698 0.0000000000
118124  -23.912  23.181  27.014 0.0000000000
118139  -20.230  23.437  25.920 0.0000000000
118140  -21.028  23.403  25.733 0.0000000000
118141  -21.885  23.327  25.802 0.0000000000
118142  -22.740  23.288  26.131 0.0000000000
118143  -23.292  22.906  26.194 0.0000000000
119196  -34.425  24.635  39.875 0.0000000000
119197  -34.906  24.382  40.112 0.0000000000
119198  -35.812  24.461  39.915 0.0000000000
119199  -36.864  24.021  39.792 0.0000000000
119200  -37.338  23.803  39.690 0.0000000000
119204  -34.167  24.152  39.658 0.0000000000
119205  -34.549  23.922  40.043 0.0000000000
119206  -35.846  24.893  39.607 0.0000000000
119207  -36.532  24.596  39.401 0.0000000000
119208  -37.648  24.082  39.367 0.0000000000
119209  -38.659  24.252  38.944 0.0000000000
119210  -39.007  24.119  38.890 0.0000000000
119214  -33.755  24.025  39.134 0.0000000000
119215  -36.660  24.830  39.008 0.0000000000
119216  -37.254  24.635  38.875 0.0000000000
119217  -38.405  24.421  38.534 0.0000000000
119218  -39.430  24.110  38.420 0.0000000000
119219  -40.002  24.032  38.081 0.0000000000
119221  -15.494  24.542  38.024 0.0000000000
119222  -15.672  24.576  37.370 0.0000000000
119223  -33.144  24.019  37.780 0.0000000000
119224  -33.412  24.068  38.521 0.0000000000
119225  -38.697  24.716  38.105 0.0000000000
119226  -39.241  24.603  37.963 0.0000000000
119227  -40.246  24.303  37.516 0.0000000000
119228  -40.813  24.086  37.150 0.0000000000
119230  -15.886  24.694  36.630 0.0000000000
119231  -32.839  24.003  36.957 0.0000000000
119232  -40.569  24.590  36.936 0.0000000000
119233  -41.091  24.417  36.710 0.0000000000
119234  -41.886  24.487  36.169 0.0000000000
119236  -16.103  24.906  35.991 0.0000000000
119237  -32.192  24.438  35.247 0.0000000000
119238  -32.503  24.096  36.050 0.0000000000
119239  -42.294  24.631  35.770 0.0000000000
119241  -16.273  24.772  35.343 0.0000000000
119242  -25.235  24.991  33.986 0.0000000000
119243  -25.596  25.091  34.261 0.0000000000
119244  -31.808  24.295  34.578 0.0000000000
119245  -42.569  24.494  35.226 0.0000000000
119248  -16.475  24.712  34.548 0.0000000000
119249  -24.708  24.767  32.640 0.0000000000
119250  -24.996  24.689  33.250 0.0000000000
119251  -25.869  24.711  33.652 0.0000000000
119252  -26.916  24.675  33.384 0.0000000000
119253  -27.928  24.942  33.248 0.0000000000
119254  -29.074  25.083  33.153 0.0000000000
119255  -30.230  24.894  33.236 0.0000000000
119256  -31.290  24.403  33.623 0.0000000000
119257  -41.549  24.881  33.644 0.0000000000
119258  -42.010  24.613  33.843 0.0000000000
119259  -42.391  24.276  34.383 0.0000000000
119262  -16.623  24.632  33.813 0.0000000000
119263  -16.735  24.673  33.112 0.0000000000
119264  -24.652  24.668  31.969 0.0000000000
119265  -24.933  24.354  32.396 0.0000000000
119266  -25.605  24.273  32.678 0.0000000000
119267  -26.617  24.223  32.573 0.0000000000
119268  -27.651  24.462  32.553 0.0000000000
119269  -28.725  24.579  32.434 0.0000000000
119270  -29.836  24.406  32.451 0.0000000000
119271  -30.803  24.015  32.717 0.0000000000
119279  -17.015  24.857  32.156 0.0000000000
119280  -24.557  24.540  31.125 0.0000000000
119281  -24.780  24.124  31.604 0.0000000000
119282  -26.869  23.991  32.033 0.0000000000
119283  -27.377  24.069  31.940 0.0000000000
119284  -28.335  24.150  31.783 0.0000000000
119291  -17.288  24.600  31.114 0.0000000000
119292  -24.379  24.390  30.234 0.0000000000
119297  -17.465  24.408  30.259 0.0000000000
119298  -24.220  24.258  29.312 0.0000000000
119306  -17.634  24.379  29.523 0.0000000000
119307  -17.909  24.436  28.730 0.0000000000
119308  -23.958  24.112  28.323 0.0000000000
119319  -18.295  24.383  27.932 0.0000000000
119320  -23.320  24.025  26.984 0.0000000000
119321  -23.658  24.211  27.354 0.0000000000
119335  -18.655  24.342  27.143 0.0000000000
119336  -19.219  24.336  26.507 0.0000000000
119337  -22.773  23.924  26.292 0.0000000000
119338  -23.120  24.285  26.485 0.0000000000
119339  -23.433  24.359  26.888 0.0000000000
119356  -19.918  24.352  26.040 0.0000000000
119357  -20.700  24.375  25.753 0.0000000000
119358  -21.553  24.380  25.739 0.0000000000
119359  -22.487  24.355  25.982 0.0000000000
119360  -22.958  24.756  26.076 0.0000000000
120419  -34.165  25.580  39.932 0.0000000000
120420  -34.810  25.347  39.937 0.0000000000
120421  -35.309  25.352  39.721 0.0000000000
120424  -33.987  25.252  39.695 0.0000000000
120425  -35.837  25.330  39.201 0.0000000000
120426  -36.351  24.954  39.063 0.0000000000
120429  -33.404  25.543  38.628 0.0000000000
120430  -33.734  25.144  39.231 0.0000000000
120431  -35.924  25.550  38.823 0.0000000000
120432  -36.485  25.318  38.536 0.0000000000
120433  -37.739  24.937  38.213 0.0000000000
120434  -38.389  24.766  38.140 0.0000000000
120436  -15.550  25.180  37.857 0.0000000000
120437  -15.779  25.341  37.167 0.0000000000
120438  -33.397  25.060  37.960 0.0000000000
120439  -33.567  24.774  38.725 0.0000000000
120440  -36.484  25.801  37.842 0.0000000000
120441  -37.243  25.675  37.504 0.0000000000
120442  -38.562  25.088  37.534 0.0000000000
120443  -39.718  24.863  37.152 0.0000000000
120444  -40.295  24.686  37.033 0.0000000000
120446  -16.050  25.510  36.429 0.0000000000
120447  -26.012  26.276  36.030 0.0000000000
120448  -26.075  26.369  36.254 0.0000000000
120449  -33.142  24.868  37.119 0.0000000000
120450  -37.406  26.061  36.876 0.0000000000
120451  -38.052  25.892  36.736 0.0000000000
120452  -39.310  25.680  36.328 0.0000000000
120453  -40.562  25.133  36.477 0.0000000000
120454  -41.609  25.057  36.096 0.0000000000
120455  -42.105  24.920  35.899 0.0000000000
120457  -16.311  25.557  35.665 0.0000000000
120458  -25.847  25.965  35.431 0.0000000000
120459  -26.344  26.078  35.838 0.0000000000
120460  -27.335  26.163  35.791 0.0000000000
120461  -27.975  26.320  35.881 0.0000000000
120462  -31.593  25.766  35.220 0.0000000000
120463  -32.354  25.317  35.566 0.0000000000
120464  -32.865  24.925  36.385 0.0000000000
120465  -39.678  26.142  35.719 0.0000000000
120466  -40.275  25.985  35.729 0.0000000000
120467  -41.256  25.802  35.631 0.0000000000
120468  -42.161  25.400  35.404 0.0000000000
120471  -16.498  25.560  34.857 0.0000000000
120472  -25.551  25.584  34.504 0.0000000000
120473  -26.153  25.346  34.634 0.0000000000
120474  -27.204  25.682  34.938 0.0000000000
120475  -28.487  26.110  35.067 0.0000000000
120476  -29.937  26.014  34.676 0.0000000000
120477  -31.031  25.735  34.733 0.0000000000
120478  -31.805  25.146  34.851 0.0000000000
120479  -42.406  25.286  34.655 0.0000000000
120483  -16.740  25.570  33.921 0.0000000000
120484  -16.961  26.095  33.502 0.0000000000
120485  -24.727  25.091  33.017 0.0000000000
120486  -25.020  25.399  33.694 0.0000000000
120487  -26.447  24.943  33.963 0.0000000000
120488  -27.092  25.166  34.046 0.0000000000
120489  -28.185  25.431  34.061 0.0000000000
120490  -29.423  25.571  33.962 0.0000000000
120491  -30.603  25.383  33.982 0.0000000000
120492  -31.377  25.043  34.283 0.0000000000
120493  -41.282  25.618  33.531 0.0000000000
120494  -41.808  25.517  33.769 0.0000000000
120495  -42.175  25.292  34.115 0.0000000000
120499  -16.744  25.141  33.445 0.0000000000
120500  -17.009  25.687  32.977 0.0000000000
120501  -24.647  25.150  32.364 0.0000000000
120502  -24.895  25.563  32.876 0.0000000000
120505  -40.618  25.703  33.274 0.0000000000
120510  -17.269  25.833  32.042 0.0000000000
120511  -24.648  25.160  31.491 0.0000000000
120512  -24.937  25.652  31.992 0.0000000000
120517  -17.423  25.599  31.251 0.0000000000
120518  -24.643  25.041  30.522 0.0000000000
120519  -25.230  25.739  30.871 0.0000000000
120520  -25.868  26.008  30.503 0.0000000000
120524  -17.643  25.430  30.188 0.0000000000
120525  -17.840  25.877  29.605 0.0000000000
120526  -24.553  24.851  29.553 0.0000000000
120527  -25.122  25.412  29.774 0.0000000000
120528  -25.798  25.862  29.912 0.0000000000
120535  -17.639  24.911  29.768 0.0000000000
120536  -17.862  25.406  29.171 0.0000000000
120537  -24.407  24.730  28.589 0.0000000000
120538  -25.022  25.246  28.787 0.0000000000
120539  -25.753  25.697  28.965 0.0000000000
120546  -18.296  25.304  28.193 0.0000000000
120547  -24.173  24.767  27.620 0.0000000000
120548  -24.881  25.202  27.833 0.0000000000
120549  -25.641  25.600  27.961 0.0000000000
120560  -18.635  25.203  27.404 0.0000000000
120561  -19.042  25.222  26.708 0.0000000000
120562  -23.320  24.944  26.131 0.0000000000
120563  -23.807  24.867  26.655 0.0000000000
120564  -24.829  25.318  26.809 0.0000000000
120565  -25.438  25.535  27.209 0.0000000000
120577  -19.652  25.234  26.173 0.0000000000
120578  -20.360  25.262  25.811 0.0000000000
120579  -21.194  25.354  25.625 0.0000000000
120580  -22.114  25.389  25.612 0.0000000000
120581  -22.984  25.379  25.751 0.0000000000
120582  -23.766  25.459  25.824 0.0000000000
120583  -24.466  25.513  26.058 0.0000000000
121462  -31.913  27.562  40.280 0.0000000000
121463  -32.297  27.359  40.229 0.0000000000
121464  -33.217  26.772  40.144 0.0000000000
121465  -34.096  26.449  40.100 0.0000000000
121466  -34.710  25.996  39.879 0.0000000000
121470  -31.793  27.403  40.050 0.0000000000
121471  -32.525  26.876  39.853 0.0000000000
121472  -33.419  26.099  39.808 0.0000000000
121473  -34.466  26.671  39.901 0.0000000000
121474  -35.063  26.259  39.513 0.0000000000
121478  -30.670  27.414  38.984 0.0000000000
121479  -31.403  27.314  39.251 0.0000000000
121480  -32.946  26.330  39.110 0.0000000000
121481  -33.536  25.716  39.553 0.0000000000
121482  -35.591  26.146  38.683 0.0000000000
121483  -35.982  25.952  38.007 0.0000000000
121485  -15.643  25.835  37.759 0.0000000000
121486  -15.921  26.294  37.113 0.0000000000
121487  -26.386  26.888  37.140 0.0000000000
121488  -26.803  26.982  37.320 0.0000000000
121489  -27.753  27.116  37.651 0.0000000000
121490  -28.904  27.234  37.904 0.0000000000
121491  -30.316  27.331  38.366 0.0000000000
121492  -31.847  26.940  38.138 0.0000000000
121493  -32.913  26.137  38.000 0.0000000000
121494  -35.689  26.648  37.907 0.0000000000
121495  -36.278  26.429  37.286 0.0000000000
121496  -36.982  26.276  36.927 0.0000000000
121499  -16.262  26.307  36.139 0.0000000000
121500  -25.958  26.393  36.272 0.0000000000
121501  -26.297  26.628  36.657 0.0000000000
121502  -27.140  26.649  37.012 0.0000000000
121503  -28.187  26.780  37.107 0.0000000000
121504  -29.461  26.944  37.142 0.0000000000
121505  -30.873  26.805  37.131 0.0000000000
121506  -32.146  26.390  37.092 0.0000000000
121507  -32.986  25.721  37.161 0.0000000000
121508  -36.737  26.873  36.691 0.0000000000
121509  -37.433  26.652  36.394 0.0000000000
121510  -38.452  26.567  35.873 0.0000000000
121511  -39.263  26.364  35.689 0.0000000000
121514  -16.465  26.351  35.296 0.0000000000
121515  -25.879  26.382  35.899 0.0000000000
121516  -26.844  26.375  36.407 0.0000000000
121517  -27.618  26.448  36.436 0.0000000000
121518  -28.711  26.538  36.180 0.0000000000
121519  -30.077  26.580  36.178 0.0000000000
121520  -31.455  26.263  35.955 0.0000000000
121521  -32.541  25.777  36.407 0.0000000000
121522  -32.948  25.374  36.723 0.0000000000
121523  -39.104  26.936  35.464 0.0000000000
121524  -39.877  26.784  35.446 0.0000000000
121525  -40.831  26.693  35.227 0.0000000000
121526  -41.664  26.500  34.912 0.0000000000
121527  -42.119  26.008  34.691 0.0000000000
121532  -16.710  26.436  34.446 0.0000000000
121533  -16.995  26.855  33.967 0.0000000000
121534  -25.711  26.253  35.246 0.0000000000
121535  -25.687  26.459  34.851 0.0000000000
121536  -29.529  26.367  35.451 0.0000000000
121537  -30.537  26.246  35.329 0.0000000000
121538  -31.164  26.061  35.266 0.0000000000
121539  -41.769  26.621  34.318 0.0000000000
121540  -42.080  25.992  34.209 0.0000000000
121545  -16.910  26.346  33.820 0.0000000000
121546  -17.216  26.791  33.294 0.0000000000
121547  -25.373  26.032  34.366 0.0000000000
121548  -25.679  26.497  34.121 0.0000000000
121549  -41.037  26.204  33.396 0.0000000000
121550  -41.469  26.586  33.685 0.0000000000
121551  -41.971  25.888  33.909 0.0000000000
121556  -17.422  26.559  32.357 0.0000000000
121557  -25.243  26.033  33.480 0.0000000000
121558  -25.878  26.528  33.110 0.0000000000
121559  -26.486  26.692  32.482 0.0000000000
121562  -40.544  26.742  33.079 0.0000000000
121563  -40.947  27.113  33.333 0.0000000000
121567  -17.580  26.443  31.498 0.0000000000
121568  -25.318  26.057  32.556 0.0000000000
121569  -25.975  26.366  32.104 0.0000000000
121570  -26.765  26.683  31.638 0.0000000000
121575  -17.765  26.417  30.554 0.0000000000
121576  -18.118  26.747  29.863 0.0000000000
121577  -25.455  26.035  31.724 0.0000000000
121578  -26.097  26.220  31.085 0.0000000000
121579  -27.002  26.660  30.573 0.0000000000
121584  -17.872  26.193  29.879 0.0000000000
121585  -18.149  26.414  29.280 0.0000000000
121586  -26.406  26.228  30.136 0.0000000000
121587  -27.117  26.628  29.526 0.0000000000
121594  -18.471  26.310  28.434 0.0000000000
121595  -18.992  26.703  27.777 0.0000000000
121596  -26.445  26.182  29.195 0.0000000000
121597  -27.122  26.616  28.496 0.0000000000
121605  -18.720  26.010  27.628 0.0000000000
121606  -19.260  26.497  27.185 0.0000000000
121607  -26.418  26.089  28.146 0.0000000000
121608  -27.120  26.587  27.433 0.0000000000
121618  -18.966  25.869  27.013 0.0000000000
121619  -19.629  26.195  26.529 0.0000000000
121620  -20.286  26.512  26.145 0.0000000000
121621  -25.521  25.686  26.645 0.0000000000
121622  -26.262  26.017  26.866 0.0000000000
121623  -27.147  26.785  26.436 0.0000000000
121633  -20.095  25.918  25.997 0.0000000000
121634  -20.761  26.262  25.748 0.0000000000
121635  -21.754  26.395  25.509 0.0000000000
121636  -22.763  26.402  25.303 0.0000000000
121637  -23.568  26.178  25.341 0.0000000000
121638  -24.409  26.101  25.402 0.0000000000
121639  -25.455  26.031  25.820 0.0000000000
121640  -26.665  26.788  25.636 0.0000000000
121641  -27.245  27.087  25.854 0.0000000000
121648  -23.400  26.835  25.025 0.0000000000
121649  -24.091  26.836  24.881 0.0000000000
121650  -25.055  26.782  24.872 0.0000000000
121651  -26.011  26.924  25.013 0.0000000000
121652  -26.541  27.113  25.065 0.0000000000
122409  -31.842  28.309  40.792 0.0000000000
122410  -32.249  28.103  40.649 0.0000000000
122411  -32.746  27.949  40.533 0.0000000000
122416  -29.918  28.612  40.494 0.0000000000
122417  -30.384  28.308  40.500 0.0000000000
122418  -31.528  27.897  40.471 0.0000000000
122419  -32.581  27.578  40.422 0.0000000000
122420  -33.307  27.486  40.339 0.0000000000
122421  -34.023  27.395  40.122 0.0000000000
122425  -28.984  28.542  39.321 0.0000000000
122426  -29.461  28.359  39.866 0.0000000000
122427  -30.288  27.803  39.958 0.0000000000
122428  -31.042  27.583  39.776 0.0000000000
122429  -34.520  27.357  39.520 0.0000000000
122430  -35.013  26.967  39.017 0.0000000000
122434  -27.841  28.159  38.274 0.0000000000
122435  -28.553  28.182  38.763 0.0000000000
122436  -29.409  27.829  39.178 0.0000000000
122437  -30.367  27.532  39.204 0.0000000000
122438  -30.916  27.495  39.458 0.0000000000
122439  -34.756  27.689  38.852 0.0000000000
122440  -35.221  27.408  38.207 0.0000000000
122444  -16.260  27.137  36.635 0.0000000000
122445  -26.532  27.243  37.131 0.0000000000
122446  -27.512  27.682  37.859 0.0000000000
122447  -28.553  27.607  38.350 0.0000000000
122448  -29.547  27.517  38.659 0.0000000000
122449  -30.030  27.477  38.781 0.0000000000
122450  -35.742  27.449  37.364 0.0000000000
122451  -36.268  27.526  36.727 0.0000000000
122456  -16.447  27.062  35.770 0.0000000000
122457  -25.972  26.594  36.246 0.0000000000
122458  -26.062  27.041  36.414 0.0000000000
122459  -36.884  27.584  36.179 0.0000000000
122460  -37.734  27.588  35.657 0.0000000000
122461  -38.599  27.362  35.415 0.0000000000
122466  -16.652  27.234  35.011 0.0000000000
122467  -17.032  27.743  34.583 0.0000000000
122468  -25.893  26.651  35.874 0.0000000000
122469  -26.062  27.063  35.698 0.0000000000
122470  -26.354  27.313  35.232 0.0000000000
122471  -38.434  28.071  35.195 0.0000000000
122472  -39.357  27.679  35.101 0.0000000000
122473  -40.366  27.474  34.961 0.0000000000
122474  -41.062  27.359  34.602 0.0000000000
122475  -41.484  27.089  34.378 0.0000000000
122480  -16.890  27.169  34.363 0.0000000000
122481  -17.252  27.572  33.927 0.0000000000
122482  -25.827  26.661  35.390 0.0000000000
122483  -26.023  26.905  34.858 0.0000000000
122484  -26.670  27.310  34.497 0.0000000000
122485  -41.240  27.555  34.205 0.0000000000
122486  -41.419  27.318  34.062 0.0000000000
122490  -17.646  27.792  33.270 0.0000000000
122491  -18.105  28.117  32.727 0.0000000000
122492  -26.291  26.899  33.884 0.0000000000
122493  -27.100  27.245  33.491 0.0000000000
122494  -27.693  27.487  32.913 0.0000000000
122495  -41.241  27.448  33.780 0.0000000000
122498  -17.706  27.409  32.561 0.0000000000
122499  -18.218  27.937  31.976 0.0000000000
122500  -26.594  26.873  33.093 0.0000000000
122501  -27.231  27.085  32.417 0.0000000000
122502  -28.070  27.622  32.088 0.0000000000
122503  -40.008  27.613  32.560 0.0000000000
122504  -40.661  27.613  33.001 0.0000000000
122505  -41.016  27.463  33.467 0.0000000000
122507  -17.825  27.181  31.762 0.0000000000
122508  -18.274  27.650  31.143 0.0000000000
122509  -27.695  27.256  31.127 0.0000000000
122510  -28.556  27.850  31.100 0.0000000000
122514  -17.874  27.035  31.038 0.0000000000
122515  -18.276  27.301  30.318 0.0000000000
122516  -27.788  27.110  29.910 0.0000000000
122517  -28.443  27.670  30.183 0.0000000000
122521  -18.597  27.345  29.348 0.0000000000
122522  -19.069  27.781  28.907 0.0000000000
122523  -27.797  27.083  28.860 0.0000000000
122524  -28.408  27.607  29.188 0.0000000000
122529  -18.531  26.865  28.834 0.0000000000
122530  -19.019  27.285  28.371 0.0000000000
122531  -27.752  27.119  27.853 0.0000000000
122532  -28.330  27.644  28.218 0.0000000000
122536  -19.661  27.254  27.442 0.0000000000
122537  -20.159  27.612  27.174 0.0000000000
122538  -27.702  27.187  26.896 0.0000000000
122539  -28.270  27.694  27.266 0.0000000000
122544  -19.732  26.803  26.926 0.0000000000
122545  -20.352  27.258  26.596 0.0000000000
122546  -20.941  27.734  26.339 0.0000000000
122547  -27.602  27.336  26.110 0.0000000000
122548  -28.112  27.738  26.373 0.0000000000
122557  -20.627  26.875  26.019 0.0000000000
122558  -21.240  27.362  25.874 0.0000000000
122559  -22.541  27.541  25.339 0.0000000000
122560  -23.176  28.131  25.162 0.0000000000
122561  -26.861  27.307  25.091 0.0000000000
122562  -27.393  27.599  25.384 0.0000000000
122563  -27.858  27.726  25.841 0.0000000000
122572  -23.051  27.112  25.058 0.0000000000
122573  -23.579  27.677  24.873 0.0000000000
122574  -24.628  27.677  24.519 0.0000000000
122575  -25.630  27.648  24.485 0.0000000000
122576  -26.516  27.593  24.716 0.0000000000
122577  -27.012  27.652  24.909 0.0000000000
123335  -30.920  29.284  41.200 0.0000000000
123336  -31.390  28.756  41.038 0.0000000000
123337  -32.091  28.609  40.839 0.0000000000
123338  -32.535  28.464  40.674 0.0000000000
123344  -29.657  28.960  40.352 0.0000000000
123345  -30.404  28.932  40.928 0.0000000000
123346  -30.915  28.442  40.808 0.0000000000
123347  -32.993  28.290  40.522 0.0000000000
123348  -33.491  28.203  40.258 0.0000000000
123354  -28.831  28.777  38.914 0.0000000000
123355  -29.210  28.888  39.661 0.0000000000
123356  -33.998  28.312  39.701 0.0000000000
123363  -27.616  28.194  37.882 0.0000000000
123364  -28.220  28.525  38.224 0.0000000000
123365  -34.406  28.344  39.006 0.0000000000
123366  -34.774  28.432  38.296 0.0000000000
123373  -26.490  27.601  36.701 0.0000000000
123374  -27.108  28.076  37.251 0.0000000000
123375  -27.887  28.529  37.513 0.0000000000
123376  -35.388  28.621  37.233 0.0000000000
123377  -35.903  28.100  36.852 0.0000000000
123381  -16.558  27.800  36.123 0.0000000000
123383  -26.401  27.498  36.050 0.0000000000
123384  -27.074  27.990  36.286 0.0000000000
123385  -28.102  28.487  36.621 0.0000000000
123386  -28.881  28.751  36.309 0.0000000000
123387  -35.658  29.301  36.525 0.0000000000
123388  -36.291  28.721  36.060 0.0000000000
123389  -37.077  28.189  35.742 0.0000000000
123392  -16.641  27.573  35.545 0.0000000000
123393  -17.008  28.206  35.361 0.0000000000
123394  -26.376  27.415  35.612 0.0000000000
123395  -27.013  27.689  35.258 0.0000000000
123396  -28.030  28.154  35.556 0.0000000000
123397  -28.863  28.632  35.705 0.0000000000
123398  -36.847  29.359  35.448 0.0000000000
123399  -37.558  28.821  35.283 0.0000000000
123400  -38.952  28.799  34.658 0.0000000000
123401  -40.021  28.166  34.626 0.0000000000
123402  -40.603  27.817  34.571 0.0000000000
123404  -17.564  28.492  34.384 0.0000000000
123405  -18.125  29.097  34.139 0.0000000000
123406  -27.485  27.629  34.061 0.0000000000
123407  -28.152  28.057  34.414 0.0000000000
123408  -28.938  28.563  34.711 0.0000000000
123409  -39.374  29.188  34.261 0.0000000000
123410  -39.839  28.778  34.284 0.0000000000
123411  -40.687  28.174  34.166 0.0000000000
123412  -41.185  27.740  34.052 0.0000000000
123415  -17.621  28.142  33.736 0.0000000000
123416  -18.185  28.655  33.447 0.0000000000
123417  -27.663  27.571  33.412 0.0000000000
123418  -28.312  27.925  33.107 0.0000000000
123419  -29.094  28.514  33.574 0.0000000000
123420  -40.701  28.293  33.639 0.0000000000
123421  -41.071  27.836  33.921 0.0000000000
123423  -18.744  28.848  32.343 0.0000000000
123424  -19.343  29.365  32.047 0.0000000000
123425  -28.821  28.145  31.852 0.0000000000
123426  -29.303  28.542  32.410 0.0000000000
123427  -40.142  28.470  32.684 0.0000000000
123428  -40.721  28.105  33.228 0.0000000000
123429  -40.989  27.844  33.616 0.0000000000
123432  -18.703  28.407  31.301 0.0000000000
123433  -19.273  29.072  31.420 0.0000000000
123434  -29.097  28.313  31.030 0.0000000000
123435  -29.460  28.675  31.382 0.0000000000
123437  -39.543  28.237  32.163 0.0000000000
123440  -18.710  28.052  30.440 0.0000000000
123441  -19.259  28.694  30.549 0.0000000000
123442  -29.029  28.223  30.322 0.0000000000
123443  -29.492  28.752  30.510 0.0000000000
123449  -18.702  27.766  29.896 0.0000000000
123450  -19.294  28.286  29.520 0.0000000000
123451  -19.967  28.880  29.464 0.0000000000
123452  -28.934  28.187  29.453 0.0000000000
123453  -29.405  28.761  29.686 0.0000000000
123460  -19.557  28.015  28.515 0.0000000000
123461  -20.286  28.787  28.768 0.0000000000
123462  -20.901  29.177  28.579 0.0000000000
123463  -28.816  28.224  28.545 0.0000000000
123464  -29.292  28.786  28.843 0.0000000000
123471  -19.601  27.679  27.984 0.0000000000
123472  -20.199  28.086  27.682 0.0000000000
123473  -21.118  28.991  27.946 0.0000000000
123474  -21.750  29.288  27.817 0.0000000000
123475  -28.715  28.278  27.649 0.0000000000
123476  -29.163  28.847  27.956 0.0000000000
123483  -20.420  27.811  27.051 0.0000000000
123484  -21.008  28.208  26.875 0.0000000000
123485  -21.825  29.055  27.266 0.0000000000
123486  -28.667  28.423  26.695 0.0000000000
123487  -29.032  28.807  27.242 0.0000000000
123494  -21.295  27.972  26.264 0.0000000000
123495  -22.044  28.482  26.210 0.0000000000
123496  -22.976  28.608  25.564 0.0000000000
123497  -27.651  28.191  25.096 0.0000000000
123498  -28.180  28.334  25.605 0.0000000000
123502  -23.561  28.694  25.035 0.0000000000
123503  -24.267  28.617  24.537 0.0000000000
123504  -25.237  28.671  24.126 0.0000000000
123505  -26.273  28.482  24.194 0.0000000000
123506  -27.157  28.239  24.639 0.0000000000
123507  -27.804  28.653  24.862 0.0000000000
123511  -25.476  29.194  23.875 0.0000000000
123512  -25.839  29.075  23.855 0.0000000000
124278  -30.715  29.874  40.966 0.0000000000
124279  -31.306  29.677  41.130 0.0000000000
124280  -32.028  29.372  40.946 0.0000000000
124281  -32.356  28.873  40.795 0.0000000000
124288  -29.598  29.412  39.942 0.0000000000
124289  -30.133  29.575  40.484 0.0000000000
124290  -32.307  29.554  40.772 0.0000000000
124291  -32.680  29.243  40.582 0.0000000000
124292  -33.164  28.709  40.417 0.0000000000
124298  -29.008  29.149  38.784 0.0000000000
124299  -29.299  29.287  39.231 0.0000000000
124300  -32.969  29.797  40.191 0.0000000000
124301  -33.410  29.289  39.947 0.0000000000
124305  -28.789  29.029  38.344 0.0000000000
124306  -29.447  29.457  38.584 0.0000000000
124307  -29.922  29.805  38.469 0.0000000000
124308  -34.079  29.437  38.896 0.0000000000
124309  -34.450  28.948  38.531 0.0000000000
124312  -28.525  28.858  37.675 0.0000000000
124313  -29.191  29.301  37.803 0.0000000000
124314  -29.817  29.738  38.023 0.0000000000
124315  -34.316  30.120  38.321 0.0000000000
124316  -34.675  29.631  37.893 0.0000000000
124320  -28.345  28.730  37.190 0.0000000000
124321  -29.074  29.024  36.898 0.0000000000
124322  -29.860  29.652  37.277 0.0000000000
124323  -35.279  29.871  36.839 0.0000000000
124324  -35.804  29.882  36.087 0.0000000000
124329  -29.549  29.057  35.910 0.0000000000
124330  -30.282  29.727  36.256 0.0000000000
124332  -36.445  29.871  35.535 0.0000000000
124338  -17.519  28.859  35.118 0.0000000000
124339  -18.083  29.555  34.963 0.0000000000
124340  -29.688  29.027  34.959 0.0000000000
124341  -30.399  29.592  35.227 0.0000000000
124345  -40.107  28.811  34.046 0.0000000000
124351  -18.721  29.699  33.815 0.0000000000
124352  -19.295  30.160  33.558 0.0000000000
124353  -29.804  29.030  33.910 0.0000000000
124354  -30.447  29.575  34.222 0.0000000000
124357  -40.184  28.867  33.738 0.0000000000
124363  -18.767  29.282  33.082 0.0000000000
124364  -19.517  29.904  32.771 0.0000000000
124365  -20.272  30.395  32.624 0.0000000000
124366  -29.934  29.049  32.805 0.0000000000
124367  -30.547  29.648  33.153 0.0000000000
124370  -40.268  28.890  33.215 0.0000000000
124377  -19.896  29.637  31.661 0.0000000000
124378  -20.456  30.228  32.067 0.0000000000
124379  -29.945  29.170  31.737 0.0000000000
124380  -30.490  29.788  32.064 0.0000000000
124389  -19.941  29.290  30.702 0.0000000000
124390  -20.872  30.029  30.950 0.0000000000
124392  -29.933  29.244  30.798 0.0000000000
124393  -30.410  29.816  31.034 0.0000000000
124402  -19.781  28.942  29.966 0.0000000000
124403  -20.586  29.399  29.670 0.0000000000
124404  -21.753  30.161  29.961 0.0000000000
124406  -29.877  29.408  29.897 0.0000000000
124407  -30.242  29.775  30.313 0.0000000000
124414  -20.793  29.258  28.927 0.0000000000
124415  -21.462  29.531  28.776 0.0000000000
124416  -22.443  30.172  29.076 0.0000000000
124417  -22.917  30.200  28.436 0.0000000000
124418  -29.659  29.311  29.158 0.0000000000
124425  -21.678  29.377  28.122 0.0000000000
124426  -22.306  29.623  28.019 0.0000000000
124427  -23.153  29.992  27.680 0.0000000000
124428  -29.588  29.498  28.342 0.0000000000
124435  -22.686  29.367  27.011 0.0000000000
124436  -23.272  29.853  26.695 0.0000000000
124437  -29.060  29.001  26.782 0.0000000000
124438  -29.364  29.576  27.184 0.0000000000
124447  -22.955  29.171  26.218 0.0000000000
124448  -23.398  29.536  25.643 0.0000000000
124449  -28.969  29.290  26.084 0.0000000000
124458  -23.923  29.501  24.761 0.0000000000
124459  -24.638  29.503  24.158 0.0000000000
124460  -25.196  29.360  23.881 0.0000000000
124461  -26.896  28.816  24.141 0.0000000000
124462  -27.505  29.177  24.247 0.0000000000
124463  -28.370  29.445  24.921 0.0000000000
124472  -25.028  29.812  23.724 0.0000000000
124473  -25.612  29.667  23.618 0.0000000000
124474  -26.596  29.484  23.721 0.0000000000
125245  -30.831  30.718  40.923 0.0000000000
125246  -31.144  30.535  41.108 0.0000000000
125247  -31.668  30.387  41.033 0.0000000000
125251  -30.035  29.924  40.072 0.0000000000
125252  -30.496  30.485  40.482 0.0000000000
125253  -32.240  30.192  40.760 0.0000000000
125254  -32.707  30.373  40.329 0.0000000000
125259  -29.827  29.750  39.525 0.0000000000
125260  -30.310  30.479  39.780 0.0000000000
125261  -33.153  30.447  39.839 0.0000000000
125262  -33.610  30.411  39.203 0.0000000000
125268  -29.648  29.604  39.084 0.0000000000
125269  -30.138  30.090  38.977 0.0000000000
125270  -30.610  30.762  38.678 0.0000000000
125271  -34.049  30.610  38.543 0.0000000000
125277  -30.283  30.185  38.323 0.0000000000
125278  -30.812  30.805  38.081 0.0000000000
125279  -34.466  30.777  37.950 0.0000000000
125280  -34.914  30.795  37.204 0.0000000000
125288  -30.400  30.162  37.677 0.0000000000
125290  -35.497  30.848  36.332 0.0000000000
125291  -36.042  30.504  35.700 0.0000000000
125299  -30.549  30.126  36.977 0.0000000000
125309  -18.941  30.362  34.739 0.0000000000
125310  -19.683  30.788  34.563 0.0000000000
125320  -19.264  30.343  34.053 0.0000000000
125321  -19.834  30.594  33.682 0.0000000000
125331  -20.222  30.575  33.039 0.0000000000
126162  -31.039  31.280  41.061 0.0000000000
126163  -31.415  31.364  41.087 0.0000000000
126164  -31.935  31.322  40.959 0.0000000000
126171  -30.810  31.474  40.760 0.0000000000
126172  -32.448  31.331  40.582 0.0000000000
126173  -32.955  31.422  40.051 0.0000000000
126181  -30.621  31.482  40.174 0.0000000000
126182  -33.460  31.526  39.322 0.0000000000
126183  -33.790  31.239  38.775 0.0000000000
126190  -30.693  31.330  39.338 0.0000000000
126191  -30.998  31.595  38.573 0.0000000000
