#!ascii label  , from subject colin27_FS vox2ras=TkReg
2209
2335  -19.316  -79.985  -35.047 0.0000000000
2336  -19.760  -79.985  -35.203 0.0000000000
2348  -19.805  -80.420  -35.197 0.0000000000
2824  -18.960  -79.405  -34.640 0.0000000000
2825  -19.955  -79.455  -34.991 0.0000000000
2826  -20.548  -79.134  -35.311 0.0000000000
2838  -20.066  -79.941  -35.282 0.0000000000
2839  -20.762  -79.630  -35.554 0.0000000000
2851  -21.186  -79.254  -35.880 0.0000000000
3363  -18.673  -77.934  -34.162 0.0000000000
3364  -19.103  -77.523  -34.114 0.0000000000
3377  -18.374  -78.656  -34.427 0.0000000000
3378  -19.494  -78.341  -34.410 0.0000000000
3379  -20.411  -78.559  -35.040 0.0000000000
3389  -20.870  -78.662  -35.652 0.0000000000
3396  -21.337  -78.719  -36.119 0.0000000000
3869  -11.166  -76.919  -32.323 0.0000000000
3870  -11.390  -77.048  -32.187 0.0000000000
3871  -12.049  -77.248  -31.993 0.0000000000
3872  -12.869  -77.202  -31.868 0.0000000000
3881  -11.134  -77.013  -32.700 0.0000000000
3884  -13.702  -77.017  -32.476 0.0000000000
3885  -14.305  -76.696  -32.862 0.0000000000
3895  -17.529  -77.083  -34.150 0.0000000000
3896  -18.444  -77.139  -34.021 0.0000000000
3897  -19.119  -76.889  -34.045 0.0000000000
3909  -17.909  -77.862  -34.364 0.0000000000
3910  -19.648  -77.191  -34.366 0.0000000000
3911  -20.309  -77.556  -34.883 0.0000000000
3923  -20.762  -77.884  -35.495 0.0000000000
3930  -21.164  -77.747  -36.147 0.0000000000
3931  -21.630  -77.691  -36.756 0.0000000000
4378  -13.152  -75.839  -29.849 0.0000000000
4379  -13.502  -75.708  -29.858 0.0000000000
4390  -12.117  -76.275  -30.691 0.0000000000
4391  -12.773  -76.222  -30.378 0.0000000000
4392  -13.599  -75.970  -30.312 0.0000000000
4393  -13.979  -76.113  -30.769 0.0000000000
4402  -11.257  -76.538  -32.187 0.0000000000
4403  -11.601  -76.418  -31.399 0.0000000000
4404  -12.466  -76.705  -31.224 0.0000000000
4405  -13.476  -76.583  -31.212 0.0000000000
4406  -14.271  -76.165  -31.329 0.0000000000
4415  -11.222  -76.122  -32.782 0.0000000000
4416  -13.995  -76.564  -31.795 0.0000000000
4417  -14.495  -76.328  -32.273 0.0000000000
4418  -14.950  -76.064  -32.739 0.0000000000
4425  -14.670  -76.458  -33.007 0.0000000000
4426  -15.292  -76.288  -33.370 0.0000000000
4427  -16.102  -76.170  -33.719 0.0000000000
4428  -16.963  -76.354  -33.856 0.0000000000
4429  -17.969  -76.287  -33.865 0.0000000000
4430  -18.774  -76.290  -33.988 0.0000000000
4440  -19.431  -76.246  -34.360 0.0000000000
4441  -20.101  -76.548  -34.915 0.0000000000
4451  -20.676  -76.816  -35.774 0.0000000000
4461  -21.310  -76.629  -36.894 0.0000000000
4462  -21.745  -77.115  -37.234 0.0000000000
4470  -21.455  -76.068  -37.448 0.0000000000
5011  -12.555  -75.041  -29.042 0.0000000000
5012  -12.931  -75.119  -28.975 0.0000000000
5021  -11.702  -75.291  -29.858 0.0000000000
5022  -12.404  -75.506  -29.600 0.0000000000
5023  -13.430  -75.383  -29.415 0.0000000000
5024  -14.007  -75.247  -29.651 0.0000000000
5033  -11.013  -75.177  -30.843 0.0000000000
5034  -11.658  -75.724  -30.439 0.0000000000
5035  -12.217  -75.988  -30.232 0.0000000000
5036  -13.812  -75.587  -29.907 0.0000000000
5037  -14.413  -75.440  -30.442 0.0000000000
5044  -11.180  -75.475  -31.823 0.0000000000
5045  -11.293  -75.746  -31.095 0.0000000000
5046  -14.895  -75.465  -31.758 0.0000000000
5047  -15.295  -75.051  -32.132 0.0000000000
5053  -11.500  -75.109  -32.806 0.0000000000
5054  -11.815  -74.711  -33.277 0.0000000000
5055  -14.908  -75.815  -32.366 0.0000000000
5056  -15.384  -75.406  -32.601 0.0000000000
5062  -11.426  -75.665  -33.152 0.0000000000
5064  -16.035  -75.354  -33.233 0.0000000000
5065  -16.719  -75.350  -33.566 0.0000000000
5066  -17.565  -75.420  -33.765 0.0000000000
5067  -18.524  -75.374  -34.096 0.0000000000
5068  -19.015  -75.787  -34.203 0.0000000000
5076  -18.757  -75.058  -34.510 0.0000000000
5077  -19.147  -75.320  -34.680 0.0000000000
5078  -19.755  -75.815  -34.952 0.0000000000
5084  -19.553  -75.299  -35.481 0.0000000000
5085  -20.063  -75.891  -35.643 0.0000000000
5093  -19.771  -75.237  -36.156 0.0000000000
5094  -20.392  -75.656  -36.561 0.0000000000
5101  -20.976  -75.543  -37.207 0.0000000000
5102  -21.654  -75.471  -37.632 0.0000000000
5663  -12.227  -73.970  -28.042 0.0000000000
5664  -13.003  -74.054  -28.014 0.0000000000
5665  -13.447  -73.920  -28.176 0.0000000000
5676  -11.059  -74.173  -28.862 0.0000000000
5677  -11.839  -74.446  -28.621 0.0000000000
5678  -12.624  -74.664  -28.548 0.0000000000
5679  -13.596  -74.531  -28.716 0.0000000000
5680  -14.105  -74.278  -28.970 0.0000000000
5686  -10.037  -74.022  -30.024 0.0000000000
5687  -10.761  -74.428  -29.639 0.0000000000
5688  -11.599  -74.823  -29.385 0.0000000000
5689  -12.221  -74.881  -29.050 0.0000000000
5690  -13.856  -74.970  -29.278 0.0000000000
5691  -14.305  -74.606  -29.462 0.0000000000
5697  -10.101  -74.122  -30.708 0.0000000000
5698  -10.573  -74.547  -30.425 0.0000000000
5699  -11.217  -74.999  -30.092 0.0000000000
5700  -14.840  -74.443  -30.226 0.0000000000
5706  -9.961  -73.928  -31.091 0.0000000000
5707  -10.564  -74.299  -31.340 0.0000000000
5708  -15.089  -74.619  -31.092 0.0000000000
5709  -15.312  -74.720  -31.803 0.0000000000
5717  -11.105  -74.273  -32.346 0.0000000000
5718  -11.663  -74.124  -33.086 0.0000000000
5719  -15.561  -74.493  -32.309 0.0000000000
5726  -15.978  -74.345  -32.983 0.0000000000
5727  -16.514  -74.229  -33.675 0.0000000000
5728  -17.225  -74.515  -33.921 0.0000000000
5729  -17.941  -74.684  -34.165 0.0000000000
5730  -23.361  -74.244  -33.953 0.0000000000
5731  -23.768  -74.283  -33.957 0.0000000000
5741  -16.943  -73.828  -34.398 0.0000000000
5742  -17.569  -74.047  -34.849 0.0000000000
5743  -18.506  -74.619  -34.914 0.0000000000
5744  -19.085  -74.822  -35.449 0.0000000000
5745  -23.257  -74.213  -34.544 0.0000000000
5755  -18.019  -73.895  -35.699 0.0000000000
5756  -18.760  -74.208  -36.177 0.0000000000
5757  -19.321  -74.836  -36.064 0.0000000000
5770  -18.930  -73.985  -36.826 0.0000000000
5771  -19.615  -74.447  -36.850 0.0000000000
5772  -20.413  -75.011  -37.039 0.0000000000
5782  -19.904  -73.871  -37.363 0.0000000000
5783  -20.713  -74.406  -37.417 0.0000000000
5784  -21.844  -74.509  -37.651 0.0000000000
6343  -12.217  -72.827  -26.972 0.0000000000
6344  -12.878  -72.873  -27.141 0.0000000000
6345  -13.193  -72.791  -27.372 0.0000000000
6361  -11.044  -73.117  -27.644 0.0000000000
6362  -11.830  -73.348  -27.506 0.0000000000
6363  -12.597  -73.420  -27.529 0.0000000000
6364  -13.345  -73.305  -27.740 0.0000000000
6371  -9.867  -73.060  -28.682 0.0000000000
6372  -10.626  -73.497  -28.370 0.0000000000
6373  -11.429  -73.790  -28.150 0.0000000000
6374  -13.789  -73.697  -28.369 0.0000000000
6375  -14.063  -74.012  -28.712 0.0000000000
6379  -8.775  -72.788  -30.073 0.0000000000
6380  -9.386  -73.205  -29.671 0.0000000000
6381  -10.262  -73.767  -29.187 0.0000000000
6382  -14.351  -73.888  -29.098 0.0000000000
6387  -8.975  -73.038  -30.481 0.0000000000
6388  -9.536  -73.631  -30.689 0.0000000000
6389  -14.685  -73.706  -29.761 0.0000000000
6394  -9.084  -72.962  -31.278 0.0000000000
6395  -9.887  -73.427  -31.564 0.0000000000
6396  -10.509  -73.603  -32.171 0.0000000000
6397  -14.961  -73.591  -30.728 0.0000000000
6398  -15.366  -73.740  -31.762 0.0000000000
6399  -21.107  -73.108  -32.015 0.0000000000
6400  -21.430  -73.127  -31.955 0.0000000000
6401  -22.140  -73.099  -31.873 0.0000000000
6402  -22.805  -72.948  -31.952 0.0000000000
6409  -9.456  -72.718  -32.015 0.0000000000
6410  -10.141  -72.790  -32.457 0.0000000000
6411  -11.022  -73.088  -33.117 0.0000000000
6412  -11.767  -73.434  -33.678 0.0000000000
6413  -15.663  -73.481  -32.752 0.0000000000
6414  -21.106  -73.175  -32.456 0.0000000000
6415  -21.725  -73.383  -32.629 0.0000000000
6416  -22.575  -73.454  -32.596 0.0000000000
6417  -23.472  -73.192  -32.536 0.0000000000
6418  -24.222  -72.981  -32.923 0.0000000000
6426  -15.944  -73.126  -33.932 0.0000000000
6427  -16.537  -73.419  -34.411 0.0000000000
6428  -21.142  -73.174  -33.632 0.0000000000
6429  -22.080  -73.648  -33.535 0.0000000000
6430  -23.121  -73.985  -33.496 0.0000000000
6431  -24.055  -73.689  -33.349 0.0000000000
6442  -16.330  -72.913  -34.869 0.0000000000
6443  -16.946  -73.192  -35.340 0.0000000000
6444  -17.526  -73.592  -35.553 0.0000000000
6445  -21.145  -72.967  -34.462 0.0000000000
6446  -21.698  -73.284  -34.728 0.0000000000
6447  -22.506  -73.863  -34.325 0.0000000000
6455  -17.142  -72.817  -36.054 0.0000000000
6456  -17.649  -73.223  -36.290 0.0000000000
6457  -18.195  -73.704  -36.337 0.0000000000
6458  -21.958  -73.002  -36.009 0.0000000000
6459  -22.563  -73.734  -35.390 0.0000000000
6467  -17.934  -73.030  -36.927 0.0000000000
6468  -18.440  -73.478  -37.004 0.0000000000
6469  -19.005  -73.832  -37.022 0.0000000000
6470  -21.885  -72.919  -37.021 0.0000000000
6471  -22.572  -73.621  -36.581 0.0000000000
6477  -18.729  -73.179  -37.335 0.0000000000
6478  -19.215  -73.412  -37.351 0.0000000000
6479  -20.164  -73.254  -37.585 0.0000000000
6480  -21.244  -73.262  -37.539 0.0000000000
6481  -22.260  -73.879  -37.347 0.0000000000
7030  -12.161  -71.877  -26.157 0.0000000000
7031  -12.336  -71.637  -26.214 0.0000000000
7044  -11.193  -72.204  -26.559 0.0000000000
7045  -11.839  -72.194  -26.358 0.0000000000
7046  -12.562  -72.196  -26.638 0.0000000000
7047  -13.072  -72.409  -27.113 0.0000000000
7056  -10.077  -72.132  -27.565 0.0000000000
7057  -10.703  -72.373  -27.151 0.0000000000
7058  -11.477  -72.696  -27.005 0.0000000000
7059  -13.341  -72.526  -27.671 0.0000000000
7065  -8.893  -72.150  -28.646 0.0000000000
7066  -9.552  -72.291  -28.181 0.0000000000
7067  -10.307  -72.754  -27.923 0.0000000000
7068  -13.835  -72.767  -28.486 0.0000000000
7069  -14.102  -73.503  -28.760 0.0000000000
7076  -8.612  -72.370  -29.477 0.0000000000
7077  -9.236  -72.650  -28.911 0.0000000000
7078  -14.034  -72.366  -29.453 0.0000000000
7079  -14.324  -73.124  -29.247 0.0000000000
7080  -18.860  -71.661  -29.884 0.0000000000
7081  -19.403  -71.915  -29.649 0.0000000000
7082  -20.295  -72.186  -29.594 0.0000000000
7083  -20.862  -72.407  -29.953 0.0000000000
7089  -8.407  -72.237  -30.742 0.0000000000
7090  -14.116  -72.198  -29.870 0.0000000000
7091  -14.465  -72.589  -30.150 0.0000000000
7092  -19.014  -71.869  -30.565 0.0000000000
7093  -19.691  -72.281  -30.533 0.0000000000
7094  -20.483  -72.498  -30.603 0.0000000000
7095  -21.302  -72.520  -30.478 0.0000000000
7096  -21.956  -72.361  -30.666 0.0000000000
7102  -8.852  -72.114  -31.944 0.0000000000
7103  -14.905  -72.479  -31.461 0.0000000000
7104  -15.327  -72.793  -32.363 0.0000000000
7105  -19.249  -72.032  -31.503 0.0000000000
7106  -19.930  -72.451  -31.508 0.0000000000
7107  -20.817  -72.888  -31.716 0.0000000000
7108  -21.702  -72.811  -31.268 0.0000000000
7109  -22.469  -72.451  -31.254 0.0000000000
7110  -23.193  -72.331  -31.844 0.0000000000
7119  -9.568  -72.004  -32.662 0.0000000000
7120  -10.336  -71.975  -33.371 0.0000000000
7121  -10.941  -72.143  -33.778 0.0000000000
7122  -14.825  -71.944  -32.651 0.0000000000
7123  -15.315  -72.507  -33.281 0.0000000000
7124  -19.490  -72.158  -32.230 0.0000000000
7125  -19.975  -72.495  -32.616 0.0000000000
7126  -20.592  -72.920  -32.938 0.0000000000
7127  -23.868  -72.263  -32.507 0.0000000000
7128  -24.440  -72.252  -33.184 0.0000000000
7136  -10.653  -71.679  -33.926 0.0000000000
7138  -14.804  -71.677  -33.698 0.0000000000
7139  -15.266  -72.040  -34.254 0.0000000000
7140  -20.257  -72.453  -33.598 0.0000000000
7141  -20.649  -72.762  -33.687 0.0000000000
7152  -15.844  -72.187  -35.222 0.0000000000
7153  -16.397  -72.665  -35.424 0.0000000000
7154  -20.107  -72.064  -34.189 0.0000000000
7155  -20.669  -72.439  -34.625 0.0000000000
7156  -21.192  -72.842  -34.834 0.0000000000
7165  -16.013  -71.756  -35.954 0.0000000000
7166  -16.640  -72.257  -36.185 0.0000000000
7167  -17.236  -72.675  -36.397 0.0000000000
7168  -20.830  -72.077  -35.884 0.0000000000
7169  -21.302  -72.641  -35.468 0.0000000000
7175  -17.033  -71.803  -36.782 0.0000000000
7176  -17.592  -72.363  -37.016 0.0000000000
7177  -18.110  -72.903  -37.164 0.0000000000
7178  -20.836  -71.800  -36.811 0.0000000000
7179  -21.405  -72.354  -36.484 0.0000000000
7187  -18.161  -71.983  -37.470 0.0000000000
7188  -18.623  -72.591  -37.484 0.0000000000
7189  -19.581  -72.595  -37.626 0.0000000000
7190  -20.385  -72.169  -37.439 0.0000000000
7191  -21.253  -72.338  -37.224 0.0000000000
7674  -11.139  -71.002  -24.967 0.0000000000
7675  -11.594  -70.914  -24.966 0.0000000000
7683  -10.215  -71.132  -25.956 0.0000000000
7684  -10.928  -71.419  -25.624 0.0000000000
7685  -11.808  -71.366  -25.612 0.0000000000
7686  -12.318  -71.129  -26.068 0.0000000000
7694  -9.996  -71.442  -26.653 0.0000000000
7695  -10.653  -71.753  -26.425 0.0000000000
7696  -11.296  -71.809  -26.078 0.0000000000
7697  -12.702  -71.472  -26.795 0.0000000000
7698  -12.964  -72.017  -26.881 0.0000000000
7704  -8.070  -70.941  -27.915 0.0000000000
7705  -8.633  -71.293  -27.726 0.0000000000
7706  -9.478  -71.574  -27.372 0.0000000000
7707  -10.206  -71.826  -27.055 0.0000000000
7708  -12.838  -71.424  -27.751 0.0000000000
7709  -13.125  -71.949  -27.343 0.0000000000
7717  -7.672  -70.751  -28.355 0.0000000000
7718  -8.188  -71.534  -28.621 0.0000000000
7719  -8.949  -71.775  -28.109 0.0000000000
7720  -12.898  -71.451  -28.293 0.0000000000
7721  -13.291  -71.908  -28.155 0.0000000000
7730  -7.448  -70.767  -29.188 0.0000000000
7731  -7.876  -71.520  -29.864 0.0000000000
7732  -13.499  -71.900  -29.037 0.0000000000
7733  -17.879  -70.813  -29.011 0.0000000000
7734  -18.485  -71.318  -29.425 0.0000000000
7735  -18.977  -71.646  -29.392 0.0000000000
7737  -21.288  -71.846  -29.468 0.0000000000
7738  -21.964  -71.601  -29.875 0.0000000000
7745  -7.466  -70.427  -30.355 0.0000000000
7746  -7.895  -71.200  -30.824 0.0000000000
7747  -13.800  -71.672  -30.018 0.0000000000
7748  -14.277  -71.791  -30.887 0.0000000000
7749  -17.830  -70.705  -30.175 0.0000000000
7750  -18.469  -71.352  -30.470 0.0000000000
7751  -21.826  -72.081  -30.117 0.0000000000
7752  -22.296  -71.746  -30.463 0.0000000000
7760  -7.930  -70.444  -31.201 0.0000000000
7761  -8.337  -71.058  -31.777 0.0000000000
7762  -13.760  -71.101  -30.981 0.0000000000
7763  -14.191  -71.308  -31.912 0.0000000000
7764  -18.030  -70.884  -31.368 0.0000000000
7765  -18.636  -71.502  -31.481 0.0000000000
7766  -22.807  -71.548  -31.227 0.0000000000
7767  -23.269  -71.348  -32.177 0.0000000000
7776  -9.048  -71.169  -32.666 0.0000000000
7777  -9.663  -71.203  -33.376 0.0000000000
7778  -14.299  -70.946  -33.205 0.0000000000
7779  -18.285  -71.030  -32.258 0.0000000000
7780  -18.919  -71.588  -32.806 0.0000000000
7781  -19.470  -72.091  -32.805 0.0000000000
7782  -23.874  -71.298  -33.253 0.0000000000
7783  -24.413  -71.698  -33.594 0.0000000000
7792  -14.527  -70.890  -34.373 0.0000000000
7793  -14.833  -71.499  -34.357 0.0000000000
7794  -19.212  -71.325  -34.227 0.0000000000
7795  -19.642  -71.965  -33.605 0.0000000000
7796  -23.882  -70.800  -33.902 0.0000000000
7805  -14.618  -70.682  -34.968 0.0000000000
7806  -14.976  -71.205  -35.042 0.0000000000
7807  -19.413  -71.150  -34.756 0.0000000000
7808  -19.868  -71.433  -34.971 0.0000000000
7809  -20.443  -71.830  -35.421 0.0000000000
7815  -15.619  -71.193  -35.816 0.0000000000
7816  -16.210  -71.275  -36.341 0.0000000000
7817  -19.791  -70.977  -36.172 0.0000000000
7818  -20.353  -71.507  -36.104 0.0000000000
7829  -16.709  -71.417  -36.709 0.0000000000
7830  -17.324  -71.177  -37.082 0.0000000000
7831  -18.202  -70.766  -37.181 0.0000000000
7832  -19.214  -70.732  -36.986 0.0000000000
7833  -20.127  -71.346  -37.053 0.0000000000
7841  -17.942  -71.522  -37.396 0.0000000000
7842  -18.621  -71.486  -37.495 0.0000000000
7843  -19.549  -71.718  -37.502 0.0000000000
7844  -20.046  -71.686  -37.401 0.0000000000
8311  -10.022  -69.812  -24.725 0.0000000000
8312  -10.568  -70.241  -24.667 0.0000000000
8313  -11.407  -70.341  -24.617 0.0000000000
8314  -11.896  -70.172  -24.779 0.0000000000
8321  -9.104  -70.180  -26.138 0.0000000000
8322  -9.774  -70.290  -25.415 0.0000000000
8323  -10.509  -70.881  -25.260 0.0000000000
8324  -11.854  -70.701  -25.005 0.0000000000
8325  -12.144  -70.416  -25.501 0.0000000000
8332  -8.195  -70.096  -26.984 0.0000000000
8333  -8.737  -70.452  -26.736 0.0000000000
8334  -9.455  -70.875  -26.486 0.0000000000
8335  -12.362  -70.629  -26.479 0.0000000000
8344  -7.706  -70.200  -27.645 0.0000000000
8345  -8.334  -70.711  -27.325 0.0000000000
8346  -8.946  -70.959  -27.158 0.0000000000
8347  -12.414  -70.787  -27.450 0.0000000000
8356  -7.242  -70.031  -28.521 0.0000000000
8357  -12.484  -70.905  -28.594 0.0000000000
8358  -12.997  -71.506  -28.712 0.0000000000
8359  -16.860  -69.950  -28.633 0.0000000000
8369  -7.198  -69.727  -29.507 0.0000000000
8370  -12.524  -70.328  -29.702 0.0000000000
8371  -13.018  -71.157  -29.431 0.0000000000
8372  -16.750  -69.651  -29.563 0.0000000000
8373  -17.333  -70.260  -29.351 0.0000000000
8374  -21.907  -70.944  -29.598 0.0000000000
8375  -22.206  -71.263  -30.046 0.0000000000
8386  -7.449  -69.248  -30.413 0.0000000000
8387  -12.620  -70.048  -30.148 0.0000000000
8388  -13.071  -70.434  -30.420 0.0000000000
8389  -16.595  -69.349  -30.490 0.0000000000
8390  -17.172  -69.949  -30.356 0.0000000000
8392  -22.323  -70.744  -30.487 0.0000000000
8399  -7.830  -69.602  -31.121 0.0000000000
8400  -8.254  -69.861  -31.846 0.0000000000
8401  -13.441  -70.331  -31.692 0.0000000000
8402  -13.844  -70.529  -32.530 0.0000000000
8403  -16.920  -69.541  -31.326 0.0000000000
8404  -17.448  -70.206  -31.309 0.0000000000
8405  -22.647  -70.608  -31.651 0.0000000000
8406  -22.932  -70.702  -32.282 0.0000000000
8410  -5.665  -70.061  -32.717 0.0000000000
8411  -6.246  -69.738  -33.194 0.0000000000
8412  -8.715  -70.135  -32.714 0.0000000000
8413  -9.154  -70.593  -33.303 0.0000000000
8414  -13.447  -69.809  -32.709 0.0000000000
8415  -13.847  -70.165  -33.204 0.0000000000
8416  -17.145  -69.724  -32.106 0.0000000000
8417  -17.666  -70.262  -32.578 0.0000000000
8418  -18.254  -70.789  -33.111 0.0000000000
8419  -22.579  -70.218  -32.479 0.0000000000
8420  -23.084  -70.660  -32.875 0.0000000000
8423  -6.901  -69.886  -33.610 0.0000000000
8424  -7.757  -70.020  -33.767 0.0000000000
8425  -8.651  -70.171  -33.680 0.0000000000
8426  -9.388  -70.724  -33.871 0.0000000000
8427  -13.573  -69.537  -33.525 0.0000000000
8428  -14.035  -69.975  -34.085 0.0000000000
8429  -17.948  -70.133  -33.888 0.0000000000
8430  -18.589  -70.810  -34.036 0.0000000000
8431  -22.703  -70.005  -33.119 0.0000000000
8432  -23.370  -70.273  -33.710 0.0000000000
8440  -14.472  -69.973  -35.057 0.0000000000
8441  -14.751  -70.525  -35.218 0.0000000000
8442  -18.382  -70.052  -34.973 0.0000000000
8443  -19.166  -70.735  -35.057 0.0000000000
8444  -19.546  -70.882  -35.585 0.0000000000
8458  -14.819  -69.669  -35.378 0.0000000000
8459  -15.128  -70.189  -35.652 0.0000000000
8460  -15.977  -70.407  -36.228 0.0000000000
8461  -18.094  -69.609  -35.951 0.0000000000
8462  -18.770  -70.163  -35.883 0.0000000000
8463  -19.281  -70.560  -36.053 0.0000000000
8474  -16.661  -70.537  -36.679 0.0000000000
8475  -17.544  -70.052  -36.732 0.0000000000
8476  -18.483  -70.206  -36.594 0.0000000000
8477  -18.954  -70.353  -36.430 0.0000000000
8980  -10.195  -68.927  -23.662 0.0000000000
8981  -10.514  -69.028  -23.592 0.0000000000
8982  -11.101  -69.072  -23.579 0.0000000000
8995  -10.185  -69.287  -24.114 0.0000000000
8996  -10.934  -69.650  -24.037 0.0000000000
8997  -11.622  -69.407  -24.266 0.0000000000
8998  -12.048  -69.762  -24.897 0.0000000000
9010  -9.100  -69.449  -25.687 0.0000000000
9011  -9.613  -69.254  -24.854 0.0000000000
9012  -11.994  -69.177  -24.831 0.0000000000
9013  -12.038  -69.477  -25.462 0.0000000000
9025  -7.878  -69.199  -26.933 0.0000000000
9026  -8.530  -69.734  -26.389 0.0000000000
9027  -11.622  -69.454  -26.753 0.0000000000
9028  -12.093  -69.874  -26.186 0.0000000000
9039  -7.181  -68.288  -28.351 0.0000000000
9040  -7.270  -69.212  -27.872 0.0000000000
9041  -11.489  -69.551  -27.654 0.0000000000
9042  -12.010  -70.084  -27.089 0.0000000000
9056  -3.795  -68.791  -28.658 0.0000000000
9058  -7.191  -68.296  -29.044 0.0000000000
9059  -7.105  -69.058  -28.817 0.0000000000
9060  -11.425  -69.470  -28.606 0.0000000000
9061  -11.854  -70.197  -28.101 0.0000000000
9062  -15.936  -68.904  -29.010 0.0000000000
9063  -16.329  -69.357  -28.847 0.0000000000
9075  -4.662  -69.385  -30.406 0.0000000000
9076  -7.311  -67.983  -29.385 0.0000000000
9077  -7.319  -68.532  -29.727 0.0000000000
9078  -11.489  -69.336  -29.192 0.0000000000
9079  -11.859  -69.900  -29.210 0.0000000000
9080  -15.728  -68.784  -29.378 0.0000000000
9081  -16.144  -68.979  -29.765 0.0000000000
9089  -5.000  -69.589  -31.145 0.0000000000
9090  -7.615  -68.452  -30.506 0.0000000000
9091  -11.625  -69.159  -29.680 0.0000000000
9092  -12.216  -69.491  -30.402 0.0000000000
9093  -12.879  -69.661  -31.203 0.0000000000
9094  -16.158  -68.932  -30.641 0.0000000000
9096  -22.129  -69.997  -31.173 0.0000000000
9098  -5.505  -69.303  -32.014 0.0000000000
9099  -7.849  -68.692  -31.068 0.0000000000
9100  -8.079  -68.959  -31.753 0.0000000000
9101  -12.423  -68.896  -31.586 0.0000000000
9102  -12.971  -69.351  -32.131 0.0000000000
9103  -16.360  -69.004  -31.364 0.0000000000
9105  -22.054  -69.808  -32.010 0.0000000000
9111  -5.974  -69.099  -32.752 0.0000000000
9112  -6.809  -69.085  -33.095 0.0000000000
9113  -7.630  -68.950  -32.970 0.0000000000
9114  -8.207  -69.175  -32.554 0.0000000000
9115  -12.550  -68.539  -32.463 0.0000000000
9116  -13.086  -68.829  -33.178 0.0000000000
9117  -16.636  -69.051  -32.412 0.0000000000
9118  -17.157  -69.435  -32.918 0.0000000000
9129  -7.441  -69.402  -33.435 0.0000000000
9130  -8.072  -69.471  -33.318 0.0000000000
9131  -8.464  -69.655  -33.107 0.0000000000
9132  -13.679  -68.800  -34.302 0.0000000000
9133  -14.113  -69.409  -34.675 0.0000000000
9134  -16.684  -68.795  -33.881 0.0000000000
9135  -17.409  -69.557  -33.642 0.0000000000
9151  -14.029  -68.477  -34.687 0.0000000000
9152  -14.427  -68.887  -34.992 0.0000000000
9153  -14.916  -68.704  -35.174 0.0000000000
9154  -16.583  -68.708  -35.278 0.0000000000
9155  -17.520  -69.328  -34.864 0.0000000000
9167  -14.672  -69.410  -35.268 0.0000000000
9168  -15.080  -69.163  -35.433 0.0000000000
9169  -16.063  -69.419  -36.004 0.0000000000
9170  -17.159  -69.248  -36.051 0.0000000000
9175  -16.356  -69.971  -36.424 0.0000000000
9176  -16.758  -69.757  -36.479 0.0000000000
9824  -9.959  -68.040  -22.858 0.0000000000
9825  -10.287  -68.062  -22.800 0.0000000000
9826  -10.865  -68.058  -22.756 0.0000000000
9840  -9.374  -67.956  -23.701 0.0000000000
9841  -9.858  -68.322  -23.414 0.0000000000
9842  -10.708  -68.552  -23.163 0.0000000000
9843  -11.384  -68.310  -23.396 0.0000000000
9857  -9.360  -68.121  -24.224 0.0000000000
9858  -9.694  -68.752  -24.232 0.0000000000
9859  -11.826  -68.477  -24.382 0.0000000000
9871  -8.433  -68.026  -25.693 0.0000000000
9872  -9.065  -68.414  -25.209 0.0000000000
9873  -9.464  -68.632  -24.646 0.0000000000
9874  -11.720  -68.674  -25.476 0.0000000000
9875  -11.888  -69.146  -25.608 0.0000000000
9884  -1.921  -67.644  -26.529 0.0000000000
9887  -7.903  -67.954  -26.379 0.0000000000
9888  -8.470  -68.800  -26.042 0.0000000000
9889  -11.309  -68.728  -26.511 0.0000000000
9890  -11.803  -69.240  -25.972 0.0000000000
9903  -3.381  -68.313  -27.848 0.0000000000
9904  -7.244  -67.322  -28.055 0.0000000000
9905  -7.423  -68.193  -27.397 0.0000000000
9906  -11.123  -69.066  -27.259 0.0000000000
9919  -3.776  -68.387  -28.475 0.0000000000
9920  -4.003  -68.231  -29.136 0.0000000000
9921  -7.202  -67.481  -29.051 0.0000000000
9922  -10.999  -68.918  -28.140 0.0000000000
9924  -15.340  -68.627  -28.881 0.0000000000
9927  -4.467  -68.468  -30.094 0.0000000000
9928  -4.908  -68.747  -30.724 0.0000000000
9929  -7.393  -67.541  -29.809 0.0000000000
9930  -7.596  -67.798  -30.387 0.0000000000
9931  -11.125  -68.738  -29.237 0.0000000000
9932  -14.803  -67.992  -29.512 0.0000000000
9933  -15.446  -68.521  -29.883 0.0000000000
9934  -15.797  -68.698  -30.454 0.0000000000
9938  -5.012  -68.065  -30.817 0.0000000000
9939  -5.523  -68.350  -31.284 0.0000000000
9940  -6.163  -67.886  -31.611 0.0000000000
9941  -7.837  -68.008  -30.940 0.0000000000
9942  -11.424  -68.290  -30.436 0.0000000000
9943  -11.917  -68.447  -31.213 0.0000000000
9944  -14.904  -68.014  -30.397 0.0000000000
9945  -15.316  -68.369  -30.848 0.0000000000
9946  -15.827  -68.632  -31.211 0.0000000000
9950  -5.998  -68.486  -32.072 0.0000000000
9951  -6.641  -68.005  -31.974 0.0000000000
9952  -7.601  -68.040  -31.768 0.0000000000
9953  -8.020  -68.693  -32.196 0.0000000000
9954  -11.534  -67.660  -31.485 0.0000000000
9955  -11.985  -67.914  -32.182 0.0000000000
9956  -14.739  -67.766  -31.322 0.0000000000
9957  -15.303  -68.170  -31.852 0.0000000000
9958  -15.969  -68.495  -32.173 0.0000000000
9968  -6.510  -68.623  -32.489 0.0000000000
9969  -7.172  -68.539  -32.476 0.0000000000
9970  -7.819  -68.680  -32.412 0.0000000000
9971  -8.074  -68.814  -32.415 0.0000000000
9972  -12.408  -67.718  -33.155 0.0000000000
9973  -13.106  -68.100  -33.796 0.0000000000
9974  -14.753  -67.606  -32.326 0.0000000000
9975  -15.355  -67.872  -33.105 0.0000000000
9976  -16.126  -68.444  -33.106 0.0000000000
9989  -13.038  -67.458  -33.657 0.0000000000
9990  -13.688  -67.833  -34.219 0.0000000000
9991  -14.142  -67.824  -34.412 0.0000000000
9992  -15.300  -67.902  -34.196 0.0000000000
9993  -15.906  -68.177  -33.837 0.0000000000
10004  -13.889  -68.274  -34.557 0.0000000000
10005  -14.245  -68.125  -34.647 0.0000000000
10006  -14.978  -68.276  -34.874 0.0000000000
10007  -15.885  -68.291  -34.658 0.0000000000
10010  -15.152  -68.658  -35.199 0.0000000000
10011  -15.626  -68.694  -35.307 0.0000000000
10610  -4.415  -67.043  -21.176 0.0000000000
10611  -5.159  -67.156  -21.077 0.0000000000
10612  -6.053  -67.184  -21.033 0.0000000000
10613  -6.993  -67.197  -21.017 0.0000000000
10614  -7.833  -67.153  -20.965 0.0000000000
10615  -8.269  -66.997  -20.926 0.0000000000
10624  -4.029  -67.046  -21.835 0.0000000000
10625  -4.916  -67.327  -21.848 0.0000000000
10626  -5.863  -67.414  -21.736 0.0000000000
10627  -6.834  -67.410  -21.656 0.0000000000
10628  -7.796  -67.411  -21.566 0.0000000000
10629  -8.730  -67.195  -21.459 0.0000000000
10630  -9.850  -67.180  -21.748 0.0000000000
10631  -10.630  -67.119  -21.966 0.0000000000
10632  -10.991  -66.976  -22.138 0.0000000000
10641  -3.778  -66.813  -22.552 0.0000000000
10642  -4.614  -66.994  -22.899 0.0000000000
10643  -5.643  -67.343  -22.653 0.0000000000
10644  -6.639  -67.381  -22.497 0.0000000000
10645  -7.685  -67.412  -22.431 0.0000000000
10646  -8.660  -67.529  -22.336 0.0000000000
10647  -9.666  -67.679  -22.469 0.0000000000
10648  -10.448  -67.608  -22.341 0.0000000000
10649  -11.129  -67.412  -22.595 0.0000000000
10659  -4.909  -66.799  -23.632 0.0000000000
10660  -5.551  -66.954  -23.631 0.0000000000
10661  -6.439  -67.158  -23.367 0.0000000000
10662  -7.437  -67.161  -23.322 0.0000000000
10663  -8.754  -67.563  -23.474 0.0000000000
10664  -9.272  -67.732  -22.908 0.0000000000
10665  -11.512  -67.559  -23.186 0.0000000000
10678  -6.357  -66.855  -24.081 0.0000000000
10679  -7.067  -66.885  -24.044 0.0000000000
10680  -7.912  -67.002  -24.375 0.0000000000
10681  -8.693  -67.628  -24.708 0.0000000000
10682  -11.688  -67.583  -23.829 0.0000000000
10696  -8.090  -67.292  -25.527 0.0000000000
10697  -8.590  -67.802  -25.300 0.0000000000
10698  -11.531  -67.576  -24.922 0.0000000000
10712  -1.693  -67.236  -26.534 0.0000000000
10713  -2.082  -67.500  -26.952 0.0000000000
10714  -2.518  -67.704  -27.110 0.0000000000
10715  -7.780  -67.186  -26.287 0.0000000000
10716  -10.423  -66.948  -27.134 0.0000000000
10717  -10.910  -67.491  -26.349 0.0000000000
10730  -2.000  -66.947  -27.208 0.0000000000
10731  -2.506  -67.093  -27.415 0.0000000000
10732  -3.094  -67.418  -27.745 0.0000000000
10733  -7.106  -66.548  -27.742 0.0000000000
10734  -7.462  -67.123  -27.010 0.0000000000
10735  -10.434  -67.276  -27.859 0.0000000000
10736  -10.822  -68.289  -27.432 0.0000000000
10743  -3.810  -67.394  -28.690 0.0000000000
10744  -4.853  -66.851  -29.778 0.0000000000
10745  -6.178  -65.801  -29.846 0.0000000000
10746  -6.817  -66.404  -28.785 0.0000000000
10747  -10.375  -66.980  -29.184 0.0000000000
10748  -10.732  -67.990  -28.619 0.0000000000
10754  -5.192  -67.375  -30.708 0.0000000000
10755  -5.999  -66.492  -30.590 0.0000000000
10756  -6.912  -66.608  -30.006 0.0000000000
10757  -7.359  -67.048  -30.460 0.0000000000
10758  -10.281  -66.574  -30.317 0.0000000000
10759  -10.777  -67.587  -29.842 0.0000000000
10760  -13.649  -66.498  -29.662 0.0000000000
10761  -14.196  -67.360  -29.053 0.0000000000
10765  -5.401  -67.698  -31.013 0.0000000000
10766  -6.081  -67.215  -31.269 0.0000000000
10767  -6.418  -67.544  -31.619 0.0000000000
10768  -7.498  -67.364  -31.029 0.0000000000
10769  -10.339  -66.192  -30.937 0.0000000000
10770  -10.891  -66.823  -31.138 0.0000000000
10771  -13.415  -66.232  -31.201 0.0000000000
10772  -14.296  -67.229  -30.445 0.0000000000
10777  -6.557  -66.945  -31.429 0.0000000000
10778  -6.798  -67.241  -31.662 0.0000000000
10779  -7.212  -67.274  -31.432 0.0000000000
10780  -11.478  -66.885  -32.338 0.0000000000
10781  -11.863  -67.313  -32.741 0.0000000000
10782  -13.419  -66.281  -32.317 0.0000000000
10783  -14.075  -66.971  -31.995 0.0000000000
10794  -11.649  -66.623  -32.704 0.0000000000
10795  -11.922  -66.796  -32.946 0.0000000000
10796  -13.610  -66.601  -32.918 0.0000000000
10797  -14.343  -67.250  -33.168 0.0000000000
10798  -14.830  -67.563  -33.859 0.0000000000
10809  -12.644  -66.854  -33.367 0.0000000000
10810  -13.449  -67.033  -33.484 0.0000000000
10811  -14.227  -67.569  -34.063 0.0000000000
10812  -14.705  -67.842  -34.393 0.0000000000
10820  -14.386  -67.868  -34.459 0.0000000000
10821  -14.582  -68.012  -34.606 0.0000000000
11423  -3.341  -66.101  -19.943 0.0000000000
11424  -4.024  -66.243  -19.996 0.0000000000
11425  -4.645  -66.192  -20.275 0.0000000000
11426  -4.973  -66.142  -20.431 0.0000000000
11435  -2.891  -66.047  -20.345 0.0000000000
11436  -3.573  -66.622  -20.806 0.0000000000
11437  -4.507  -66.682  -20.615 0.0000000000
11438  -5.252  -66.562  -20.679 0.0000000000
11439  -6.212  -66.635  -20.839 0.0000000000
11440  -7.173  -66.723  -20.852 0.0000000000
11441  -7.896  -66.725  -20.815 0.0000000000
11451  -2.688  -65.976  -21.278 0.0000000000
11452  -3.274  -66.581  -21.948 0.0000000000
11453  -8.427  -66.637  -20.999 0.0000000000
11454  -9.198  -66.533  -21.292 0.0000000000
11455  -10.157  -66.496  -21.697 0.0000000000
11456  -10.751  -66.696  -21.980 0.0000000000
11468  -2.837  -65.935  -22.457 0.0000000000
11469  -3.320  -66.419  -22.901 0.0000000000
11470  -3.889  -66.653  -23.240 0.0000000000
11471  -10.647  -66.245  -22.012 0.0000000000
11472  -11.076  -66.554  -22.405 0.0000000000
11486  -3.043  -65.904  -23.303 0.0000000000
11487  -3.556  -66.137  -23.897 0.0000000000
11488  -4.434  -66.502  -23.932 0.0000000000
11489  -5.146  -66.574  -24.109 0.0000000000
11490  -11.486  -66.831  -23.200 0.0000000000
11505  -4.203  -65.790  -24.915 0.0000000000
11506  -5.014  -66.091  -24.785 0.0000000000
11507  -5.900  -66.455  -24.653 0.0000000000
11508  -6.828  -66.584  -24.639 0.0000000000
11509  -7.322  -66.757  -24.552 0.0000000000
11510  -11.408  -66.652  -24.287 0.0000000000
11521  -0.802  -66.493  -25.443 0.0000000000
11522  -1.332  -66.546  -26.274 0.0000000000
11523  -4.372  -65.417  -25.410 0.0000000000
11524  -4.767  -65.518  -25.493 0.0000000000
11525  -5.714  -65.682  -25.762 0.0000000000
11526  -6.671  -66.209  -25.475 0.0000000000
11527  -7.395  -66.703  -25.122 0.0000000000
11528  -10.671  -66.145  -25.947 0.0000000000
11529  -11.058  -66.588  -25.357 0.0000000000
11540  -1.816  -66.464  -27.074 0.0000000000
11541  -2.042  -66.085  -27.395 0.0000000000
11542  -5.882  -65.322  -26.466 0.0000000000
11543  -6.412  -65.754  -26.668 0.0000000000
11544  -7.316  -66.633  -26.173 0.0000000000
11545  -10.423  -66.443  -26.709 0.0000000000
11546  -10.772  -66.671  -26.070 0.0000000000
11555  -2.015  -66.613  -27.282 0.0000000000
11556  -2.324  -66.349  -27.518 0.0000000000
11557  -3.043  -66.383  -27.895 0.0000000000
11558  -6.605  -65.807  -27.802 0.0000000000
11559  -7.066  -66.316  -27.084 0.0000000000
11560  -10.153  -66.454  -27.742 0.0000000000
11567  -3.649  -66.367  -28.456 0.0000000000
11568  -4.518  -66.127  -28.943 0.0000000000
11569  -5.426  -65.651  -29.257 0.0000000000
11570  -6.213  -65.539  -28.808 0.0000000000
11571  -10.056  -66.508  -28.650 0.0000000000
11578  -6.623  -66.443  -30.598 0.0000000000
11579  -6.986  -66.570  -30.688 0.0000000000
11580  -7.259  -66.825  -30.913 0.0000000000
11581  -9.401  -65.649  -30.164 0.0000000000
11582  -9.645  -66.025  -29.793 0.0000000000
11584  -12.994  -65.635  -30.188 0.0000000000
11589  -6.521  -66.580  -30.971 0.0000000000
11590  -6.921  -66.627  -31.126 0.0000000000
11591  -7.183  -66.913  -31.264 0.0000000000
11592  -9.474  -65.596  -30.398 0.0000000000
11593  -9.862  -65.768  -30.773 0.0000000000
11594  -10.447  -65.672  -31.327 0.0000000000
11595  -12.088  -65.140  -31.772 0.0000000000
11596  -12.544  -65.419  -31.359 0.0000000000
11601  -6.574  -66.771  -31.265 0.0000000000
11602  -6.848  -66.836  -31.417 0.0000000000
11603  -7.061  -66.975  -31.514 0.0000000000
11604  -11.153  -65.779  -32.011 0.0000000000
11605  -12.011  -65.478  -32.199 0.0000000000
11606  -12.874  -65.795  -32.240 0.0000000000
11617  -11.750  -66.282  -32.548 0.0000000000
11618  -12.453  -66.213  -32.841 0.0000000000
11619  -13.131  -66.149  -32.910 0.0000000000
11633  -12.987  -66.451  -33.248 0.0000000000
11634  -13.266  -66.502  -33.175 0.0000000000
12213  -3.238  -65.077  -18.772 0.0000000000
12214  -3.918  -65.130  -18.880 0.0000000000
12215  -4.243  -64.959  -19.079 0.0000000000
12222  -2.801  -65.485  -19.590 0.0000000000
12223  -3.604  -65.635  -19.432 0.0000000000
12224  -4.374  -65.472  -19.788 0.0000000000
12225  -4.792  -65.923  -20.256 0.0000000000
12233  -2.537  -65.472  -20.446 0.0000000000
12234  -4.694  -65.253  -20.229 0.0000000000
12235  -5.245  -65.804  -20.592 0.0000000000
12236  -6.487  -66.152  -20.984 0.0000000000
12237  -7.479  -66.258  -20.945 0.0000000000
12238  -8.037  -66.364  -20.879 0.0000000000
12248  -2.391  -65.104  -21.075 0.0000000000
12249  -5.225  -65.243  -20.941 0.0000000000
12250  -5.843  -65.498  -21.183 0.0000000000
12251  -6.918  -65.669  -21.302 0.0000000000
12252  -8.199  -65.837  -21.204 0.0000000000
12253  -9.426  -65.704  -21.658 0.0000000000
12254  -10.225  -65.874  -21.918 0.0000000000
12265  -2.611  -65.127  -22.046 0.0000000000
12266  -9.955  -65.416  -22.175 0.0000000000
12267  -10.647  -65.652  -22.487 0.0000000000
12268  -11.203  -66.062  -22.943 0.0000000000
12281  -2.818  -65.131  -23.269 0.0000000000
12282  -3.116  -65.544  -23.946 0.0000000000
12283  -10.893  -65.466  -23.255 0.0000000000
12284  -11.240  -66.019  -23.671 0.0000000000
12295  0.024  -65.420  -24.582 0.0000000000
12296  -3.108  -64.813  -24.404 0.0000000000
12297  -3.540  -65.359  -24.751 0.0000000000
12298  -10.859  -65.336  -24.085 0.0000000000
12299  -11.110  -65.913  -24.395 0.0000000000
12306  -0.506  -65.392  -25.414 0.0000000000
12307  -1.068  -65.865  -26.032 0.0000000000
12308  -3.551  -64.527  -25.221 0.0000000000
12309  -4.241  -64.838  -25.843 0.0000000000
12310  -5.168  -65.085  -26.217 0.0000000000
12311  -5.645  -65.204  -26.374 0.0000000000
12312  -10.668  -65.490  -25.220 0.0000000000
12313  -11.114  -66.146  -24.799 0.0000000000
12320  -0.980  -65.231  -26.224 0.0000000000
12321  -1.446  -65.533  -26.959 0.0000000000
12322  -1.867  -65.917  -27.291 0.0000000000
12323  -4.508  -64.216  -26.622 0.0000000000
12324  -4.899  -64.478  -26.686 0.0000000000
12325  -5.646  -64.867  -27.098 0.0000000000
12326  -6.205  -65.351  -27.416 0.0000000000
12327  -9.650  -64.916  -27.103 0.0000000000
12328  -10.226  -65.588  -26.412 0.0000000000
12339  -1.761  -64.955  -27.521 0.0000000000
12340  -2.143  -65.375  -27.744 0.0000000000
12341  -3.004  -65.404  -27.946 0.0000000000
12342  -4.783  -64.750  -28.212 0.0000000000
12343  -5.459  -64.715  -28.180 0.0000000000
12344  -6.057  -65.108  -28.043 0.0000000000
12345  -9.206  -64.996  -28.202 0.0000000000
12346  -9.864  -65.718  -27.459 0.0000000000
12356  -3.634  -65.519  -28.243 0.0000000000
12357  -4.297  -65.431  -28.535 0.0000000000
12358  -5.034  -65.187  -28.749 0.0000000000
12359  -5.706  -65.069  -28.731 0.0000000000
12360  -8.927  -65.073  -29.308 0.0000000000
12361  -9.547  -65.808  -28.667 0.0000000000
12369  -9.193  -65.256  -30.182 0.0000000000
12370  -9.279  -65.580  -29.515 0.0000000000
12371  -11.618  -64.611  -30.535 0.0000000000
12372  -12.407  -65.057  -30.196 0.0000000000
12373  -12.609  -65.294  -30.684 0.0000000000
12378  -9.441  -65.218  -30.820 0.0000000000
12379  -9.926  -64.929  -31.207 0.0000000000
12380  -10.890  -64.681  -31.325 0.0000000000
12381  -11.932  -64.954  -31.298 0.0000000000
12382  -12.390  -65.149  -30.916 0.0000000000
12387  -11.567  -65.166  -31.803 0.0000000000
12388  -11.861  -65.043  -31.914 0.0000000000
12950  -3.207  -64.077  -17.934 0.0000000000
12951  -3.487  -64.114  -17.928 0.0000000000
12952  -4.042  -64.138  -17.978 0.0000000000
12961  -3.080  -64.365  -18.206 0.0000000000
12962  -3.661  -64.606  -18.306 0.0000000000
12963  -4.268  -64.459  -18.576 0.0000000000
12970  -2.648  -64.574  -18.959 0.0000000000
12971  -4.472  -64.646  -19.298 0.0000000000
12980  -2.391  -64.434  -20.159 0.0000000000
12981  -4.617  -64.793  -19.952 0.0000000000
12982  -4.833  -64.851  -20.579 0.0000000000
12992  -2.485  -64.215  -21.522 0.0000000000
12993  -5.212  -64.720  -21.322 0.0000000000
12994  -6.135  -65.101  -21.787 0.0000000000
12995  -7.261  -65.126  -21.905 0.0000000000
12996  -8.443  -65.099  -22.053 0.0000000000
12997  -9.349  -65.100  -22.251 0.0000000000
13007  -2.740  -64.164  -22.739 0.0000000000
13008  -5.547  -64.351  -22.018 0.0000000000
13009  -6.367  -64.608  -22.417 0.0000000000
13010  -7.424  -64.530  -22.876 0.0000000000
13011  -8.799  -64.586  -22.839 0.0000000000
13012  -9.923  -64.896  -22.805 0.0000000000
13013  -10.532  -65.154  -22.979 0.0000000000
13023  0.143  -64.030  -23.468 0.0000000000
13024  -3.011  -64.082  -23.908 0.0000000000
13025  -7.397  -64.239  -23.568 0.0000000000
13026  -8.103  -64.281  -23.589 0.0000000000
13027  -9.297  -64.231  -23.870 0.0000000000
13028  -10.382  -64.856  -23.547 0.0000000000
13038  -0.056  -64.468  -24.560 0.0000000000
13039  -3.423  -63.866  -25.047 0.0000000000
13040  -3.772  -63.385  -25.607 0.0000000000
13041  -9.478  -64.104  -25.030 0.0000000000
13042  -10.253  -64.640  -24.505 0.0000000000
13049  -0.720  -64.206  -25.643 0.0000000000
13050  -1.124  -63.759  -26.112 0.0000000000
13051  -3.578  -64.121  -25.347 0.0000000000
13052  -3.790  -63.907  -25.750 0.0000000000
13053  -9.483  -64.065  -25.979 0.0000000000
13054  -9.995  -64.616  -25.350 0.0000000000
13060  -0.841  -64.824  -25.985 0.0000000000
13061  -1.187  -64.405  -26.562 0.0000000000
13062  -4.123  -63.767  -26.772 0.0000000000
13063  -4.633  -64.104  -27.019 0.0000000000
13064  -5.004  -64.292  -27.256 0.0000000000
13065  -9.483  -64.209  -26.780 0.0000000000
13066  -9.912  -64.830  -26.112 0.0000000000
13077  -1.625  -64.581  -27.255 0.0000000000
13078  -2.148  -64.314  -27.673 0.0000000000
13079  -3.223  -64.112  -27.668 0.0000000000
13080  -4.402  -64.300  -27.628 0.0000000000
13081  -5.113  -64.442  -27.723 0.0000000000
13082  -9.122  -64.124  -27.743 0.0000000000
13096  -3.715  -64.786  -27.978 0.0000000000
13097  -4.178  -64.885  -28.196 0.0000000000
13098  -8.203  -63.771  -29.383 0.0000000000
13099  -8.444  -64.110  -28.989 0.0000000000
13111  -8.283  -63.778  -29.649 0.0000000000
13112  -8.629  -64.255  -30.098 0.0000000000
13113  -10.414  -63.767  -30.429 0.0000000000
13114  -10.941  -63.969  -30.131 0.0000000000
13123  -9.328  -64.405  -30.852 0.0000000000
13124  -10.165  -63.996  -30.908 0.0000000000
13125  -10.629  -64.188  -30.878 0.0000000000
13727  -3.172  -63.628  -17.934 0.0000000000
13728  -3.908  -63.572  -17.695 0.0000000000
13729  -4.799  -63.541  -18.016 0.0000000000
13730  -6.013  -63.098  -17.949 0.0000000000
13731  -7.064  -62.978  -17.959 0.0000000000
13732  -7.637  -62.952  -17.985 0.0000000000
13741  -2.734  -63.905  -18.460 0.0000000000
13742  -4.830  -63.971  -18.919 0.0000000000
13743  -5.559  -63.433  -18.653 0.0000000000
13744  -6.606  -63.221  -18.549 0.0000000000
13745  -7.752  -63.153  -18.441 0.0000000000
13746  -8.755  -63.067  -18.720 0.0000000000
13747  -9.279  -62.989  -18.981 0.0000000000
13755  -2.521  -63.687  -19.159 0.0000000000
13756  -4.747  -64.158  -19.739 0.0000000000
13757  -5.213  -63.567  -19.545 0.0000000000
13758  -6.048  -63.256  -19.339 0.0000000000
13759  -7.146  -63.222  -19.359 0.0000000000
13760  -8.219  -63.224  -19.190 0.0000000000
13761  -8.935  -63.141  -19.213 0.0000000000
13772  -2.505  -63.308  -19.931 0.0000000000
13773  -4.722  -64.370  -20.219 0.0000000000
13774  -4.920  -63.788  -20.598 0.0000000000
13775  -5.614  -63.191  -20.137 0.0000000000
13776  -6.363  -63.107  -19.979 0.0000000000
13789  -2.542  -63.267  -20.909 0.0000000000
13790  -5.050  -63.909  -21.547 0.0000000000
13801  -2.854  -63.028  -22.233 0.0000000000
13802  -5.311  -63.606  -22.064 0.0000000000
13803  -5.703  -63.988  -22.603 0.0000000000
13804  -6.327  -64.203  -22.999 0.0000000000
13809  0.081  -63.264  -23.047 0.0000000000
13810  -3.142  -63.240  -23.414 0.0000000000
13811  -5.504  -63.362  -22.519 0.0000000000
13812  -5.756  -63.483  -23.133 0.0000000000
13813  -6.647  -63.977  -23.615 0.0000000000
13814  -7.401  -64.044  -24.111 0.0000000000
13815  -8.209  -63.984  -24.261 0.0000000000
13823  -0.257  -63.251  -24.041 0.0000000000
13824  -0.696  -62.830  -24.757 0.0000000000
13825  -3.437  -63.144  -24.424 0.0000000000
13826  -3.698  -62.909  -25.353 0.0000000000
13827  -5.910  -63.233  -23.828 0.0000000000
13828  -6.596  -63.446  -24.383 0.0000000000
13829  -7.548  -63.547  -24.864 0.0000000000
13830  -8.626  -63.761  -24.866 0.0000000000
13836  -0.514  -63.548  -24.963 0.0000000000
13837  -1.138  -63.049  -25.604 0.0000000000
13838  -1.933  -62.684  -26.101 0.0000000000
13839  -3.761  -63.025  -26.185 0.0000000000
13840  -8.140  -63.141  -25.475 0.0000000000
13841  -8.936  -63.446  -25.718 0.0000000000
13846  -1.627  -63.434  -26.416 0.0000000000
13847  -2.493  -63.003  -26.704 0.0000000000
13848  -3.293  -63.141  -27.016 0.0000000000
13849  -8.420  -62.849  -26.195 0.0000000000
13850  -8.865  -63.244  -26.993 0.0000000000
13864  -1.893  -63.802  -27.137 0.0000000000
13865  -2.697  -63.560  -27.388 0.0000000000
13866  -3.091  -63.502  -27.466 0.0000000000
13867  -8.175  -62.961  -28.598 0.0000000000
13868  -8.576  -63.460  -28.222 0.0000000000
13886  -8.167  -63.286  -29.334 0.0000000000
13887  -8.245  -63.500  -28.823 0.0000000000
13888  -10.660  -63.121  -29.227 0.0000000000
13901  -8.561  -63.259  -29.983 0.0000000000
13902  -9.342  -63.517  -30.338 0.0000000000
13903  -10.200  -63.455  -30.033 0.0000000000
13904  -10.721  -63.469  -29.605 0.0000000000
13914  -9.603  -63.852  -30.843 0.0000000000
13915  -9.797  -63.675  -30.630 0.0000000000
14579  -3.127  -62.775  -17.962 0.0000000000
14580  -3.586  -62.881  -17.624 0.0000000000
14581  -4.398  -62.803  -17.449 0.0000000000
14582  -5.443  -62.641  -17.500 0.0000000000
14583  -6.561  -62.459  -17.627 0.0000000000
14584  -7.718  -62.463  -17.881 0.0000000000
14585  -8.729  -62.207  -18.087 0.0000000000
14586  -9.262  -61.976  -18.188 0.0000000000
14601  -2.808  -63.098  -18.467 0.0000000000
14602  -7.908  -62.891  -18.072 0.0000000000
14603  -8.428  -62.748  -18.267 0.0000000000
14604  -9.585  -62.385  -18.681 0.0000000000
14605  -10.852  -61.949  -19.150 0.0000000000
14606  -11.412  -61.765  -19.450 0.0000000000
14618  -2.664  -62.663  -19.254 0.0000000000
14619  -7.881  -63.070  -19.800 0.0000000000
14620  -8.674  -63.031  -19.746 0.0000000000
14621  -9.501  -62.845  -19.547 0.0000000000
14622  -10.397  -62.436  -19.592 0.0000000000
14623  -11.171  -62.044  -19.776 0.0000000000
14639  -2.710  -62.403  -20.262 0.0000000000
14640  -5.415  -62.986  -20.797 0.0000000000
14641  -6.034  -62.676  -20.559 0.0000000000
14642  -7.086  -62.787  -20.332 0.0000000000
14643  -8.156  -62.642  -20.339 0.0000000000
14644  -9.095  -62.635  -20.355 0.0000000000
14645  -10.066  -62.437  -20.429 0.0000000000
14646  -10.809  -62.224  -20.215 0.0000000000
14659  -2.911  -62.153  -21.370 0.0000000000
14660  -5.250  -63.235  -21.401 0.0000000000
14661  -5.710  -62.496  -21.356 0.0000000000
14662  -6.522  -62.185  -21.049 0.0000000000
14663  -7.526  -62.075  -20.914 0.0000000000
14664  -8.543  -62.070  -20.905 0.0000000000
14665  -9.386  -62.113  -20.922 0.0000000000
14673  0.086  -62.611  -22.328 0.0000000000
14674  -3.271  -61.744  -22.425 0.0000000000
14675  -3.523  -61.544  -23.253 0.0000000000
14676  -5.479  -62.930  -22.028 0.0000000000
14677  -5.731  -62.220  -22.187 0.0000000000
14682  -0.246  -62.392  -23.253 0.0000000000
14683  -3.366  -62.343  -23.198 0.0000000000
14684  -3.622  -61.810  -23.954 0.0000000000
14685  -5.571  -62.844  -22.619 0.0000000000
14686  -5.678  -62.338  -23.152 0.0000000000
14694  -0.587  -62.236  -24.159 0.0000000000
14695  -0.974  -62.070  -24.957 0.0000000000
14696  -3.486  -62.549  -23.963 0.0000000000
14697  -3.613  -62.145  -24.804 0.0000000000
14698  -5.901  -62.354  -24.297 0.0000000000
14699  -6.649  -62.810  -25.045 0.0000000000
14700  -7.371  -62.862  -25.423 0.0000000000
14705  -1.754  -62.012  -25.509 0.0000000000
14706  -2.584  -62.056  -26.035 0.0000000000
14707  -3.348  -62.182  -25.842 0.0000000000
14708  -6.265  -61.923  -25.015 0.0000000000
14709  -6.860  -62.098  -25.666 0.0000000000
14710  -7.737  -62.461  -25.969 0.0000000000
14714  -3.089  -62.474  -26.556 0.0000000000
14715  -3.399  -62.653  -26.462 0.0000000000
14716  -7.345  -61.825  -26.305 0.0000000000
14717  -8.089  -62.125  -26.909 0.0000000000
14718  -8.371  -62.591  -27.473 0.0000000000
14732  -8.156  -62.096  -28.037 0.0000000000
14733  -8.382  -62.892  -27.888 0.0000000000
14751  -8.123  -62.244  -28.977 0.0000000000
14752  -9.831  -62.234  -29.359 0.0000000000
14753  -10.378  -62.522  -29.156 0.0000000000
14769  -8.591  -62.358  -29.518 0.0000000000
14770  -9.244  -62.490  -29.693 0.0000000000
14771  -9.754  -62.869  -29.713 0.0000000000
15493  -3.346  -62.375  -17.794 0.0000000000
15494  -3.799  -61.995  -17.501 0.0000000000
15495  -4.886  -61.868  -17.306 0.0000000000
15496  -5.976  -61.751  -17.470 0.0000000000
15497  -7.072  -61.495  -17.841 0.0000000000
15498  -8.192  -61.581  -18.055 0.0000000000
15499  -8.997  -61.699  -18.080 0.0000000000
15500  -9.272  -61.732  -18.177 0.0000000000
15511  -3.078  -61.867  -18.335 0.0000000000
15512  -3.655  -61.307  -17.885 0.0000000000
15513  -7.710  -61.007  -18.192 0.0000000000
15514  -8.272  -60.907  -18.222 0.0000000000
15515  -8.849  -61.092  -18.170 0.0000000000
15516  -9.543  -61.435  -18.283 0.0000000000
15517  -10.582  -61.388  -18.576 0.0000000000
15518  -11.703  -61.267  -19.063 0.0000000000
15519  -12.337  -60.814  -19.212 0.0000000000
15535  -2.860  -61.607  -19.548 0.0000000000
15536  -11.862  -61.701  -19.835 0.0000000000
15537  -12.633  -61.089  -19.796 0.0000000000
15538  -13.122  -60.839  -20.198 0.0000000000
15555  -2.981  -61.351  -20.619 0.0000000000
15556  -10.733  -61.998  -20.783 0.0000000000
15557  -11.451  -61.826  -20.567 0.0000000000
15558  -12.338  -61.459  -20.608 0.0000000000
15559  -13.037  -61.022  -20.643 0.0000000000
15569  -0.014  -62.041  -21.423 0.0000000000
15570  -3.233  -61.029  -21.797 0.0000000000
15571  -3.387  -60.463  -22.216 0.0000000000
15572  -6.141  -61.844  -21.670 0.0000000000
15573  -6.914  -61.516  -21.560 0.0000000000
15574  -7.961  -61.348  -21.402 0.0000000000
15575  -9.006  -61.438  -21.405 0.0000000000
15576  -10.065  -61.662  -21.296 0.0000000000
15577  -11.055  -61.549  -21.400 0.0000000000
15578  -11.958  -61.479  -21.434 0.0000000000
15579  -12.798  -61.172  -21.419 0.0000000000
15586  -0.326  -61.648  -22.390 0.0000000000
15587  -3.356  -61.198  -22.344 0.0000000000
15588  -3.497  -60.769  -22.827 0.0000000000
15589  -6.174  -61.201  -22.418 0.0000000000
15590  -7.334  -60.762  -22.113 0.0000000000
15591  -8.457  -60.730  -22.005 0.0000000000
15592  -9.514  -60.863  -21.963 0.0000000000
15593  -10.484  -61.009  -22.014 0.0000000000
15594  -11.448  -61.129  -22.297 0.0000000000
15595  -12.398  -61.150  -22.202 0.0000000000
15596  -13.153  -60.864  -22.216 0.0000000000
15598  -0.628  -61.393  -23.486 0.0000000000
15599  -0.900  -60.875  -24.107 0.0000000000
15600  -3.604  -60.988  -23.861 0.0000000000
15601  -5.949  -61.275  -23.496 0.0000000000
15602  -12.067  -61.003  -22.899 0.0000000000
15603  -12.782  -60.881  -22.902 0.0000000000
15604  -13.263  -60.648  -22.815 0.0000000000
15612  -0.843  -61.511  -24.347 0.0000000000
15613  -1.513  -61.149  -24.749 0.0000000000
15614  -3.504  -61.266  -24.589 0.0000000000
15615  -6.106  -61.155  -24.436 0.0000000000
15620  -2.327  -61.202  -25.379 0.0000000000
15621  -2.956  -61.286  -25.606 0.0000000000
15622  -3.308  -61.402  -25.187 0.0000000000
15623  -6.376  -61.051  -25.434 0.0000000000
15624  -6.840  -61.363  -26.112 0.0000000000
15637  -6.612  -60.702  -26.233 0.0000000000
15638  -7.230  -61.090  -26.890 0.0000000000
15639  -7.809  -61.460  -27.550 0.0000000000
15655  -7.605  -60.742  -27.767 0.0000000000
15656  -7.968  -61.342  -27.988 0.0000000000
15674  -7.919  -60.517  -28.230 0.0000000000
15675  -8.119  -61.170  -28.494 0.0000000000
15676  -9.732  -61.687  -29.336 0.0000000000
15677  -10.396  -61.586  -29.213 0.0000000000
15693  -8.538  -61.380  -29.144 0.0000000000
15694  -9.319  -61.327  -29.415 0.0000000000
15695  -10.289  -60.903  -29.497 0.0000000000
15696  -11.158  -60.831  -29.584 0.0000000000
16452  -4.371  -61.096  -17.751 0.0000000000
16453  -5.439  -61.004  -17.757 0.0000000000
16454  -6.415  -61.019  -17.924 0.0000000000
16455  -6.852  -61.049  -18.036 0.0000000000
16456  -10.137  -60.014  -17.859 0.0000000000
16457  -10.823  -59.989  -17.827 0.0000000000
16458  -11.249  -59.893  -17.899 0.0000000000
16466  -3.088  -60.878  -19.033 0.0000000000
16467  -3.707  -60.453  -18.419 0.0000000000
16468  -4.975  -60.239  -18.369 0.0000000000
16469  -6.093  -60.276  -18.409 0.0000000000
16470  -7.081  -60.571  -18.319 0.0000000000
16471  -7.970  -60.395  -18.366 0.0000000000
16472  -8.636  -60.425  -18.162 0.0000000000
16473  -9.439  -60.438  -18.075 0.0000000000
16474  -10.315  -60.614  -18.163 0.0000000000
16475  -11.310  -60.414  -18.265 0.0000000000
16476  -12.167  -60.405  -18.758 0.0000000000
16494  -3.058  -60.510  -19.929 0.0000000000
16495  -3.328  -60.144  -19.269 0.0000000000
16496  -12.739  -60.378  -19.332 0.0000000000
16497  -13.177  -60.440  -19.949 0.0000000000
16511  -3.134  -60.330  -20.887 0.0000000000
16512  -13.359  -60.564  -20.522 0.0000000000
16522  -0.519  -60.933  -21.252 0.0000000000
16523  -3.305  -60.102  -21.754 0.0000000000
16524  -3.439  -59.906  -22.495 0.0000000000
16525  -13.542  -60.496  -21.377 0.0000000000
16526  -13.926  -59.946  -21.936 0.0000000000
16529  -0.761  -60.571  -22.571 0.0000000000
16530  -1.069  -60.042  -23.159 0.0000000000
16531  -3.543  -59.826  -23.208 0.0000000000
16532  -6.310  -60.712  -23.110 0.0000000000
16533  -6.844  -60.269  -22.986 0.0000000000
16534  -7.883  -60.184  -22.869 0.0000000000
16535  -8.975  -60.324  -22.667 0.0000000000
16536  -9.917  -60.525  -22.666 0.0000000000
16537  -10.695  -60.798  -22.756 0.0000000000
16538  -13.693  -60.254  -22.559 0.0000000000
16539  -13.954  -59.761  -22.379 0.0000000000
16543  -0.891  -60.576  -23.484 0.0000000000
16544  -1.481  -60.198  -23.946 0.0000000000
16545  -3.557  -60.162  -23.801 0.0000000000
16546  -6.411  -60.291  -23.726 0.0000000000
16547  -6.814  -59.972  -23.461 0.0000000000
16548  -8.535  -59.974  -23.330 0.0000000000
16549  -9.368  -60.120  -23.486 0.0000000000
16550  -10.319  -60.454  -23.430 0.0000000000
16551  -11.311  -60.753  -23.392 0.0000000000
16552  -12.298  -60.791  -23.643 0.0000000000
16553  -13.297  -60.459  -23.569 0.0000000000
16561  -2.287  -60.261  -24.816 0.0000000000
16562  -2.984  -60.103  -25.046 0.0000000000
16563  -3.362  -60.439  -24.565 0.0000000000
16564  -6.348  -60.188  -24.708 0.0000000000
16565  -9.939  -60.147  -24.071 0.0000000000
16566  -10.673  -60.288  -24.328 0.0000000000
16567  -11.599  -60.480  -24.341 0.0000000000
16568  -12.499  -60.370  -24.504 0.0000000000
16569  -13.313  -59.944  -24.642 0.0000000000
16578  -2.749  -60.696  -25.235 0.0000000000
16579  -3.120  -60.774  -25.144 0.0000000000
16580  -3.310  -60.945  -24.909 0.0000000000
16581  -6.470  -59.920  -25.748 0.0000000000
16582  -11.072  -60.188  -24.871 0.0000000000
16583  -11.651  -60.056  -25.152 0.0000000000
16584  -12.549  -59.825  -25.332 0.0000000000
16585  -13.251  -59.540  -25.377 0.0000000000
16601  -6.754  -60.062  -26.797 0.0000000000
16602  -7.161  -60.447  -27.236 0.0000000000
16617  -6.953  -59.689  -27.047 0.0000000000
16618  -7.195  -59.938  -27.412 0.0000000000
16634  -7.644  -59.997  -28.052 0.0000000000
16635  -8.291  -60.107  -28.569 0.0000000000
16636  -8.824  -59.719  -28.764 0.0000000000
16637  -15.657  -59.974  -29.430 0.0000000000
16638  -16.125  -59.952  -29.374 0.0000000000
16653  -8.450  -60.758  -28.882 0.0000000000
16654  -9.072  -60.265  -29.074 0.0000000000
16655  -10.118  -60.160  -29.584 0.0000000000
16656  -11.192  -60.176  -30.059 0.0000000000
16657  -11.633  -60.492  -30.118 0.0000000000
16658  -14.272  -59.901  -30.265 0.0000000000
16659  -14.948  -60.045  -30.120 0.0000000000
16660  -16.079  -60.147  -30.161 0.0000000000
16661  -16.654  -60.200  -30.683 0.0000000000
16674  -11.643  -60.006  -30.385 0.0000000000
16675  -12.040  -60.202  -30.488 0.0000000000
16676  -13.033  -60.219  -30.937 0.0000000000
16677  -14.084  -60.081  -30.867 0.0000000000
16678  -15.140  -60.220  -31.116 0.0000000000
17419  -9.288  -59.147  -17.009 0.0000000000
17420  -9.996  -59.154  -16.826 0.0000000000
17421  -10.725  -58.952  -16.932 0.0000000000
17422  -11.137  -58.751  -17.127 0.0000000000
17434  -8.176  -59.336  -18.001 0.0000000000
17435  -8.761  -59.375  -17.625 0.0000000000
17436  -9.593  -59.646  -17.556 0.0000000000
17437  -10.463  -59.547  -17.390 0.0000000000
17438  -11.341  -59.314  -17.593 0.0000000000
17439  -11.935  -59.128  -17.950 0.0000000000
17458  -3.764  -59.643  -19.205 0.0000000000
17459  -4.552  -59.529  -19.013 0.0000000000
17460  -5.775  -59.221  -19.068 0.0000000000
17461  -6.815  -59.564  -18.694 0.0000000000
17462  -7.693  -59.629  -18.473 0.0000000000
17463  -8.387  -59.821  -18.190 0.0000000000
17464  -8.963  -59.933  -17.958 0.0000000000
17465  -11.469  -59.820  -17.988 0.0000000000
17466  -11.927  -59.658  -18.220 0.0000000000
17488  -3.136  -59.961  -20.345 0.0000000000
17489  -3.437  -59.397  -20.025 0.0000000000
17490  -4.210  -59.045  -19.665 0.0000000000
17491  -4.965  -58.827  -19.519 0.0000000000
17492  -12.604  -59.617  -18.923 0.0000000000
17493  -13.088  -59.697  -19.684 0.0000000000
17501  -0.679  -59.872  -20.243 0.0000000000
17502  -3.210  -59.671  -20.669 0.0000000000
17503  -3.394  -59.063  -20.988 0.0000000000
17504  -13.586  -59.856  -20.482 0.0000000000
17512  -0.837  -59.662  -21.654 0.0000000000
17513  -0.990  -59.105  -22.310 0.0000000000
17514  -3.257  -59.666  -21.236 0.0000000000
17515  -3.407  -59.180  -21.924 0.0000000000
17516  -13.891  -59.578  -21.337 0.0000000000
17517  -14.049  -59.360  -22.077 0.0000000000
17519  -0.963  -59.711  -22.577 0.0000000000
17520  -1.514  -59.281  -23.084 0.0000000000
17521  -3.518  -59.122  -22.896 0.0000000000
17522  -6.985  -59.890  -23.392 0.0000000000
17523  -7.242  -59.897  -23.374 0.0000000000
17524  -13.823  -60.021  -23.244 0.0000000000
17525  -14.157  -59.430  -22.928 0.0000000000
17532  -2.325  -59.345  -24.006 0.0000000000
17533  -2.931  -59.098  -24.176 0.0000000000
17534  -3.385  -59.260  -23.798 0.0000000000
17535  -6.545  -59.771  -24.237 0.0000000000
17536  -6.906  -59.602  -23.834 0.0000000000
17537  -7.797  -59.645  -23.788 0.0000000000
17538  -8.636  -59.702  -23.949 0.0000000000
17539  -13.928  -59.755  -23.891 0.0000000000
17540  -14.420  -58.989  -23.913 0.0000000000
17550  -2.755  -59.629  -24.604 0.0000000000
17551  -3.172  -59.680  -24.483 0.0000000000
17552  -3.408  -59.851  -24.226 0.0000000000
17553  -6.723  -59.348  -24.893 0.0000000000
17554  -7.383  -59.204  -24.570 0.0000000000
17555  -8.241  -59.212  -24.781 0.0000000000
17556  -9.333  -59.683  -24.565 0.0000000000
17557  -10.072  -59.978  -24.633 0.0000000000
17558  -13.932  -59.255  -24.856 0.0000000000
17559  -14.532  -58.599  -24.681 0.0000000000
17573  -6.723  -59.235  -25.721 0.0000000000
17574  -8.345  -58.924  -25.354 0.0000000000
17575  -8.937  -58.938  -25.583 0.0000000000
17576  -10.407  -59.584  -25.462 0.0000000000
17577  -11.701  -59.437  -26.035 0.0000000000
17578  -12.726  -59.446  -26.096 0.0000000000
17579  -13.604  -59.216  -25.846 0.0000000000
17580  -14.280  -58.795  -25.434 0.0000000000
17597  -6.803  -59.295  -26.398 0.0000000000
17598  -7.083  -58.969  -26.656 0.0000000000
17599  -8.967  -58.564  -26.137 0.0000000000
17600  -9.586  -58.637  -26.380 0.0000000000
17601  -10.804  -58.558  -26.976 0.0000000000
17602  -12.030  -59.116  -27.004 0.0000000000
17603  -13.106  -59.292  -26.817 0.0000000000
17604  -14.253  -58.978  -26.404 0.0000000000
17605  -14.897  -58.835  -26.618 0.0000000000
17621  -6.862  -59.551  -26.852 0.0000000000
17622  -7.139  -59.261  -27.083 0.0000000000
17623  -10.909  -58.040  -27.876 0.0000000000
17624  -11.578  -58.415  -27.927 0.0000000000
17625  -12.471  -59.046  -27.818 0.0000000000
17626  -13.523  -59.305  -27.639 0.0000000000
17627  -14.819  -59.334  -27.479 0.0000000000
17628  -15.549  -59.588  -28.020 0.0000000000
17645  -7.470  -59.427  -27.690 0.0000000000
17646  -7.946  -59.264  -28.152 0.0000000000
17647  -8.731  -59.090  -28.547 0.0000000000
17648  -9.439  -58.761  -28.787 0.0000000000
17649  -12.025  -58.677  -28.669 0.0000000000
17650  -12.816  -59.163  -28.703 0.0000000000
17651  -13.841  -59.529  -28.716 0.0000000000
17652  -14.935  -59.791  -28.985 0.0000000000
17653  -16.126  -59.702  -28.661 0.0000000000
17654  -16.812  -59.436  -29.048 0.0000000000
17671  -9.216  -59.382  -28.881 0.0000000000
17672  -9.928  -59.171  -29.241 0.0000000000
17673  -10.992  -59.256  -29.736 0.0000000000
17674  -12.060  -59.029  -29.538 0.0000000000
17675  -13.139  -59.366  -29.671 0.0000000000
17676  -14.003  -59.712  -29.811 0.0000000000
17677  -14.530  -59.880  -29.825 0.0000000000
17678  -16.502  -59.805  -29.421 0.0000000000
17679  -17.198  -59.724  -30.037 0.0000000000
17695  -11.752  -59.697  -30.188 0.0000000000
17696  -12.575  -59.664  -30.310 0.0000000000
17697  -13.458  -59.750  -30.433 0.0000000000
17698  -13.935  -59.836  -30.418 0.0000000000
18453  -6.838  -57.769  -15.049 0.0000000000
18454  -7.469  -57.923  -15.055 0.0000000000
18455  -7.954  -57.952  -15.060 0.0000000000
18464  -6.427  -57.801  -15.594 0.0000000000
18465  -7.154  -58.161  -15.663 0.0000000000
18466  -8.017  -58.303  -15.634 0.0000000000
18467  -8.947  -58.360  -15.699 0.0000000000
18468  -9.622  -58.189  -15.873 0.0000000000
18476  -6.728  -58.080  -16.536 0.0000000000
18477  -7.532  -58.435  -16.651 0.0000000000
18478  -8.518  -58.809  -16.782 0.0000000000
18479  -9.462  -58.734  -16.338 0.0000000000
18480  -10.196  -58.393  -16.373 0.0000000000
18481  -10.873  -58.291  -16.828 0.0000000000
18491  -6.925  -58.315  -17.552 0.0000000000
18492  -7.683  -58.880  -17.837 0.0000000000
18493  -8.309  -59.070  -17.609 0.0000000000
18494  -11.393  -58.391  -17.400 0.0000000000
18495  -11.804  -58.752  -17.827 0.0000000000
18512  -6.017  -58.260  -19.153 0.0000000000
18513  -6.655  -58.598  -18.524 0.0000000000
18514  -7.273  -59.132  -18.511 0.0000000000
18515  -11.766  -58.221  -17.992 0.0000000000
18516  -12.216  -58.733  -18.498 0.0000000000
18528  -0.930  -58.818  -19.465 0.0000000000
18529  -4.000  -58.725  -20.078 0.0000000000
18530  -4.641  -58.224  -20.118 0.0000000000
18531  -5.480  -58.275  -19.560 0.0000000000
18532  -12.730  -58.806  -19.529 0.0000000000
18533  -13.268  -59.080  -20.130 0.0000000000
18541  -1.001  -58.569  -20.873 0.0000000000
18542  -1.562  -57.831  -21.203 0.0000000000
18543  -3.899  -58.413  -20.634 0.0000000000
18544  -4.333  -57.870  -20.664 0.0000000000
18545  -12.818  -58.283  -20.456 0.0000000000
18546  -13.582  -58.901  -20.784 0.0000000000
18554  -0.968  -58.871  -21.769 0.0000000000
18555  -1.529  -58.333  -22.158 0.0000000000
18556  -3.653  -58.286  -21.507 0.0000000000
18557  -13.251  -58.164  -21.134 0.0000000000
18558  -13.859  -58.668  -21.583 0.0000000000
18559  -14.175  -58.635  -22.331 0.0000000000
18562  -2.437  -58.415  -23.229 0.0000000000
18563  -2.892  -57.976  -23.381 0.0000000000
18564  -3.513  -58.336  -22.386 0.0000000000
18565  -14.563  -58.406  -23.107 0.0000000000
18576  -2.712  -58.732  -23.874 0.0000000000
18577  -3.076  -58.284  -23.785 0.0000000000
18578  -3.381  -58.422  -23.196 0.0000000000
18579  -14.864  -58.252  -23.945 0.0000000000
18596  -7.220  -58.999  -25.166 0.0000000000
18597  -7.732  -58.944  -25.197 0.0000000000
18598  -8.110  -58.922  -25.287 0.0000000000
18599  -15.010  -58.059  -24.624 0.0000000000
18600  -15.225  -57.722  -24.878 0.0000000000
18617  -6.961  -58.963  -25.602 0.0000000000
18618  -7.483  -58.794  -25.690 0.0000000000
18619  -8.239  -58.681  -25.739 0.0000000000
18620  -8.718  -58.561  -26.021 0.0000000000
18621  -14.697  -58.399  -25.128 0.0000000000
18622  -15.073  -58.087  -25.237 0.0000000000
18634  -6.810  -58.983  -25.994 0.0000000000
18635  -7.144  -58.832  -26.228 0.0000000000
18636  -7.842  -58.555  -26.387 0.0000000000
18637  -8.786  -58.388  -26.599 0.0000000000
18638  -9.736  -58.077  -27.242 0.0000000000
18639  -10.381  -57.936  -27.717 0.0000000000
18640  -14.690  -58.528  -25.618 0.0000000000
18641  -15.181  -58.312  -26.021 0.0000000000
18642  -15.765  -58.191  -26.560 0.0000000000
18659  -7.448  -58.727  -26.877 0.0000000000
18660  -8.164  -58.438  -27.201 0.0000000000
18661  -9.016  -58.162  -27.616 0.0000000000
18662  -9.815  -57.860  -28.061 0.0000000000
18663  -10.544  -57.915  -28.308 0.0000000000
18664  -11.078  -58.103  -28.356 0.0000000000
18665  -15.364  -58.698  -26.782 0.0000000000
18666  -16.179  -58.816  -27.422 0.0000000000
18667  -16.884  -58.396  -28.145 0.0000000000
18686  -7.666  -58.823  -27.565 0.0000000000
18687  -8.371  -58.502  -27.997 0.0000000000
18688  -9.216  -58.292  -28.360 0.0000000000
18689  -10.066  -58.253  -28.768 0.0000000000
18690  -10.867  -58.217  -28.800 0.0000000000
18691  -11.447  -58.341  -28.716 0.0000000000
18692  -16.715  -59.061  -28.389 0.0000000000
18693  -17.294  -58.693  -28.996 0.0000000000
18708  -10.647  -58.599  -29.230 0.0000000000
18709  -11.309  -58.606  -29.221 0.0000000000
18710  -11.709  -58.615  -29.070 0.0000000000
18711  -17.945  -58.463  -30.086 0.0000000000
19482  -4.945  -56.449  -14.680 0.0000000000
19483  -5.260  -56.619  -14.740 0.0000000000
19484  -6.100  -57.226  -14.801 0.0000000000
19485  -7.072  -57.302  -14.734 0.0000000000
19486  -7.767  -57.456  -14.969 0.0000000000
19500  -4.819  -56.600  -14.917 0.0000000000
19501  -5.280  -57.119  -15.210 0.0000000000
19502  -5.811  -57.497  -15.557 0.0000000000
19503  -8.415  -57.664  -15.253 0.0000000000
19504  -9.231  -57.508  -15.685 0.0000000000
19505  -9.890  -57.740  -16.012 0.0000000000
19515  -4.770  -56.754  -15.719 0.0000000000
19516  -5.365  -57.263  -16.120 0.0000000000
19517  -6.043  -57.641  -16.402 0.0000000000
19518  -9.634  -57.189  -16.165 0.0000000000
19519  -10.259  -57.489  -16.664 0.0000000000
19520  -10.977  -57.785  -17.137 0.0000000000
19530  -4.986  -56.799  -16.662 0.0000000000
19531  -5.658  -57.167  -17.297 0.0000000000
19532  -6.356  -57.748  -17.448 0.0000000000
19533  -10.561  -57.316  -17.439 0.0000000000
19534  -11.255  -57.717  -17.789 0.0000000000
19551  -1.447  -58.182  -18.668 0.0000000000
19552  -2.036  -57.397  -18.727 0.0000000000
19553  -5.419  -56.982  -19.263 0.0000000000
19554  -5.924  -57.436  -18.639 0.0000000000
19555  -6.495  -58.021  -18.101 0.0000000000
19556  -10.634  -57.239  -18.341 0.0000000000
19557  -11.549  -57.797  -18.758 0.0000000000
19558  -12.184  -58.184  -19.290 0.0000000000
19568  -1.448  -57.836  -19.760 0.0000000000
19569  -2.229  -57.152  -19.467 0.0000000000
19570  -5.259  -57.389  -19.737 0.0000000000
19571  -5.767  -57.833  -19.371 0.0000000000
19572  -10.556  -57.154  -19.636 0.0000000000
19573  -11.599  -57.777  -19.830 0.0000000000
19574  -12.311  -58.137  -19.926 0.0000000000
19584  -1.426  -57.858  -20.594 0.0000000000
19585  -2.005  -57.355  -20.493 0.0000000000
19586  -4.105  -57.686  -21.121 0.0000000000
19587  -4.537  -57.313  -20.643 0.0000000000
19588  -10.498  -56.963  -20.454 0.0000000000
19589  -11.132  -57.274  -20.721 0.0000000000
19590  -12.013  -57.791  -20.477 0.0000000000
19599  -2.288  -57.367  -21.747 0.0000000000
19600  -2.857  -57.148  -22.079 0.0000000000
19601  -3.811  -57.448  -21.779 0.0000000000
19602  -4.222  -57.200  -21.219 0.0000000000
19603  -11.362  -57.047  -21.315 0.0000000000
19604  -12.265  -57.433  -21.383 0.0000000000
19605  -13.438  -57.875  -21.728 0.0000000000
19606  -13.918  -58.213  -22.001 0.0000000000
19611  -2.249  -57.851  -22.553 0.0000000000
19612  -2.917  -57.615  -22.745 0.0000000000
19613  -3.343  -57.855  -22.627 0.0000000000
19614  -12.486  -57.004  -22.045 0.0000000000
19615  -13.129  -57.203  -22.073 0.0000000000
19616  -14.112  -57.606  -22.469 0.0000000000
19632  -3.070  -57.823  -23.415 0.0000000000
19633  -3.170  -57.953  -23.239 0.0000000000
19634  -14.962  -57.412  -23.483 0.0000000000
19635  -15.384  -56.926  -23.914 0.0000000000
19650  -15.138  -57.810  -24.050 0.0000000000
19651  -15.329  -57.407  -24.355 0.0000000000
19659  -15.570  -57.388  -25.282 0.0000000000
19660  -16.045  -57.041  -25.937 0.0000000000
19666  -15.768  -57.663  -26.077 0.0000000000
19667  -16.284  -57.473  -26.687 0.0000000000
19682  -16.857  -57.591  -27.630 0.0000000000
19683  -17.216  -57.665  -28.503 0.0000000000
19698  -17.498  -57.627  -29.276 0.0000000000
19708  -17.836  -57.291  -29.861 0.0000000000
20456  -3.935  -55.340  -14.852 0.0000000000
20457  -4.780  -55.955  -14.581 0.0000000000
20458  -5.745  -56.185  -14.578 0.0000000000
20459  -6.630  -56.485  -14.751 0.0000000000
20460  -7.493  -56.573  -15.118 0.0000000000
20461  -8.070  -57.076  -15.174 0.0000000000
20472  -3.891  -55.522  -15.700 0.0000000000
20473  -4.283  -56.150  -15.255 0.0000000000
20474  -7.633  -56.164  -15.724 0.0000000000
20475  -8.384  -56.589  -15.861 0.0000000000
20476  -9.209  -56.866  -16.016 0.0000000000
20486  -4.000  -55.502  -16.233 0.0000000000
20487  -4.360  -56.029  -16.427 0.0000000000
20488  -8.422  -56.225  -16.697 0.0000000000
20489  -9.215  -56.551  -16.943 0.0000000000
20490  -10.002  -57.047  -17.183 0.0000000000
20496  -2.150  -56.556  -17.941 0.0000000000
20497  -5.062  -56.396  -17.737 0.0000000000
20498  -5.630  -56.899  -18.033 0.0000000000
20499  -9.288  -56.239  -18.212 0.0000000000
20500  -9.913  -56.840  -17.800 0.0000000000
20516  -2.378  -56.536  -18.733 0.0000000000
20517  -5.235  -56.519  -18.866 0.0000000000
20518  -5.523  -56.783  -18.358 0.0000000000
20519  -9.352  -56.178  -18.989 0.0000000000
20520  -9.824  -56.728  -18.774 0.0000000000
20531  -2.533  -56.588  -19.252 0.0000000000
20532  -5.093  -56.650  -19.584 0.0000000000
20533  -9.339  -55.885  -19.471 0.0000000000
20534  -9.638  -56.462  -19.593 0.0000000000
20543  -2.568  -56.692  -19.832 0.0000000000
20544  -4.700  -56.592  -20.207 0.0000000000
20545  -9.479  -55.950  -20.149 0.0000000000
20546  -9.947  -56.563  -20.445 0.0000000000
20547  -10.441  -56.779  -20.888 0.0000000000
20556  -2.576  -56.692  -20.763 0.0000000000
20557  -2.989  -56.683  -21.509 0.0000000000
20558  -3.634  -56.756  -21.548 0.0000000000
20559  -4.232  -56.633  -21.009 0.0000000000
20560  -9.588  -55.931  -20.960 0.0000000000
20561  -10.011  -56.316  -21.291 0.0000000000
20562  -10.706  -56.687  -21.514 0.0000000000
20563  -11.377  -56.843  -21.759 0.0000000000
20570  -3.185  -57.088  -22.068 0.0000000000
20571  -3.392  -57.340  -22.188 0.0000000000
20572  -9.649  -55.812  -21.684 0.0000000000
20573  -9.992  -56.052  -22.217 0.0000000000
20574  -10.815  -56.347  -22.437 0.0000000000
20575  -11.846  -56.653  -22.289 0.0000000000
20576  -12.732  -56.555  -22.471 0.0000000000
20577  -13.640  -56.589  -22.621 0.0000000000
20591  -10.129  -55.968  -23.010 0.0000000000
20592  -10.639  -55.948  -23.232 0.0000000000
20593  -14.485  -56.540  -23.105 0.0000000000
20594  -15.198  -56.381  -23.676 0.0000000000
20604  -15.601  -56.479  -24.489 0.0000000000
20610  -15.984  -56.304  -25.486 0.0000000000
20611  -16.237  -56.321  -26.402 0.0000000000
20617  -16.557  -56.543  -27.280 0.0000000000
20636  -16.944  -56.519  -28.402 0.0000000000
20637  -17.296  -57.075  -28.864 0.0000000000
20651  -16.912  -56.031  -29.006 0.0000000000
20652  -17.307  -56.529  -29.342 0.0000000000
21384  -3.738  -54.336  -14.768 0.0000000000
21385  -4.460  -54.791  -14.519 0.0000000000
21386  -5.368  -55.140  -14.626 0.0000000000
21387  -6.387  -55.412  -15.040 0.0000000000
21388  -6.923  -56.018  -15.059 0.0000000000
21400  -3.543  -54.714  -15.500 0.0000000000
21401  -6.757  -55.032  -15.557 0.0000000000
21402  -7.153  -55.548  -15.622 0.0000000000
21403  -7.655  -55.747  -16.236 0.0000000000
21414  -3.708  -55.051  -16.251 0.0000000000
21415  -4.058  -55.343  -16.670 0.0000000000
21416  -7.968  -55.999  -16.682 0.0000000000
21417  -8.293  -55.751  -17.231 0.0000000000
21422  -2.060  -55.684  -17.239 0.0000000000
21423  -3.831  -54.837  -16.948 0.0000000000
21424  -4.259  -55.363  -17.526 0.0000000000
21425  -8.764  -55.556  -17.876 0.0000000000
21438  -2.270  -55.618  -18.097 0.0000000000
21439  -4.647  -55.677  -18.568 0.0000000000
21440  -9.221  -55.485  -18.814 0.0000000000
21452  -2.718  -55.885  -18.977 0.0000000000
21453  -3.210  -55.693  -19.334 0.0000000000
21454  -3.621  -55.634  -19.567 0.0000000000
21455  -4.615  -55.957  -19.501 0.0000000000
21456  -9.472  -55.352  -19.745 0.0000000000
21464  -2.951  -56.233  -19.974 0.0000000000
21465  -3.407  -56.040  -20.125 0.0000000000
21466  -3.886  -55.928  -20.140 0.0000000000
21467  -4.199  -56.016  -20.228 0.0000000000
21468  -9.558  -55.382  -20.626 0.0000000000
21474  -3.036  -56.272  -20.730 0.0000000000
21475  -3.500  -56.223  -20.910 0.0000000000
21476  -3.997  -56.247  -20.823 0.0000000000
21477  -4.194  -56.267  -20.704 0.0000000000
21478  -9.502  -55.364  -21.495 0.0000000000
21483  -9.451  -55.372  -22.416 0.0000000000
21484  -9.680  -55.645  -23.004 0.0000000000
21485  -11.296  -56.168  -22.968 0.0000000000
21486  -12.095  -56.075  -23.068 0.0000000000
21487  -13.087  -55.949  -23.079 0.0000000000
21488  -13.939  -55.924  -23.136 0.0000000000
21498  -9.450  -55.151  -23.297 0.0000000000
21499  -10.012  -55.357  -23.835 0.0000000000
21500  -11.219  -55.629  -23.709 0.0000000000
21501  -12.388  -55.347  -23.851 0.0000000000
21502  -13.570  -55.364  -23.601 0.0000000000
21503  -14.611  -55.426  -23.729 0.0000000000
21504  -15.361  -55.701  -24.147 0.0000000000
21513  -10.740  -55.107  -24.391 0.0000000000
21514  -11.601  -55.121  -24.352 0.0000000000
21515  -12.073  -55.081  -24.311 0.0000000000
21516  -15.163  -55.111  -24.353 0.0000000000
21517  -15.610  -55.380  -24.966 0.0000000000
21524  -15.937  -55.350  -26.220 0.0000000000
21525  -16.163  -55.809  -26.501 0.0000000000
21538  -15.832  -55.059  -27.317 0.0000000000
21539  -16.193  -55.786  -26.926 0.0000000000
21557  -15.840  -54.919  -28.217 0.0000000000
21558  -16.320  -55.677  -27.853 0.0000000000
21569  -16.451  -55.336  -28.924 0.0000000000
21570  -16.969  -55.827  -29.263 0.0000000000
22360  -3.701  -53.612  -14.780 0.0000000000
22361  -4.222  -53.751  -14.608 0.0000000000
22362  -5.060  -54.044  -14.735 0.0000000000
22363  -5.883  -54.342  -15.218 0.0000000000
22375  -3.312  -53.633  -15.367 0.0000000000
22376  -6.569  -54.513  -15.567 0.0000000000
22377  -6.965  -54.657  -15.892 0.0000000000
22378  -7.488  -54.732  -16.304 0.0000000000
22379  -8.189  -54.331  -16.567 0.0000000000
22391  -1.924  -54.950  -16.351 0.0000000000
22392  -3.385  -54.192  -16.481 0.0000000000
22393  -7.903  -55.174  -16.853 0.0000000000
22394  -8.785  -54.559  -17.176 0.0000000000
22395  -9.915  -54.085  -17.338 0.0000000000
22396  -10.853  -53.944  -17.250 0.0000000000
22403  -2.093  -54.740  -17.335 0.0000000000
22404  -3.754  -54.418  -17.636 0.0000000000
22405  -4.181  -55.003  -18.373 0.0000000000
22406  -9.421  -54.729  -18.104 0.0000000000
22407  -10.509  -54.227  -18.184 0.0000000000
22408  -11.629  -53.874  -17.674 0.0000000000
22409  -12.336  -53.626  -17.658 0.0000000000
22422  -2.543  -54.751  -18.093 0.0000000000
22423  -3.478  -54.686  -18.477 0.0000000000
22424  -3.915  -54.694  -18.707 0.0000000000
22425  -4.314  -55.236  -18.976 0.0000000000
22426  -9.813  -54.663  -19.156 0.0000000000
22427  -10.685  -54.308  -19.090 0.0000000000
22428  -11.499  -54.121  -18.655 0.0000000000
22429  -12.295  -53.820  -18.260 0.0000000000
22441  -2.944  -55.082  -18.639 0.0000000000
22442  -3.385  -55.137  -18.975 0.0000000000
22443  -3.889  -55.320  -19.389 0.0000000000
22444  -4.149  -55.424  -19.489 0.0000000000
22445  -9.760  -54.769  -20.225 0.0000000000
22446  -10.400  -54.316  -19.879 0.0000000000
22447  -11.338  -54.140  -19.568 0.0000000000
22448  -12.429  -53.896  -19.227 0.0000000000
22449  -12.992  -53.686  -19.591 0.0000000000
22453  -4.066  -55.780  -19.901 0.0000000000
22454  -4.092  -55.646  -19.714 0.0000000000
22455  -9.645  -54.805  -21.147 0.0000000000
22456  -10.164  -54.300  -20.793 0.0000000000
22457  -11.045  -54.036  -20.437 0.0000000000
22458  -11.975  -53.945  -20.115 0.0000000000
22459  -12.710  -53.794  -20.081 0.0000000000
22463  -9.451  -54.761  -22.037 0.0000000000
22464  -9.871  -54.290  -21.669 0.0000000000
22465  -10.801  -53.925  -21.468 0.0000000000
22466  -11.805  -53.878  -20.873 0.0000000000
22467  -12.380  -53.827  -20.526 0.0000000000
22470  -9.356  -54.577  -22.988 0.0000000000
22471  -9.617  -54.222  -22.460 0.0000000000
22472  -10.145  -53.939  -22.163 0.0000000000
22481  -9.550  -54.583  -23.956 0.0000000000
22482  -9.767  -54.832  -24.244 0.0000000000
22483  -13.160  -54.970  -24.164 0.0000000000
22484  -14.004  -54.880  -24.034 0.0000000000
22485  -14.452  -54.940  -24.041 0.0000000000
22493  -9.685  -54.185  -24.344 0.0000000000
22494  -10.140  -54.444  -24.677 0.0000000000
22495  -11.116  -54.717  -24.982 0.0000000000
22496  -12.256  -54.764  -24.698 0.0000000000
22497  -13.440  -54.572  -24.720 0.0000000000
22498  -14.539  -54.679  -24.538 0.0000000000
22499  -15.202  -54.793  -24.816 0.0000000000
22512  -10.400  -54.068  -25.161 0.0000000000
22513  -10.785  -54.099  -25.356 0.0000000000
22514  -11.697  -54.168  -25.604 0.0000000000
22515  -12.723  -54.235  -25.505 0.0000000000
22516  -13.830  -54.214  -25.532 0.0000000000
22517  -15.018  -54.539  -25.623 0.0000000000
22529  -12.249  -53.870  -26.019 0.0000000000
22530  -13.028  -53.847  -26.254 0.0000000000
22531  -14.076  -54.041  -26.633 0.0000000000
22532  -15.135  -54.507  -26.852 0.0000000000
22544  -14.515  -54.016  -27.434 0.0000000000
22545  -15.237  -54.448  -27.769 0.0000000000
23405  -10.313  -52.804  -14.055 0.0000000000
23406  -10.732  -52.751  -13.991 0.0000000000
23415  -3.345  -52.333  -15.243 0.0000000000
23416  -3.782  -52.785  -14.834 0.0000000000
23417  -4.823  -52.986  -14.826 0.0000000000
23418  -5.711  -53.266  -15.148 0.0000000000
23419  -6.653  -53.529  -15.573 0.0000000000
23420  -7.630  -53.229  -15.518 0.0000000000
23421  -8.552  -53.138  -15.308 0.0000000000
23422  -9.638  -53.033  -14.830 0.0000000000
23423  -10.848  -53.054  -14.596 0.0000000000
23424  -11.804  -53.034  -14.976 0.0000000000
23425  -12.210  -52.838  -15.362 0.0000000000
23435  -1.850  -54.070  -15.740 0.0000000000
23436  -3.150  -52.361  -15.558 0.0000000000
23437  -3.224  -52.792  -15.544 0.0000000000
23438  -6.852  -54.157  -15.794 0.0000000000
23439  -7.241  -53.986  -15.944 0.0000000000
23440  -7.996  -53.764  -16.062 0.0000000000
23441  -8.989  -53.624  -16.105 0.0000000000
23442  -10.174  -53.464  -15.691 0.0000000000
23443  -11.214  -53.398  -15.659 0.0000000000
23444  -12.043  -53.167  -15.807 0.0000000000
23459  -2.114  -53.888  -16.539 0.0000000000
23460  -3.015  -52.651  -15.869 0.0000000000
23461  -3.136  -53.214  -16.286 0.0000000000
23462  -9.666  -53.818  -16.599 0.0000000000
23463  -10.581  -53.740  -16.508 0.0000000000
23464  -11.596  -53.571  -16.649 0.0000000000
23465  -12.472  -53.165  -16.652 0.0000000000
23466  -12.888  -53.028  -17.132 0.0000000000
23474  -2.425  -53.918  -17.390 0.0000000000
23475  -3.248  -53.624  -17.108 0.0000000000
23476  -12.170  -53.531  -17.175 0.0000000000
23477  -12.646  -53.324  -17.338 0.0000000000
23478  -13.041  -53.131  -17.580 0.0000000000
23487  -2.689  -54.033  -17.849 0.0000000000
23488  -3.003  -54.176  -17.920 0.0000000000
23489  -3.214  -54.015  -17.730 0.0000000000
23490  -12.768  -53.469  -17.911 0.0000000000
23491  -13.176  -53.222  -18.207 0.0000000000
23500  -2.820  -54.523  -18.144 0.0000000000
23501  -3.125  -54.719  -18.392 0.0000000000
23502  -12.854  -53.603  -18.526 0.0000000000
23503  -13.308  -53.415  -19.090 0.0000000000
23504  -13.730  -53.178  -19.705 0.0000000000
23509  -13.333  -53.570  -19.985 0.0000000000
23510  -13.873  -53.278  -20.445 0.0000000000
23513  -11.100  -53.733  -21.821 0.0000000000
23514  -11.618  -53.722  -21.643 0.0000000000
23515  -12.879  -53.680  -21.062 0.0000000000
23516  -14.031  -53.184  -21.402 0.0000000000
23520  -9.474  -54.081  -22.978 0.0000000000
23521  -9.863  -53.729  -22.834 0.0000000000
23522  -10.883  -53.553  -22.358 0.0000000000
23523  -12.128  -53.396  -22.256 0.0000000000
23524  -13.294  -53.201  -22.179 0.0000000000
23525  -14.183  -52.863  -22.289 0.0000000000
23538  -9.551  -53.926  -23.585 0.0000000000
23539  -10.287  -53.179  -23.544 0.0000000000
23540  -11.377  -52.988  -23.140 0.0000000000
23541  -12.547  -52.873  -23.014 0.0000000000
23542  -13.636  -52.758  -22.963 0.0000000000
23543  -14.260  -52.620  -22.867 0.0000000000
23558  -9.551  -54.072  -24.132 0.0000000000
23559  -9.960  -53.627  -24.398 0.0000000000
23576  -10.562  -53.621  -25.237 0.0000000000
23577  -11.410  -53.444  -25.931 0.0000000000
23578  -11.842  -53.707  -26.037 0.0000000000
24486  -8.076  -51.798  -12.401 0.0000000000
24487  -8.454  -51.596  -12.196 0.0000000000
24502  -7.103  -51.728  -13.481 0.0000000000
24503  -7.896  -52.095  -13.085 0.0000000000
24504  -8.826  -52.036  -12.714 0.0000000000
24505  -9.900  -52.007  -12.879 0.0000000000
24506  -10.412  -51.887  -13.034 0.0000000000
24513  -6.824  -51.953  -14.485 0.0000000000
24514  -7.643  -52.197  -14.113 0.0000000000
24515  -8.485  -52.436  -13.754 0.0000000000
24516  -9.546  -52.552  -13.677 0.0000000000
24517  -10.686  -52.302  -13.489 0.0000000000
24518  -11.303  -51.938  -13.614 0.0000000000
24525  -3.204  -52.149  -15.311 0.0000000000
24526  -3.671  -51.856  -14.982 0.0000000000
24527  -4.643  -51.977  -14.918 0.0000000000
24528  -5.539  -52.296  -14.947 0.0000000000
24529  -6.365  -52.518  -15.112 0.0000000000
24530  -7.242  -52.561  -15.069 0.0000000000
24531  -8.101  -52.665  -14.734 0.0000000000
24532  -8.881  -52.769  -14.443 0.0000000000
24533  -11.008  -52.681  -14.004 0.0000000000
24534  -11.543  -52.405  -14.179 0.0000000000
24535  -12.201  -52.450  -14.986 0.0000000000
24542  -1.990  -53.018  -15.559 0.0000000000
24543  -2.994  -52.192  -15.519 0.0000000000
24544  -3.253  -51.986  -15.220 0.0000000000
24545  -12.442  -52.559  -15.889 0.0000000000
24560  -2.547  -53.052  -16.522 0.0000000000
24561  -2.864  -52.989  -16.339 0.0000000000
24562  -3.102  -53.202  -16.839 0.0000000000
24563  -12.820  -52.546  -16.968 0.0000000000
24564  -13.060  -52.857  -17.335 0.0000000000
24575  -2.756  -53.580  -17.466 0.0000000000
24576  -2.876  -53.292  -17.205 0.0000000000
24577  -3.085  -53.374  -17.204 0.0000000000
24578  -13.032  -52.304  -17.427 0.0000000000
24579  -13.184  -52.677  -17.773 0.0000000000
24585  -2.808  -53.770  -17.789 0.0000000000
24586  -2.950  -53.642  -17.638 0.0000000000
24587  -3.037  -53.488  -17.495 0.0000000000
24588  -13.430  -52.884  -18.527 0.0000000000
24597  -13.646  -52.771  -19.194 0.0000000000
24598  -13.964  -52.707  -19.947 0.0000000000
24605  -14.212  -52.619  -20.759 0.0000000000
24611  -14.581  -52.391  -21.679 0.0000000000
24612  -15.020  -51.953  -22.257 0.0000000000
24618  -14.696  -52.423  -22.603 0.0000000000
24641  -10.406  -52.830  -23.904 0.0000000000
24642  -10.816  -52.684  -23.880 0.0000000000
24643  -11.797  -52.468  -23.807 0.0000000000
24644  -12.966  -52.372  -23.731 0.0000000000
24645  -14.268  -52.193  -23.584 0.0000000000
24664  -10.413  -52.861  -24.246 0.0000000000
24665  -11.136  -52.340  -24.652 0.0000000000
24666  -12.223  -51.977  -24.498 0.0000000000
24667  -13.296  -51.847  -24.425 0.0000000000
24681  -10.559  -52.964  -24.914 0.0000000000
24682  -11.337  -52.623  -25.721 0.0000000000
25488  -5.003  -50.899  -11.442 0.0000000000
25489  -5.933  -50.891  -11.408 0.0000000000
25490  -6.427  -50.871  -11.378 0.0000000000
25515  -4.802  -50.849  -12.432 0.0000000000
25516  -5.712  -51.214  -12.084 0.0000000000
25517  -6.706  -51.243  -11.723 0.0000000000
25518  -7.841  -51.324  -11.835 0.0000000000
25519  -8.672  -51.192  -11.931 0.0000000000
25520  -9.005  -50.947  -11.975 0.0000000000
25543  -4.721  -50.541  -13.435 0.0000000000
25544  -5.537  -51.035  -13.120 0.0000000000
25545  -6.454  -51.386  -12.772 0.0000000000
25546  -7.353  -51.641  -12.499 0.0000000000
25547  -8.824  -51.553  -12.252 0.0000000000
25548  -9.342  -51.313  -12.311 0.0000000000
25549  -10.323  -51.374  -12.830 0.0000000000
25550  -10.754  -51.054  -13.045 0.0000000000
25560  -4.603  -50.420  -14.114 0.0000000000
25561  -5.221  -50.833  -14.062 0.0000000000
25562  -6.171  -51.354  -13.960 0.0000000000
25563  -10.632  -51.787  -13.112 0.0000000000
25564  -10.960  -51.517  -13.285 0.0000000000
25573  -3.108  -51.325  -14.777 0.0000000000
25574  -3.446  -51.219  -14.805 0.0000000000
25575  -4.425  -50.930  -14.633 0.0000000000
25576  -5.410  -51.445  -14.655 0.0000000000
25577  -6.108  -51.841  -14.731 0.0000000000
25578  -11.559  -51.425  -13.977 0.0000000000
25579  -12.064  -51.857  -14.596 0.0000000000
25590  -2.105  -51.975  -14.815 0.0000000000
25591  -2.968  -51.611  -15.089 0.0000000000
25592  -3.212  -51.795  -15.075 0.0000000000
25593  -11.857  -51.212  -14.929 0.0000000000
25594  -12.349  -51.845  -15.377 0.0000000000
25597  -21.441  -51.655  -16.280 0.0000000000
25598  -22.074  -51.724  -16.238 0.0000000000
25609  -2.489  -52.187  -15.531 0.0000000000
25610  -2.705  -52.015  -15.752 0.0000000000
25611  -11.998  -51.244  -15.914 0.0000000000
25612  -12.557  -51.872  -16.329 0.0000000000
25616  -19.944  -51.601  -16.552 0.0000000000
25617  -20.855  -51.630  -16.360 0.0000000000
25624  -12.166  -51.342  -16.840 0.0000000000
25625  -12.749  -51.876  -17.274 0.0000000000
25626  -13.076  -52.150  -17.807 0.0000000000
25631  -12.291  -51.407  -17.598 0.0000000000
25632  -12.782  -51.678  -18.143 0.0000000000
25633  -13.325  -52.278  -18.531 0.0000000000
25640  -13.096  -51.696  -18.921 0.0000000000
25641  -13.622  -52.127  -19.515 0.0000000000
25642  -14.025  -52.204  -20.263 0.0000000000
25652  -13.228  -51.563  -19.620 0.0000000000
25653  -13.751  -51.644  -20.218 0.0000000000
25654  -14.331  -51.869  -20.945 0.0000000000
25666  -14.814  -51.523  -21.746 0.0000000000
25712  -11.840  -51.938  -25.322 0.0000000000
26515  -3.482  -50.067  -10.980 0.0000000000
26516  -4.423  -50.257  -10.796 0.0000000000
26517  -5.430  -50.327  -10.919 0.0000000000
26518  -6.397  -50.340  -11.201 0.0000000000
26519  -6.894  -50.050  -11.221 0.0000000000
26531  -3.423  -50.198  -12.113 0.0000000000
26532  -4.100  -50.550  -11.728 0.0000000000
26533  -6.697  -50.805  -11.365 0.0000000000
26534  -7.245  -50.543  -11.404 0.0000000000
26535  -8.302  -50.543  -11.741 0.0000000000
26536  -8.767  -50.788  -11.877 0.0000000000
26538  -12.425  -50.706  -11.607 0.0000000000
26539  -12.709  -51.181  -11.735 0.0000000000
26559  -3.521  -50.118  -12.763 0.0000000000
26560  -4.017  -50.204  -12.869 0.0000000000
26561  -8.581  -50.241  -11.904 0.0000000000
26562  -8.991  -50.437  -12.128 0.0000000000
26563  -9.830  -50.646  -12.593 0.0000000000
26564  -10.420  -50.747  -12.978 0.0000000000
26565  -12.721  -50.414  -11.973 0.0000000000
26566  -13.102  -50.853  -12.144 0.0000000000
26567  -13.649  -51.182  -12.545 0.0000000000
26579  -3.792  -50.116  -13.907 0.0000000000
26580  -4.090  -50.124  -13.782 0.0000000000
26581  -9.438  -50.053  -12.716 0.0000000000
26582  -10.028  -50.169  -13.282 0.0000000000
26583  -10.858  -50.731  -13.540 0.0000000000
26584  -13.563  -50.747  -12.613 0.0000000000
26585  -14.054  -50.895  -13.047 0.0000000000
26586  -14.622  -51.180  -13.583 0.0000000000
26594  -2.402  -51.131  -14.100 0.0000000000
26595  -2.952  -51.027  -14.598 0.0000000000
26596  -3.703  -50.387  -14.217 0.0000000000
26597  -4.248  -50.345  -14.261 0.0000000000
26598  -10.395  -50.116  -14.173 0.0000000000
26599  -11.134  -50.642  -14.509 0.0000000000
26600  -14.478  -50.600  -13.645 0.0000000000
26601  -15.110  -50.910  -14.124 0.0000000000
26602  -15.841  -50.664  -14.580 0.0000000000
26610  -2.604  -51.620  -14.987 0.0000000000
26611  -2.703  -51.590  -15.303 0.0000000000
26612  -10.390  -50.170  -15.165 0.0000000000
26613  -11.172  -50.666  -15.571 0.0000000000
26614  -16.427  -50.549  -15.060 0.0000000000
26615  -17.137  -50.464  -15.583 0.0000000000
26616  -17.776  -50.111  -15.916 0.0000000000
26617  -20.627  -50.322  -16.349 0.0000000000
26618  -21.130  -50.745  -16.313 0.0000000000
26619  -22.301  -50.700  -16.352 0.0000000000
26631  -2.608  -51.732  -15.510 0.0000000000
26632  -2.584  -51.717  -15.658 0.0000000000
26633  -9.470  -49.931  -16.871 0.0000000000
26634  -10.058  -50.192  -16.414 0.0000000000
26635  -11.310  -50.830  -16.637 0.0000000000
26636  -17.744  -50.788  -16.051 0.0000000000
26637  -18.479  -50.560  -16.268 0.0000000000
26638  -19.443  -50.695  -16.402 0.0000000000
26639  -20.357  -50.608  -16.359 0.0000000000
26640  -20.791  -50.963  -16.296 0.0000000000
26655  -7.945  -50.182  -18.296 0.0000000000
26656  -8.978  -50.149  -17.637 0.0000000000
26657  -10.598  -50.771  -17.734 0.0000000000
26658  -11.678  -51.066  -17.426 0.0000000000
26666  -7.394  -50.423  -19.910 0.0000000000
26667  -8.031  -50.678  -19.065 0.0000000000
26668  -9.616  -50.891  -18.841 0.0000000000
26669  -10.832  -50.995  -18.847 0.0000000000
26670  -11.887  -51.221  -18.384 0.0000000000
26671  -12.603  -51.477  -18.658 0.0000000000
26676  -8.100  -50.756  -20.464 0.0000000000
26677  -9.173  -51.043  -20.076 0.0000000000
26678  -10.477  -51.044  -19.794 0.0000000000
26679  -11.685  -51.121  -19.521 0.0000000000
26680  -12.569  -51.376  -19.232 0.0000000000
26686  -10.254  -50.843  -20.891 0.0000000000
26687  -11.506  -50.887  -20.567 0.0000000000
26688  -12.857  -51.126  -20.327 0.0000000000
26689  -13.931  -51.261  -20.924 0.0000000000
26690  -14.420  -51.392  -21.280 0.0000000000
26698  -12.500  -50.520  -21.279 0.0000000000
26699  -13.585  -50.692  -21.324 0.0000000000
26700  -14.474  -50.887  -21.585 0.0000000000
27532  -3.261  -48.911  -9.516 0.0000000000
27533  -3.735  -48.855  -9.605 0.0000000000
27550  -2.944  -49.465  -10.261 0.0000000000
27551  -3.886  -49.369  -10.056 0.0000000000
27552  -4.958  -49.554  -10.380 0.0000000000
27553  -5.942  -49.519  -10.803 0.0000000000
27554  -6.711  -49.575  -11.095 0.0000000000
27555  -9.720  -49.123  -9.872 0.0000000000
27556  -10.030  -49.424  -10.127 0.0000000000
27557  -10.780  -49.830  -10.398 0.0000000000
27566  -2.759  -49.922  -11.462 0.0000000000
27567  -7.255  -49.731  -11.293 0.0000000000
27568  -7.785  -49.935  -11.578 0.0000000000
27569  -11.597  -49.895  -11.035 0.0000000000
27570  -12.071  -50.193  -11.404 0.0000000000
27588  -2.572  -50.186  -12.348 0.0000000000
27589  -3.167  -50.118  -12.719 0.0000000000
27590  -3.602  -50.085  -13.120 0.0000000000
27591  -8.422  -49.756  -12.026 0.0000000000
27592  -8.982  -49.749  -12.515 0.0000000000
27593  -11.981  -49.858  -11.518 0.0000000000
27594  -12.382  -49.963  -11.916 0.0000000000
27595  -12.859  -50.189  -12.248 0.0000000000
27605  -2.469  -50.522  -13.140 0.0000000000
27606  -2.943  -50.262  -13.302 0.0000000000
27607  -3.554  -50.173  -13.611 0.0000000000
27608  -3.812  -50.046  -13.390 0.0000000000
27609  -8.733  -49.291  -12.623 0.0000000000
27610  -9.280  -49.438  -13.258 0.0000000000
27611  -9.843  -49.674  -13.931 0.0000000000
27612  -12.740  -49.679  -12.455 0.0000000000
27613  -13.341  -50.044  -12.785 0.0000000000
27614  -14.025  -49.985  -13.451 0.0000000000
27623  -2.749  -50.548  -13.865 0.0000000000
27624  -3.216  -50.333  -13.956 0.0000000000
27625  -3.493  -50.188  -13.957 0.0000000000
27626  -9.553  -49.204  -14.238 0.0000000000
27627  -9.908  -49.692  -14.743 0.0000000000
27628  -14.599  -49.915  -13.988 0.0000000000
27629  -15.340  -49.814  -14.344 0.0000000000
27630  -16.049  -49.762  -14.715 0.0000000000
27637  -9.592  -49.229  -15.225 0.0000000000
27638  -9.801  -49.792  -15.677 0.0000000000
27639  -16.685  -49.659  -15.112 0.0000000000
27640  -17.422  -49.490  -15.471 0.0000000000
27641  -18.320  -49.488  -15.968 0.0000000000
27642  -19.280  -49.339  -16.271 0.0000000000
27643  -20.332  -49.734  -16.330 0.0000000000
27644  -21.307  -49.648  -16.331 0.0000000000
27645  -22.129  -49.594  -16.446 0.0000000000
27654  -9.396  -49.463  -16.427 0.0000000000
27655  -9.698  -49.847  -16.124 0.0000000000
27656  -19.035  -49.972  -16.376 0.0000000000
27657  -19.780  -50.024  -16.419 0.0000000000
27658  -20.178  -50.075  -16.402 0.0000000000
27673  -7.087  -49.654  -18.444 0.0000000000
27674  -7.755  -49.577  -17.930 0.0000000000
27675  -8.563  -49.119  -17.259 0.0000000000
27685  -6.983  -49.412  -19.300 0.0000000000
27686  -6.919  -49.983  -19.087 0.0000000000
27687  -7.406  -50.138  -18.506 0.0000000000
28546  -5.560  -47.800  -8.685 0.0000000000
28547  -6.158  -47.724  -9.050 0.0000000000
28570  -3.921  -48.587  -9.135 0.0000000000
28571  -5.083  -48.404  -9.277 0.0000000000
28572  -6.234  -48.158  -9.553 0.0000000000
28573  -6.907  -48.100  -10.023 0.0000000000
28574  -9.447  -48.459  -9.530 0.0000000000
28575  -9.625  -48.183  -9.989 0.0000000000
28587  -4.001  -48.876  -9.657 0.0000000000
28588  -4.542  -48.853  -9.834 0.0000000000
28589  -5.567  -48.803  -10.158 0.0000000000
28590  -6.780  -48.721  -10.609 0.0000000000
28591  -7.343  -48.876  -11.102 0.0000000000
28592  -9.614  -48.903  -9.726 0.0000000000
28593  -9.946  -48.562  -10.219 0.0000000000
28594  -10.465  -49.073  -10.557 0.0000000000
28602  -7.161  -49.206  -11.140 0.0000000000
28603  -7.726  -49.098  -11.588 0.0000000000
28604  -10.535  -48.463  -10.858 0.0000000000
28605  -11.036  -49.006  -11.160 0.0000000000
28624  -8.350  -48.852  -12.296 0.0000000000
28625  -11.787  -49.310  -11.807 0.0000000000
28626  -12.322  -49.324  -12.356 0.0000000000
28637  -8.819  -48.721  -12.957 0.0000000000
28638  -9.244  -48.635  -13.705 0.0000000000
28639  -11.951  -48.734  -12.517 0.0000000000
28640  -12.705  -48.873  -12.970 0.0000000000
28641  -13.556  -49.148  -13.391 0.0000000000
28642  -14.134  -49.255  -13.784 0.0000000000
28651  -9.462  -48.555  -14.608 0.0000000000
28652  -13.143  -48.421  -13.582 0.0000000000
28653  -13.766  -48.464  -13.890 0.0000000000
28654  -14.668  -48.788  -14.138 0.0000000000
28655  -15.578  -48.813  -14.564 0.0000000000
28656  -16.251  -49.068  -14.843 0.0000000000
28664  -9.385  -48.472  -15.638 0.0000000000
28665  -16.069  -48.432  -14.854 0.0000000000
28666  -16.792  -48.663  -15.112 0.0000000000
28667  -17.751  -48.625  -15.479 0.0000000000
28668  -18.658  -48.591  -15.913 0.0000000000
28669  -19.631  -48.625  -16.091 0.0000000000
28670  -20.553  -48.678  -16.167 0.0000000000
28682  -8.328  -48.092  -17.066 0.0000000000
28683  -8.790  -48.290  -16.763 0.0000000000
28698  -6.826  -48.396  -18.366 0.0000000000
28699  -7.026  -48.814  -18.110 0.0000000000
28700  -7.990  -48.416  -17.418 0.0000000000
28701  -8.487  -48.611  -17.208 0.0000000000
28711  -6.794  -48.985  -18.776 0.0000000000
28712  -6.873  -49.415  -18.600 0.0000000000
28725  -6.924  -48.957  -19.206 0.0000000000
29617  -6.050  -47.264  -8.907 0.0000000000
29634  -6.397  -47.492  -9.325 0.0000000000
29635  -6.792  -47.528  -9.786 0.0000000000
29636  -9.171  -47.585  -9.341 0.0000000000
29637  -9.476  -47.873  -9.848 0.0000000000
29650  -7.381  -47.739  -10.432 0.0000000000
29651  -7.673  -48.400  -11.037 0.0000000000
29652  -9.410  -47.306  -10.099 0.0000000000
29653  -9.800  -47.762  -10.289 0.0000000000
29664  -7.922  -47.590  -11.114 0.0000000000
29665  -8.258  -48.106  -11.729 0.0000000000
29666  -9.773  -47.115  -10.689 0.0000000000
29667  -10.262  -47.609  -11.047 0.0000000000
29668  -10.790  -48.145  -11.395 0.0000000000
29686  -8.620  -48.083  -12.496 0.0000000000
29687  -10.619  -47.531  -11.932 0.0000000000
29688  -11.270  -48.270  -12.102 0.0000000000
29703  -9.039  -47.887  -13.198 0.0000000000
29704  -9.392  -47.812  -14.012 0.0000000000
29705  -10.955  -47.391  -12.686 0.0000000000
29706  -11.747  -47.805  -13.182 0.0000000000
29707  -12.568  -48.006  -13.564 0.0000000000
29718  -9.378  -47.755  -14.871 0.0000000000
29719  -12.150  -47.333  -13.972 0.0000000000
29720  -13.056  -47.679  -14.075 0.0000000000
29721  -13.935  -47.605  -14.386 0.0000000000
29722  -14.924  -47.868  -14.520 0.0000000000
29723  -15.591  -47.973  -14.743 0.0000000000
29732  -9.125  -47.451  -15.803 0.0000000000
29751  -6.804  -47.132  -17.226 0.0000000000
29752  -7.279  -47.323  -16.985 0.0000000000
29753  -8.085  -47.627  -16.861 0.0000000000
29754  -8.673  -47.553  -16.446 0.0000000000
29767  -6.714  -47.715  -17.925 0.0000000000
29768  -7.181  -47.859  -17.534 0.0000000000
29769  -7.594  -47.794  -17.233 0.0000000000
29781  -6.866  -47.966  -18.600 0.0000000000
29797  -6.854  -48.601  -18.925 0.0000000000
30754  -5.716  -46.779  -8.921 0.0000000000
30757  -8.900  -46.893  -9.003 0.0000000000
30772  -5.269  -46.406  -9.282 0.0000000000
30773  -6.190  -46.752  -9.619 0.0000000000
30774  -6.944  -46.974  -10.249 0.0000000000
30775  -8.585  -46.308  -9.405 0.0000000000
30776  -9.002  -46.835  -9.759 0.0000000000
30790  -3.889  -45.674  -10.504 0.0000000000
30791  -4.917  -46.165  -10.318 0.0000000000
30792  -6.313  -46.473  -10.779 0.0000000000
30793  -7.412  -46.886  -10.954 0.0000000000
30794  -8.827  -46.246  -10.094 0.0000000000
30795  -9.284  -46.513  -10.578 0.0000000000
30807  -4.178  -45.781  -11.118 0.0000000000
30808  -5.224  -46.052  -11.822 0.0000000000
30809  -6.938  -46.404  -11.809 0.0000000000
30810  -8.177  -46.993  -11.755 0.0000000000
30811  -8.499  -47.597  -12.134 0.0000000000
30812  -9.843  -46.488  -11.520 0.0000000000
30813  -10.257  -47.060  -11.756 0.0000000000
30827  -5.251  -45.749  -13.090 0.0000000000
30828  -6.406  -46.130  -12.892 0.0000000000
30829  -7.790  -46.524  -12.747 0.0000000000
30830  -8.623  -47.241  -12.635 0.0000000000
30831  -9.915  -46.060  -12.218 0.0000000000
30832  -10.287  -46.634  -12.497 0.0000000000
30849  -5.264  -45.540  -13.641 0.0000000000
30850  -6.005  -45.826  -14.013 0.0000000000
30851  -7.401  -46.242  -13.808 0.0000000000
30852  -8.800  -46.839  -13.705 0.0000000000
30853  -9.302  -47.279  -14.322 0.0000000000
30854  -10.956  -46.660  -13.581 0.0000000000
30855  -11.578  -47.059  -13.804 0.0000000000
30866  -6.331  -45.798  -15.137 0.0000000000
30867  -7.087  -46.168  -14.846 0.0000000000
30868  -8.186  -46.473  -14.677 0.0000000000
30869  -9.095  -46.928  -14.806 0.0000000000
30884  -6.624  -45.941  -16.105 0.0000000000
30885  -7.027  -46.247  -15.814 0.0000000000
30886  -7.815  -46.503  -15.566 0.0000000000
30887  -8.620  -46.741  -15.427 0.0000000000
30909  -6.735  -46.394  -16.850 0.0000000000
30910  -6.955  -46.633  -16.613 0.0000000000
30911  -7.557  -46.839  -16.390 0.0000000000
30912  -8.398  -46.995  -16.167 0.0000000000
31954  -3.840  -45.404  -8.991 0.0000000000
31956  -4.868  -46.274  -8.957 0.0000000000
31957  -7.064  -45.573  -8.744 0.0000000000
31958  -7.654  -45.984  -8.595 0.0000000000
31969  -3.325  -45.160  -9.459 0.0000000000
31970  -3.877  -45.613  -9.391 0.0000000000
31971  -4.533  -46.090  -9.402 0.0000000000
31972  -6.550  -45.013  -9.341 0.0000000000
31973  -7.050  -45.270  -9.519 0.0000000000
31974  -7.813  -45.813  -9.241 0.0000000000
31987  -3.060  -45.011  -9.846 0.0000000000
31988  -3.425  -45.318  -10.044 0.0000000000
31989  -4.027  -45.831  -9.935 0.0000000000
31990  -7.572  -45.391  -9.983 0.0000000000
31991  -8.237  -45.765  -10.158 0.0000000000
31992  -8.799  -45.888  -10.627 0.0000000000
32006  -3.140  -44.881  -10.178 0.0000000000
32007  -3.445  -45.146  -10.967 0.0000000000
32008  -4.079  -45.526  -11.734 0.0000000000
32009  -7.668  -45.235  -10.606 0.0000000000
32010  -8.250  -45.353  -11.102 0.0000000000
32011  -9.090  -45.765  -11.290 0.0000000000
32020  -3.915  -44.933  -11.915 0.0000000000
32021  -4.431  -45.448  -12.509 0.0000000000
32022  -8.628  -45.183  -11.799 0.0000000000
32023  -9.345  -45.478  -12.260 0.0000000000
32024  -9.930  -45.823  -12.675 0.0000000000
32039  -4.360  -44.818  -12.634 0.0000000000
32040  -4.777  -45.128  -13.401 0.0000000000
32041  -5.275  -45.396  -13.959 0.0000000000
32055  -5.623  -45.358  -14.558 0.0000000000
33101  -3.463  -44.997  -9.012 0.0000000000
33102  -5.482  -44.636  -9.108 0.0000000000
33103  -6.041  -44.752  -9.543 0.0000000000
33104  -6.538  -44.926  -9.826 0.0000000000
33116  -3.119  -44.680  -9.665 0.0000000000
33117  -5.399  -44.288  -9.928 0.0000000000
33118  -6.043  -44.656  -10.292 0.0000000000
33119  -6.918  -44.951  -10.396 0.0000000000
33135  -3.251  -44.474  -10.407 0.0000000000
33136  -3.714  -44.428  -11.226 0.0000000000
33137  -5.403  -44.157  -10.797 0.0000000000
33138  -6.133  -44.565  -11.134 0.0000000000
33139  -7.168  -44.861  -11.395 0.0000000000
33140  -7.925  -44.896  -11.855 0.0000000000
33152  -4.191  -44.334  -12.182 0.0000000000
33153  -5.506  -44.015  -11.558 0.0000000000
33154  -6.125  -44.211  -12.108 0.0000000000
33155  -7.137  -44.572  -12.425 0.0000000000
33169  -4.488  -44.329  -13.202 0.0000000000
34245  -3.718  -44.904  -8.796 0.0000000000
34246  -4.005  -44.851  -8.675 0.0000000000
34268  -3.514  -44.598  -9.182 0.0000000000
34269  -4.032  -44.400  -9.189 0.0000000000
34270  -4.731  -44.214  -9.424 0.0000000000
34294  -3.373  -44.153  -9.811 0.0000000000
34295  -3.999  -43.846  -10.106 0.0000000000
34296  -4.755  -43.815  -10.467 0.0000000000
34314  -3.596  -44.048  -10.577 0.0000000000
34315  -4.303  -43.882  -11.360 0.0000000000
34316  -4.989  -43.731  -11.297 0.0000000000
34332  -4.579  -43.788  -12.708 0.0000000000
34333  -5.248  -43.551  -12.318 0.0000000000
165869  -6.732  -45.239  -9.094 0.0000000000
165870  -6.218  -45.094  -8.795 0.0000000000
