#!ascii label  , from subject colin27_FS vox2ras=TkReg
1343
2628  1.053  -78.396  -20.242 0.0000000000
2629  0.711  -78.635  -19.620 0.0000000000
2634  1.058  -78.548  -20.914 0.0000000000
2635  0.763  -79.112  -20.404 0.0000000000
3136  0.801  -77.431  -18.544 0.0000000000
3149  0.917  -77.530  -18.882 0.0000000000
3150  0.598  -78.147  -19.116 0.0000000000
3157  1.222  -77.803  -19.638 0.0000000000
3158  0.801  -78.149  -19.479 0.0000000000
3167  1.485  -77.952  -20.589 0.0000000000
3182  1.359  -78.104  -21.243 0.0000000000
3665  0.997  -76.649  -18.413 0.0000000000
3681  1.352  -77.035  -18.574 0.0000000000
3682  0.769  -77.294  -18.342 0.0000000000
3691  1.549  -77.262  -19.070 0.0000000000
3700  1.939  -77.228  -19.487 0.0000000000
3710  2.014  -77.372  -20.214 0.0000000000
3726  1.845  -77.421  -21.270 0.0000000000
4205  1.286  -75.857  -18.317 0.0000000000
4206  0.733  -76.224  -18.029 0.0000000000
4219  1.628  -76.213  -18.480 0.0000000000
4229  2.001  -76.611  -19.027 0.0000000000
4238  2.156  -76.719  -19.799 0.0000000000
4254  2.191  -76.561  -20.606 0.0000000000
4270  2.010  -76.483  -21.533 0.0000000000
4787  1.365  -75.401  -18.285 0.0000000000
4788  0.902  -75.412  -18.064 0.0000000000
4789  0.425  -75.438  -17.749 0.0000000000
4804  1.607  -75.348  -18.434 0.0000000000
4805  1.323  -75.039  -18.318 0.0000000000
4806  0.937  -74.994  -18.132 0.0000000000
4820  2.119  -75.804  -18.998 0.0000000000
4831  2.145  -75.786  -19.735 0.0000000000
4853  2.008  -75.584  -20.902 0.0000000000
4854  1.452  -75.242  -21.023 0.0000000000
4855  0.724  -75.141  -20.892 0.0000000000
4878  1.997  -75.975  -21.558 0.0000000000
4879  1.679  -75.795  -21.633 0.0000000000
4937  -0.609  -74.845  -24.864 0.0000000000
4938  -1.234  -75.114  -24.805 0.0000000000
4939  -2.254  -75.104  -24.435 0.0000000000
4959  -0.855  -75.067  -25.636 0.0000000000
4960  -1.651  -75.233  -25.525 0.0000000000
4961  -2.494  -75.138  -25.456 0.0000000000
4979  -1.015  -74.969  -26.194 0.0000000000
4980  -1.340  -75.183  -26.246 0.0000000000
4981  -2.051  -75.243  -26.291 0.0000000000
4982  -2.697  -75.084  -26.073 0.0000000000
4999  -2.095  -75.053  -26.816 0.0000000000
5000  -2.564  -74.962  -26.709 0.0000000000
5444  -1.425  -74.836  -16.801 0.0000000000
5458  -0.127  -74.766  -17.468 0.0000000000
5459  -0.929  -74.800  -17.093 0.0000000000
5473  1.573  -74.518  -18.478 0.0000000000
5474  1.135  -74.514  -18.239 0.0000000000
5475  0.596  -74.625  -17.862 0.0000000000
5487  1.868  -74.776  -19.062 0.0000000000
5494  1.881  -74.608  -20.067 0.0000000000
5513  1.615  -74.426  -20.657 0.0000000000
5514  1.225  -74.581  -20.897 0.0000000000
5515  0.398  -74.553  -20.662 0.0000000000
5536  1.708  -73.708  -20.979 0.0000000000
5537  1.451  -73.856  -21.070 0.0000000000
5538  0.947  -74.044  -21.127 0.0000000000
5559  -0.338  -73.929  -22.418 0.0000000000
5560  -1.192  -74.154  -22.103 0.0000000000
5581  0.506  -73.466  -23.459 0.0000000000
5582  0.226  -73.904  -23.560 0.0000000000
5583  -0.484  -74.209  -23.269 0.0000000000
5584  -1.477  -74.571  -23.329 0.0000000000
5603  0.373  -73.451  -23.732 0.0000000000
5604  0.032  -73.800  -24.280 0.0000000000
5605  -0.276  -74.335  -24.289 0.0000000000
5606  -1.067  -74.725  -24.040 0.0000000000
5607  -1.572  -74.935  -24.078 0.0000000000
5625  -0.194  -73.857  -25.103 0.0000000000
5626  -0.446  -74.402  -25.127 0.0000000000
5638  -0.548  -74.095  -25.382 0.0000000000
5639  -0.872  -74.510  -26.054 0.0000000000
5640  -1.317  -74.777  -26.521 0.0000000000
5641  -1.911  -75.139  -26.808 0.0000000000
5655  -1.393  -74.315  -26.766 0.0000000000
5656  -1.673  -74.542  -27.076 0.0000000000
5657  -2.208  -74.713  -27.262 0.0000000000
5658  -3.256  -74.659  -27.369 0.0000000000
5668  -1.646  -74.226  -27.284 0.0000000000
5669  -1.961  -74.253  -27.582 0.0000000000
5670  -2.631  -74.285  -28.036 0.0000000000
5671  -3.480  -74.493  -28.840 0.0000000000
5682  -3.427  -74.460  -30.086 0.0000000000
5694  -3.487  -74.269  -30.747 0.0000000000
5702  -3.568  -74.114  -31.002 0.0000000000
5713  -4.147  -74.017  -31.390 0.0000000000
6137  -2.456  -75.088  -16.254 0.0000000000
6144  -8.899  -72.852  -13.933 0.0000000000
6158  -1.173  -74.484  -17.108 0.0000000000
6159  -1.754  -74.483  -16.885 0.0000000000
6160  -2.745  -74.794  -16.414 0.0000000000
6161  -3.423  -74.977  -16.031 0.0000000000
6174  0.221  -74.284  -17.612 0.0000000000
6175  -0.445  -74.013  -17.375 0.0000000000
6176  -1.154  -74.135  -17.204 0.0000000000
6177  -4.527  -73.861  -17.588 0.0000000000
6178  -4.801  -73.902  -17.613 0.0000000000
6189  1.620  -74.166  -18.546 0.0000000000
6190  1.396  -74.063  -18.461 0.0000000000
6191  0.663  -73.789  -18.024 0.0000000000
6192  -0.070  -73.341  -17.792 0.0000000000
6193  -4.642  -73.714  -17.789 0.0000000000
6194  -5.033  -73.786  -17.807 0.0000000000
6202  1.741  -73.935  -18.740 0.0000000000
6203  1.334  -73.455  -18.670 0.0000000000
6204  0.833  -73.057  -18.564 0.0000000000
6205  -4.742  -73.575  -18.060 0.0000000000
6206  -5.207  -73.528  -18.203 0.0000000000
6215  1.914  -73.702  -19.539 0.0000000000
6231  1.896  -73.435  -20.623 0.0000000000
6232  0.405  -73.952  -20.982 0.0000000000
6233  -0.178  -74.070  -20.715 0.0000000000
6251  1.662  -73.281  -21.607 0.0000000000
6252  1.141  -73.505  -21.621 0.0000000000
6253  0.589  -73.688  -21.539 0.0000000000
6254  -0.019  -73.784  -21.351 0.0000000000
6255  -0.682  -73.898  -21.207 0.0000000000
6270  1.495  -73.055  -22.424 0.0000000000
6271  1.263  -73.332  -21.999 0.0000000000
6272  0.683  -73.483  -22.230 0.0000000000
6273  0.128  -73.699  -22.033 0.0000000000
6274  -0.428  -73.845  -21.819 0.0000000000
6288  1.338  -73.046  -22.687 0.0000000000
6289  1.043  -73.118  -22.858 0.0000000000
6290  0.678  -73.470  -22.919 0.0000000000
6291  0.215  -73.823  -22.776 0.0000000000
6306  1.232  -73.003  -22.816 0.0000000000
6307  0.708  -73.197  -23.262 0.0000000000
6308  0.274  -73.283  -23.925 0.0000000000
6323  -0.362  -73.504  -24.815 0.0000000000
6337  -0.913  -73.859  -25.852 0.0000000000
6338  -0.963  -73.954  -26.313 0.0000000000
6353  -1.204  -73.731  -26.105 0.0000000000
6354  -1.405  -73.875  -26.721 0.0000000000
6355  -1.851  -73.711  -27.435 0.0000000000
6356  -2.136  -73.683  -27.761 0.0000000000
6367  -1.521  -74.093  -27.146 0.0000000000
6368  -1.692  -74.003  -27.473 0.0000000000
6369  -2.295  -73.898  -27.970 0.0000000000
6370  -3.075  -73.959  -28.817 0.0000000000
6378  -3.086  -74.164  -29.710 0.0000000000
6385  -3.130  -74.075  -30.447 0.0000000000
6386  -3.384  -73.868  -30.741 0.0000000000
6392  -3.331  -74.084  -30.900 0.0000000000
6393  -3.819  -73.860  -31.101 0.0000000000
6406  -4.515  -73.745  -31.452 0.0000000000
6832  -9.330  -71.540  -13.209 0.0000000000
6838  -9.174  -72.407  -13.765 0.0000000000
6839  -9.377  -71.733  -13.640 0.0000000000
6845  -4.388  -74.867  -16.028 0.0000000000
6846  -5.171  -74.840  -15.800 0.0000000000
6847  -6.286  -74.549  -15.545 0.0000000000
6848  -7.377  -74.051  -15.282 0.0000000000
6849  -8.252  -73.347  -14.965 0.0000000000
6850  -9.009  -72.797  -14.555 0.0000000000
6851  -9.475  -72.116  -14.421 0.0000000000
6858  -1.772  -73.885  -17.167 0.0000000000
6859  -2.371  -74.184  -16.989 0.0000000000
6860  -3.544  -74.615  -16.515 0.0000000000
6861  -4.634  -74.545  -16.537 0.0000000000
6862  -5.726  -74.378  -16.410 0.0000000000
6863  -6.872  -74.015  -16.255 0.0000000000
6864  -7.914  -73.402  -15.992 0.0000000000
6865  -8.976  -72.656  -15.657 0.0000000000
6866  -9.347  -72.414  -15.022 0.0000000000
6874  -0.554  -73.399  -17.656 0.0000000000
6875  -1.181  -73.574  -17.429 0.0000000000
6876  -1.928  -73.455  -17.381 0.0000000000
6877  -2.844  -73.751  -17.332 0.0000000000
6878  -3.984  -74.023  -17.338 0.0000000000
6879  -5.094  -74.089  -17.288 0.0000000000
6880  -6.253  -73.818  -17.116 0.0000000000
6881  -7.352  -73.297  -16.998 0.0000000000
6882  -8.444  -72.737  -16.772 0.0000000000
6890  0.316  -73.009  -18.188 0.0000000000
6891  -0.462  -72.759  -18.044 0.0000000000
6892  -1.328  -72.792  -17.933 0.0000000000
6893  -2.276  -73.015  -17.842 0.0000000000
6894  -3.286  -73.245  -17.837 0.0000000000
6895  -4.223  -73.479  -17.926 0.0000000000
6896  -5.689  -73.610  -17.809 0.0000000000
6897  -6.658  -73.189  -17.892 0.0000000000
6898  -7.920  -72.440  -17.994 0.0000000000
6899  -8.784  -72.180  -17.350 0.0000000000
6908  1.768  -73.211  -19.100 0.0000000000
6909  1.304  -72.756  -19.043 0.0000000000
6910  0.425  -72.345  -18.676 0.0000000000
6911  -0.232  -72.244  -18.322 0.0000000000
6912  -1.780  -72.411  -18.428 0.0000000000
6913  -2.704  -72.751  -18.528 0.0000000000
6914  -3.689  -73.062  -18.620 0.0000000000
6915  -4.709  -73.310  -18.662 0.0000000000
6916  -5.790  -73.128  -18.647 0.0000000000
6917  -6.824  -72.568  -18.797 0.0000000000
6918  -7.494  -71.861  -18.985 0.0000000000
6925  1.997  -72.516  -19.877 0.0000000000
6926  1.095  -72.192  -19.467 0.0000000000
6927  0.610  -72.016  -19.260 0.0000000000
6928  -2.204  -72.231  -19.231 0.0000000000
6929  -3.129  -72.599  -19.426 0.0000000000
6930  -4.157  -72.857  -19.512 0.0000000000
6931  -5.161  -72.800  -19.528 0.0000000000
6932  -6.060  -72.466  -19.520 0.0000000000
6933  -6.813  -71.906  -19.625 0.0000000000
6934  -7.306  -71.426  -19.445 0.0000000000
6941  2.059  -72.620  -20.773 0.0000000000
6942  -1.847  -71.898  -19.743 0.0000000000
6943  -2.488  -72.023  -20.278 0.0000000000
6944  -3.617  -72.447  -20.380 0.0000000000
6945  -4.618  -72.518  -20.366 0.0000000000
6946  -5.485  -72.218  -20.380 0.0000000000
6947  -6.160  -71.969  -20.121 0.0000000000
6958  1.992  -72.821  -21.378 0.0000000000
6959  -2.443  -71.822  -20.989 0.0000000000
6960  -3.132  -71.977  -21.295 0.0000000000
6961  -4.208  -72.216  -21.261 0.0000000000
6962  -4.946  -72.211  -21.023 0.0000000000
6973  1.784  -72.822  -22.137 0.0000000000
6974  1.461  -72.826  -22.417 0.0000000000
6975  -3.483  -71.950  -22.062 0.0000000000
6976  -3.826  -72.053  -21.752 0.0000000000
6990  1.455  -72.933  -22.643 0.0000000000
6991  1.064  -72.835  -22.753 0.0000000000
6992  0.611  -72.628  -23.271 0.0000000000
6993  -1.798  -71.928  -24.441 0.0000000000
6994  -2.258  -72.001  -24.367 0.0000000000
6995  -2.965  -72.005  -24.352 0.0000000000
7012  0.980  -72.952  -23.268 0.0000000000
7013  0.676  -72.954  -23.383 0.0000000000
7014  0.145  -72.770  -24.045 0.0000000000
7015  -1.913  -71.996  -24.890 0.0000000000
7016  -2.623  -72.088  -25.003 0.0000000000
7017  -3.425  -71.897  -24.944 0.0000000000
7026  -0.438  -72.852  -24.769 0.0000000000
7027  -2.094  -72.447  -25.597 0.0000000000
7028  -3.074  -72.166  -25.791 0.0000000000
7029  -3.810  -71.776  -25.758 0.0000000000
7038  -0.925  -73.186  -25.365 0.0000000000
7039  -1.404  -73.091  -25.819 0.0000000000
7040  -1.863  -72.931  -26.326 0.0000000000
7041  -2.719  -72.658  -26.604 0.0000000000
7042  -3.736  -72.018  -26.731 0.0000000000
7043  -4.252  -71.698  -27.250 0.0000000000
7050  -1.107  -73.581  -25.784 0.0000000000
7051  -1.332  -73.487  -26.063 0.0000000000
7052  -1.646  -73.402  -26.699 0.0000000000
7053  -2.307  -73.319  -27.420 0.0000000000
7054  -3.280  -72.722  -27.607 0.0000000000
7055  -4.058  -72.066  -27.720 0.0000000000
7062  -2.401  -73.679  -27.916 0.0000000000
7063  -3.048  -73.467  -28.462 0.0000000000
7064  -3.870  -72.545  -28.496 0.0000000000
7074  -3.176  -73.707  -29.791 0.0000000000
7075  -3.857  -72.958  -29.450 0.0000000000
7086  -3.277  -73.785  -30.438 0.0000000000
7087  -3.941  -73.417  -30.441 0.0000000000
7088  -4.779  -72.729  -30.760 0.0000000000
7100  -4.555  -73.324  -31.105 0.0000000000
7101  -5.133  -72.550  -31.351 0.0000000000
7116  -4.990  -73.203  -31.597 0.0000000000
7117  -5.429  -72.525  -32.115 0.0000000000
7540  -9.323  -71.310  -12.967 0.0000000000
7543  -9.307  -70.800  -13.030 0.0000000000
7544  -9.436  -71.231  -13.467 0.0000000000
7546  -9.544  -70.738  -13.708 0.0000000000
7547  -9.716  -71.291  -14.256 0.0000000000
7549  -9.399  -72.173  -15.864 0.0000000000
7550  -9.691  -71.823  -15.351 0.0000000000
7553  -9.414  -71.804  -16.506 0.0000000000
7554  -9.835  -71.390  -15.896 0.0000000000
7557  -0.561  -72.206  -18.199 0.0000000000
7558  -0.818  -72.407  -18.140 0.0000000000
7559  -8.135  -71.308  -18.696 0.0000000000
7560  -9.051  -71.325  -17.951 0.0000000000
7564  0.217  -71.864  -19.157 0.0000000000
7565  -0.371  -71.959  -18.686 0.0000000000
7566  -1.011  -72.118  -18.269 0.0000000000
7567  -7.695  -71.116  -19.219 0.0000000000
7570  1.957  -71.915  -20.355 0.0000000000
7571  1.435  -71.920  -20.171 0.0000000000
7572  0.609  -71.720  -19.814 0.0000000000
7573  -0.352  -71.652  -19.595 0.0000000000
7574  -1.279  -71.903  -19.144 0.0000000000
7575  -7.009  -71.119  -19.876 0.0000000000
7576  -7.438  -70.900  -19.582 0.0000000000
7582  2.068  -72.126  -20.740 0.0000000000
7583  1.640  -71.861  -20.796 0.0000000000
7584  0.936  -71.621  -20.724 0.0000000000
7585  -0.047  -71.433  -20.596 0.0000000000
7586  -1.354  -71.646  -20.403 0.0000000000
7587  -2.088  -71.734  -20.805 0.0000000000
7588  -5.885  -71.702  -20.632 0.0000000000
7589  -6.399  -71.376  -20.337 0.0000000000
7602  2.033  -72.382  -21.206 0.0000000000
7603  1.864  -72.059  -21.385 0.0000000000
7604  1.179  -71.947  -21.443 0.0000000000
7605  0.370  -71.579  -21.545 0.0000000000
7606  -0.694  -71.487  -21.574 0.0000000000
7607  -1.998  -71.687  -21.581 0.0000000000
7608  -2.822  -71.846  -22.100 0.0000000000
7609  -4.751  -71.980  -21.498 0.0000000000
7610  -5.374  -71.681  -21.389 0.0000000000
7611  -5.969  -71.294  -20.958 0.0000000000
7627  1.914  -72.463  -21.686 0.0000000000
7628  1.360  -72.492  -22.063 0.0000000000
7629  0.632  -72.066  -22.265 0.0000000000
7630  -0.140  -71.637  -22.547 0.0000000000
7631  -1.184  -71.565  -22.684 0.0000000000
7632  -2.248  -71.782  -22.775 0.0000000000
7633  -3.223  -71.866  -22.785 0.0000000000
7634  -4.341  -71.789  -22.318 0.0000000000
7635  -5.290  -71.142  -22.495 0.0000000000
7651  0.778  -72.469  -22.728 0.0000000000
7652  0.223  -72.151  -23.333 0.0000000000
7653  -0.589  -71.733  -23.634 0.0000000000
7654  -1.614  -71.862  -23.845 0.0000000000
7655  -2.677  -71.944  -23.651 0.0000000000
7656  -3.683  -71.728  -23.812 0.0000000000
7657  -4.777  -71.114  -23.674 0.0000000000
7658  -5.332  -70.757  -23.162 0.0000000000
7669  -0.413  -72.292  -24.419 0.0000000000
7670  -0.960  -71.888  -24.541 0.0000000000
7671  -1.487  -71.899  -24.600 0.0000000000
7672  -4.208  -71.415  -24.926 0.0000000000
7673  -4.704  -70.723  -24.724 0.0000000000
7678  -0.764  -72.684  -25.050 0.0000000000
7679  -0.895  -72.303  -25.073 0.0000000000
7680  -1.360  -72.089  -25.117 0.0000000000
7681  -4.247  -71.399  -25.882 0.0000000000
7682  -4.544  -70.857  -25.722 0.0000000000
7689  -0.858  -72.925  -25.187 0.0000000000
7690  -1.034  -72.777  -25.279 0.0000000000
7691  -1.389  -72.618  -25.494 0.0000000000
7692  -4.101  -71.638  -26.282 0.0000000000
7693  -4.461  -71.222  -26.761 0.0000000000
7703  -4.480  -71.330  -27.800 0.0000000000
7716  -4.452  -71.804  -28.393 0.0000000000
7729  -4.564  -71.976  -29.146 0.0000000000
7743  -4.707  -72.228  -30.101 0.0000000000
7744  -5.113  -71.823  -30.906 0.0000000000
7759  -5.233  -71.528  -31.685 0.0000000000
7774  -5.624  -71.234  -32.469 0.0000000000
8216  -9.325  -70.088  -13.331 0.0000000000
8219  -9.723  -70.300  -14.526 0.0000000000
8220  -9.915  -71.070  -14.895 0.0000000000
8223  -9.790  -70.013  -15.716 0.0000000000
8224  -9.945  -70.893  -15.440 0.0000000000
8227  -9.678  -70.231  -16.980 0.0000000000
8228  -9.876  -70.868  -16.155 0.0000000000
8231  -8.464  -70.302  -18.693 0.0000000000
8232  -9.080  -69.925  -18.122 0.0000000000
8236  -7.367  -69.967  -19.261 0.0000000000
8237  -7.868  -70.325  -19.129 0.0000000000
8246  -6.366  -69.979  -20.150 0.0000000000
8247  -7.014  -70.214  -19.681 0.0000000000
8248  -7.552  -70.498  -19.399 0.0000000000
8260  -6.047  -70.267  -20.819 0.0000000000
8261  -6.567  -70.655  -20.287 0.0000000000
8273  -5.782  -70.772  -21.568 0.0000000000
8274  -6.198  -70.881  -20.804 0.0000000000
8288  -5.471  -70.340  -22.621 0.0000000000
8302  -4.973  -70.578  -24.147 0.0000000000
8303  -5.220  -70.229  -23.683 0.0000000000
8309  -4.879  -70.108  -24.476 0.0000000000
8310  -5.024  -69.910  -24.123 0.0000000000
8320  -4.632  -70.109  -25.419 0.0000000000
8331  -4.488  -70.127  -26.626 0.0000000000
8343  -4.328  -70.392  -27.759 0.0000000000
8355  -4.309  -70.820  -28.820 0.0000000000
8368  -4.581  -71.030  -29.801 0.0000000000
8384  -4.913  -71.188  -30.454 0.0000000000
8385  -4.982  -70.778  -31.118 0.0000000000
8398  -5.205  -70.395  -31.926 0.0000000000
8876  -9.358  -69.446  -13.216 0.0000000000
8878  -9.410  -69.397  -14.020 0.0000000000
8880  -3.091  -67.075  -17.036 0.0000000000
8881  -3.389  -67.016  -16.846 0.0000000000
8882  -9.467  -69.175  -15.045 0.0000000000
8885  -3.263  -67.171  -17.035 0.0000000000
8886  -3.801  -67.504  -17.104 0.0000000000
8887  -4.471  -68.012  -17.423 0.0000000000
8888  -5.097  -68.281  -17.656 0.0000000000
8889  -9.374  -68.965  -16.218 0.0000000000
8892  -3.323  -67.653  -17.489 0.0000000000
8893  -3.676  -68.234  -17.892 0.0000000000
8894  -4.671  -68.484  -18.034 0.0000000000
8895  -5.631  -68.538  -18.119 0.0000000000
8896  -6.695  -68.730  -18.364 0.0000000000
8897  -7.960  -69.142  -18.352 0.0000000000
8898  -8.990  -68.931  -17.460 0.0000000000
8906  -2.106  -69.079  -19.310 0.0000000000
8907  -2.916  -69.040  -19.052 0.0000000000
8908  -4.004  -68.780  -18.732 0.0000000000
8909  -5.263  -68.846  -18.756 0.0000000000
8910  -6.311  -69.044  -18.798 0.0000000000
8911  -7.274  -69.484  -18.863 0.0000000000
8912  -7.874  -69.781  -18.787 0.0000000000
8922  -1.953  -69.177  -19.676 0.0000000000
8923  -2.493  -69.141  -19.868 0.0000000000
8924  -3.642  -69.018  -19.719 0.0000000000
8925  -4.856  -69.108  -19.602 0.0000000000
8926  -6.073  -69.448  -19.466 0.0000000000
8927  -6.858  -69.576  -19.209 0.0000000000
8940  -2.594  -69.133  -20.480 0.0000000000
8941  -3.249  -69.054  -20.494 0.0000000000
8942  -4.402  -69.112  -20.814 0.0000000000
8943  -5.608  -69.557  -20.411 0.0000000000
8952  -3.897  -69.016  -22.392 0.0000000000
8953  -4.351  -69.144  -22.039 0.0000000000
8954  -5.377  -69.740  -21.638 0.0000000000
8965  -3.675  -68.972  -22.610 0.0000000000
8966  -4.079  -69.010  -22.933 0.0000000000
8967  -4.902  -69.540  -22.980 0.0000000000
8977  -3.857  -68.939  -24.210 0.0000000000
8978  -4.184  -69.093  -23.896 0.0000000000
8979  -4.833  -69.631  -23.967 0.0000000000
8992  -3.817  -69.026  -24.638 0.0000000000
8993  -4.426  -69.494  -24.828 0.0000000000
8994  -4.832  -69.775  -24.350 0.0000000000
9008  -3.624  -68.940  -25.750 0.0000000000
9009  -4.263  -69.469  -26.106 0.0000000000
9023  -3.702  -69.010  -27.040 0.0000000000
9024  -4.224  -69.486  -26.869 0.0000000000
9037  -3.684  -68.946  -28.116 0.0000000000
9038  -4.125  -69.526  -27.588 0.0000000000
9057  -3.939  -69.420  -28.802 0.0000000000
9074  -4.284  -69.899  -29.781 0.0000000000
9088  -4.665  -70.291  -30.461 0.0000000000
9712  -9.432  -68.905  -13.604 0.0000000000
9718  -1.959  -66.286  -15.288 0.0000000000
9719  -2.029  -66.300  -15.489 0.0000000000
9720  -2.725  -66.138  -15.952 0.0000000000
9721  -3.288  -66.242  -16.046 0.0000000000
9722  -3.626  -66.498  -15.962 0.0000000000
9723  -9.261  -68.545  -14.471 0.0000000000
9727  -1.865  -66.215  -15.864 0.0000000000
9728  -1.982  -66.326  -15.679 0.0000000000
9729  -2.393  -66.144  -16.126 0.0000000000
9730  -3.018  -66.654  -16.612 0.0000000000
9731  -3.720  -66.851  -16.579 0.0000000000
9732  -4.183  -66.458  -16.138 0.0000000000
9733  -8.860  -68.156  -15.443 0.0000000000
9735  -1.660  -66.138  -16.444 0.0000000000
9736  -1.954  -66.199  -16.509 0.0000000000
9737  -2.481  -66.621  -16.781 0.0000000000
9738  -2.835  -67.239  -17.264 0.0000000000
9739  -4.026  -67.306  -16.872 0.0000000000
9740  -4.382  -67.271  -16.814 0.0000000000
9741  -5.350  -67.806  -17.288 0.0000000000
9742  -6.464  -67.702  -17.337 0.0000000000
9743  -7.550  -67.645  -17.189 0.0000000000
9744  -8.555  -67.987  -16.622 0.0000000000
9747  -1.426  -66.118  -16.882 0.0000000000
9748  -1.580  -66.205  -16.797 0.0000000000
9749  -2.256  -68.185  -18.791 0.0000000000
9750  -2.847  -67.954  -18.142 0.0000000000
9751  -3.271  -68.248  -18.212 0.0000000000
9752  -5.491  -68.262  -17.680 0.0000000000
9753  -6.067  -68.244  -17.769 0.0000000000
9754  -7.099  -68.267  -17.842 0.0000000000
9755  -8.087  -68.294  -17.612 0.0000000000
9764  -1.896  -68.664  -19.193 0.0000000000
9765  -2.481  -68.633  -18.842 0.0000000000
9766  -3.168  -68.531  -18.453 0.0000000000
9779  -0.858  -67.755  -20.203 0.0000000000
9780  -1.209  -68.322  -20.056 0.0000000000
9781  -1.576  -68.951  -19.787 0.0000000000
9782  -1.927  -69.141  -19.938 0.0000000000
9795  -0.687  -67.773  -20.540 0.0000000000
9796  -0.768  -68.067  -20.616 0.0000000000
9797  -1.153  -68.665  -20.578 0.0000000000
9798  -1.929  -69.044  -20.579 0.0000000000
9799  -2.784  -69.061  -21.062 0.0000000000
9800  -3.568  -69.031  -21.169 0.0000000000
9807  -0.743  -68.336  -21.200 0.0000000000
9808  -1.214  -68.825  -21.407 0.0000000000
9809  -2.086  -69.016  -21.708 0.0000000000
9810  -3.326  -69.034  -22.036 0.0000000000
9811  -3.953  -69.042  -21.505 0.0000000000
9819  -0.659  -68.403  -22.025 0.0000000000
9820  -1.259  -68.866  -22.422 0.0000000000
9821  -2.249  -68.914  -22.791 0.0000000000
9822  -3.296  -68.864  -23.124 0.0000000000
9823  -3.810  -68.900  -23.568 0.0000000000
9835  -0.626  -68.379  -23.007 0.0000000000
9836  -1.392  -68.636  -23.513 0.0000000000
9837  -2.398  -68.702  -23.901 0.0000000000
9838  -3.486  -68.775  -24.122 0.0000000000
9839  -3.858  -68.902  -23.850 0.0000000000
9853  -0.801  -68.077  -23.954 0.0000000000
9854  -1.578  -68.229  -24.845 0.0000000000
9855  -2.649  -68.489  -24.913 0.0000000000
9856  -3.319  -68.713  -25.037 0.0000000000
9868  -1.797  -67.792  -25.992 0.0000000000
9869  -2.328  -68.172  -25.812 0.0000000000
9870  -2.959  -68.487  -25.684 0.0000000000
9885  -2.216  -67.895  -26.552 0.0000000000
9886  -2.878  -68.336  -26.748 0.0000000000
10508  -3.228  -65.662  -15.255 0.0000000000
10509  -3.463  -65.663  -15.378 0.0000000000
10510  -4.092  -65.592  -15.334 0.0000000000
10511  -9.528  -68.246  -14.110 0.0000000000
10519  -1.798  -65.970  -15.514 0.0000000000
10520  -2.121  -66.092  -15.099 0.0000000000
10521  -2.172  -66.032  -15.256 0.0000000000
10522  -2.915  -66.016  -15.616 0.0000000000
10523  -3.362  -66.052  -15.693 0.0000000000
10524  -4.019  -66.098  -15.741 0.0000000000
10525  -8.921  -67.536  -14.701 0.0000000000
10526  -9.462  -67.707  -14.314 0.0000000000
10535  -1.922  -66.031  -15.833 0.0000000000
10536  -1.913  -66.102  -15.353 0.0000000000
10537  -4.775  -66.540  -16.208 0.0000000000
10538  -5.513  -66.641  -16.423 0.0000000000
10539  -7.878  -67.022  -15.550 0.0000000000
10540  -8.256  -67.411  -15.409 0.0000000000
10549  -1.575  -65.959  -16.425 0.0000000000
10550  -1.582  -66.262  -17.298 0.0000000000
10551  -1.781  -66.489  -17.110 0.0000000000
10552  -2.336  -67.032  -17.287 0.0000000000
10553  -5.163  -67.101  -16.743 0.0000000000
10554  -6.012  -67.038  -16.864 0.0000000000
10555  -7.007  -67.117  -16.807 0.0000000000
10556  -7.837  -67.242  -16.196 0.0000000000
10557  -8.365  -67.669  -15.885 0.0000000000
10566  -1.088  -65.782  -16.993 0.0000000000
10567  -0.857  -66.733  -17.311 0.0000000000
10568  -1.898  -67.552  -18.129 0.0000000000
10569  -2.370  -67.399  -17.686 0.0000000000
10583  -0.950  -66.469  -18.240 0.0000000000
10584  -1.325  -67.292  -18.678 0.0000000000
10585  -1.857  -67.991  -19.109 0.0000000000
10597  -0.658  -67.021  -19.545 0.0000000000
10598  -1.328  -67.809  -19.587 0.0000000000
10599  -1.621  -68.425  -19.583 0.0000000000
10608  -0.438  -67.469  -20.752 0.0000000000
10609  -0.583  -67.941  -21.038 0.0000000000
10622  -0.189  -67.240  -21.742 0.0000000000
10623  -0.483  -67.847  -21.564 0.0000000000
10639  -0.141  -67.122  -22.261 0.0000000000
10640  -0.317  -67.623  -22.523 0.0000000000
10658  -0.409  -67.742  -23.413 0.0000000000
10676  -0.442  -67.391  -24.144 0.0000000000
10677  -0.838  -67.720  -24.709 0.0000000000
10694  -0.658  -67.118  -24.864 0.0000000000
10695  -1.174  -67.381  -25.564 0.0000000000
11323  -4.467  -64.988  -14.993 0.0000000000
11324  -4.770  -64.796  -14.953 0.0000000000
11325  -5.142  -65.013  -15.029 0.0000000000
11334  -2.381  -65.669  -14.447 0.0000000000
11335  -2.754  -65.399  -14.905 0.0000000000
11336  -4.061  -65.119  -14.984 0.0000000000
11337  -4.591  -65.268  -15.168 0.0000000000
11338  -5.224  -65.276  -15.123 0.0000000000
11339  -9.810  -67.610  -14.275 0.0000000000
11347  -1.928  -65.512  -15.450 0.0000000000
11348  -2.092  -65.907  -15.220 0.0000000000
11349  -2.215  -65.805  -14.669 0.0000000000
11350  -2.501  -65.940  -15.197 0.0000000000
11351  -4.657  -65.637  -15.383 0.0000000000
11352  -5.396  -65.632  -15.322 0.0000000000
11353  -8.786  -66.532  -14.751 0.0000000000
11354  -9.603  -67.089  -14.562 0.0000000000
11365  -1.589  -65.515  -16.056 0.0000000000
11366  -4.891  -66.210  -15.798 0.0000000000
11367  -5.734  -66.025  -15.830 0.0000000000
11368  -6.705  -66.168  -15.847 0.0000000000
11369  -7.497  -66.593  -15.724 0.0000000000
11370  -8.139  -66.722  -15.083 0.0000000000
11381  -0.981  -65.606  -16.842 0.0000000000
11382  -1.696  -66.796  -17.318 0.0000000000
11383  -1.912  -67.042  -17.456 0.0000000000
11384  -2.181  -67.210  -17.547 0.0000000000
11385  -6.123  -66.467  -16.321 0.0000000000
11386  -6.786  -66.664  -16.364 0.0000000000
11387  -7.301  -66.891  -16.290 0.0000000000
11399  -0.590  -65.844  -17.763 0.0000000000
11400  -1.250  -66.942  -17.165 0.0000000000
11401  -1.577  -67.015  -17.587 0.0000000000
11402  -1.994  -67.287  -17.700 0.0000000000
11415  -0.317  -66.137  -18.835 0.0000000000
11422  -0.081  -66.302  -19.722 0.0000000000
11434  -0.118  -66.709  -20.335 0.0000000000
11450  0.058  -66.697  -21.154 0.0000000000
11466  0.180  -66.659  -22.069 0.0000000000
11467  -0.075  -66.973  -22.633 0.0000000000
11484  0.215  -66.420  -22.871 0.0000000000
11485  -0.099  -67.014  -23.395 0.0000000000
11503  0.207  -66.263  -23.612 0.0000000000
11504  -0.101  -66.412  -24.499 0.0000000000
12088  -6.063  -64.492  -14.550 0.0000000000
12089  -6.163  -64.260  -14.563 0.0000000000
12108  -5.496  -64.464  -14.790 0.0000000000
12109  -5.848  -64.549  -14.833 0.0000000000
12110  -6.383  -64.590  -14.660 0.0000000000
12124  -4.181  -64.854  -14.869 0.0000000000
12125  -5.026  -64.652  -14.874 0.0000000000
12126  -5.506  -65.197  -14.886 0.0000000000
12127  -6.628  -64.830  -14.512 0.0000000000
12135  -2.359  -65.486  -14.389 0.0000000000
12136  -2.700  -65.076  -14.233 0.0000000000
12137  -3.422  -64.904  -14.753 0.0000000000
12138  -5.862  -64.997  -14.828 0.0000000000
12139  -6.714  -65.011  -14.557 0.0000000000
12140  -7.173  -65.093  -14.453 0.0000000000
12141  -7.694  -65.109  -14.450 0.0000000000
12151  -1.681  -65.054  -15.677 0.0000000000
12152  -2.016  -64.964  -15.149 0.0000000000
12153  -2.292  -65.370  -14.578 0.0000000000
12154  -5.971  -65.288  -14.944 0.0000000000
12155  -6.639  -65.338  -14.817 0.0000000000
12156  -7.282  -65.428  -14.808 0.0000000000
12157  -8.177  -65.625  -14.744 0.0000000000
12158  -9.156  -65.781  -14.724 0.0000000000
12159  -10.012  -65.825  -14.939 0.0000000000
12160  -10.852  -65.834  -15.206 0.0000000000
12169  -1.339  -64.749  -16.162 0.0000000000
12170  -6.096  -65.586  -15.225 0.0000000000
12171  -6.637  -65.717  -15.290 0.0000000000
12172  -7.345  -65.958  -15.243 0.0000000000
12173  -7.768  -66.244  -15.146 0.0000000000
12184  -0.840  -64.993  -16.596 0.0000000000
12185  -1.257  -66.836  -17.334 0.0000000000
12186  -1.620  -66.964  -17.481 0.0000000000
12199  -0.162  -65.262  -17.283 0.0000000000
12200  -1.604  -66.991  -17.277 0.0000000000
12201  -1.412  -66.968  -17.399 0.0000000000
12212  0.038  -65.376  -18.363 0.0000000000
12221  0.122  -65.546  -19.439 0.0000000000
12232  0.231  -65.910  -20.519 0.0000000000
12247  0.342  -66.044  -21.476 0.0000000000
12264  0.362  -65.744  -22.260 0.0000000000
12280  0.279  -65.599  -23.171 0.0000000000
12294  0.190  -65.634  -23.989 0.0000000000
12836  -5.940  -64.011  -14.228 0.0000000000
12837  -6.006  -64.235  -14.305 0.0000000000
12838  -6.685  -64.132  -14.333 0.0000000000
12839  -7.098  -64.157  -14.000 0.0000000000
12857  -5.613  -64.200  -14.583 0.0000000000
12858  -5.789  -64.323  -14.743 0.0000000000
12859  -7.187  -64.241  -14.102 0.0000000000
12860  -7.477  -63.884  -14.026 0.0000000000
12861  -8.103  -63.612  -13.926 0.0000000000
12862  -8.505  -63.423  -13.930 0.0000000000
12875  -4.306  -64.439  -14.709 0.0000000000
12876  -4.978  -64.328  -14.613 0.0000000000
12877  -7.184  -64.541  -14.225 0.0000000000
12878  -7.836  -64.227  -14.101 0.0000000000
12879  -8.422  -63.881  -14.155 0.0000000000
12880  -8.776  -63.447  -14.079 0.0000000000
12890  -2.432  -64.907  -14.231 0.0000000000
12891  -3.099  -64.673  -14.605 0.0000000000
12892  -3.659  -64.547  -14.658 0.0000000000
12893  -7.125  -65.159  -14.368 0.0000000000
12894  -7.676  -65.066  -14.247 0.0000000000
12895  -8.259  -64.702  -14.320 0.0000000000
12896  -9.074  -63.922  -14.385 0.0000000000
12897  -10.005  -63.775  -14.607 0.0000000000
12898  -10.515  -63.558  -14.831 0.0000000000
12908  -1.569  -64.275  -15.742 0.0000000000
12909  -1.913  -64.218  -15.100 0.0000000000
12910  -2.333  -64.602  -14.682 0.0000000000
12911  -2.679  -64.673  -14.558 0.0000000000
12912  -8.423  -65.087  -14.462 0.0000000000
12913  -8.788  -64.967  -14.529 0.0000000000
12914  -9.604  -64.768  -14.732 0.0000000000
12915  -10.692  -64.462  -15.083 0.0000000000
12916  -11.363  -63.829  -15.258 0.0000000000
12925  -1.268  -64.264  -16.227 0.0000000000
12926  -11.229  -65.115  -15.371 0.0000000000
12927  -11.887  -64.482  -15.553 0.0000000000
12928  -13.045  -64.433  -15.906 0.0000000000
12939  -0.865  -64.264  -16.481 0.0000000000
12949  -0.081  -64.364  -16.907 0.0000000000
12960  0.137  -64.480  -17.968 0.0000000000
12969  0.223  -64.595  -19.051 0.0000000000
12979  0.299  -64.825  -20.176 0.0000000000
12991  0.405  -65.073  -21.365 0.0000000000
13005  0.342  -64.551  -22.538 0.0000000000
13006  0.222  -63.838  -22.837 0.0000000000
13022  0.184  -64.898  -23.672 0.0000000000
13037  0.092  -65.117  -24.221 0.0000000000
13611  -6.076  -63.848  -14.437 0.0000000000
13612  -6.512  -63.832  -14.315 0.0000000000
13613  -7.024  -63.890  -14.157 0.0000000000
13614  -7.222  -63.718  -14.125 0.0000000000
13634  -5.683  -63.897  -14.453 0.0000000000
13635  -6.089  -63.619  -14.334 0.0000000000
13636  -6.848  -63.485  -14.095 0.0000000000
13637  -7.439  -63.400  -13.892 0.0000000000
13638  -7.968  -63.217  -13.708 0.0000000000
13639  -8.396  -63.168  -13.712 0.0000000000
13649  -4.410  -63.905  -14.427 0.0000000000
13650  -5.057  -63.952  -14.421 0.0000000000
13651  -5.782  -63.341  -14.287 0.0000000000
13652  -7.901  -62.916  -13.634 0.0000000000
13653  -8.106  -62.800  -13.527 0.0000000000
13654  -8.733  -63.089  -13.773 0.0000000000
13665  -3.427  -64.344  -14.594 0.0000000000
13666  -3.908  -63.894  -14.469 0.0000000000
13667  -5.026  -63.485  -14.419 0.0000000000
13668  -5.683  -62.977  -14.113 0.0000000000
13669  -9.136  -63.041  -13.966 0.0000000000
13670  -9.748  -63.025  -14.218 0.0000000000
13671  -10.429  -62.938  -14.565 0.0000000000
13682  -1.495  -63.509  -15.910 0.0000000000
13683  -1.807  -63.541  -15.431 0.0000000000
13684  -2.334  -63.665  -15.039 0.0000000000
13685  -3.204  -63.959  -14.774 0.0000000000
13686  -4.403  -63.343  -14.669 0.0000000000
13687  -5.235  -62.945  -14.417 0.0000000000
13688  -5.650  -62.768  -14.254 0.0000000000
13689  -11.083  -63.090  -15.034 0.0000000000
13690  -11.887  -63.300  -15.346 0.0000000000
13703  -1.189  -63.716  -16.345 0.0000000000
13704  -12.738  -63.479  -15.654 0.0000000000
13705  -13.784  -63.514  -15.924 0.0000000000
13716  -0.473  -63.441  -16.743 0.0000000000
13726  0.068  -63.547  -17.597 0.0000000000
13740  0.200  -63.687  -18.616 0.0000000000
13753  0.279  -63.639  -19.781 0.0000000000
13754  0.212  -62.997  -20.186 0.0000000000
13770  0.442  -64.129  -20.877 0.0000000000
13771  0.335  -63.316  -20.755 0.0000000000
13787  0.431  -64.281  -21.670 0.0000000000
13788  0.412  -63.686  -21.522 0.0000000000
13799  0.390  -64.004  -22.010 0.0000000000
13800  0.291  -63.541  -22.264 0.0000000000
14470  -6.688  -62.903  -13.995 0.0000000000
14471  -7.210  -63.007  -13.777 0.0000000000
14472  -7.615  -62.907  -13.691 0.0000000000
14473  -8.362  -62.858  -13.587 0.0000000000
14474  -8.607  -62.899  -13.630 0.0000000000
14485  -6.264  -62.892  -14.068 0.0000000000
14486  -7.045  -62.645  -13.850 0.0000000000
14487  -7.735  -62.595  -13.622 0.0000000000
14488  -8.266  -62.434  -13.558 0.0000000000
14489  -8.889  -62.481  -13.596 0.0000000000
14501  -5.990  -62.655  -14.159 0.0000000000
14502  -6.544  -62.409  -14.116 0.0000000000
14503  -9.665  -62.357  -13.733 0.0000000000
14504  -10.318  -62.238  -14.063 0.0000000000
14505  -11.142  -62.045  -14.603 0.0000000000
14506  -12.117  -61.384  -14.738 0.0000000000
14507  -12.731  -60.922  -14.865 0.0000000000
14519  -1.349  -63.089  -16.227 0.0000000000
14520  -1.728  -62.839  -15.790 0.0000000000
14521  -2.276  -62.718  -15.407 0.0000000000
14522  -3.008  -62.778  -15.179 0.0000000000
14523  -3.963  -62.684  -14.973 0.0000000000
14524  -4.932  -62.485  -14.718 0.0000000000
14525  -5.700  -62.408  -14.390 0.0000000000
14526  -6.144  -62.343  -14.223 0.0000000000
14527  -11.313  -62.466  -14.926 0.0000000000
14528  -11.827  -62.336  -15.082 0.0000000000
14529  -12.923  -61.637  -15.218 0.0000000000
14530  -13.782  -61.750  -15.528 0.0000000000
14545  -1.084  -63.007  -16.617 0.0000000000
14546  -1.136  -62.428  -16.784 0.0000000000
14547  -12.542  -62.648  -15.389 0.0000000000
14548  -13.369  -62.556  -15.593 0.0000000000
14549  -14.417  -62.360  -15.820 0.0000000000
14550  -15.217  -62.183  -16.014 0.0000000000
14562  -0.767  -62.750  -16.917 0.0000000000
14563  -0.958  -62.133  -17.147 0.0000000000
14577  -0.326  -62.709  -17.331 0.0000000000
14578  -0.544  -61.925  -17.760 0.0000000000
14599  0.041  -62.712  -18.311 0.0000000000
14600  -0.213  -61.722  -18.605 0.0000000000
14616  0.177  -63.120  -19.050 0.0000000000
14617  0.097  -62.463  -19.541 0.0000000000
14638  0.178  -62.560  -20.636 0.0000000000
14658  0.269  -62.939  -21.496 0.0000000000
15419  -7.547  -62.329  -13.713 0.0000000000
15420  -7.931  -62.007  -13.539 0.0000000000
15421  -8.636  -61.459  -13.419 0.0000000000
15422  -9.601  -61.430  -13.449 0.0000000000
15423  -10.305  -61.092  -13.528 0.0000000000
15436  -7.310  -61.760  -13.940 0.0000000000
15437  -8.072  -61.288  -13.521 0.0000000000
15438  -8.396  -61.012  -13.418 0.0000000000
15439  -10.157  -61.713  -13.661 0.0000000000
15440  -10.808  -61.300  -13.872 0.0000000000
15441  -11.655  -60.926  -14.214 0.0000000000
15442  -12.451  -60.570  -14.410 0.0000000000
15443  -13.065  -60.388  -14.695 0.0000000000
15444  -13.490  -60.375  -15.017 0.0000000000
15455  -1.308  -62.820  -16.421 0.0000000000
15456  -1.547  -62.444  -16.199 0.0000000000
15457  -2.261  -61.634  -15.758 0.0000000000
15458  -2.907  -61.704  -15.330 0.0000000000
15459  -3.675  -61.695  -15.100 0.0000000000
15460  -4.648  -61.640  -14.892 0.0000000000
15461  -5.543  -61.707  -14.667 0.0000000000
15462  -6.327  -61.814  -14.357 0.0000000000
15463  -13.186  -60.801  -15.087 0.0000000000
15464  -13.833  -60.851  -15.340 0.0000000000
15465  -14.543  -60.809  -15.590 0.0000000000
15473  -1.305  -62.500  -16.524 0.0000000000
15474  -1.537  -61.538  -16.441 0.0000000000
15475  -2.253  -60.876  -15.961 0.0000000000
15476  -14.334  -61.411  -15.633 0.0000000000
15477  -15.056  -61.329  -15.856 0.0000000000
15478  -15.745  -61.114  -16.105 0.0000000000
15483  -1.050  -61.216  -17.208 0.0000000000
15484  -15.652  -61.758  -16.120 0.0000000000
15492  -0.654  -60.963  -17.993 0.0000000000
15510  -0.432  -60.991  -18.770 0.0000000000
15534  -0.242  -61.376  -19.456 0.0000000000
15554  -0.121  -61.696  -20.404 0.0000000000
16374  -7.931  -60.039  -13.310 0.0000000000
16375  -8.412  -60.426  -13.314 0.0000000000
16376  -9.211  -60.399  -13.261 0.0000000000
16377  -10.159  -60.294  -13.288 0.0000000000
16378  -11.013  -59.908  -13.387 0.0000000000
16379  -11.666  -59.786  -13.472 0.0000000000
16393  -3.282  -59.381  -15.115 0.0000000000
16394  -3.337  -59.622  -15.020 0.0000000000
16395  -3.541  -59.865  -14.809 0.0000000000
16396  -3.896  -60.043  -14.683 0.0000000000
16397  -5.959  -60.063  -14.170 0.0000000000
16398  -6.629  -60.711  -14.220 0.0000000000
16399  -7.691  -60.580  -13.619 0.0000000000
16400  -8.200  -60.837  -13.433 0.0000000000
16401  -10.740  -60.618  -13.530 0.0000000000
16402  -11.358  -60.434  -13.690 0.0000000000
16403  -12.184  -60.052  -13.779 0.0000000000
16404  -12.962  -59.878  -14.155 0.0000000000
16405  -13.579  -59.850  -14.628 0.0000000000
16406  -14.101  -59.706  -14.847 0.0000000000
16417  -2.862  -60.074  -15.510 0.0000000000
16418  -3.016  -60.621  -15.221 0.0000000000
16419  -3.482  -60.752  -14.990 0.0000000000
16420  -4.315  -60.642  -14.816 0.0000000000
16421  -5.436  -60.622  -14.606 0.0000000000
16422  -6.048  -61.209  -14.573 0.0000000000
16423  -13.882  -60.120  -15.098 0.0000000000
16424  -14.524  -60.033  -15.273 0.0000000000
16425  -15.206  -59.982  -15.490 0.0000000000
16432  -1.670  -60.355  -16.682 0.0000000000
16433  -2.349  -60.148  -16.086 0.0000000000
16434  -14.961  -60.505  -15.662 0.0000000000
16435  -15.479  -60.478  -15.864 0.0000000000
16442  -1.141  -60.302  -17.373 0.0000000000
16443  -16.129  -60.453  -16.209 0.0000000000
16451  -0.871  -60.196  -17.940 0.0000000000
16465  -0.660  -60.366  -18.535 0.0000000000
16493  -0.546  -60.544  -19.348 0.0000000000
16510  -0.474  -60.902  -20.133 0.0000000000
17345  -5.589  -58.724  -13.145 0.0000000000
17346  -6.214  -59.064  -13.156 0.0000000000
17347  -7.314  -59.557  -13.235 0.0000000000
17348  -8.090  -59.640  -13.091 0.0000000000
17349  -8.688  -59.449  -13.011 0.0000000000
17350  -9.560  -59.297  -13.055 0.0000000000
17351  -10.528  -59.171  -13.189 0.0000000000
17352  -11.529  -59.092  -13.253 0.0000000000
17353  -12.285  -58.876  -13.235 0.0000000000
17369  -3.196  -59.038  -15.180 0.0000000000
17370  -3.346  -58.769  -14.771 0.0000000000
17371  -3.614  -58.901  -14.503 0.0000000000
17372  -4.013  -59.245  -14.224 0.0000000000
17373  -5.169  -59.263  -13.882 0.0000000000
17374  -6.444  -59.757  -13.777 0.0000000000
17375  -7.087  -60.118  -13.751 0.0000000000
17376  -12.130  -59.419  -13.397 0.0000000000
17377  -12.840  -59.226  -13.504 0.0000000000
17378  -13.607  -59.200  -14.015 0.0000000000
17379  -13.984  -59.371  -14.492 0.0000000000
17390  -2.733  -58.791  -15.751 0.0000000000
17391  -2.892  -59.047  -15.588 0.0000000000
17392  -4.411  -59.828  -14.446 0.0000000000
17393  -4.830  -60.058  -14.488 0.0000000000
17394  -14.117  -58.941  -14.274 0.0000000000
17395  -14.507  -59.218  -14.669 0.0000000000
17396  -15.143  -59.321  -15.102 0.0000000000
17406  -2.441  -59.343  -16.242 0.0000000000
17407  -2.613  -59.559  -16.043 0.0000000000
17408  -15.723  -59.515  -15.766 0.0000000000
17418  -1.692  -59.468  -16.946 0.0000000000
17423  -16.497  -59.501  -16.411 0.0000000000
17433  -1.090  -59.536  -17.631 0.0000000000
17457  -0.842  -59.760  -18.260 0.0000000000
17487  -0.757  -59.722  -19.012 0.0000000000
18403  -6.425  -58.015  -12.228 0.0000000000
18404  -7.134  -58.076  -12.033 0.0000000000
18405  -8.010  -57.982  -11.977 0.0000000000
18406  -8.493  -57.866  -11.934 0.0000000000
18421  -3.135  -57.617  -13.453 0.0000000000
18422  -3.491  -57.787  -13.227 0.0000000000
18423  -4.181  -57.941  -13.068 0.0000000000
18424  -5.047  -58.191  -13.076 0.0000000000
18425  -5.924  -58.233  -12.705 0.0000000000
18426  -6.836  -58.619  -12.618 0.0000000000
18427  -7.864  -58.853  -12.520 0.0000000000
18428  -8.843  -58.385  -12.319 0.0000000000
18429  -9.943  -58.308  -12.657 0.0000000000
18430  -10.972  -58.229  -12.988 0.0000000000
18431  -11.951  -58.213  -13.124 0.0000000000
18432  -12.793  -58.296  -13.301 0.0000000000
18439  -2.564  -57.750  -14.769 0.0000000000
18440  -2.900  -58.037  -14.656 0.0000000000
18441  -3.208  -57.889  -14.037 0.0000000000
18442  -3.634  -58.263  -13.835 0.0000000000
18443  -4.146  -58.498  -13.590 0.0000000000
18444  -4.609  -58.475  -13.396 0.0000000000
18445  -13.477  -58.463  -13.579 0.0000000000
18446  -14.009  -58.455  -13.904 0.0000000000
18451  -2.625  -58.223  -15.319 0.0000000000
18452  -2.795  -58.228  -15.051 0.0000000000
18456  -14.435  -58.448  -14.317 0.0000000000
18457  -14.917  -58.495  -14.734 0.0000000000
18458  -15.462  -58.429  -15.313 0.0000000000
18463  -2.569  -58.552  -15.881 0.0000000000
18469  -16.087  -58.360  -16.102 0.0000000000
18474  -2.279  -58.555  -16.497 0.0000000000
18475  -2.146  -58.098  -16.826 0.0000000000
18482  -16.849  -58.504  -16.713 0.0000000000
18489  -1.629  -58.573  -17.347 0.0000000000
18490  -2.038  -57.974  -17.179 0.0000000000
18511  -1.027  -58.958  -18.300 0.0000000000
19438  -4.079  -56.842  -12.359 0.0000000000
19439  -4.705  -56.948  -12.302 0.0000000000
19440  -5.455  -57.067  -12.140 0.0000000000
19441  -6.357  -57.306  -11.963 0.0000000000
19442  -7.347  -57.250  -11.865 0.0000000000
19443  -8.330  -57.231  -11.861 0.0000000000
19444  -8.757  -57.740  -11.934 0.0000000000
19450  -1.969  -56.578  -13.500 0.0000000000
19451  -2.063  -56.830  -13.228 0.0000000000
19452  -2.744  -57.046  -13.043 0.0000000000
19453  -3.578  -57.093  -12.708 0.0000000000
19454  -4.476  -57.395  -12.669 0.0000000000
19455  -5.267  -57.571  -12.496 0.0000000000
19456  -5.887  -57.670  -12.240 0.0000000000
19457  -8.769  -56.830  -11.854 0.0000000000
19458  -9.271  -57.346  -12.062 0.0000000000
19459  -10.403  -57.302  -12.554 0.0000000000
19460  -11.474  -57.288  -12.869 0.0000000000
19461  -12.502  -57.366  -13.127 0.0000000000
19462  -13.559  -57.491  -13.407 0.0000000000
19463  -14.098  -57.129  -13.493 0.0000000000
19469  -2.256  -56.984  -14.199 0.0000000000
19470  -2.536  -57.123  -13.758 0.0000000000
19471  -2.743  -57.187  -13.433 0.0000000000
19472  -13.898  -58.025  -13.620 0.0000000000
19473  -14.381  -57.550  -13.869 0.0000000000
19474  -14.823  -56.961  -14.118 0.0000000000
19480  -2.222  -57.429  -14.882 0.0000000000
19481  -2.023  -57.139  -15.206 0.0000000000
19487  -14.699  -57.991  -14.410 0.0000000000
19488  -15.136  -57.457  -14.635 0.0000000000
19489  -15.773  -57.305  -15.569 0.0000000000
19490  -16.223  -56.814  -15.977 0.0000000000
19498  -2.346  -57.850  -15.661 0.0000000000
19499  -2.135  -57.233  -15.858 0.0000000000
19506  -16.214  -57.422  -16.125 0.0000000000
19507  -16.635  -56.982  -16.229 0.0000000000
19513  -2.243  -57.846  -16.286 0.0000000000
19514  -2.141  -57.432  -16.716 0.0000000000
19521  -16.543  -57.722  -16.436 0.0000000000
19522  -17.091  -57.340  -16.823 0.0000000000
19528  -1.499  -58.369  -18.012 0.0000000000
19529  -1.956  -57.668  -17.725 0.0000000000
19535  -17.967  -57.068  -17.394 0.0000000000
20422  -4.200  -56.427  -12.146 0.0000000000
20423  -4.825  -56.352  -12.023 0.0000000000
20424  -5.706  -56.403  -11.873 0.0000000000
20425  -6.651  -56.431  -11.783 0.0000000000
20426  -7.593  -56.395  -11.760 0.0000000000
20427  -8.390  -56.326  -11.800 0.0000000000
20432  -1.693  -56.213  -13.281 0.0000000000
20433  -2.225  -56.170  -13.119 0.0000000000
20434  -2.857  -56.279  -12.613 0.0000000000
20435  -3.561  -56.236  -12.262 0.0000000000
20436  -9.063  -56.355  -11.906 0.0000000000
20437  -9.847  -56.372  -12.230 0.0000000000
20438  -10.908  -56.148  -12.578 0.0000000000
20439  -12.036  -56.300  -12.932 0.0000000000
20440  -13.074  -56.394  -13.180 0.0000000000
20441  -13.981  -56.455  -13.391 0.0000000000
20442  -14.276  -56.912  -13.584 0.0000000000
20447  -1.545  -56.351  -13.690 0.0000000000
20448  -14.279  -55.995  -13.476 0.0000000000
20449  -14.578  -56.398  -13.725 0.0000000000
20450  -15.165  -56.375  -14.291 0.0000000000
20454  -1.706  -56.590  -14.532 0.0000000000
20455  -1.823  -56.524  -15.357 0.0000000000
20462  -15.605  -56.381  -14.968 0.0000000000
20463  -16.009  -56.234  -15.638 0.0000000000
20464  -16.481  -56.219  -16.015 0.0000000000
20471  -2.080  -56.570  -16.165 0.0000000000
20477  -16.895  -56.316  -16.386 0.0000000000
20485  -2.145  -56.618  -17.050 0.0000000000
20491  -17.376  -56.259  -16.976 0.0000000000
20501  -17.967  -56.050  -17.271 0.0000000000
20502  -18.636  -56.238  -17.367 0.0000000000
21345  -2.529  -54.745  -12.624 0.0000000000
21346  -2.773  -54.906  -12.303 0.0000000000
21347  -3.999  -55.621  -11.882 0.0000000000
21348  -5.016  -55.597  -11.710 0.0000000000
21349  -5.986  -55.616  -11.577 0.0000000000
21350  -6.957  -55.577  -11.602 0.0000000000
21351  -7.903  -55.532  -11.644 0.0000000000
21352  -8.693  -55.587  -11.788 0.0000000000
21358  -2.056  -55.412  -13.090 0.0000000000
21359  -2.546  -55.353  -12.656 0.0000000000
21360  -3.070  -55.607  -12.338 0.0000000000
21361  -3.456  -55.661  -12.118 0.0000000000
21362  -9.375  -55.605  -11.947 0.0000000000
21363  -10.151  -55.406  -12.180 0.0000000000
21364  -10.862  -55.063  -12.416 0.0000000000
21365  -11.643  -55.188  -12.681 0.0000000000
21366  -12.623  -55.288  -12.902 0.0000000000
21367  -13.665  -55.325  -13.109 0.0000000000
21368  -14.112  -54.783  -13.072 0.0000000000
21373  -1.594  -55.720  -13.421 0.0000000000
21374  -14.102  -55.783  -13.349 0.0000000000
21375  -14.445  -55.305  -13.406 0.0000000000
21376  -15.103  -55.466  -13.921 0.0000000000
21382  -1.251  -55.770  -13.975 0.0000000000
21383  -1.474  -55.736  -14.848 0.0000000000
21389  -15.496  -55.469  -14.552 0.0000000000
21390  -15.865  -55.377  -15.193 0.0000000000
21391  -16.325  -55.382  -15.725 0.0000000000
21399  -1.853  -55.752  -15.720 0.0000000000
21404  -16.676  -55.573  -16.094 0.0000000000
21413  -2.008  -55.899  -16.496 0.0000000000
21418  -17.094  -55.407  -16.491 0.0000000000
21426  -17.659  -55.325  -16.995 0.0000000000
21427  -18.369  -55.332  -17.198 0.0000000000
21428  -19.174  -55.397  -17.215 0.0000000000
22304  -2.782  -53.482  -11.969 0.0000000000
22305  -2.934  -53.336  -11.617 0.0000000000
22306  -8.784  -53.878  -11.234 0.0000000000
22307  -9.074  -53.681  -11.139 0.0000000000
22317  -2.538  -54.023  -12.414 0.0000000000
22318  -2.873  -54.175  -12.146 0.0000000000
22319  -3.216  -54.392  -11.937 0.0000000000
22320  -3.651  -54.631  -11.621 0.0000000000
22321  -4.389  -54.797  -11.433 0.0000000000
22322  -5.345  -54.825  -11.339 0.0000000000
22323  -6.333  -54.805  -11.307 0.0000000000
22324  -7.334  -54.741  -11.356 0.0000000000
22325  -8.490  -54.591  -11.489 0.0000000000
22326  -9.287  -54.009  -11.417 0.0000000000
22327  -9.925  -54.094  -11.689 0.0000000000
22328  -11.562  -53.893  -11.869 0.0000000000
22329  -11.836  -53.886  -11.886 0.0000000000
22335  -2.121  -54.027  -12.853 0.0000000000
22336  -2.514  -55.075  -12.375 0.0000000000
22337  -3.018  -55.143  -12.170 0.0000000000
22338  -3.364  -55.136  -12.067 0.0000000000
22339  -9.004  -55.129  -11.786 0.0000000000
22340  -9.515  -54.753  -11.810 0.0000000000
22341  -10.454  -54.464  -11.983 0.0000000000
22342  -11.336  -54.237  -12.085 0.0000000000
22343  -12.261  -54.285  -12.318 0.0000000000
22344  -13.095  -54.366  -12.598 0.0000000000
22345  -13.825  -54.239  -12.760 0.0000000000
22349  -2.053  -54.887  -13.180 0.0000000000
22350  -1.787  -54.625  -13.508 0.0000000000
22351  -14.419  -54.228  -13.143 0.0000000000
22352  -15.108  -54.364  -13.670 0.0000000000
22353  -15.547  -54.112  -14.180 0.0000000000
22358  -1.530  -55.220  -13.565 0.0000000000
22359  -1.627  -54.846  -14.201 0.0000000000
22364  -15.429  -54.767  -14.199 0.0000000000
22365  -15.714  -54.436  -14.701 0.0000000000
22366  -16.152  -54.440  -15.307 0.0000000000
22374  -1.699  -54.857  -15.276 0.0000000000
22380  -16.701  -54.451  -15.911 0.0000000000
22397  -17.372  -54.463  -16.616 0.0000000000
22398  -20.008  -54.036  -16.794 0.0000000000
22410  -18.029  -54.471  -17.034 0.0000000000
22411  -18.812  -54.488  -17.046 0.0000000000
22412  -19.686  -54.499  -16.965 0.0000000000
23345  -2.615  -52.281  -10.236 0.0000000000
23346  -2.822  -52.606  -10.300 0.0000000000
23356  -2.671  -52.666  -11.258 0.0000000000
23357  -2.951  -53.036  -11.119 0.0000000000
23358  -3.360  -53.126  -10.659 0.0000000000
23359  -4.225  -53.323  -10.596 0.0000000000
23360  -5.185  -53.337  -10.616 0.0000000000
23361  -6.169  -53.326  -10.615 0.0000000000
23362  -7.140  -53.302  -10.618 0.0000000000
23363  -8.022  -53.299  -10.674 0.0000000000
23364  -8.808  -53.375  -10.851 0.0000000000
23365  -9.445  -53.435  -11.048 0.0000000000
23376  -2.477  -53.107  -12.172 0.0000000000
23377  -3.065  -53.907  -11.667 0.0000000000
23378  -3.332  -53.786  -11.417 0.0000000000
23379  -3.891  -53.968  -11.110 0.0000000000
23380  -4.759  -54.071  -10.987 0.0000000000
23381  -5.736  -54.074  -10.956 0.0000000000
23382  -6.716  -54.020  -11.010 0.0000000000
23383  -7.657  -53.936  -11.090 0.0000000000
23384  -8.335  -53.794  -11.113 0.0000000000
23385  -9.870  -53.658  -11.379 0.0000000000
23386  -10.597  -53.686  -11.608 0.0000000000
23387  -11.481  -53.556  -11.659 0.0000000000
23388  -12.434  -53.355  -11.741 0.0000000000
23389  -12.953  -52.854  -11.696 0.0000000000
23394  -2.229  -53.611  -12.820 0.0000000000
23395  -2.159  -53.150  -13.177 0.0000000000
23396  -10.859  -54.056  -11.892 0.0000000000
23397  -11.068  -53.874  -11.822 0.0000000000
23398  -12.820  -53.857  -12.144 0.0000000000
23399  -13.350  -53.373  -12.150 0.0000000000
23400  -14.159  -53.356  -12.708 0.0000000000
23403  -1.990  -54.257  -13.236 0.0000000000
23404  -1.939  -53.732  -13.680 0.0000000000
23407  -14.763  -53.338  -13.333 0.0000000000
23408  -15.442  -53.276  -14.011 0.0000000000
23409  -15.672  -53.755  -14.439 0.0000000000
23414  -1.786  -53.859  -14.818 0.0000000000
23426  -15.616  -52.762  -14.340 0.0000000000
23427  -15.954  -53.267  -14.808 0.0000000000
23428  -16.354  -53.817  -15.368 0.0000000000
23445  -16.286  -52.702  -15.034 0.0000000000
23446  -16.579  -53.156  -15.448 0.0000000000
23467  -17.245  -53.365  -16.237 0.0000000000
23468  -17.861  -53.094  -16.724 0.0000000000
23469  -19.710  -53.679  -16.859 0.0000000000
23470  -20.189  -53.472  -16.720 0.0000000000
23479  -17.745  -53.771  -16.785 0.0000000000
23480  -18.446  -53.527  -16.929 0.0000000000
23481  -19.170  -53.671  -16.935 0.0000000000
24425  -1.640  -51.050  -9.334 0.0000000000
24426  -1.817  -51.223  -9.331 0.0000000000
24427  -2.093  -51.436  -9.232 0.0000000000
24438  -1.779  -51.238  -9.599 0.0000000000
24439  -2.158  -51.718  -9.803 0.0000000000
24440  -2.601  -51.976  -9.578 0.0000000000
24441  -3.373  -52.124  -9.510 0.0000000000
24442  -4.227  -52.115  -9.541 0.0000000000
24443  -5.191  -52.007  -9.602 0.0000000000
24444  -6.200  -51.986  -9.664 0.0000000000
24445  -7.097  -52.023  -9.775 0.0000000000
24458  -2.127  -51.643  -10.386 0.0000000000
24459  -2.574  -52.204  -10.498 0.0000000000
24460  -3.098  -52.560  -9.986 0.0000000000
24461  -3.778  -52.690  -10.051 0.0000000000
24462  -4.686  -52.663  -10.146 0.0000000000
24463  -5.667  -52.648  -10.171 0.0000000000
24464  -6.650  -52.642  -10.178 0.0000000000
24465  -7.690  -52.549  -10.158 0.0000000000
24466  -8.546  -52.698  -10.370 0.0000000000
24467  -9.488  -52.666  -10.574 0.0000000000
24468  -10.517  -52.310  -10.608 0.0000000000
24469  -11.414  -52.128  -10.739 0.0000000000
24470  -12.023  -52.074  -10.961 0.0000000000
24485  -2.379  -51.926  -11.321 0.0000000000
24488  -10.172  -53.146  -10.996 0.0000000000
24489  -11.036  -52.930  -11.079 0.0000000000
24490  -11.883  -52.731  -11.162 0.0000000000
24491  -12.583  -52.303  -11.336 0.0000000000
24492  -13.188  -52.392  -11.905 0.0000000000
24500  -2.328  -52.437  -12.132 0.0000000000
24501  -2.245  -52.545  -12.803 0.0000000000
24507  -13.823  -52.496  -12.370 0.0000000000
24508  -14.376  -52.491  -12.977 0.0000000000
24512  -2.150  -52.640  -13.512 0.0000000000
24519  -14.922  -52.442  -13.573 0.0000000000
24520  -15.356  -52.331  -14.057 0.0000000000
24524  -1.959  -52.794  -14.402 0.0000000000
24536  -15.707  -52.282  -14.440 0.0000000000
24537  -16.091  -52.225  -14.783 0.0000000000
24546  -16.505  -52.202  -15.182 0.0000000000
24547  -17.042  -52.321  -15.716 0.0000000000
24565  -17.643  -52.367  -16.355 0.0000000000
24566  -18.486  -52.595  -16.800 0.0000000000
24567  -19.487  -52.754  -16.837 0.0000000000
24568  -20.422  -52.541  -16.561 0.0000000000
24580  -18.610  -53.064  -16.919 0.0000000000
24581  -18.856  -53.105  -16.934 0.0000000000
25428  -1.488  -50.620  -8.886 0.0000000000
25429  -1.706  -50.617  -8.809 0.0000000000
25430  -2.061  -50.652  -8.604 0.0000000000
25446  -1.626  -50.805  -9.178 0.0000000000
25447  -1.932  -51.221  -8.944 0.0000000000
25448  -2.450  -51.052  -8.706 0.0000000000
25449  -3.274  -51.036  -8.461 0.0000000000
25450  -4.113  -50.948  -8.438 0.0000000000
25451  -4.944  -50.791  -8.524 0.0000000000
25464  -1.509  -50.883  -9.982 0.0000000000
25465  -3.043  -51.608  -8.999 0.0000000000
25466  -3.764  -51.571  -8.986 0.0000000000
25467  -4.659  -51.443  -9.020 0.0000000000
25468  -5.763  -51.166  -8.940 0.0000000000
25469  -6.870  -51.328  -9.302 0.0000000000
25470  -8.108  -51.544  -9.591 0.0000000000
25471  -9.385  -51.154  -9.682 0.0000000000
25472  -10.271  -50.970  -9.965 0.0000000000
25473  -10.647  -50.893  -10.174 0.0000000000
25487  -1.689  -51.197  -10.769 0.0000000000
25491  -8.329  -52.227  -10.000 0.0000000000
25492  -8.984  -52.035  -9.992 0.0000000000
25493  -9.945  -51.724  -10.158 0.0000000000
25494  -10.872  -51.330  -10.332 0.0000000000
25495  -11.740  -51.410  -10.893 0.0000000000
25496  -12.172  -51.840  -11.112 0.0000000000
25513  -1.844  -51.232  -11.413 0.0000000000
25514  -1.779  -51.037  -11.746 0.0000000000
25521  -12.054  -51.083  -11.255 0.0000000000
25522  -12.367  -51.479  -11.374 0.0000000000
25523  -12.902  -51.666  -11.785 0.0000000000
25541  -2.206  -51.727  -11.737 0.0000000000
25542  -2.099  -51.542  -12.223 0.0000000000
25551  -13.441  -51.718  -12.252 0.0000000000
25552  -14.003  -51.737  -12.713 0.0000000000
25559  -2.215  -51.875  -13.086 0.0000000000
25565  -14.504  -51.727  -13.273 0.0000000000
25566  -14.971  -51.713  -13.817 0.0000000000
25572  -2.284  -51.854  -13.869 0.0000000000
25580  -15.383  -51.738  -14.184 0.0000000000
25581  -15.740  -51.533  -14.489 0.0000000000
25595  -16.220  -51.423  -14.904 0.0000000000
25596  -16.756  -51.390  -15.405 0.0000000000
25613  -17.380  -51.455  -15.931 0.0000000000
25614  -18.082  -51.517  -16.424 0.0000000000
25615  -18.992  -51.581  -16.613 0.0000000000
26451  -1.533  -50.377  -8.880 0.0000000000
26452  -1.908  -50.297  -8.650 0.0000000000
26453  -2.336  -50.173  -8.118 0.0000000000
26454  -3.081  -49.758  -7.509 0.0000000000
26455  -3.995  -49.663  -7.285 0.0000000000
26456  -4.838  -49.627  -7.509 0.0000000000
26472  -1.405  -50.225  -9.376 0.0000000000
26473  -1.536  -49.894  -9.501 0.0000000000
26474  -2.879  -50.509  -8.027 0.0000000000
26475  -3.603  -50.406  -7.850 0.0000000000
26476  -4.517  -50.293  -7.913 0.0000000000
26477  -5.745  -50.170  -8.130 0.0000000000
26478  -6.998  -49.959  -8.379 0.0000000000
26479  -8.099  -49.767  -8.683 0.0000000000
26480  -8.709  -49.684  -8.865 0.0000000000
26494  -1.282  -50.352  -10.103 0.0000000000
26495  -1.367  -49.945  -9.963 0.0000000000
26496  -5.997  -50.683  -8.613 0.0000000000
26497  -6.495  -50.674  -8.719 0.0000000000
26498  -7.589  -50.617  -8.934 0.0000000000
26499  -8.840  -50.265  -9.169 0.0000000000
26500  -9.866  -50.369  -9.651 0.0000000000
26501  -10.542  -50.518  -10.146 0.0000000000
26502  -10.760  -50.304  -10.279 0.0000000000
26513  -1.368  -50.691  -10.639 0.0000000000
26514  -1.407  -50.216  -10.621 0.0000000000
26520  -10.841  -50.805  -10.271 0.0000000000
26521  -11.145  -50.601  -10.482 0.0000000000
26529  -1.485  -50.940  -11.028 0.0000000000
26530  -1.629  -50.659  -11.320 0.0000000000
26537  -11.826  -50.649  -11.104 0.0000000000
26558  -1.911  -50.886  -12.040 0.0000000000
26578  -2.115  -51.073  -12.976 0.0000000000
27462  -4.196  -47.245  -6.938 0.0000000000
27463  -4.520  -47.869  -6.577 0.0000000000
27464  -5.100  -48.414  -6.727 0.0000000000
27465  -5.696  -48.281  -6.871 0.0000000000
27479  -1.667  -49.863  -8.841 0.0000000000
27480  -2.117  -49.755  -8.487 0.0000000000
27481  -2.625  -49.104  -7.812 0.0000000000
27482  -3.719  -48.539  -7.195 0.0000000000
27483  -4.572  -48.948  -6.883 0.0000000000
27484  -5.602  -49.159  -7.315 0.0000000000
27485  -6.636  -48.441  -7.394 0.0000000000
27486  -7.374  -48.438  -7.754 0.0000000000
27505  -1.392  -49.815  -9.016 0.0000000000
27506  -1.846  -49.811  -9.052 0.0000000000
27507  -2.306  -49.116  -8.514 0.0000000000
27508  -5.912  -49.604  -7.751 0.0000000000
27509  -6.413  -49.410  -7.826 0.0000000000
27510  -7.571  -48.988  -8.045 0.0000000000
27511  -8.736  -49.094  -8.713 0.0000000000
27512  -9.211  -48.815  -9.105 0.0000000000
27530  -1.780  -49.684  -9.767 0.0000000000
27531  -2.441  -49.200  -9.301 0.0000000000
27534  -8.997  -49.598  -9.007 0.0000000000
27535  -9.556  -49.407  -9.379 0.0000000000
27536  -10.193  -50.006  -9.999 0.0000000000
27537  -10.560  -50.181  -10.191 0.0000000000
27548  -1.680  -49.847  -10.554 0.0000000000
27549  -2.218  -49.622  -10.436 0.0000000000
27564  -1.735  -50.160  -11.165 0.0000000000
27565  -2.104  -49.947  -11.346 0.0000000000
27587  -2.081  -50.433  -12.039 0.0000000000
28506  -5.231  -47.689  -6.416 0.0000000000
28507  -6.034  -47.590  -6.777 0.0000000000
28521  -3.235  -48.321  -7.741 0.0000000000
28522  -4.186  -47.664  -7.638 0.0000000000
28523  -4.967  -47.590  -8.160 0.0000000000
28524  -5.324  -47.478  -8.376 0.0000000000
28525  -6.840  -47.600  -7.089 0.0000000000
28526  -7.539  -47.910  -7.607 0.0000000000
28527  -8.061  -47.711  -7.820 0.0000000000
28543  -2.705  -48.519  -8.200 0.0000000000
28544  -3.504  -48.219  -8.248 0.0000000000
28545  -4.535  -48.081  -8.433 0.0000000000
28548  -7.727  -48.399  -7.851 0.0000000000
28549  -8.317  -48.191  -8.059 0.0000000000
28550  -8.996  -48.265  -8.840 0.0000000000
28568  -2.561  -48.798  -8.616 0.0000000000
28569  -2.971  -48.579  -8.790 0.0000000000
29585  -5.284  -46.582  -6.636 0.0000000000
29598  -4.951  -47.118  -7.917 0.0000000000
29599  -5.191  -47.337  -8.218 0.0000000000
29600  -6.424  -46.834  -6.977 0.0000000000
29601  -7.216  -47.096  -7.408 0.0000000000
29602  -7.865  -47.241  -7.784 0.0000000000
29615  -5.183  -46.828  -8.226 0.0000000000
29616  -5.468  -47.143  -8.430 0.0000000000
29618  -8.345  -47.439  -8.010 0.0000000000
29619  -8.761  -47.482  -8.531 0.0000000000
30739  -4.723  -46.692  -7.773 0.0000000000
30740  -6.051  -45.992  -7.256 0.0000000000
30741  -6.912  -46.315  -7.468 0.0000000000
30742  -7.516  -46.681  -7.829 0.0000000000
30752  -4.913  -46.564  -8.156 0.0000000000
30753  -5.175  -46.550  -8.619 0.0000000000
30755  -7.348  -46.093  -8.119 0.0000000000
30756  -8.168  -46.621  -8.437 0.0000000000
31941  -4.714  -46.331  -8.083 0.0000000000
31942  -6.442  -45.704  -8.039 0.0000000000
31955  -4.519  -46.020  -8.632 0.0000000000
33090  -4.340  -45.445  -8.569 0.0000000000
34247  -5.027  -45.380  -8.154 0.0000000000
165860  -4.544  -46.513  -6.539 0.0000000000
165861  -4.605  -47.015  -6.647 0.0000000000
165862  -4.677  -46.800  -6.278 0.0000000000
165863  -4.322  -46.735  -6.707 0.0000000000
165864  -4.785  -47.189  -6.304 0.0000000000
165865  -4.550  -47.083  -7.583 0.0000000000
165866  -4.483  -46.863  -7.387 0.0000000000
165867  -4.616  -46.202  -7.862 0.0000000000
165868  -4.727  -46.029  -6.938 0.0000000000
165871  -4.459  -46.281  -7.289 0.0000000000
