#!ascii label  , from subject colin27_FS vox2ras=TkReg
721
38765  -56.360  -39.153  -1.397 0.0000000000
38766  -56.681  -38.984  -1.426 0.0000000000
38777  -55.406  -39.523  -2.301 0.0000000000
38778  -56.303  -39.573  -2.109 0.0000000000
38779  -56.907  -39.286  -1.999 0.0000000000
38780  -57.197  -39.197  -2.227 0.0000000000
38785  -55.329  -39.379  -3.077 0.0000000000
38786  -56.215  -39.749  -2.907 0.0000000000
38787  -57.061  -39.792  -2.708 0.0000000000
38788  -57.400  -39.381  -2.618 0.0000000000
38793  -55.286  -39.135  -3.498 0.0000000000
38794  -55.973  -39.342  -3.778 0.0000000000
38795  -57.084  -39.815  -3.593 0.0000000000
38796  -57.931  -39.692  -3.416 0.0000000000
38797  -58.409  -39.462  -3.761 0.0000000000
38801  -56.154  -39.126  -4.391 0.0000000000
38802  -56.958  -39.431  -4.587 0.0000000000
38803  -58.031  -39.957  -4.334 0.0000000000
38804  -58.543  -39.523  -4.175 0.0000000000
38809  -57.294  -39.271  -5.225 0.0000000000
38810  -58.058  -39.525  -5.324 0.0000000000
38811  -58.907  -39.534  -5.052 0.0000000000
38812  -59.287  -39.334  -5.532 0.0000000000
38819  -58.522  -39.431  -5.870 0.0000000000
38820  -58.928  -39.500  -5.703 0.0000000000
38821  -59.185  -39.432  -5.611 0.0000000000
40092  -53.088  -38.388  -1.071 0.0000000000
40093  -54.012  -38.648  -0.992 0.0000000000
40094  -54.958  -38.917  -0.841 0.0000000000
40095  -55.855  -38.899  -0.658 0.0000000000
40096  -56.509  -38.602  -0.675 0.0000000000
40108  -52.917  -38.479  -1.568 0.0000000000
40109  -53.482  -38.708  -1.613 0.0000000000
40110  -54.462  -39.200  -1.702 0.0000000000
40111  -55.591  -39.341  -1.472 0.0000000000
40112  -56.843  -38.846  -1.559 0.0000000000
40113  -57.101  -39.034  -1.975 0.0000000000
40119  -52.882  -38.525  -2.007 0.0000000000
40120  -53.622  -38.819  -2.278 0.0000000000
40121  -54.489  -39.138  -2.639 0.0000000000
40122  -57.033  -38.736  -1.849 0.0000000000
40123  -57.353  -38.944  -2.327 0.0000000000
40128  -52.995  -38.371  -2.592 0.0000000000
40129  -53.640  -38.483  -3.069 0.0000000000
40130  -54.629  -38.828  -3.399 0.0000000000
40131  -55.189  -38.862  -3.822 0.0000000000
40132  -57.803  -39.086  -3.054 0.0000000000
40133  -58.240  -39.289  -3.554 0.0000000000
40137  -53.942  -38.266  -3.712 0.0000000000
40138  -54.555  -38.371  -4.089 0.0000000000
40139  -55.459  -38.632  -4.472 0.0000000000
40140  -56.218  -38.894  -4.765 0.0000000000
40141  -58.182  -38.847  -3.538 0.0000000000
40142  -58.620  -39.043  -3.945 0.0000000000
40147  -55.848  -38.430  -5.079 0.0000000000
40148  -56.646  -38.749  -5.383 0.0000000000
40149  -57.436  -39.114  -5.631 0.0000000000
40150  -59.053  -39.076  -4.624 0.0000000000
40151  -59.383  -39.069  -5.340 0.0000000000
40159  -57.138  -38.687  -6.027 0.0000000000
40160  -58.011  -39.024  -6.207 0.0000000000
40161  -58.888  -39.316  -6.307 0.0000000000
40162  -59.566  -39.111  -6.164 0.0000000000
40163  -60.147  -38.673  -6.883 0.0000000000
40178  -58.654  -38.938  -6.815 0.0000000000
40179  -59.341  -39.019  -7.054 0.0000000000
40180  -60.000  -38.961  -7.216 0.0000000000
40181  -60.408  -38.498  -7.532 0.0000000000
40194  -59.769  -38.879  -7.672 0.0000000000
40195  -60.270  -38.704  -8.049 0.0000000000
40196  -60.790  -38.261  -8.253 0.0000000000
40197  -61.176  -38.009  -8.673 0.0000000000
40214  -60.578  -38.402  -8.617 0.0000000000
40215  -61.003  -38.244  -8.934 0.0000000000
40216  -61.247  -37.867  -9.089 0.0000000000
41381  -53.615  -38.086  -0.327 0.0000000000
41382  -54.468  -38.428  -0.336 0.0000000000
41383  -56.901  -38.052  -0.248 0.0000000000
41400  -56.838  -38.377  -1.289 0.0000000000
41408  -57.016  -38.287  -2.128 0.0000000000
41409  -57.443  -38.595  -2.733 0.0000000000
41415  -52.662  -37.799  -3.175 0.0000000000
41416  -53.317  -37.871  -3.655 0.0000000000
41417  -57.208  -38.011  -2.927 0.0000000000
41418  -57.694  -38.476  -3.318 0.0000000000
41424  -52.636  -37.277  -4.092 0.0000000000
41425  -53.666  -37.675  -4.337 0.0000000000
41426  -54.551  -37.855  -4.789 0.0000000000
41427  -55.236  -38.035  -5.116 0.0000000000
41428  -57.394  -37.881  -3.589 0.0000000000
41429  -57.987  -38.261  -4.101 0.0000000000
41430  -58.694  -38.566  -4.514 0.0000000000
41435  -52.969  -37.093  -4.829 0.0000000000
41436  -53.681  -37.184  -5.314 0.0000000000
41437  -54.654  -37.490  -5.586 0.0000000000
41438  -55.689  -37.874  -5.753 0.0000000000
41439  -56.511  -38.199  -6.125 0.0000000000
41440  -58.402  -37.984  -4.758 0.0000000000
41441  -59.092  -38.257  -5.196 0.0000000000
41442  -59.576  -38.573  -5.793 0.0000000000
41453  -54.016  -36.994  -6.070 0.0000000000
41454  -54.807  -37.141  -6.551 0.0000000000
41455  -55.997  -37.552  -6.735 0.0000000000
41456  -57.143  -38.147  -6.779 0.0000000000
41457  -58.057  -38.554  -7.019 0.0000000000
41458  -59.471  -37.961  -5.920 0.0000000000
41459  -60.014  -38.161  -6.490 0.0000000000
41460  -60.409  -38.267  -7.129 0.0000000000
41473  -55.307  -36.999  -7.518 0.0000000000
41474  -56.507  -37.325  -7.874 0.0000000000
41475  -57.715  -37.917  -7.710 0.0000000000
41476  -58.771  -38.529  -7.605 0.0000000000
41477  -59.422  -38.782  -7.658 0.0000000000
41478  -60.402  -37.816  -7.175 0.0000000000
41479  -60.794  -37.946  -7.664 0.0000000000
41493  -56.806  -37.164  -8.595 0.0000000000
41494  -57.366  -37.427  -8.476 0.0000000000
41495  -58.429  -37.714  -8.680 0.0000000000
41496  -59.626  -38.417  -8.377 0.0000000000
41497  -60.267  -38.490  -8.585 0.0000000000
41498  -61.096  -37.761  -8.308 0.0000000000
41499  -61.258  -37.574  -8.841 0.0000000000
41519  -58.670  -37.481  -9.392 0.0000000000
41520  -59.389  -37.667  -9.551 0.0000000000
41521  -60.433  -38.138  -9.289 0.0000000000
41522  -61.116  -37.866  -9.538 0.0000000000
41523  -61.260  -37.357  -9.450 0.0000000000
41537  -59.639  -37.511  -10.247 0.0000000000
41538  -60.245  -37.608  -10.359 0.0000000000
41539  -60.919  -37.711  -10.142 0.0000000000
41540  -61.234  -37.331  -10.157 0.0000000000
41546  -60.579  -37.397  -10.902 0.0000000000
41547  -60.918  -37.432  -10.735 0.0000000000
41548  -61.154  -37.384  -10.527 0.0000000000
42634  -56.036  -36.330  0.037 0.0000000000
42635  -56.612  -37.202  -0.110 0.0000000000
42654  -56.101  -36.559  -1.001 0.0000000000
42655  -56.671  -37.529  -1.335 0.0000000000
42668  -56.054  -36.721  -2.143 0.0000000000
42669  -56.624  -37.488  -2.523 0.0000000000
42676  -56.125  -36.803  -3.224 0.0000000000
42677  -56.772  -37.431  -3.423 0.0000000000
42686  -56.397  -36.902  -3.963 0.0000000000
42687  -57.091  -37.369  -4.250 0.0000000000
42688  -57.737  -37.567  -4.754 0.0000000000
42697  -53.326  -36.716  -6.072 0.0000000000
42698  -56.418  -36.708  -4.629 0.0000000000
42699  -57.032  -36.889  -5.214 0.0000000000
42700  -58.113  -37.378  -5.432 0.0000000000
42701  -58.863  -37.525  -5.867 0.0000000000
42714  -53.650  -36.600  -6.888 0.0000000000
42715  -54.423  -36.695  -7.419 0.0000000000
42716  -57.406  -36.658  -5.906 0.0000000000
42717  -58.157  -36.775  -6.336 0.0000000000
42718  -59.212  -37.290  -6.598 0.0000000000
42719  -59.927  -37.418  -7.089 0.0000000000
42729  -54.672  -36.594  -8.256 0.0000000000
42730  -55.570  -36.825  -8.346 0.0000000000
42731  -58.531  -36.534  -7.034 0.0000000000
42732  -59.305  -36.590  -7.607 0.0000000000
42733  -60.394  -37.225  -7.772 0.0000000000
42734  -60.884  -37.509  -8.052 0.0000000000
42752  -55.189  -36.498  -9.176 0.0000000000
42753  -56.304  -36.848  -8.985 0.0000000000
42754  -57.203  -37.093  -9.062 0.0000000000
42755  -57.735  -37.377  -8.960 0.0000000000
42756  -59.276  -36.176  -8.238 0.0000000000
42757  -59.984  -36.347  -8.537 0.0000000000
42758  -60.973  -37.062  -8.598 0.0000000000
42759  -61.278  -37.231  -9.027 0.0000000000
42781  -54.828  -35.986  -10.253 0.0000000000
42782  -55.998  -36.434  -10.058 0.0000000000
42783  -57.066  -36.770  -9.857 0.0000000000
42784  -58.106  -37.217  -9.584 0.0000000000
42785  -58.805  -37.398  -9.737 0.0000000000
42786  -60.159  -36.020  -9.127 0.0000000000
42787  -60.700  -36.307  -9.419 0.0000000000
42788  -61.163  -36.896  -9.325 0.0000000000
42800  -55.089  -35.810  -11.021 0.0000000000
42801  -55.829  -36.079  -11.209 0.0000000000
42802  -56.926  -36.439  -10.880 0.0000000000
42803  -58.026  -36.751  -10.589 0.0000000000
42804  -59.099  -37.275  -10.370 0.0000000000
42805  -59.774  -37.448  -10.572 0.0000000000
42806  -60.939  -36.113  -10.072 0.0000000000
42807  -61.201  -36.502  -10.215 0.0000000000
42812  -56.184  -35.992  -11.848 0.0000000000
42813  -56.834  -36.200  -11.949 0.0000000000
42814  -57.913  -36.500  -11.588 0.0000000000
42815  -59.004  -36.844  -11.355 0.0000000000
42816  -60.081  -37.251  -11.139 0.0000000000
42817  -60.911  -37.221  -11.247 0.0000000000
42818  -61.328  -36.890  -10.964 0.0000000000
42823  -57.257  -36.014  -12.500 0.0000000000
42824  -57.879  -36.242  -12.392 0.0000000000
42825  -58.897  -36.508  -12.237 0.0000000000
42826  -59.969  -36.804  -12.066 0.0000000000
42827  -60.869  -36.903  -11.814 0.0000000000
42828  -61.220  -36.851  -11.521 0.0000000000
43835  -54.765  -35.239  -0.361 0.0000000000
43836  -55.401  -35.641  0.254 0.0000000000
43854  -54.067  -35.292  -1.904 0.0000000000
43855  -54.592  -35.462  -1.339 0.0000000000
43856  -55.401  -35.844  -0.691 0.0000000000
43873  -53.848  -35.217  -2.651 0.0000000000
43874  -54.563  -35.596  -2.343 0.0000000000
43875  -55.312  -36.061  -1.752 0.0000000000
43892  -53.625  -35.114  -3.592 0.0000000000
43893  -54.345  -35.490  -3.366 0.0000000000
43894  -55.236  -36.113  -3.043 0.0000000000
43908  -54.027  -35.344  -4.319 0.0000000000
43909  -54.761  -35.740  -4.192 0.0000000000
43910  -55.657  -36.336  -4.254 0.0000000000
43927  -54.411  -35.458  -4.901 0.0000000000
43928  -55.047  -35.673  -5.184 0.0000000000
43929  -56.006  -36.190  -5.390 0.0000000000
43930  -56.678  -36.328  -5.937 0.0000000000
43945  -55.463  -35.560  -5.893 0.0000000000
43946  -56.120  -35.669  -6.331 0.0000000000
43947  -57.087  -36.095  -6.588 0.0000000000
43948  -57.799  -36.180  -7.021 0.0000000000
43956  -56.505  -35.477  -6.974 0.0000000000
43957  -57.174  -35.571  -7.401 0.0000000000
43958  -58.170  -35.943  -7.661 0.0000000000
43959  -58.785  -35.983  -8.123 0.0000000000
43984  -57.527  -35.406  -8.020 0.0000000000
43985  -58.172  -35.482  -8.436 0.0000000000
43986  -59.085  -35.776  -8.677 0.0000000000
43987  -59.717  -35.826  -9.050 0.0000000000
44008  -58.516  -35.344  -9.025 0.0000000000
44009  -59.185  -35.433  -9.418 0.0000000000
44010  -60.110  -35.708  -9.578 0.0000000000
44011  -60.669  -35.879  -9.988 0.0000000000
44020  -55.195  -35.767  -11.510 0.0000000000
44021  -59.683  -35.340  -10.003 0.0000000000
44022  -60.387  -35.503  -10.234 0.0000000000
44023  -61.090  -35.674  -10.556 0.0000000000
44024  -61.377  -35.967  -10.637 0.0000000000
44031  -54.845  -35.557  -12.061 0.0000000000
44032  -55.771  -35.785  -12.062 0.0000000000
44033  -56.343  -35.931  -12.147 0.0000000000
44034  -61.306  -35.384  -10.958 0.0000000000
44035  -61.539  -35.737  -11.187 0.0000000000
44036  -61.869  -35.313  -11.720 0.0000000000
44044  -56.642  -35.702  -12.669 0.0000000000
44045  -57.741  -35.787  -12.884 0.0000000000
44046  -58.767  -36.012  -12.890 0.0000000000
44047  -59.873  -36.276  -12.814 0.0000000000
44048  -60.917  -36.407  -12.547 0.0000000000
44049  -61.577  -36.221  -11.913 0.0000000000
44050  -61.954  -35.426  -11.913 0.0000000000
44058  -58.539  -35.358  -13.360 0.0000000000
44059  -59.681  -35.575  -13.356 0.0000000000
44060  -60.828  -35.716  -13.215 0.0000000000
44061  -61.686  -35.643  -12.787 0.0000000000
44062  -62.028  -35.397  -12.385 0.0000000000
44975  -54.162  -34.724  -0.043 0.0000000000
44988  -53.400  -34.535  -0.603 0.0000000000
44989  -54.047  -35.020  -0.910 0.0000000000
45000  -51.838  -33.815  -1.446 0.0000000000
45001  -52.453  -34.149  -1.191 0.0000000000
45002  -53.419  -34.874  -1.748 0.0000000000
45003  -54.022  -35.171  -1.468 0.0000000000
45014  -51.864  -34.039  -2.042 0.0000000000
45015  -52.537  -34.488  -2.392 0.0000000000
45016  -53.185  -34.824  -2.934 0.0000000000
45030  -51.910  -34.194  -3.028 0.0000000000
45031  -52.586  -34.521  -3.426 0.0000000000
45032  -53.112  -34.760  -3.759 0.0000000000
45047  -52.074  -34.233  -4.060 0.0000000000
45048  -52.744  -34.546  -4.331 0.0000000000
45049  -53.381  -34.907  -4.458 0.0000000000
45062  -52.341  -34.311  -4.847 0.0000000000
45063  -52.993  -34.504  -5.359 0.0000000000
45064  -53.915  -35.048  -5.283 0.0000000000
45065  -54.510  -35.309  -5.386 0.0000000000
45072  -53.062  -34.348  -5.956 0.0000000000
45073  -53.583  -34.473  -6.232 0.0000000000
45074  -54.746  -35.079  -6.100 0.0000000000
45075  -55.492  -35.303  -6.371 0.0000000000
45089  -53.677  -34.212  -6.888 0.0000000000
45090  -54.370  -34.356  -7.206 0.0000000000
45091  -55.708  -34.997  -7.101 0.0000000000
45092  -56.495  -35.246  -7.425 0.0000000000
45115  -54.458  -34.088  -7.912 0.0000000000
45116  -55.237  -34.278  -8.287 0.0000000000
45117  -56.697  -34.953  -8.148 0.0000000000
45118  -57.510  -35.175  -8.441 0.0000000000
45131  -55.429  -34.013  -9.097 0.0000000000
45132  -56.279  -34.255  -9.380 0.0000000000
45133  -57.722  -34.903  -9.155 0.0000000000
45134  -58.524  -35.146  -9.440 0.0000000000
45143  -56.527  -34.017  -10.149 0.0000000000
45144  -57.342  -34.267  -10.353 0.0000000000
45145  -58.768  -34.876  -10.141 0.0000000000
45146  -59.995  -35.089  -10.590 0.0000000000
45147  -60.646  -35.287  -10.666 0.0000000000
45156  -57.616  -34.084  -11.055 0.0000000000
45157  -58.277  -34.307  -11.051 0.0000000000
45158  -59.479  -34.534  -11.117 0.0000000000
45159  -60.965  -34.826  -11.241 0.0000000000
45160  -61.838  -35.030  -11.681 0.0000000000
45161  -62.052  -35.141  -11.888 0.0000000000
45170  -61.261  -34.276  -11.849 0.0000000000
45171  -61.706  -34.418  -11.954 0.0000000000
45172  -62.189  -34.769  -12.275 0.0000000000
45183  -60.581  -34.870  -13.738 0.0000000000
45184  -61.723  -34.908  -13.484 0.0000000000
45185  -62.376  -34.827  -12.987 0.0000000000
46091  -61.609  -33.462  3.598 0.0000000000
46135  -50.882  -33.143  -1.083 0.0000000000
46136  -51.646  -33.547  -0.870 0.0000000000
46150  -50.736  -33.168  -2.011 0.0000000000
46151  -51.375  -33.567  -1.673 0.0000000000
46163  -50.647  -33.268  -3.028 0.0000000000
46164  -51.291  -33.698  -2.572 0.0000000000
46175  -50.678  -33.258  -4.142 0.0000000000
46176  -51.351  -33.779  -3.648 0.0000000000
46186  -50.674  -33.022  -5.230 0.0000000000
46187  -51.622  -33.840  -5.007 0.0000000000
46188  -52.381  -34.203  -5.378 0.0000000000
46198  -50.634  -32.719  -5.870 0.0000000000
46199  -51.329  -33.147  -6.295 0.0000000000
46200  -52.634  -34.016  -6.217 0.0000000000
46201  -53.329  -34.148  -6.692 0.0000000000
46214  -51.498  -32.910  -7.068 0.0000000000
46215  -52.172  -33.223  -7.413 0.0000000000
46216  -53.430  -33.857  -7.365 0.0000000000
46217  -54.098  -34.004  -7.728 0.0000000000
46234  -52.330  -32.976  -8.159 0.0000000000
46235  -52.971  -33.231  -8.338 0.0000000000
46236  -54.133  -33.703  -8.394 0.0000000000
46237  -54.899  -33.782  -8.994 0.0000000000
46252  -53.557  -33.187  -9.053 0.0000000000
46253  -54.319  -33.313  -9.524 0.0000000000
46254  -55.333  -33.692  -9.725 0.0000000000
46255  -56.056  -33.785  -10.102 0.0000000000
46264  -54.774  -33.194  -10.403 0.0000000000
46265  -55.587  -33.459  -10.617 0.0000000000
46266  -56.478  -33.708  -10.775 0.0000000000
46267  -57.188  -33.835  -11.102 0.0000000000
46277  -55.103  -32.893  -11.192 0.0000000000
46278  -55.922  -33.129  -11.400 0.0000000000
46279  -56.821  -33.280  -11.683 0.0000000000
46280  -57.780  -33.693  -11.602 0.0000000000
46281  -58.854  -33.914  -11.751 0.0000000000
46282  -59.994  -34.052  -11.796 0.0000000000
46283  -60.828  -34.077  -11.894 0.0000000000
46292  -57.489  -33.065  -12.191 0.0000000000
46293  -58.322  -33.218  -12.292 0.0000000000
46294  -59.366  -33.354  -12.337 0.0000000000
46295  -60.403  -33.462  -12.276 0.0000000000
46296  -61.359  -33.704  -12.233 0.0000000000
46297  -62.159  -33.852  -12.471 0.0000000000
46298  -62.636  -33.910  -12.976 0.0000000000
47202  -62.033  -33.102  4.261 0.0000000000
47203  -62.237  -32.530  4.057 0.0000000000
47210  -61.360  -33.160  3.209 0.0000000000
47211  -61.994  -33.195  3.401 0.0000000000
47212  -62.283  -32.603  3.663 0.0000000000
47218  -61.583  -32.850  2.487 0.0000000000
47219  -61.999  -32.900  2.386 0.0000000000
47220  -62.367  -32.468  2.888 0.0000000000
47227  -62.192  -32.464  1.853 0.0000000000
47228  -62.337  -32.328  2.161 0.0000000000
47239  -49.652  -31.944  -1.739 0.0000000000
47240  -50.215  -32.566  -1.340 0.0000000000
47243  -49.693  -31.919  -2.751 0.0000000000
47244  -50.153  -32.602  -2.382 0.0000000000
47249  -49.745  -31.870  -3.735 0.0000000000
47250  -50.132  -32.604  -3.416 0.0000000000
47258  -49.768  -31.770  -4.625 0.0000000000
47259  -50.129  -32.493  -4.444 0.0000000000
47267  -49.773  -31.623  -5.166 0.0000000000
47268  -50.087  -32.194  -5.475 0.0000000000
47281  -50.555  -32.382  -6.435 0.0000000000
47282  -51.108  -32.636  -6.930 0.0000000000
47298  -50.738  -32.159  -7.246 0.0000000000
47299  -51.390  -32.568  -7.604 0.0000000000
47300  -51.906  -32.751  -8.101 0.0000000000
47317  -50.917  -31.979  -7.917 0.0000000000
47318  -51.421  -32.194  -8.502 0.0000000000
47319  -52.239  -32.666  -8.777 0.0000000000
47320  -52.936  -32.843  -9.150 0.0000000000
47340  -53.430  -32.704  -9.832 0.0000000000
47341  -54.110  -32.813  -10.282 0.0000000000
47355  -54.366  -32.613  -10.965 0.0000000000
47383  -60.910  -32.823  -12.592 0.0000000000
47384  -61.875  -33.032  -12.690 0.0000000000
47385  -62.544  -33.223  -12.901 0.0000000000
48318  -61.954  -31.965  4.286 0.0000000000
48319  -62.288  -32.241  3.883 0.0000000000
48330  -62.079  -31.338  3.744 0.0000000000
48331  -62.360  -31.714  3.410 0.0000000000
48337  -61.139  -32.388  2.266 0.0000000000
48338  -61.679  -32.714  2.147 0.0000000000
48339  -62.477  -31.492  2.364 0.0000000000
48344  -61.381  -32.094  1.210 0.0000000000
48345  -61.863  -32.395  1.490 0.0000000000
48346  -62.326  -31.819  1.458 0.0000000000
48351  -61.219  -31.854  0.596 0.0000000000
48352  -61.692  -32.028  0.481 0.0000000000
48353  -62.192  -31.875  0.317 0.0000000000
48358  -61.355  -31.827  -0.171 0.0000000000
48359  -61.870  -32.046  -0.490 0.0000000000
48360  -62.266  -31.775  -0.850 0.0000000000
48363  -49.281  -31.188  -2.110 0.0000000000
48364  -61.474  -31.879  -1.103 0.0000000000
48365  -61.989  -32.059  -1.479 0.0000000000
48366  -62.285  -31.630  -1.876 0.0000000000
48368  -49.459  -31.152  -3.112 0.0000000000
48369  -61.616  -31.924  -2.018 0.0000000000
48370  -62.075  -31.919  -2.425 0.0000000000
48371  -62.411  -31.530  -2.913 0.0000000000
48374  -49.621  -31.137  -4.039 0.0000000000
48375  -61.749  -31.856  -2.796 0.0000000000
48376  -62.167  -31.827  -3.359 0.0000000000
48377  -62.573  -31.529  -3.774 0.0000000000
48381  -49.704  -31.149  -4.861 0.0000000000
48382  -62.373  -31.676  -3.960 0.0000000000
48383  -62.538  -31.517  -4.197 0.0000000000
48386  -49.825  -31.297  -5.673 0.0000000000
48387  -50.070  -31.782  -6.214 0.0000000000
48393  -49.933  -31.173  -6.562 0.0000000000
48394  -50.248  -31.718  -6.884 0.0000000000
48401  -49.990  -31.214  -7.190 0.0000000000
48402  -50.349  -31.505  -7.648 0.0000000000
49506  -61.329  -30.787  4.318 0.0000000000
49507  -61.811  -31.020  3.887 0.0000000000
49517  -61.503  -30.395  3.687 0.0000000000
49518  -61.987  -30.604  3.326 0.0000000000
49519  -62.376  -30.844  2.835 0.0000000000
49531  -62.145  -30.132  2.689 0.0000000000
49532  -62.434  -30.327  2.250 0.0000000000
49541  -60.799  -31.569  1.298 0.0000000000
49542  -62.487  -30.637  1.550 0.0000000000
49547  -60.265  -30.675  0.887 0.0000000000
49548  -60.834  -31.330  0.289 0.0000000000
49549  -62.455  -30.899  0.606 0.0000000000
49554  -60.243  -30.641  -0.146 0.0000000000
49555  -60.863  -31.362  -0.685 0.0000000000
49556  -62.478  -31.190  -0.287 0.0000000000
49560  -60.231  -30.720  -1.230 0.0000000000
49561  -60.948  -31.469  -1.698 0.0000000000
49562  -62.461  -30.993  -1.188 0.0000000000
49565  -49.220  -30.376  -2.511 0.0000000000
49566  -60.253  -30.774  -2.561 0.0000000000
49567  -61.247  -31.562  -2.535 0.0000000000
49568  -62.452  -30.883  -2.300 0.0000000000
49570  -49.522  -30.389  -3.478 0.0000000000
49571  -60.301  -30.520  -3.898 0.0000000000
49572  -61.412  -31.378  -3.574 0.0000000000
49573  -62.092  -31.705  -3.888 0.0000000000
49574  -62.804  -30.768  -3.571 0.0000000000
49575  -63.024  -30.317  -4.082 0.0000000000
49578  -49.736  -30.497  -4.405 0.0000000000
49579  -60.320  -30.204  -4.508 0.0000000000
49580  -61.054  -30.527  -4.807 0.0000000000
49581  -62.179  -31.319  -4.578 0.0000000000
49582  -62.838  -31.116  -4.519 0.0000000000
49583  -63.140  -30.473  -4.523 0.0000000000
49587  -49.839  -30.581  -5.251 0.0000000000
49588  -61.252  -30.173  -5.518 0.0000000000
49589  -61.921  -30.439  -5.771 0.0000000000
49590  -62.748  -30.767  -5.487 0.0000000000
49591  -63.229  -30.444  -5.346 0.0000000000
49597  -49.898  -30.510  -6.154 0.0000000000
49598  -62.248  -30.053  -6.409 0.0000000000
49599  -62.699  -30.272  -6.346 0.0000000000
49600  -63.213  -30.295  -6.123 0.0000000000
49607  -49.786  -30.479  -7.284 0.0000000000
49608  -49.950  -31.062  -7.572 0.0000000000
50739  -60.059  -28.924  3.803 0.0000000000
50740  -60.817  -29.514  3.584 0.0000000000
50741  -61.500  -30.000  3.347 0.0000000000
50751  -61.058  -29.060  2.866 0.0000000000
50752  -61.610  -29.485  2.811 0.0000000000
50753  -62.209  -29.434  2.277 0.0000000000
50765  -62.459  -29.541  1.706 0.0000000000
50773  -57.922  -29.141  -0.559 0.0000000000
50774  -58.688  -29.507  0.009 0.0000000000
50775  -59.511  -30.022  0.484 0.0000000000
50776  -62.490  -29.701  0.918 0.0000000000
50783  -57.986  -29.256  -1.514 0.0000000000
50784  -58.708  -29.554  -1.046 0.0000000000
50785  -59.494  -30.033  -0.598 0.0000000000
50786  -62.480  -29.910  -0.265 0.0000000000
50791  -58.000  -29.363  -2.313 0.0000000000
50792  -58.638  -29.649  -1.954 0.0000000000
50793  -59.413  -30.130  -1.642 0.0000000000
50794  -62.188  -29.310  -1.782 0.0000000000
50795  -62.443  -30.045  -1.521 0.0000000000
50799  -49.498  -29.574  -2.752 0.0000000000
50800  -57.946  -29.394  -2.966 0.0000000000
50801  -58.552  -29.659  -2.744 0.0000000000
50802  -59.221  -30.032  -2.458 0.0000000000
50803  -62.204  -29.358  -2.308 0.0000000000
50804  -62.453  -29.858  -2.624 0.0000000000
50806  -50.032  -29.715  -3.946 0.0000000000
50807  -50.804  -29.248  -4.395 0.0000000000
50808  -51.299  -29.059  -4.676 0.0000000000
50809  -57.895  -29.374  -3.370 0.0000000000
50810  -58.357  -29.526  -3.390 0.0000000000
50811  -59.267  -29.982  -3.368 0.0000000000
50812  -62.780  -29.777  -3.800 0.0000000000
50813  -63.136  -29.984  -4.409 0.0000000000
50815  -49.991  -30.083  -4.833 0.0000000000
50816  -50.428  -29.659  -4.974 0.0000000000
50817  -51.047  -29.185  -5.248 0.0000000000
50818  -57.922  -29.352  -3.802 0.0000000000
50819  -58.632  -29.533  -4.065 0.0000000000
50820  -59.605  -29.817  -4.417 0.0000000000
50821  -60.294  -29.894  -4.887 0.0000000000
50822  -63.049  -29.384  -4.523 0.0000000000
50823  -63.377  -29.655  -5.145 0.0000000000
50826  -50.065  -29.968  -5.600 0.0000000000
50827  -50.481  -29.415  -5.792 0.0000000000
50828  -51.010  -29.049  -5.979 0.0000000000
50829  -58.015  -29.271  -4.463 0.0000000000
50830  -58.714  -29.329  -4.899 0.0000000000
50831  -59.668  -29.424  -5.316 0.0000000000
50832  -60.640  -29.748  -5.502 0.0000000000
50833  -61.277  -29.853  -5.923 0.0000000000
50834  -63.525  -29.615  -6.091 0.0000000000
50837  -49.899  -29.512  -6.550 0.0000000000
50838  -50.482  -29.005  -6.238 0.0000000000
50839  -50.856  -28.802  -6.167 0.0000000000
50840  -60.025  -29.260  -5.890 0.0000000000
50841  -60.709  -29.292  -6.225 0.0000000000
50842  -61.705  -29.546  -6.538 0.0000000000
50843  -62.492  -29.662  -6.776 0.0000000000
51982  -59.164  -27.974  3.730 0.0000000000
51983  -59.976  -28.320  3.295 0.0000000000
51984  -60.708  -28.675  2.922 0.0000000000
51999  -60.553  -28.012  2.663 0.0000000000
52000  -61.237  -28.413  2.502 0.0000000000
52001  -61.901  -28.661  2.225 0.0000000000
52002  -62.289  -28.708  1.868 0.0000000000
52016  -62.458  -28.685  1.308 0.0000000000
52030  -62.410  -28.711  0.547 0.0000000000
52045  -57.289  -28.853  -1.189 0.0000000000
52046  -61.932  -28.214  -0.458 0.0000000000
52047  -62.208  -28.536  -0.266 0.0000000000
52059  -55.889  -28.521  -1.756 0.0000000000
52060  -56.722  -28.764  -1.880 0.0000000000
52061  -57.411  -29.076  -2.037 0.0000000000
52062  -61.394  -28.422  -1.767 0.0000000000
52063  -61.798  -28.417  -1.071 0.0000000000
52064  -62.392  -29.181  -0.990 0.0000000000
52069  -49.939  -28.794  -2.639 0.0000000000
52070  -50.934  -28.481  -2.780 0.0000000000
52071  -52.040  -28.251  -2.754 0.0000000000
52072  -53.221  -28.256  -2.610 0.0000000000
52073  -54.349  -28.364  -2.615 0.0000000000
52074  -55.363  -28.523  -2.648 0.0000000000
52075  -56.250  -28.750  -2.674 0.0000000000
52076  -56.974  -29.082  -2.666 0.0000000000
52077  -57.529  -29.264  -2.656 0.0000000000
52078  -61.135  -28.424  -2.405 0.0000000000
52079  -61.840  -28.904  -2.284 0.0000000000
52080  -62.225  -29.329  -2.578 0.0000000000
52083  -49.948  -29.252  -3.225 0.0000000000
52084  -50.502  -29.023  -3.510 0.0000000000
52085  -51.572  -28.783  -3.971 0.0000000000
52086  -52.780  -28.504  -3.752 0.0000000000
52087  -53.870  -28.462  -3.649 0.0000000000
52088  -54.899  -28.556  -3.617 0.0000000000
52089  -55.855  -28.737  -3.587 0.0000000000
52090  -56.680  -29.066  -3.488 0.0000000000
52091  -57.430  -29.316  -3.307 0.0000000000
52092  -60.949  -28.310  -3.032 0.0000000000
52093  -61.554  -28.520  -3.380 0.0000000000
52094  -62.241  -29.190  -3.146 0.0000000000
52097  -51.714  -28.873  -5.035 0.0000000000
52098  -52.498  -28.641  -4.786 0.0000000000
52099  -53.485  -28.532  -4.641 0.0000000000
52100  -54.477  -28.533  -4.579 0.0000000000
52101  -55.489  -28.599  -4.571 0.0000000000
52102  -56.505  -28.839  -4.476 0.0000000000
52103  -57.317  -29.218  -4.172 0.0000000000
52104  -61.770  -28.288  -4.140 0.0000000000
52105  -62.411  -28.682  -4.270 0.0000000000
52106  -63.209  -28.662  -5.114 0.0000000000
52109  -51.448  -28.717  -5.662 0.0000000000
52110  -52.161  -28.357  -5.598 0.0000000000
52111  -53.157  -28.285  -5.438 0.0000000000
52112  -54.092  -28.323  -5.379 0.0000000000
52113  -55.037  -28.303  -5.375 0.0000000000
52114  -56.212  -28.261  -5.566 0.0000000000
52115  -57.624  -28.829  -5.260 0.0000000000
52116  -58.900  -28.956  -5.692 0.0000000000
52117  -59.534  -29.100  -5.862 0.0000000000
52125  -51.165  -28.543  -6.070 0.0000000000
52126  -51.585  -28.315  -5.898 0.0000000000
53278  -58.589  -27.361  3.895 0.0000000000
53279  -59.279  -27.363  3.304 0.0000000000
53286  -59.953  -27.405  2.695 0.0000000000
53287  -60.932  -27.286  2.250 0.0000000000
53288  -61.743  -27.896  2.049 0.0000000000
53289  -62.077  -28.264  1.942 0.0000000000
53300  -61.201  -26.809  1.899 0.0000000000
53301  -61.700  -27.185  1.600 0.0000000000
53302  -62.163  -28.023  1.651 0.0000000000
53315  -61.342  -27.074  0.360 0.0000000000
53316  -61.836  -27.226  0.781 0.0000000000
53317  -62.321  -27.827  1.069 0.0000000000
53327  -60.279  -27.234  -0.717 0.0000000000
53328  -60.939  -27.328  -0.300 0.0000000000
53329  -61.742  -27.769  -0.129 0.0000000000
53330  -62.190  -27.933  0.411 0.0000000000
53337  -59.190  -27.070  -1.478 0.0000000000
53338  -59.715  -27.259  -1.325 0.0000000000
53339  -60.777  -27.846  -1.437 0.0000000000
53340  -61.346  -27.816  -0.706 0.0000000000
53345  -59.165  -27.172  -1.987 0.0000000000
53346  -59.827  -27.557  -2.251 0.0000000000
53347  -60.501  -27.992  -2.684 0.0000000000
53351  -59.182  -27.230  -2.809 0.0000000000
53352  -59.787  -27.441  -3.415 0.0000000000
53353  -60.709  -27.968  -3.651 0.0000000000
53354  -61.315  -28.090  -4.134 0.0000000000
53357  -60.217  -27.348  -4.242 0.0000000000
53358  -60.905  -27.505  -4.545 0.0000000000
53359  -61.800  -27.696  -4.734 0.0000000000
53360  -62.724  -27.712  -5.337 0.0000000000
54436  -56.809  -25.702  4.891 0.0000000000
54437  -57.467  -26.262  4.522 0.0000000000
54438  -58.130  -26.836  4.114 0.0000000000
54444  -57.784  -25.976  3.727 0.0000000000
54445  -58.545  -26.466  3.323 0.0000000000
54446  -59.405  -26.891  2.890 0.0000000000
54450  -53.561  -26.204  2.245 0.0000000000
54451  -54.457  -26.199  2.508 0.0000000000
54452  -58.890  -26.193  2.633 0.0000000000
54453  -59.757  -26.584  2.254 0.0000000000
54454  -60.766  -26.739  1.995 0.0000000000
54457  -53.505  -26.134  1.419 0.0000000000
54458  -54.155  -26.207  1.682 0.0000000000
54459  -57.694  -26.330  0.935 0.0000000000
54460  -58.443  -26.349  1.014 0.0000000000
54461  -59.170  -26.366  1.105 0.0000000000
54462  -59.847  -26.385  1.345 0.0000000000
54463  -60.907  -26.621  1.484 0.0000000000
54464  -61.553  -26.810  1.216 0.0000000000
54472  -53.446  -26.044  0.982 0.0000000000
54473  -53.806  -26.144  1.059 0.0000000000
54474  -56.373  -26.313  0.107 0.0000000000
54475  -57.036  -26.389  0.340 0.0000000000
54476  -57.932  -26.428  0.295 0.0000000000
54477  -58.835  -26.485  0.372 0.0000000000
54478  -59.605  -26.518  0.606 0.0000000000
54479  -60.534  -26.724  0.485 0.0000000000
54480  -61.334  -26.731  0.867 0.0000000000
54488  -56.018  -26.236  -0.338 0.0000000000
54489  -56.532  -26.353  -0.446 0.0000000000
54490  -57.295  -26.473  -0.515 0.0000000000
54491  -58.285  -26.613  -0.519 0.0000000000
54492  -59.514  -26.830  -0.420 0.0000000000
54493  -60.358  -26.965  -0.228 0.0000000000
54500  -56.015  -26.174  -0.947 0.0000000000
54501  -56.549  -26.252  -1.405 0.0000000000
54502  -57.521  -26.533  -1.485 0.0000000000
54503  -58.623  -26.867  -1.519 0.0000000000
54504  -59.253  -27.018  -1.157 0.0000000000
54510  -56.866  -26.088  -2.372 0.0000000000
54511  -57.696  -26.398  -2.657 0.0000000000
54512  -58.569  -26.833  -2.684 0.0000000000
54519  -58.168  -26.258  -3.433 0.0000000000
54520  -58.892  -26.623  -3.713 0.0000000000
54521  -59.637  -26.660  -4.419 0.0000000000
55661  -56.594  -25.573  4.270 0.0000000000
55662  -57.315  -25.690  3.842 0.0000000000
55671  -55.794  -25.713  3.555 0.0000000000
55672  -56.706  -25.655  3.323 0.0000000000
55673  -57.673  -25.785  3.111 0.0000000000
55674  -58.383  -25.954  2.729 0.0000000000
55682  -53.029  -26.054  1.568 0.0000000000
55683  -55.136  -26.050  2.930 0.0000000000
55684  -55.901  -25.858  2.659 0.0000000000
55685  -56.827  -25.873  2.396 0.0000000000
55686  -57.804  -25.938  2.230 0.0000000000
55687  -58.777  -26.054  2.137 0.0000000000
55688  -59.343  -26.244  1.787 0.0000000000
55694  -52.440  -25.804  1.123 0.0000000000
55695  -53.066  -25.930  0.986 0.0000000000
55696  -55.027  -26.145  2.045 0.0000000000
55697  -55.850  -26.076  1.613 0.0000000000
55698  -56.955  -26.215  1.289 0.0000000000
55699  -58.103  -26.170  1.567 0.0000000000
55700  -58.876  -26.215  1.555 0.0000000000
55701  -59.324  -26.296  1.491 0.0000000000
55705  -51.759  -25.273  0.454 0.0000000000
55706  -52.592  -25.562  0.394 0.0000000000
55707  -53.418  -25.849  0.475 0.0000000000
55708  -54.553  -26.118  0.785 0.0000000000
55709  -55.789  -26.196  0.350 0.0000000000
55710  -56.533  -26.296  0.543 0.0000000000
55715  -52.130  -25.096  -0.155 0.0000000000
55716  -52.789  -25.288  -0.430 0.0000000000
55717  -53.742  -25.650  -0.368 0.0000000000
55718  -54.675  -25.849  -0.507 0.0000000000
55719  -55.446  -26.017  -0.813 0.0000000000
55725  -53.225  -25.105  -1.076 0.0000000000
55726  -53.918  -25.292  -1.269 0.0000000000
55727  -54.705  -25.422  -1.645 0.0000000000
55728  -55.643  -25.768  -1.760 0.0000000000
55729  -56.194  -25.803  -2.305 0.0000000000
55736  -55.068  -25.146  -2.405 0.0000000000
55737  -55.655  -25.253  -2.765 0.0000000000
55738  -56.390  -25.365  -3.158 0.0000000000
55739  -57.081  -25.721  -3.117 0.0000000000
55746  -56.939  -25.122  -3.646 0.0000000000
55747  -57.572  -25.515  -3.752 0.0000000000
56920  -51.511  -24.419  -0.337 0.0000000000
56921  -52.166  -24.698  -0.648 0.0000000000
56924  -51.931  -24.151  -0.954 0.0000000000
56925  -52.548  -24.459  -1.234 0.0000000000
56926  -53.323  -24.463  -1.774 0.0000000000
56927  -54.027  -24.786  -1.922 0.0000000000
56931  -53.790  -24.171  -2.296 0.0000000000
56932  -54.429  -24.469  -2.519 0.0000000000
