#!ascii label  , from subject colin27_FS vox2ras=TkReg
1434
63457  -39.172  -19.212  -2.784 0.0000000000
63484  -39.114  -19.186  -3.733 0.0000000000
63485  -39.824  -19.581  -3.468 0.0000000000
63504  -39.094  -19.140  -4.165 0.0000000000
63505  -39.500  -19.291  -4.368 0.0000000000
63506  -40.488  -19.651  -4.316 0.0000000000
63522  -39.557  -19.196  -4.941 0.0000000000
63523  -40.084  -19.336  -5.065 0.0000000000
63524  -41.117  -19.451  -5.332 0.0000000000
63541  -41.294  -19.269  -5.912 0.0000000000
63542  -41.809  -19.356  -5.958 0.0000000000
64703  -39.288  -18.192  -0.742 0.0000000000
64704  -39.614  -18.331  -0.113 0.0000000000
64707  -39.070  -18.346  -1.355 0.0000000000
64708  -39.525  -18.749  -0.893 0.0000000000
64718  -38.167  -18.290  -2.734 0.0000000000
64719  -38.681  -18.491  -2.198 0.0000000000
64720  -39.345  -19.052  -1.774 0.0000000000
64737  -37.930  -18.419  -3.496 0.0000000000
64738  -38.561  -18.814  -3.210 0.0000000000
64751  -37.753  -18.302  -4.448 0.0000000000
64752  -38.725  -18.889  -4.367 0.0000000000
64753  -39.281  -19.104  -4.799 0.0000000000
64767  -37.603  -18.062  -5.045 0.0000000000
64768  -38.297  -18.273  -5.481 0.0000000000
64769  -39.451  -18.876  -5.439 0.0000000000
64770  -40.514  -19.092  -5.771 0.0000000000
64771  -41.035  -19.215  -5.873 0.0000000000
64786  -38.515  -17.951  -6.187 0.0000000000
64787  -39.186  -18.125  -6.425 0.0000000000
64788  -40.184  -18.612  -6.404 0.0000000000
64789  -41.223  -18.984  -6.418 0.0000000000
64790  -42.316  -19.033  -6.673 0.0000000000
64803  -39.486  -17.840  -6.996 0.0000000000
64804  -39.936  -18.116  -7.093 0.0000000000
64805  -40.833  -18.392  -7.183 0.0000000000
64806  -41.855  -18.524  -7.300 0.0000000000
64807  -42.902  -18.483  -7.341 0.0000000000
65995  -39.666  -17.666  0.425 0.0000000000
65998  -39.120  -17.849  -1.028 0.0000000000
65999  -39.365  -17.626  -0.397 0.0000000000
66002  -38.741  -17.689  -1.538 0.0000000000
66003  -39.195  -17.383  -1.054 0.0000000000
66009  -37.714  -17.792  -2.706 0.0000000000
66010  -38.292  -17.736  -2.161 0.0000000000
66023  -36.054  -17.286  -4.034 0.0000000000
66024  -36.622  -17.550  -3.966 0.0000000000
66025  -37.228  -17.849  -3.593 0.0000000000
66036  -35.756  -17.052  -4.446 0.0000000000
66037  -36.430  -17.326  -4.883 0.0000000000
66038  -37.135  -17.827  -4.594 0.0000000000
66051  -36.675  -17.230  -5.785 0.0000000000
66052  -37.377  -17.666  -5.575 0.0000000000
66053  -38.082  -17.796  -6.088 0.0000000000
66071  -37.152  -17.213  -6.240 0.0000000000
66072  -37.787  -17.397  -6.391 0.0000000000
66073  -38.553  -17.501  -6.669 0.0000000000
66074  -39.187  -17.635  -6.951 0.0000000000
66086  -39.007  -17.297  -7.225 0.0000000000
66087  -39.619  -17.510  -7.523 0.0000000000
66088  -40.485  -17.843  -7.734 0.0000000000
66089  -41.406  -17.975  -7.907 0.0000000000
66090  -42.439  -17.953  -8.011 0.0000000000
66105  -40.218  -17.384  -8.181 0.0000000000
66106  -40.969  -17.502  -8.364 0.0000000000
67403  -39.770  -17.114  0.847 0.0000000000
67406  -39.592  -17.031  0.208 0.0000000000
67408  -39.493  -16.901  -0.605 0.0000000000
67411  -35.357  -16.163  -2.040 0.0000000000
67412  -35.645  -16.252  -2.048 0.0000000000
67413  -38.586  -17.255  -1.849 0.0000000000
67414  -39.140  -16.787  -1.512 0.0000000000
67417  -34.631  -16.117  -2.630 0.0000000000
67418  -35.120  -16.278  -2.429 0.0000000000
67419  -36.134  -16.636  -2.524 0.0000000000
67420  -37.138  -17.086  -2.695 0.0000000000
67421  -38.273  -16.847  -2.077 0.0000000000
67422  -39.102  -16.088  -1.931 0.0000000000
67431  -34.596  -16.202  -3.136 0.0000000000
67432  -35.424  -16.810  -3.567 0.0000000000
67433  -36.345  -17.171  -3.350 0.0000000000
67434  -36.809  -17.443  -3.390 0.0000000000
67445  -34.616  -16.249  -4.172 0.0000000000
67446  -35.253  -16.674  -4.674 0.0000000000
67447  -35.800  -16.887  -5.057 0.0000000000
67455  -34.770  -16.191  -5.042 0.0000000000
67456  -35.424  -16.439  -5.713 0.0000000000
67457  -36.134  -16.950  -5.599 0.0000000000
67473  -35.628  -16.057  -6.654 0.0000000000
67474  -36.470  -16.668  -6.502 0.0000000000
67475  -37.539  -16.905  -6.839 0.0000000000
67476  -38.097  -17.137  -6.813 0.0000000000
67492  -35.653  -15.729  -7.088 0.0000000000
67493  -36.155  -15.970  -7.290 0.0000000000
67494  -37.235  -16.210  -7.699 0.0000000000
67495  -38.429  -16.874  -7.466 0.0000000000
67496  -39.136  -17.129  -7.642 0.0000000000
67510  -37.524  -15.777  -8.410 0.0000000000
67511  -38.304  -16.061  -8.577 0.0000000000
67512  -39.481  -16.839  -8.362 0.0000000000
67513  -40.623  -17.042  -8.759 0.0000000000
67514  -41.256  -17.190  -8.800 0.0000000000
68900  -60.171  -15.103  2.684 0.0000000000
68902  -39.834  -16.599  0.751 0.0000000000
68903  -40.160  -15.865  0.967 0.0000000000
68907  -35.537  -15.375  0.034 0.0000000000
68908  -39.813  -16.324  0.077 0.0000000000
68909  -40.409  -15.550  -0.070 0.0000000000
68910  -40.962  -15.136  -0.635 0.0000000000
68914  -35.091  -15.597  -0.553 0.0000000000
68915  -36.039  -15.721  -0.650 0.0000000000
68916  -36.815  -15.678  -0.978 0.0000000000
68917  -39.854  -16.183  -0.855 0.0000000000
68918  -40.430  -15.553  -1.148 0.0000000000
68919  -41.011  -15.058  -1.456 0.0000000000
68922  -34.468  -15.507  -1.173 0.0000000000
68923  -35.241  -15.998  -1.642 0.0000000000
68924  -36.320  -16.095  -1.633 0.0000000000
68925  -37.359  -15.759  -1.539 0.0000000000
68926  -38.127  -15.540  -1.719 0.0000000000
68927  -39.740  -15.837  -1.611 0.0000000000
68928  -40.383  -15.247  -1.868 0.0000000000
68929  -40.944  -14.762  -2.105 0.0000000000
68933  -34.226  -15.703  -2.386 0.0000000000
68934  -34.860  -16.044  -2.130 0.0000000000
68935  -36.957  -16.385  -2.093 0.0000000000
68936  -37.777  -16.279  -1.956 0.0000000000
68937  -38.701  -15.672  -1.992 0.0000000000
68938  -39.630  -15.289  -2.059 0.0000000000
68939  -40.385  -14.735  -2.230 0.0000000000
68940  -40.841  -14.490  -2.377 0.0000000000
68949  -34.011  -15.440  -3.750 0.0000000000
68960  -34.307  -15.495  -4.854 0.0000000000
68970  -34.683  -15.696  -5.685 0.0000000000
68971  -35.101  -15.796  -6.263 0.0000000000
68982  -35.259  -15.363  -6.837 0.0000000000
68998  -35.698  -15.363  -7.462 0.0000000000
68999  -36.440  -15.430  -8.098 0.0000000000
69000  -37.086  -15.709  -8.265 0.0000000000
70301  -61.771  -14.479  3.267 0.0000000000
70302  -62.223  -14.209  3.271 0.0000000000
70309  -59.867  -14.661  2.561 0.0000000000
70310  -60.634  -14.702  2.727 0.0000000000
70311  -61.591  -14.442  2.803 0.0000000000
70312  -62.244  -14.238  2.960 0.0000000000
70318  -40.614  -15.111  1.404 0.0000000000
70319  -41.063  -14.490  1.812 0.0000000000
70324  -36.447  -15.045  0.304 0.0000000000
70325  -37.627  -14.277  0.499 0.0000000000
70326  -38.211  -13.896  0.201 0.0000000000
70327  -40.566  -15.254  0.702 0.0000000000
70328  -41.238  -14.591  0.471 0.0000000000
70329  -41.883  -14.000  0.324 0.0000000000
70334  -36.732  -15.446  -0.474 0.0000000000
70335  -37.532  -15.104  -0.673 0.0000000000
70336  -38.256  -14.225  -0.412 0.0000000000
70337  -41.524  -14.679  -0.835 0.0000000000
70338  -41.993  -14.132  -0.279 0.0000000000
70342  -37.952  -15.273  -1.400 0.0000000000
70343  -38.723  -14.665  -1.505 0.0000000000
70344  -39.473  -14.129  -1.765 0.0000000000
70345  -41.534  -14.564  -1.738 0.0000000000
70346  -42.136  -14.266  -1.230 0.0000000000
70351  -39.200  -15.007  -2.084 0.0000000000
70352  -39.778  -14.422  -2.169 0.0000000000
70353  -40.657  -14.184  -2.498 0.0000000000
70354  -41.362  -14.183  -2.397 0.0000000000
70355  -42.021  -14.095  -2.018 0.0000000000
71694  -62.179  -13.434  3.855 0.0000000000
71706  -62.050  -14.090  3.585 0.0000000000
71707  -62.558  -13.646  3.235 0.0000000000
71708  -62.997  -13.245  2.713 0.0000000000
71713  -42.224  -13.504  2.399 0.0000000000
71714  -42.801  -13.129  2.035 0.0000000000
71718  -59.189  -13.809  2.537 0.0000000000
71719  -60.154  -13.820  2.450 0.0000000000
71720  -61.236  -13.720  2.368 0.0000000000
71721  -62.385  -13.530  2.377 0.0000000000
71722  -63.050  -13.086  2.262 0.0000000000
71730  -41.681  -13.936  1.564 0.0000000000
71731  -42.375  -13.476  1.404 0.0000000000
71732  -43.211  -13.077  1.279 0.0000000000
71733  -61.851  -13.256  2.075 0.0000000000
71734  -62.235  -13.131  1.916 0.0000000000
71739  -38.270  -13.446  0.807 0.0000000000
71740  -38.850  -13.148  0.382 0.0000000000
71741  -41.901  -13.860  0.814 0.0000000000
71742  -42.535  -13.672  0.418 0.0000000000
71743  -43.558  -13.342  0.118 0.0000000000
71744  -44.157  -13.248  -0.539 0.0000000000
71748  -38.606  -13.631  -0.035 0.0000000000
71749  -39.144  -13.261  -0.293 0.0000000000
71750  -42.769  -13.860  -0.631 0.0000000000
71751  -43.496  -13.601  -1.062 0.0000000000
71752  -44.183  -13.329  -1.435 0.0000000000
71755  -38.813  -13.836  -0.761 0.0000000000
71756  -39.457  -13.574  -1.264 0.0000000000
71757  -40.047  -13.290  -1.744 0.0000000000
71758  -42.738  -13.897  -1.692 0.0000000000
71759  -43.430  -13.549  -2.130 0.0000000000
71760  -44.160  -13.233  -2.390 0.0000000000
71766  -39.812  -13.781  -1.943 0.0000000000
71767  -40.390  -13.538  -2.324 0.0000000000
71768  -41.192  -13.548  -2.768 0.0000000000
71769  -42.364  -13.491  -2.770 0.0000000000
71770  -43.557  -13.187  -3.082 0.0000000000
71771  -44.138  -13.128  -2.924 0.0000000000
71779  -42.942  -12.957  -3.405 0.0000000000
71780  -43.382  -12.780  -3.503 0.0000000000
73060  -62.547  -12.762  3.816 0.0000000000
73073  -63.064  -12.765  3.240 0.0000000000
73074  -63.288  -12.551  2.568 0.0000000000
73082  -42.811  -13.066  2.698 0.0000000000
73083  -43.427  -12.735  2.427 0.0000000000
73084  -44.314  -12.334  2.454 0.0000000000
73085  -45.130  -11.954  2.307 0.0000000000
73086  -57.528  -12.429  2.915 0.0000000000
73087  -58.328  -12.760  2.733 0.0000000000
73088  -59.401  -12.803  2.484 0.0000000000
73089  -60.417  -12.866  2.300 0.0000000000
73090  -61.274  -12.840  2.096 0.0000000000
73091  -62.894  -13.068  1.980 0.0000000000
73092  -63.192  -12.485  1.912 0.0000000000
73100  -38.860  -12.274  1.294 0.0000000000
73101  -43.879  -12.625  1.707 0.0000000000
73102  -44.562  -12.418  1.503 0.0000000000
73103  -45.511  -12.113  1.279 0.0000000000
73104  -46.230  -11.987  0.760 0.0000000000
73105  -61.893  -12.720  1.789 0.0000000000
73106  -62.578  -12.666  1.741 0.0000000000
73107  -62.987  -12.203  1.578 0.0000000000
73111  -38.760  -12.823  0.962 0.0000000000
73112  -39.316  -12.519  0.509 0.0000000000
73113  -39.879  -12.213  0.033 0.0000000000
73114  -43.950  -12.809  0.972 0.0000000000
73115  -44.594  -12.755  0.378 0.0000000000
73116  -45.590  -12.479  0.125 0.0000000000
73117  -46.549  -12.153  -0.076 0.0000000000
73118  -47.047  -11.906  -0.515 0.0000000000
73123  -39.654  -12.781  -0.518 0.0000000000
73124  -40.163  -12.281  -0.723 0.0000000000
73125  -44.876  -12.976  -0.683 0.0000000000
73126  -45.710  -12.631  -0.908 0.0000000000
73127  -46.532  -12.131  -1.142 0.0000000000
73128  -47.025  -11.889  -0.840 0.0000000000
73132  -39.957  -12.890  -1.238 0.0000000000
73133  -40.515  -12.603  -1.769 0.0000000000
73134  -41.172  -12.393  -2.331 0.0000000000
73135  -44.902  -12.997  -1.716 0.0000000000
73136  -45.586  -12.440  -1.936 0.0000000000
73137  -46.188  -11.869  -2.150 0.0000000000
73146  -40.890  -12.925  -2.622 0.0000000000
73147  -41.645  -12.700  -2.928 0.0000000000
73148  -42.451  -12.577  -3.313 0.0000000000
73149  -44.101  -12.971  -3.181 0.0000000000
73150  -44.656  -12.713  -2.771 0.0000000000
73151  -45.457  -11.954  -2.839 0.0000000000
73152  -46.018  -11.639  -2.675 0.0000000000
73161  -43.104  -12.330  -3.688 0.0000000000
73162  -43.947  -12.448  -3.465 0.0000000000
73163  -44.822  -11.977  -3.277 0.0000000000
73164  -45.194  -11.800  -3.221 0.0000000000
74396  -63.144  -11.456  4.042 0.0000000000
74410  -57.007  -11.968  3.045 0.0000000000
74411  -62.943  -12.116  3.738 0.0000000000
74412  -63.386  -11.713  3.256 0.0000000000
74421  -45.746  -11.659  3.062 0.0000000000
74422  -46.526  -11.328  2.831 0.0000000000
74423  -47.377  -11.058  2.553 0.0000000000
74424  -54.889  -11.236  3.016 0.0000000000
74425  -55.595  -11.197  2.889 0.0000000000
74426  -56.481  -11.282  2.752 0.0000000000
74427  -57.511  -11.606  2.703 0.0000000000
74428  -58.603  -11.725  2.525 0.0000000000
74429  -59.676  -11.788  2.271 0.0000000000
74430  -60.662  -12.076  2.084 0.0000000000
74431  -61.358  -12.194  1.850 0.0000000000
74432  -63.681  -11.567  2.177 0.0000000000
74437  -39.329  -11.619  1.511 0.0000000000
74438  -40.017  -11.382  1.154 0.0000000000
74439  -45.880  -11.658  2.225 0.0000000000
74440  -46.575  -11.497  1.694 0.0000000000
74441  -47.745  -11.120  1.550 0.0000000000
74442  -48.521  -11.020  0.900 0.0000000000
74443  -49.112  -10.890  0.524 0.0000000000
74444  -60.190  -11.377  1.916 0.0000000000
74445  -60.942  -11.433  1.718 0.0000000000
74446  -61.899  -11.785  1.514 0.0000000000
74447  -62.726  -11.753  1.365 0.0000000000
74448  -63.277  -11.625  1.523 0.0000000000
74452  -39.803  -11.879  0.692 0.0000000000
74453  -40.410  -11.577  0.250 0.0000000000
74454  -41.012  -11.269  -0.234 0.0000000000
74455  -46.922  -11.653  0.820 0.0000000000
74456  -47.553  -11.585  0.264 0.0000000000
74457  -48.426  -11.238  -0.013 0.0000000000
74458  -49.150  -10.828  -0.114 0.0000000000
74463  -40.719  -11.781  -0.915 0.0000000000
74464  -41.427  -11.310  -1.055 0.0000000000
74465  -42.025  -11.054  -1.451 0.0000000000
74466  -46.996  -11.840  -1.077 0.0000000000
74467  -47.520  -11.571  -0.788 0.0000000000
74468  -48.443  -10.836  -0.754 0.0000000000
74469  -49.102  -10.630  -0.457 0.0000000000
74476  -41.087  -11.939  -1.722 0.0000000000
74477  -41.792  -11.740  -2.294 0.0000000000
74478  -42.460  -11.012  -2.068 0.0000000000
74479  -46.873  -11.604  -1.569 0.0000000000
74480  -47.437  -10.892  -1.657 0.0000000000
74481  -48.119  -10.537  -1.285 0.0000000000
74490  -42.137  -12.157  -3.021 0.0000000000
74491  -42.824  -11.608  -3.117 0.0000000000
74492  -43.742  -11.142  -3.362 0.0000000000
74493  -44.216  -10.848  -3.551 0.0000000000
74494  -45.867  -11.484  -3.009 0.0000000000
74495  -46.510  -11.066  -2.597 0.0000000000
74496  -47.010  -10.775  -2.198 0.0000000000
74504  -43.082  -11.869  -3.647 0.0000000000
74505  -43.494  -11.798  -3.587 0.0000000000
74506  -44.402  -11.360  -3.606 0.0000000000
74507  -45.349  -11.397  -3.439 0.0000000000
74508  -45.946  -11.147  -3.271 0.0000000000
75524  -45.760  -9.850  20.260 0.0000000000
75533  -45.429  -9.753  20.164 0.0000000000
75534  -45.619  -9.831  20.085 0.0000000000
75659  -63.498  -9.994  5.811 0.0000000000
75661  -63.038  -11.157  4.531 0.0000000000
75662  -63.706  -10.463  4.260 0.0000000000
75663  -64.308  -9.536  3.866 0.0000000000
75672  -54.218  -10.936  2.873 0.0000000000
75673  -63.836  -10.882  2.941 0.0000000000
75674  -64.254  -9.966  2.948 0.0000000000
75683  -39.969  -10.322  2.181 0.0000000000
75684  -48.054  -10.878  2.415 0.0000000000
75685  -48.758  -10.763  2.716 0.0000000000
75686  -49.627  -10.643  2.508 0.0000000000
75687  -50.592  -10.589  2.367 0.0000000000
75688  -51.616  -10.590  2.324 0.0000000000
75689  -52.618  -10.568  2.296 0.0000000000
75690  -53.581  -10.571  2.262 0.0000000000
75691  -54.649  -10.618  2.362 0.0000000000
75692  -55.697  -10.549  2.253 0.0000000000
75693  -56.749  -10.606  2.208 0.0000000000
75694  -57.818  -10.734  2.210 0.0000000000
75695  -58.823  -10.876  2.115 0.0000000000
75696  -59.573  -10.977  1.899 0.0000000000
75697  -64.078  -10.620  2.176 0.0000000000
75698  -64.304  -9.951  1.808 0.0000000000
75703  -39.829  -10.939  1.753 0.0000000000
75704  -40.555  -10.683  1.414 0.0000000000
75705  -41.322  -10.383  1.008 0.0000000000
75706  -41.920  -10.156  0.733 0.0000000000
75707  -48.316  -10.831  2.113 0.0000000000
75708  -48.752  -10.787  1.843 0.0000000000
75709  -49.598  -10.690  1.414 0.0000000000
75710  -50.730  -10.594  1.411 0.0000000000
75711  -51.773  -10.538  1.419 0.0000000000
75712  -52.787  -10.469  1.431 0.0000000000
75713  -53.796  -10.351  1.454 0.0000000000
75714  -54.837  -10.223  1.427 0.0000000000
75715  -55.918  -10.157  1.385 0.0000000000
75716  -57.084  -10.052  1.301 0.0000000000
75717  -58.123  -10.250  1.559 0.0000000000
75718  -59.066  -10.369  1.422 0.0000000000
75719  -60.147  -10.668  1.479 0.0000000000
75720  -61.316  -10.597  1.170 0.0000000000
75721  -62.309  -10.939  1.028 0.0000000000
75722  -63.093  -11.019  0.973 0.0000000000
75723  -63.891  -10.501  1.169 0.0000000000
75724  -64.232  -9.923  1.253 0.0000000000
75731  -40.976  -10.941  0.511 0.0000000000
75732  -41.544  -10.718  0.041 0.0000000000
75733  -42.314  -10.305  0.009 0.0000000000
75734  -49.898  -10.688  0.534 0.0000000000
75735  -50.923  -10.543  0.532 0.0000000000
75736  -52.005  -10.385  0.613 0.0000000000
75737  -53.027  -10.302  0.626 0.0000000000
75738  -54.018  -10.110  0.606 0.0000000000
75739  -55.094  -9.828  0.431 0.0000000000
75740  -56.190  -9.828  0.651 0.0000000000
75741  -56.816  -9.754  0.624 0.0000000000
75742  -59.637  -10.094  1.030 0.0000000000
75743  -60.411  -10.030  0.928 0.0000000000
75744  -61.045  -9.961  0.793 0.0000000000
75745  -62.763  -10.535  0.686 0.0000000000
75746  -63.294  -10.324  0.598 0.0000000000
75747  -63.679  -10.006  0.574 0.0000000000
75757  -41.976  -10.785  -0.694 0.0000000000
75758  -42.622  -10.527  -1.047 0.0000000000
75759  -43.165  -10.365  -1.353 0.0000000000
75760  -49.028  -10.505  -0.665 0.0000000000
75761  -49.845  -10.296  -0.434 0.0000000000
75762  -51.268  -10.182  -0.134 0.0000000000
75763  -52.332  -10.078  -0.076 0.0000000000
75764  -53.310  -9.988  -0.088 0.0000000000
75765  -54.200  -9.830  -0.122 0.0000000000
75766  -54.742  -9.664  -0.196 0.0000000000
75776  -42.894  -10.608  -1.779 0.0000000000
75777  -43.426  -10.417  -1.967 0.0000000000
75778  -43.926  -10.296  -2.386 0.0000000000
75779  -47.866  -10.127  -1.706 0.0000000000
75780  -48.778  -10.181  -1.140 0.0000000000
75781  -49.436  -9.817  -1.033 0.0000000000
75792  -42.963  -10.834  -2.400 0.0000000000
75793  -43.491  -10.791  -2.766 0.0000000000
75794  -44.167  -10.414  -3.118 0.0000000000
75795  -46.646  -10.207  -3.107 0.0000000000
75796  -47.120  -10.289  -2.359 0.0000000000
75808  -44.658  -10.467  -3.774 0.0000000000
75809  -45.137  -10.710  -3.938 0.0000000000
75810  -45.987  -10.473  -3.757 0.0000000000
75826  -45.061  -10.253  -4.166 0.0000000000
75827  -45.439  -10.191  -4.196 0.0000000000
75828  -45.744  -9.996  -4.226 0.0000000000
76971  -46.010  -9.947  19.757 0.0000000000
76972  -46.920  -9.933  19.719 0.0000000000
76984  -44.878  -9.759  18.926 0.0000000000
76985  -45.824  -9.834  18.836 0.0000000000
76986  -46.858  -9.656  18.633 0.0000000000
76987  -47.635  -9.516  18.873 0.0000000000
76997  -43.823  -9.537  17.691 0.0000000000
76998  -44.675  -9.586  17.929 0.0000000000
76999  -45.553  -9.560  17.909 0.0000000000
77000  -46.376  -9.432  17.945 0.0000000000
77010  -40.061  -8.892  17.150 0.0000000000
77011  -40.528  -9.072  17.075 0.0000000000
77012  -41.435  -9.266  16.995 0.0000000000
77013  -42.420  -9.325  16.961 0.0000000000
77014  -43.314  -9.328  16.963 0.0000000000
77055  -48.656  -9.057  12.176 0.0000000000
77056  -49.036  -9.174  12.191 0.0000000000
77057  -49.862  -9.254  12.133 0.0000000000
77058  -50.610  -9.169  12.010 0.0000000000
77069  -48.581  -9.153  11.749 0.0000000000
77070  -49.252  -9.361  11.440 0.0000000000
77071  -50.120  -9.368  11.330 0.0000000000
77072  -51.051  -9.174  11.361 0.0000000000
77073  -51.714  -9.055  11.090 0.0000000000
77079  -48.460  -9.210  10.687 0.0000000000
77080  -49.443  -9.456  10.535 0.0000000000
77081  -50.372  -9.432  10.492 0.0000000000
77082  -51.221  -9.308  10.459 0.0000000000
77083  -51.991  -9.102  10.491 0.0000000000
77089  -48.780  -9.256  9.662 0.0000000000
77090  -49.697  -9.456  9.644 0.0000000000
77091  -50.604  -9.472  9.626 0.0000000000
77092  -51.475  -9.356  9.668 0.0000000000
77093  -52.225  -9.139  9.750 0.0000000000
77098  -49.112  -9.249  8.952 0.0000000000
77099  -49.906  -9.366  8.698 0.0000000000
77100  -50.903  -9.425  8.839 0.0000000000
77101  -51.801  -9.296  8.859 0.0000000000
77102  -52.372  -9.125  9.244 0.0000000000
77106  -50.428  -9.294  8.130 0.0000000000
77107  -51.170  -9.295  8.177 0.0000000000
77108  -51.647  -9.257  8.249 0.0000000000
77109  -54.021  -9.370  6.642 0.0000000000
77110  -54.548  -9.400  6.898 0.0000000000
77111  -55.403  -9.421  7.102 0.0000000000
77112  -56.318  -9.381  7.192 0.0000000000
77113  -57.225  -9.299  7.222 0.0000000000
77114  -58.096  -9.190  7.207 0.0000000000
77115  -58.877  -9.089  7.178 0.0000000000
77119  -54.214  -9.457  6.154 0.0000000000
77120  -54.892  -9.520  6.274 0.0000000000
77121  -55.716  -9.571  6.329 0.0000000000
77122  -56.618  -9.555  6.382 0.0000000000
77123  -57.506  -9.516  6.408 0.0000000000
77124  -58.409  -9.451  6.440 0.0000000000
77125  -59.473  -9.268  6.580 0.0000000000
77126  -60.447  -9.090  6.304 0.0000000000
77127  -61.205  -8.753  6.112 0.0000000000
77128  -64.006  -9.039  6.220 0.0000000000
77129  -64.327  -8.756  5.552 0.0000000000
77131  -54.512  -9.414  5.663 0.0000000000
77132  -55.106  -9.445  5.439 0.0000000000
77133  -56.039  -9.524  5.508 0.0000000000
77134  -56.917  -9.533  5.540 0.0000000000
77135  -57.792  -9.556  5.536 0.0000000000
77136  -58.746  -9.563  5.552 0.0000000000
77137  -59.759  -9.474  5.540 0.0000000000
77138  -60.719  -9.216  5.459 0.0000000000
77139  -61.615  -8.711  5.427 0.0000000000
77140  -64.107  -9.416  5.235 0.0000000000
77141  -64.452  -8.819  4.958 0.0000000000
77143  -55.584  -9.200  4.793 0.0000000000
77144  -56.392  -9.259  4.733 0.0000000000
77145  -57.218  -9.340  4.768 0.0000000000
77146  -58.041  -9.374  4.569 0.0000000000
77147  -59.082  -9.424  4.642 0.0000000000
77148  -60.080  -9.349  4.624 0.0000000000
77149  -61.055  -9.100  4.623 0.0000000000
77150  -61.873  -8.658  4.578 0.0000000000
77151  -64.272  -9.410  4.520 0.0000000000
77152  -64.458  -8.862  4.233 0.0000000000
77154  -58.561  -9.081  3.957 0.0000000000
77155  -59.431  -9.029  3.852 0.0000000000
77156  -60.447  -8.932  3.834 0.0000000000
77157  -61.382  -8.742  3.928 0.0000000000
77158  -61.958  -8.585  4.015 0.0000000000
77159  -64.452  -9.015  3.344 0.0000000000
77170  -40.556  -9.640  2.363 0.0000000000
77171  -41.478  -9.338  2.202 0.0000000000
77172  -42.212  -9.216  1.897 0.0000000000
77173  -64.437  -9.189  2.291 0.0000000000
77183  -41.149  -9.981  1.737 0.0000000000
77184  -41.788  -9.778  1.469 0.0000000000
77185  -42.650  -9.570  1.020 0.0000000000
77186  -43.402  -9.269  0.678 0.0000000000
77187  -57.738  -9.921  1.078 0.0000000000
77188  -58.328  -9.895  0.955 0.0000000000
77189  -59.035  -9.924  0.808 0.0000000000
77190  -61.913  -10.454  0.822 0.0000000000
77191  -62.294  -10.352  0.661 0.0000000000
77192  -64.183  -9.811  0.975 0.0000000000
77193  -64.319  -9.343  1.225 0.0000000000
77202  -43.118  -9.881  -0.173 0.0000000000
77203  -43.960  -9.267  0.021 0.0000000000
77204  -44.541  -8.919  -0.118 0.0000000000
77205  -55.838  -9.621  0.050 0.0000000000
77206  -56.585  -9.583  0.093 0.0000000000
77207  -57.538  -9.635  0.410 0.0000000000
77208  -58.650  -9.592  0.274 0.0000000000
77209  -59.695  -9.664  0.365 0.0000000000
77210  -60.742  -9.638  0.321 0.0000000000
77211  -61.716  -9.896  0.464 0.0000000000
77212  -62.704  -9.922  0.299 0.0000000000
77213  -63.391  -9.708  0.254 0.0000000000
77214  -63.942  -9.370  0.484 0.0000000000
77215  -64.238  -9.160  0.795 0.0000000000
77225  -43.165  -10.211  -0.902 0.0000000000
77226  -43.748  -9.947  -1.136 0.0000000000
77227  -44.447  -9.298  -0.877 0.0000000000
77228  -50.795  -9.710  -0.647 0.0000000000
77229  -51.729  -9.597  -0.597 0.0000000000
77230  -52.727  -9.541  -0.634 0.0000000000
77231  -53.672  -9.509  -0.670 0.0000000000
77232  -54.505  -9.451  -0.636 0.0000000000
77233  -55.309  -9.469  -0.441 0.0000000000
77234  -56.182  -9.343  -0.479 0.0000000000
77235  -57.136  -9.145  -0.655 0.0000000000
77236  -58.238  -9.167  -0.445 0.0000000000
77237  -59.291  -9.183  -0.420 0.0000000000
77238  -60.344  -9.204  -0.396 0.0000000000
77239  -61.362  -9.266  -0.344 0.0000000000
77240  -62.293  -9.349  -0.299 0.0000000000
77241  -63.055  -9.317  -0.235 0.0000000000
77242  -63.476  -9.255  -0.011 0.0000000000
77251  -43.930  -10.100  -1.902 0.0000000000
77252  -44.578  -9.615  -2.154 0.0000000000
77253  -45.274  -9.045  -2.484 0.0000000000
77254  -48.350  -9.596  -1.729 0.0000000000
77255  -49.097  -9.345  -1.525 0.0000000000
77256  -50.066  -9.330  -1.123 0.0000000000
77257  -51.149  -9.041  -1.086 0.0000000000
77258  -52.202  -8.934  -1.142 0.0000000000
77259  -53.242  -8.919  -1.206 0.0000000000
77260  -54.199  -8.957  -1.183 0.0000000000
77261  -55.084  -9.015  -1.134 0.0000000000
77262  -55.926  -9.018  -1.012 0.0000000000
77263  -56.490  -9.047  -0.896 0.0000000000
77273  -44.752  -9.820  -3.437 0.0000000000
77274  -45.234  -9.280  -3.139 0.0000000000
77275  -47.026  -9.678  -2.981 0.0000000000
77276  -47.709  -9.337  -2.481 0.0000000000
77277  -48.476  -9.043  -2.081 0.0000000000
77287  -44.966  -9.894  -4.100 0.0000000000
77288  -45.235  -9.503  -3.840 0.0000000000
77289  -46.629  -9.473  -3.586 0.0000000000
77290  -47.259  -9.169  -3.261 0.0000000000
77304  -45.223  -9.994  -4.278 0.0000000000
77305  -45.464  -9.706  -4.181 0.0000000000
77306  -46.026  -9.580  -4.116 0.0000000000
78374  -47.656  -9.052  18.220 0.0000000000
78386  -44.536  -9.308  17.257 0.0000000000
78387  -45.175  -9.075  17.172 0.0000000000
78388  -46.196  -8.752  17.185 0.0000000000
78389  -47.153  -8.724  17.647 0.0000000000
78390  -47.899  -8.356  17.875 0.0000000000
78403  -39.174  -7.891  16.631 0.0000000000
78404  -39.951  -8.597  16.637 0.0000000000
78405  -40.958  -8.826  16.285 0.0000000000
78406  -41.998  -8.884  16.198 0.0000000000
78407  -43.066  -8.847  16.229 0.0000000000
78408  -44.352  -8.749  16.478 0.0000000000
78409  -45.567  -8.258  16.562 0.0000000000
78410  -46.314  -7.895  16.660 0.0000000000
78425  -39.712  -7.934  15.980 0.0000000000
78426  -40.470  -8.160  15.721 0.0000000000
78427  -41.481  -8.262  15.560 0.0000000000
78428  -42.545  -8.246  15.565 0.0000000000
78429  -43.612  -8.046  15.656 0.0000000000
78430  -44.470  -7.706  15.745 0.0000000000
78440  -49.682  -7.792  14.154 0.0000000000
78441  -50.080  -7.910  14.157 0.0000000000
78442  -50.925  -8.059  14.059 0.0000000000
78443  -51.721  -8.150  13.916 0.0000000000
78452  -47.666  -7.752  13.309 0.0000000000
78453  -48.083  -7.925  13.441 0.0000000000
78454  -49.236  -8.071  13.819 0.0000000000
78455  -50.246  -8.470  13.563 0.0000000000
78456  -51.166  -8.530  13.357 0.0000000000
78457  -52.141  -8.439  13.265 0.0000000000
78458  -52.790  -8.391  12.973 0.0000000000
78465  -46.975  -7.722  12.652 0.0000000000
78466  -47.362  -7.908  12.899 0.0000000000
78467  -48.355  -8.731  12.570 0.0000000000
78468  -49.534  -8.908  12.919 0.0000000000
78469  -50.491  -8.930  12.760 0.0000000000
78470  -51.385  -8.860  12.416 0.0000000000
78471  -52.308  -8.640  12.361 0.0000000000
78472  -53.184  -8.378  12.332 0.0000000000
78473  -53.877  -8.149  12.053 0.0000000000
78481  -46.860  -7.837  12.299 0.0000000000
78482  -47.299  -8.357  11.953 0.0000000000
78483  -47.845  -8.849  11.385 0.0000000000
78484  -51.805  -8.939  11.733 0.0000000000
78485  -52.444  -8.736  11.408 0.0000000000
78486  -53.338  -8.425  11.358 0.0000000000
78487  -54.219  -8.055  11.360 0.0000000000
78488  -54.876  -7.782  11.052 0.0000000000
78489  -58.375  -8.221  10.825 0.0000000000
78490  -58.659  -8.211  10.775 0.0000000000
78494  -46.735  -7.913  11.569 0.0000000000
78495  -47.067  -8.226  10.867 0.0000000000
78496  -47.689  -8.687  10.460 0.0000000000
78497  -52.724  -8.758  10.526 0.0000000000
78498  -53.517  -8.501  10.483 0.0000000000
78499  -54.356  -8.265  10.402 0.0000000000
78500  -55.324  -7.970  10.417 0.0000000000
78501  -56.233  -8.008  10.214 0.0000000000
78502  -57.115  -8.127  10.229 0.0000000000
78503  -58.095  -8.235  10.452 0.0000000000
78504  -58.966  -8.187  10.249 0.0000000000
78507  -47.312  -8.056  9.799 0.0000000000
78508  -47.978  -8.756  9.689 0.0000000000
78509  -52.838  -8.869  9.703 0.0000000000
78510  -53.577  -8.660  9.548 0.0000000000
78511  -54.519  -8.457  9.485 0.0000000000
78512  -55.488  -8.314  9.450 0.0000000000
78513  -56.436  -8.267  9.439 0.0000000000
78514  -57.375  -8.288  9.495 0.0000000000
78515  -58.318  -8.307  9.497 0.0000000000
78516  -59.334  -8.166  9.418 0.0000000000
78517  -60.030  -7.995  9.057 0.0000000000
78520  -47.681  -8.202  9.083 0.0000000000
78521  -48.309  -8.662  8.667 0.0000000000
78522  -49.077  -9.042  8.277 0.0000000000
78523  -51.932  -9.217  8.351 0.0000000000
78524  -52.579  -9.101  8.681 0.0000000000
78525  -53.652  -8.908  8.533 0.0000000000
78526  -54.704  -8.761  8.542 0.0000000000
78527  -55.718  -8.630  8.625 0.0000000000
78528  -56.674  -8.523  8.663 0.0000000000
78529  -57.604  -8.463  8.681 0.0000000000
78530  -58.535  -8.421  8.658 0.0000000000
78531  -59.440  -8.316  8.524 0.0000000000
78532  -60.353  -8.009  8.428 0.0000000000
78535  -48.706  -8.524  7.690 0.0000000000
78536  -49.635  -8.969  7.661 0.0000000000
78537  -50.591  -9.066  7.467 0.0000000000
78538  -51.656  -9.159  7.687 0.0000000000
78539  -52.694  -9.171  7.527 0.0000000000
78540  -53.846  -9.239  7.332 0.0000000000
78541  -55.028  -9.129  7.770 0.0000000000
78542  -56.010  -9.020  7.908 0.0000000000
78543  -56.936  -8.868  7.923 0.0000000000
78544  -57.841  -8.759  7.910 0.0000000000
78545  -58.732  -8.696  7.849 0.0000000000
78546  -59.712  -8.610  7.626 0.0000000000
78547  -60.869  -8.114  7.652 0.0000000000
78548  -61.627  -7.867  7.248 0.0000000000
78549  -63.718  -8.090  7.391 0.0000000000
78551  -49.122  -8.466  7.044 0.0000000000
78552  -49.887  -8.554  6.718 0.0000000000
78553  -50.873  -8.775  6.703 0.0000000000
78554  -51.799  -8.923  6.570 0.0000000000
78555  -52.755  -9.088  6.354 0.0000000000
78556  -53.569  -9.303  6.153 0.0000000000
78557  -60.308  -8.715  7.018 0.0000000000
78558  -61.099  -8.456  6.823 0.0000000000
78559  -62.092  -8.045  6.434 0.0000000000
78560  -62.963  -7.604  6.112 0.0000000000
78561  -64.071  -8.288  6.598 0.0000000000
78562  -64.339  -8.336  5.939 0.0000000000
78564  -50.381  -8.324  6.117 0.0000000000
78565  -51.088  -8.421  5.913 0.0000000000
78566  -51.949  -8.467  5.484 0.0000000000
78567  -53.027  -8.659  5.301 0.0000000000
78568  -53.982  -9.124  5.330 0.0000000000
78569  -54.538  -9.250  5.220 0.0000000000
78570  -62.643  -8.188  5.274 0.0000000000
78571  -63.590  -7.652  5.556 0.0000000000
78572  -64.112  -7.609  5.566 0.0000000000
78573  -64.459  -8.305  5.364 0.0000000000
78575  -52.437  -8.081  4.794 0.0000000000
78576  -53.031  -8.028  4.590 0.0000000000
78577  -53.706  -8.357  4.633 0.0000000000
78578  -54.716  -8.745  4.646 0.0000000000
78579  -55.870  -8.420  4.124 0.0000000000
78580  -56.878  -8.789  4.229 0.0000000000
78581  -57.431  -9.067  4.282 0.0000000000
78582  -62.531  -8.374  4.188 0.0000000000
78583  -63.370  -8.025  4.482 0.0000000000
78584  -64.152  -7.824  4.807 0.0000000000
78585  -64.433  -8.298  4.762 0.0000000000
78587  -56.184  -7.803  3.662 0.0000000000
78588  -56.735  -8.092  3.729 0.0000000000
78589  -57.701  -8.576  3.777 0.0000000000
78590  -58.747  -8.444  3.452 0.0000000000
78591  -59.818  -8.280  3.094 0.0000000000
78592  -60.955  -8.419  3.231 0.0000000000
78593  -61.998  -8.336  3.408 0.0000000000
78594  -63.011  -8.085  3.406 0.0000000000
78595  -63.831  -8.073  3.612 0.0000000000
78596  -64.324  -8.355  3.933 0.0000000000
78606  -40.984  -8.575  2.631 0.0000000000
78607  -41.965  -8.534  2.418 0.0000000000
78608  -42.994  -8.599  1.888 0.0000000000
78609  -43.578  -8.159  1.788 0.0000000000
78610  -60.048  -7.826  2.601 0.0000000000
78611  -60.609  -7.951  2.644 0.0000000000
78612  -61.527  -7.971  2.647 0.0000000000
78613  -62.504  -7.897  2.576 0.0000000000
78614  -63.493  -8.059  2.224 0.0000000000
78615  -64.178  -8.491  2.844 0.0000000000
78626  -43.267  -9.010  1.221 0.0000000000
78627  -43.998  -8.548  1.154 0.0000000000
78628  -44.661  -8.101  1.114 0.0000000000
78629  -63.860  -8.082  0.972 0.0000000000
78630  -64.186  -8.591  1.707 0.0000000000
78635  -44.365  -8.787  0.394 0.0000000000
78636  -44.942  -8.350  0.405 0.0000000000
78637  -45.499  -7.997  0.131 0.0000000000
78638  -63.850  -8.349  0.117 0.0000000000
78639  -64.170  -8.784  0.836 0.0000000000
78643  -44.941  -8.789  -0.652 0.0000000000
78644  -45.433  -8.264  -0.471 0.0000000000
78645  -57.418  -8.700  -1.218 0.0000000000
78646  -58.022  -8.678  -1.149 0.0000000000
78647  -58.982  -8.620  -1.112 0.0000000000
78648  -60.027  -8.619  -1.085 0.0000000000
78649  -61.074  -8.668  -1.050 0.0000000000
78650  -62.029  -8.747  -0.920 0.0000000000
78651  -62.795  -8.821  -0.755 0.0000000000
78652  -63.382  -8.678  -0.451 0.0000000000
78656  -44.838  -9.106  -1.323 0.0000000000
78657  -45.346  -8.663  -1.631 0.0000000000
78658  -48.995  -8.705  -2.066 0.0000000000
78659  -49.682  -8.694  -1.762 0.0000000000
78660  -50.572  -8.386  -1.722 0.0000000000
78661  -51.625  -8.350  -1.622 0.0000000000
78662  -52.819  -8.108  -1.889 0.0000000000
78663  -53.941  -8.294  -1.779 0.0000000000
78664  -54.897  -8.427  -1.786 0.0000000000
78665  -55.829  -8.463  -1.677 0.0000000000
78666  -56.835  -8.577  -1.451 0.0000000000
78667  -57.786  -8.348  -1.682 0.0000000000
78668  -58.724  -8.085  -1.924 0.0000000000
78669  -59.733  -8.083  -1.797 0.0000000000
78670  -60.785  -8.025  -1.746 0.0000000000
78671  -61.812  -8.089  -1.544 0.0000000000
78672  -62.632  -8.300  -1.219 0.0000000000
78673  -63.057  -8.492  -0.969 0.0000000000
78677  -45.766  -8.495  -2.909 0.0000000000
78678  -46.233  -8.022  -3.342 0.0000000000
78679  -47.669  -8.734  -3.174 0.0000000000
78680  -48.427  -8.380  -2.874 0.0000000000
78681  -49.443  -8.230  -2.364 0.0000000000
78682  -50.009  -8.252  -2.059 0.0000000000
78683  -53.210  -7.629  -2.515 0.0000000000
78684  -53.810  -7.707  -2.471 0.0000000000
78685  -54.739  -7.809  -2.515 0.0000000000
78686  -55.699  -7.892  -2.512 0.0000000000
78687  -56.675  -7.927  -2.387 0.0000000000
78688  -57.627  -7.940  -2.250 0.0000000000
78689  -58.209  -7.965  -2.143 0.0000000000
78694  -45.590  -9.039  -3.722 0.0000000000
78695  -46.370  -8.632  -3.716 0.0000000000
78696  -47.302  -8.522  -3.666 0.0000000000
78697  -47.865  -8.366  -3.462 0.0000000000
78701  -45.468  -9.360  -4.038 0.0000000000
78702  -45.748  -9.247  -4.053 0.0000000000
79703  -46.907  -7.914  17.028 0.0000000000
79704  -47.671  -7.492  17.402 0.0000000000
79705  -48.355  -7.755  17.939 0.0000000000
79719  -39.344  -7.220  15.935 0.0000000000
79720  -45.177  -7.673  16.038 0.0000000000
79721  -45.991  -7.191  16.223 0.0000000000
79722  -46.717  -7.238  16.645 0.0000000000
79723  -47.157  -7.324  16.963 0.0000000000
79735  -40.008  -7.411  15.361 0.0000000000
79736  -40.935  -7.410  14.994 0.0000000000
79737  -41.997  -7.582  15.062 0.0000000000
79738  -43.007  -7.436  15.154 0.0000000000
79739  -44.053  -6.916  15.288 0.0000000000
79740  -44.992  -6.957  15.649 0.0000000000
79741  -45.509  -7.036  15.909 0.0000000000
79748  -41.079  -6.969  14.728 0.0000000000
79749  -41.531  -6.956  14.728 0.0000000000
79750  -42.456  -6.879  14.783 0.0000000000
79751  -43.274  -6.714  14.924 0.0000000000
79752  -49.117  -6.912  14.383 0.0000000000
79753  -49.724  -7.333  14.414 0.0000000000
79754  -50.672  -7.406  14.554 0.0000000000
79755  -51.617  -7.585  14.507 0.0000000000
79756  -52.687  -7.837  14.145 0.0000000000
79757  -53.797  -7.457  14.112 0.0000000000
79758  -54.313  -7.284  14.077 0.0000000000
79759  -57.701  -7.266  14.037 0.0000000000
79767  -47.064  -6.983  13.262 0.0000000000
79768  -47.626  -7.310  13.501 0.0000000000
79769  -48.531  -7.231  14.012 0.0000000000
79770  -49.145  -7.408  14.193 0.0000000000
79771  -52.782  -8.226  13.466 0.0000000000
79772  -53.399  -8.026  13.357 0.0000000000
79773  -54.348  -7.496  13.505 0.0000000000
79774  -55.180  -7.314  13.251 0.0000000000
79775  -56.007  -7.245  13.234 0.0000000000
79776  -56.953  -7.307  13.422 0.0000000000
79777  -57.932  -7.590  13.297 0.0000000000
79778  -59.010  -7.667  13.231 0.0000000000
79787  -46.756  -7.327  12.727 0.0000000000
79788  -47.167  -7.422  13.133 0.0000000000
79789  -53.899  -7.963  12.743 0.0000000000
79790  -54.562  -7.701  12.437 0.0000000000
79791  -55.451  -7.490  12.438 0.0000000000
79792  -56.326  -7.505  12.453 0.0000000000
79793  -57.250  -7.671  12.466 0.0000000000
79794  -58.220  -7.888  12.354 0.0000000000
79795  -59.318  -7.879  12.186 0.0000000000
79796  -60.363  -7.640  11.958 0.0000000000
79804  -46.359  -7.391  11.871 0.0000000000
79805  -54.945  -7.663  11.748 0.0000000000
79806  -55.670  -7.626  11.509 0.0000000000
79807  -56.625  -7.706  11.633 0.0000000000
79808  -57.493  -7.921  11.580 0.0000000000
79809  -58.371  -8.130  11.229 0.0000000000
79810  -59.466  -8.028  11.097 0.0000000000
79811  -60.553  -7.621  11.000 0.0000000000
79816  -46.416  -7.382  10.883 0.0000000000
79817  -46.831  -7.595  10.227 0.0000000000
79818  -56.147  -7.726  10.908 0.0000000000
79819  -56.884  -7.874  10.893 0.0000000000
79820  -57.660  -8.104  10.875 0.0000000000
79821  -58.038  -8.198  10.861 0.0000000000
79822  -59.869  -7.887  10.249 0.0000000000
79823  -60.734  -7.498  10.122 0.0000000000
79829  -60.161  -7.821  9.619 0.0000000000
79830  -60.838  -7.550  9.227 0.0000000000
79831  -61.790  -7.089  9.062 0.0000000000
79836  -61.279  -7.528  8.421 0.0000000000
79837  -62.197  -7.106  8.353 0.0000000000
79838  -62.825  -6.856  8.193 0.0000000000
79843  -61.670  -7.537  7.823 0.0000000000
79844  -62.376  -7.339  7.475 0.0000000000
79845  -63.135  -7.113  7.524 0.0000000000
79846  -63.498  -7.519  7.511 0.0000000000
79849  -49.182  -8.117  6.529 0.0000000000
79850  -62.837  -7.336  6.794 0.0000000000
79851  -63.482  -7.430  6.591 0.0000000000
79852  -63.955  -7.717  6.589 0.0000000000
79853  -64.297  -7.931  6.151 0.0000000000
79855  -48.950  -7.702  6.308 0.0000000000
79856  -49.697  -7.854  5.940 0.0000000000
79857  -50.531  -7.923  5.578 0.0000000000
79858  -51.185  -7.993  5.292 0.0000000000
79859  -63.952  -7.512  6.042 0.0000000000
79860  -64.224  -7.694  5.909 0.0000000000
79861  -64.433  -7.930  5.686 0.0000000000
79863  -50.178  -7.528  5.355 0.0000000000
79864  -50.800  -7.529  5.007 0.0000000000
79865  -51.729  -7.595  4.687 0.0000000000
79866  -52.675  -7.392  4.364 0.0000000000
79867  -53.483  -7.481  4.190 0.0000000000
79868  -54.239  -7.798  4.153 0.0000000000
79869  -55.002  -7.906  3.998 0.0000000000
79870  -64.306  -7.763  5.462 0.0000000000
79871  -64.430  -7.961  5.231 0.0000000000
79874  -53.981  -7.164  3.836 0.0000000000
79875  -54.652  -7.150  3.678 0.0000000000
79876  -55.644  -7.361  3.556 0.0000000000
79877  -56.550  -7.338  3.362 0.0000000000
79878  -57.318  -7.658  3.332 0.0000000000
79879  -58.159  -7.824  3.168 0.0000000000
79880  -58.954  -7.862  2.961 0.0000000000
79890  -42.452  -7.634  2.462 0.0000000000
79891  -43.362  -7.597  2.150 0.0000000000
79892  -43.925  -7.293  1.972 0.0000000000
79893  -57.084  -7.104  3.036 0.0000000000
79894  -57.720  -7.237  2.790 0.0000000000
79895  -58.600  -7.364  2.599 0.0000000000
79896  -59.541  -7.520  2.439 0.0000000000
79897  -60.303  -7.552  2.242 0.0000000000
79898  -61.094  -7.584  2.093 0.0000000000
79899  -61.996  -7.614  1.939 0.0000000000
79900  -62.773  -7.697  1.783 0.0000000000
79911  -43.896  -7.842  1.779 0.0000000000
79912  -44.511  -7.526  1.563 0.0000000000
79913  -45.227  -7.193  1.267 0.0000000000
79914  -59.991  -7.260  1.943 0.0000000000
79915  -60.626  -7.249  1.665 0.0000000000
79916  -61.530  -7.262  1.338 0.0000000000
79917  -62.430  -7.374  1.181 0.0000000000
79918  -63.199  -7.636  1.069 0.0000000000
79923  -45.053  -7.787  1.071 0.0000000000
79924  -45.624  -7.489  0.610 0.0000000000
79925  -46.158  -7.201  0.163 0.0000000000
79926  -62.020  -7.120  0.631 0.0000000000
79927  -62.743  -7.255  0.320 0.0000000000
79928  -63.425  -7.626  0.103 0.0000000000
79932  -45.862  -7.734  -0.155 0.0000000000
79933  -46.356  -7.329  -0.502 0.0000000000
79934  -62.182  -6.977  -0.105 0.0000000000
79935  -62.696  -7.129  -0.774 0.0000000000
79936  -63.362  -7.840  -0.733 0.0000000000
79940  -45.916  -7.931  -1.020 0.0000000000
79941  -46.393  -7.454  -1.457 0.0000000000
79942  -50.674  -7.988  -2.053 0.0000000000
79943  -51.106  -7.881  -2.030 0.0000000000
79944  -51.939  -7.794  -2.120 0.0000000000
79945  -58.966  -7.755  -2.371 0.0000000000
79946  -59.432  -7.688  -2.415 0.0000000000
79947  -60.397  -7.517  -2.448 0.0000000000
79948  -61.401  -7.291  -2.289 0.0000000000
79949  -62.498  -7.533  -1.470 0.0000000000
79950  -63.123  -8.162  -1.114 0.0000000000
79954  -45.942  -7.989  -1.961 0.0000000000
79955  -46.433  -7.529  -2.646 0.0000000000
79956  -48.681  -7.834  -3.441 0.0000000000
79957  -49.268  -7.750  -3.105 0.0000000000
79958  -50.368  -7.747  -2.530 0.0000000000
79959  -51.517  -7.437  -2.675 0.0000000000
79960  -52.621  -7.421  -2.741 0.0000000000
79961  -53.593  -7.293  -3.108 0.0000000000
79962  -54.551  -7.283  -3.333 0.0000000000
79963  -55.554  -7.373  -3.448 0.0000000000
79964  -56.553  -7.422  -3.397 0.0000000000
79965  -57.586  -7.404  -3.189 0.0000000000
79966  -58.738  -7.525  -2.780 0.0000000000
79967  -59.921  -7.248  -3.063 0.0000000000
79968  -60.764  -6.906  -3.011 0.0000000000
79969  -61.225  -6.992  -2.762 0.0000000000
79975  -46.690  -7.577  -3.623 0.0000000000
79976  -47.450  -7.528  -4.116 0.0000000000
79977  -48.163  -7.808  -3.880 0.0000000000
79978  -48.994  -7.499  -3.858 0.0000000000
79979  -49.895  -7.250  -3.826 0.0000000000
79980  -50.981  -7.110  -3.476 0.0000000000
79981  -52.080  -6.972  -3.508 0.0000000000
79982  -53.140  -6.947  -3.742 0.0000000000
79983  -54.178  -6.816  -4.034 0.0000000000
79984  -55.367  -6.764  -4.518 0.0000000000
79985  -56.372  -7.018  -4.345 0.0000000000
79986  -57.383  -6.783  -4.313 0.0000000000
79987  -58.468  -6.856  -3.835 0.0000000000
79988  -59.538  -6.866  -3.608 0.0000000000
79989  -60.202  -6.828  -3.452 0.0000000000
79993  -47.763  -7.111  -4.807 0.0000000000
79994  -48.090  -7.275  -4.747 0.0000000000
79995  -48.783  -7.232  -4.491 0.0000000000
79996  -49.333  -7.226  -4.276 0.0000000000
79997  -55.833  -6.470  -5.168 0.0000000000
79998  -56.338  -6.569  -4.952 0.0000000000
79999  -56.858  -6.658  -4.749 0.0000000000
80965  -48.963  -6.929  18.241 0.0000000000
80976  -47.866  -6.592  17.240 0.0000000000
80977  -48.596  -6.711  17.860 0.0000000000
80978  -49.087  -6.201  18.093 0.0000000000
80988  -46.126  -6.643  16.107 0.0000000000
80989  -46.546  -6.442  16.290 0.0000000000
80990  -47.299  -6.709  16.820 0.0000000000
81005  -39.749  -6.376  15.202 0.0000000000
81006  -40.312  -6.960  14.934 0.0000000000
81007  -44.282  -6.236  15.159 0.0000000000
81008  -44.809  -6.063  15.328 0.0000000000
81009  -45.820  -6.337  15.840 0.0000000000
81010  -46.393  -5.995  16.038 0.0000000000
81011  -50.948  -5.903  15.269 0.0000000000
81012  -51.975  -6.113  15.463 0.0000000000
81013  -53.047  -6.311  15.497 0.0000000000
81014  -54.103  -6.323  15.374 0.0000000000
81015  -55.098  -6.286  15.292 0.0000000000
81016  -55.970  -6.312  15.269 0.0000000000
81017  -56.832  -6.385  15.333 0.0000000000
81027  -40.195  -5.898  14.724 0.0000000000
81028  -40.825  -6.444  14.631 0.0000000000
81029  -41.945  -6.242  14.554 0.0000000000
81030  -42.925  -6.148  14.656 0.0000000000
81031  -43.869  -6.106  14.926 0.0000000000
81032  -44.383  -5.920  15.105 0.0000000000
81033  -47.788  -5.877  14.233 0.0000000000
81034  -48.651  -6.224  14.461 0.0000000000
81035  -49.552  -6.367  14.724 0.0000000000
81036  -50.375  -6.609  14.891 0.0000000000
81037  -51.312  -6.796  15.024 0.0000000000
81038  -52.349  -7.018  15.024 0.0000000000
81039  -53.429  -7.029  14.849 0.0000000000
81040  -54.471  -6.928  14.567 0.0000000000
81041  -55.411  -6.678  14.604 0.0000000000
81042  -56.241  -6.643  14.574 0.0000000000
81043  -57.110  -6.840  14.460 0.0000000000
81052  -46.594  -6.316  13.119 0.0000000000
81053  -47.342  -6.430  13.670 0.0000000000
81054  -47.959  -6.626  14.028 0.0000000000
81055  -54.551  -7.208  14.050 0.0000000000
81056  -54.953  -7.072  13.980 0.0000000000
81057  -55.704  -6.952  13.918 0.0000000000
81058  -56.405  -6.964  13.915 0.0000000000
81068  -45.663  -6.006  11.834 0.0000000000
81069  -46.100  -6.674  12.296 0.0000000000
81078  -45.678  -5.949  10.956 0.0000000000
81079  -45.933  -6.697  11.361 0.0000000000
81108  -49.041  -7.411  5.845 0.0000000000
81109  -49.655  -7.358  5.369 0.0000000000
81111  -50.282  -7.195  4.948 0.0000000000
81112  -51.121  -6.977  4.482 0.0000000000
81113  -52.256  -6.562  3.919 0.0000000000
81114  -53.181  -6.793  3.881 0.0000000000
81115  -53.644  -6.958  3.832 0.0000000000
81118  -52.640  -5.844  3.568 0.0000000000
81119  -53.124  -6.004  3.574 0.0000000000
81120  -54.008  -6.393  3.564 0.0000000000
81121  -55.142  -6.307  3.090 0.0000000000
81122  -56.188  -6.695  3.049 0.0000000000
81123  -56.732  -6.897  3.021 0.0000000000
81129  -42.867  -6.762  2.352 0.0000000000
81130  -43.606  -6.794  2.193 0.0000000000
81131  -44.186  -6.700  1.987 0.0000000000
81132  -55.227  -6.061  2.521 0.0000000000
81133  -55.830  -6.249  2.259 0.0000000000
81134  -57.061  -6.696  2.439 0.0000000000
81135  -58.194  -6.908  2.121 0.0000000000
81136  -59.119  -7.048  1.995 0.0000000000
81137  -59.629  -7.160  1.948 0.0000000000
81150  -44.897  -6.551  1.665 0.0000000000
81151  -45.829  -6.480  1.093 0.0000000000
81152  -46.317  -5.928  0.874 0.0000000000
81153  -56.028  -6.195  1.367 0.0000000000
81154  -56.825  -6.399  1.461 0.0000000000
81155  -57.838  -6.620  1.422 0.0000000000
81156  -58.865  -6.730  1.320 0.0000000000
81157  -59.930  -6.909  1.341 0.0000000000
81158  -60.977  -6.944  0.980 0.0000000000
81159  -61.522  -7.033  0.818 0.0000000000
81167  -46.099  -6.911  0.540 0.0000000000
81168  -46.656  -6.394  0.130 0.0000000000
81169  -47.275  -5.853  -0.440 0.0000000000
81170  -55.983  -6.139  0.827 0.0000000000
81171  -56.634  -6.239  0.522 0.0000000000
81172  -57.583  -6.394  0.585 0.0000000000
81173  -58.559  -6.474  0.517 0.0000000000
81174  -59.598  -6.546  0.406 0.0000000000
81175  -60.680  -6.670  0.264 0.0000000000
81176  -61.527  -6.869  0.290 0.0000000000
81181  -46.784  -6.958  -0.872 0.0000000000
81182  -47.206  -6.353  -0.966 0.0000000000
81183  -56.874  -6.152  -0.100 0.0000000000
81184  -57.411  -6.179  -0.233 0.0000000000
81185  -58.271  -6.249  -0.271 0.0000000000
81186  -59.232  -6.314  -0.455 0.0000000000
81187  -60.319  -6.403  -0.655 0.0000000000
81188  -61.613  -6.667  -0.811 0.0000000000
81189  -62.251  -6.800  -1.340 0.0000000000
81194  -46.832  -6.899  -1.742 0.0000000000
81195  -47.396  -6.359  -1.964 0.0000000000
81196  -58.031  -6.068  -0.861 0.0000000000
81197  -58.813  -6.086  -1.276 0.0000000000
81198  -59.803  -6.152  -1.472 0.0000000000
81199  -60.777  -6.374  -1.768 0.0000000000
81200  -61.759  -6.788  -1.966 0.0000000000
81201  -62.467  -6.979  -1.507 0.0000000000
81207  -46.925  -6.842  -2.536 0.0000000000
81208  -47.325  -6.513  -2.989 0.0000000000
81209  -59.383  -5.931  -2.051 0.0000000000
81210  -60.083  -5.970  -2.448 0.0000000000
81211  -60.707  -6.389  -2.851 0.0000000000
81212  -61.231  -6.856  -2.656 0.0000000000
81219  -46.854  -7.030  -3.216 0.0000000000
81220  -47.276  -6.835  -3.930 0.0000000000
81221  -50.042  -7.023  -4.320 0.0000000000
81222  -50.507  -6.871  -4.277 0.0000000000
81223  -51.529  -6.678  -4.286 0.0000000000
81224  -52.616  -6.602  -4.441 0.0000000000
81225  -53.659  -6.526  -4.683 0.0000000000
81226  -54.564  -6.504  -4.906 0.0000000000
81227  -57.620  -6.443  -4.737 0.0000000000
81228  -58.081  -6.294  -4.498 0.0000000000
81229  -59.166  -6.295  -4.033 0.0000000000
81230  -60.164  -6.346  -3.570 0.0000000000
81235  -47.654  -6.845  -4.706 0.0000000000
81236  -48.081  -6.711  -5.133 0.0000000000
81237  -48.680  -6.781  -5.046 0.0000000000
81238  -49.710  -6.817  -4.752 0.0000000000
81239  -50.906  -6.447  -5.008 0.0000000000
81240  -52.028  -6.291  -5.129 0.0000000000
81241  -53.092  -6.225  -5.272 0.0000000000
81242  -54.138  -6.177  -5.478 0.0000000000
81243  -55.247  -6.278  -5.407 0.0000000000
81244  -56.183  -6.182  -5.270 0.0000000000
81245  -57.211  -6.256  -4.954 0.0000000000
81246  -57.906  -5.895  -4.745 0.0000000000
81254  -48.616  -6.352  -5.284 0.0000000000
81255  -49.222  -6.274  -5.405 0.0000000000
81256  -50.255  -6.035  -5.585 0.0000000000
81257  -51.422  -5.887  -5.776 0.0000000000
81258  -52.469  -5.851  -5.791 0.0000000000
81259  -53.379  -5.816  -5.682 0.0000000000
81260  -54.003  -5.765  -5.580 0.0000000000
82311  -49.401  -6.022  18.252 0.0000000000
82324  -47.676  -6.237  16.898 0.0000000000
82325  -48.133  -5.991  17.161 0.0000000000
82326  -49.086  -5.606  17.697 0.0000000000
82327  -49.926  -5.139  17.919 0.0000000000
82339  -46.693  -5.873  16.167 0.0000000000
82340  -47.334  -5.756  16.472 0.0000000000
82341  -48.244  -5.295  16.807 0.0000000000
82342  -48.905  -4.945  16.975 0.0000000000
82343  -51.833  -4.754  16.118 0.0000000000
82344  -52.367  -4.916  16.263 0.0000000000
82345  -53.363  -5.080  16.419 0.0000000000
82346  -54.429  -5.125  16.490 0.0000000000
82364  -44.935  -5.567  15.213 0.0000000000
82365  -45.410  -5.408  15.328 0.0000000000
82366  -46.523  -5.477  15.840 0.0000000000
82367  -47.180  -5.168  16.088 0.0000000000
82368  -49.731  -4.939  15.272 0.0000000000
82369  -50.359  -5.135  15.372 0.0000000000
82370  -51.590  -5.136  15.745 0.0000000000
82371  -52.670  -5.523  15.911 0.0000000000
82372  -53.734  -5.651  15.936 0.0000000000
82373  -54.802  -5.652  15.913 0.0000000000
82374  -55.802  -5.797  15.899 0.0000000000
82375  -56.453  -6.059  15.806 0.0000000000
82381  -39.867  -5.301  14.883 0.0000000000
82382  -40.599  -5.365  14.520 0.0000000000
82383  -41.486  -5.472  14.381 0.0000000000
82384  -42.470  -5.467  14.382 0.0000000000
82385  -43.480  -5.442  14.518 0.0000000000
82386  -44.591  -5.414  14.928 0.0000000000
82387  -45.150  -5.061  15.019 0.0000000000
82388  -47.593  -5.259  14.373 0.0000000000
82389  -48.328  -5.315  14.629 0.0000000000
82390  -49.383  -5.374  14.959 0.0000000000
82391  -50.108  -5.847  15.081 0.0000000000
82398  -45.572  -4.937  12.960 0.0000000000
82399  -46.120  -5.327  13.231 0.0000000000
82400  -47.058  -5.536  13.844 0.0000000000
82405  -45.476  -5.266  12.374 0.0000000000
82406  -45.940  -5.928  12.602 0.0000000000
82412  -45.372  -5.280  11.357 0.0000000000
82431  -49.255  -7.071  5.527 0.0000000000
82432  -50.431  -5.205  5.008 0.0000000000
82433  -50.734  -4.938  4.737 0.0000000000
82435  -49.827  -7.080  5.066 0.0000000000
82436  -50.354  -6.864  4.723 0.0000000000
82437  -51.584  -6.187  3.943 0.0000000000
82440  -52.332  -5.563  3.527 0.0000000000
82441  -52.933  -5.288  3.336 0.0000000000
82442  -53.770  -5.322  2.998 0.0000000000
82443  -54.481  -5.798  3.071 0.0000000000
82452  -43.343  -6.103  2.185 0.0000000000
82453  -43.835  -6.318  2.123 0.0000000000
82454  -53.910  -5.090  2.331 0.0000000000
82455  -54.744  -5.642  2.129 0.0000000000
82456  -55.510  -6.010  1.773 0.0000000000
82471  -44.137  -5.696  1.963 0.0000000000
82472  -45.201  -5.625  1.577 0.0000000000
82473  -45.967  -5.450  1.246 0.0000000000
82474  -54.876  -5.538  0.736 0.0000000000
82475  -55.491  -5.922  1.195 0.0000000000
82484  -46.627  -5.318  0.794 0.0000000000
82485  -47.298  -5.267  0.080 0.0000000000
82486  -55.053  -5.486  -0.385 0.0000000000
82487  -55.909  -5.918  0.152 0.0000000000
82488  -56.568  -6.098  -0.022 0.0000000000
82493  -47.834  -5.343  -1.125 0.0000000000
82494  -48.336  -4.676  -1.509 0.0000000000
82495  -55.137  -5.353  -1.436 0.0000000000
82496  -55.983  -5.618  -1.078 0.0000000000
82497  -56.920  -5.901  -0.707 0.0000000000
82498  -57.605  -5.979  -0.861 0.0000000000
82503  -47.871  -5.842  -2.499 0.0000000000
82504  -48.347  -5.034  -2.158 0.0000000000
82505  -55.109  -5.312  -2.493 0.0000000000
82506  -55.989  -5.463  -2.242 0.0000000000
82507  -56.958  -5.601  -1.981 0.0000000000
82508  -58.052  -5.784  -1.696 0.0000000000
82509  -58.874  -5.873  -2.003 0.0000000000
82515  -47.761  -6.106  -3.600 0.0000000000
82516  -48.297  -5.429  -3.208 0.0000000000
82517  -54.208  -5.251  -3.776 0.0000000000
82518  -55.041  -5.377  -3.568 0.0000000000
82519  -55.929  -5.415  -3.361 0.0000000000
82520  -56.863  -5.486  -3.163 0.0000000000
82521  -57.895  -5.551  -3.019 0.0000000000
82522  -59.153  -5.693  -2.858 0.0000000000
82523  -60.145  -5.872  -3.263 0.0000000000
82524  -60.331  -6.096  -3.420 0.0000000000
82529  -47.815  -6.300  -4.525 0.0000000000
82530  -48.238  -5.693  -4.201 0.0000000000
82531  -54.076  -5.432  -4.755 0.0000000000
82532  -54.918  -5.510  -4.608 0.0000000000
82533  -55.823  -5.549  -4.394 0.0000000000
82534  -56.720  -5.549  -4.183 0.0000000000
82535  -57.584  -5.621  -4.025 0.0000000000
82536  -58.513  -5.755  -4.089 0.0000000000
82537  -59.665  -5.897  -3.727 0.0000000000
82538  -60.154  -5.967  -3.634 0.0000000000
82543  -47.944  -6.448  -4.982 0.0000000000
82544  -48.496  -5.837  -5.140 0.0000000000
82545  -49.160  -5.201  -5.381 0.0000000000
82546  -53.945  -5.579  -5.381 0.0000000000
82547  -54.584  -5.736  -5.462 0.0000000000
82548  -55.616  -5.781  -5.222 0.0000000000
82549  -56.545  -5.790  -4.951 0.0000000000
82550  -57.366  -5.768  -4.687 0.0000000000
82551  -57.894  -5.725  -4.490 0.0000000000
82557  -48.897  -6.019  -5.496 0.0000000000
82558  -49.579  -5.471  -5.705 0.0000000000
82559  -50.900  -5.220  -6.394 0.0000000000
82560  -51.920  -5.425  -6.357 0.0000000000
82561  -52.741  -5.326  -6.051 0.0000000000
82562  -53.526  -5.540  -5.598 0.0000000000
82563  -54.182  -5.612  -5.509 0.0000000000
82567  -51.017  -5.116  -6.804 0.0000000000
82568  -51.615  -4.977  -6.816 0.0000000000
82569  -52.231  -4.988  -6.640 0.0000000000
83661  -50.573  -5.047  18.283 0.0000000000
83662  -51.303  -4.756  18.285 0.0000000000
83675  -49.533  -4.924  17.347 0.0000000000
83676  -50.409  -4.723  17.496 0.0000000000
83677  -51.515  -4.551  17.497 0.0000000000
83678  -52.625  -4.519  17.594 0.0000000000
83685  -47.633  -5.022  16.320 0.0000000000
83686  -48.322  -4.756  16.348 0.0000000000
83687  -49.439  -4.671  16.574 0.0000000000
83688  -50.642  -4.552  16.604 0.0000000000
83689  -51.807  -4.587  16.589 0.0000000000
83690  -52.983  -4.664  16.896 0.0000000000
83691  -54.048  -4.683  16.983 0.0000000000
83702  -45.439  -4.947  15.078 0.0000000000
83703  -46.031  -4.893  15.219 0.0000000000
83704  -47.282  -4.824  15.620 0.0000000000
83705  -48.543  -4.614  15.677 0.0000000000
83706  -49.747  -4.683  15.688 0.0000000000
83707  -50.959  -4.656  15.935 0.0000000000
83708  -51.553  -4.696  16.048 0.0000000000
83711  -39.607  -4.399  15.076 0.0000000000
83712  -40.283  -4.472  14.538 0.0000000000
83713  -41.131  -4.544  14.166 0.0000000000
83714  -42.016  -4.747  14.122 0.0000000000
83715  -42.946  -4.800  14.069 0.0000000000
83716  -43.992  -4.815  14.205 0.0000000000
83717  -45.199  -4.826  14.539 0.0000000000
83718  -46.396  -4.722  14.645 0.0000000000
83719  -47.623  -4.820  14.790 0.0000000000
83720  -48.850  -4.863  15.144 0.0000000000
83721  -49.430  -4.892  15.237 0.0000000000
83726  -41.678  -4.163  13.892 0.0000000000
83727  -42.373  -4.129  13.705 0.0000000000
83728  -43.309  -4.285  13.525 0.0000000000
83729  -44.339  -4.441  13.504 0.0000000000
83730  -45.505  -4.731  13.575 0.0000000000
83731  -46.673  -4.934  14.059 0.0000000000
83732  -47.245  -5.057  14.260 0.0000000000
83737  -44.600  -4.360  12.857 0.0000000000
83738  -45.122  -4.657  12.623 0.0000000000
83745  -44.550  -4.212  12.097 0.0000000000
83746  -45.032  -4.641  11.786 0.0000000000
83749  -44.690  -4.039  11.429 0.0000000000
83750  -45.087  -4.429  10.840 0.0000000000
83765  -50.117  -4.668  5.295 0.0000000000
83766  -50.511  -4.679  4.899 0.0000000000
83769  -50.374  -4.095  4.984 0.0000000000
83770  -50.834  -4.412  4.557 0.0000000000
83773  -52.190  -5.011  3.406 0.0000000000
83774  -52.577  -4.564  3.038 0.0000000000
83775  -53.120  -4.671  2.867 0.0000000000
83781  -52.879  -3.904  2.551 0.0000000000
83782  -53.433  -4.324  2.230 0.0000000000
83783  -53.905  -4.890  1.870 0.0000000000
83795  -44.628  -4.680  1.516 0.0000000000
83796  -45.443  -4.886  1.392 0.0000000000
83797  -53.568  -4.243  1.335 0.0000000000
83798  -54.062  -5.027  1.109 0.0000000000
83809  -45.223  -4.273  1.214 0.0000000000
83810  -46.031  -4.411  1.138 0.0000000000
83811  -46.948  -4.312  0.636 0.0000000000
83812  -53.641  -4.339  0.348 0.0000000000
83813  -54.226  -5.064  0.037 0.0000000000
83821  -47.764  -4.143  -0.095 0.0000000000
83822  -48.371  -4.210  -0.971 0.0000000000
83823  -53.787  -4.476  -0.886 0.0000000000
83824  -54.460  -5.122  -0.851 0.0000000000
83828  -48.795  -4.119  -1.855 0.0000000000
83829  -49.216  -3.616  -2.110 0.0000000000
83830  -53.732  -4.497  -2.084 0.0000000000
83831  -54.372  -5.014  -1.716 0.0000000000
83838  -48.765  -4.663  -2.890 0.0000000000
83839  -49.213  -3.931  -2.674 0.0000000000
83840  -53.129  -4.255  -3.378 0.0000000000
83841  -53.644  -4.716  -3.055 0.0000000000
83842  -54.304  -5.080  -2.744 0.0000000000
83845  -48.680  -5.052  -3.895 0.0000000000
83846  -49.189  -4.333  -3.624 0.0000000000
83847  -53.010  -4.356  -4.368 0.0000000000
83848  -53.512  -4.908  -4.037 0.0000000000
83853  -48.615  -5.371  -4.550 0.0000000000
83854  -49.096  -4.788  -4.764 0.0000000000
83855  -52.828  -4.406  -5.330 0.0000000000
83856  -53.375  -5.101  -5.054 0.0000000000
83861  -49.640  -4.610  -5.619 0.0000000000
83862  -50.342  -4.498  -6.307 0.0000000000
83863  -52.500  -4.494  -6.208 0.0000000000
83864  -53.022  -5.006  -5.726 0.0000000000
83868  -51.017  -4.397  -6.986 0.0000000000
83869  -51.480  -4.556  -7.033 0.0000000000
83870  -51.944  -4.416  -6.842 0.0000000000
83874  -51.253  -4.084  -7.187 0.0000000000
83875  -51.457  -4.186  -7.127 0.0000000000
83876  -51.676  -4.281  -7.014 0.0000000000
85018  -39.476  -3.561  15.327 0.0000000000
85020  -39.933  -3.615  14.648 0.0000000000
85021  -40.734  -3.580  14.046 0.0000000000
85022  -41.276  -3.943  13.903 0.0000000000
85026  -41.037  -3.079  13.678 0.0000000000
85027  -41.607  -3.464  13.581 0.0000000000
85028  -42.647  -3.424  12.971 0.0000000000
85029  -43.616  -3.945  12.897 0.0000000000
85030  -44.135  -4.184  12.914 0.0000000000
85035  -42.791  -2.958  12.433 0.0000000000
85036  -43.362  -3.231  12.199 0.0000000000
85037  -44.029  -3.930  12.399 0.0000000000
85043  -43.623  -2.966  11.661 0.0000000000
85044  -44.100  -3.422  11.565 0.0000000000
85047  -44.680  -3.515  10.852 0.0000000000
85068  -50.597  -3.418  4.631 0.0000000000
85069  -51.054  -3.784  4.191 0.0000000000
85072  -50.937  -3.125  4.167 0.0000000000
85073  -52.272  -3.821  2.822 0.0000000000
85074  -52.492  -3.700  2.639 0.0000000000
85082  -52.351  -3.083  2.546 0.0000000000
85083  -52.643  -3.015  2.381 0.0000000000
85084  -53.071  -3.131  2.079 0.0000000000
85093  -44.654  -3.924  1.110 0.0000000000
85094  -53.306  -3.314  1.502 0.0000000000
85105  -45.236  -3.422  0.860 0.0000000000
85106  -46.289  -3.371  0.735 0.0000000000
85107  -47.157  -3.324  0.445 0.0000000000
85108  -53.401  -3.437  0.671 0.0000000000
85118  -47.725  -3.107  0.069 0.0000000000
85119  -48.314  -3.233  -0.486 0.0000000000
85120  -48.834  -2.920  -0.938 0.0000000000
85121  -53.395  -3.531  -0.386 0.0000000000
85129  -48.734  -3.544  -1.136 0.0000000000
85130  -49.199  -3.165  -1.598 0.0000000000
85131  -53.027  -3.374  -2.292 0.0000000000
85132  -53.239  -3.531  -1.771 0.0000000000
85140  -49.578  -3.199  -2.409 0.0000000000
85141  -49.931  -2.981  -2.947 0.0000000000
85142  -52.977  -3.569  -2.748 0.0000000000
85143  -53.278  -4.136  -2.560 0.0000000000
85149  -49.627  -3.572  -3.263 0.0000000000
85150  -50.106  -3.051  -3.735 0.0000000000
85151  -52.858  -3.636  -3.773 0.0000000000
85159  -49.678  -3.865  -4.242 0.0000000000
85160  -50.157  -3.221  -4.843 0.0000000000
85161  -52.767  -3.663  -4.774 0.0000000000
85167  -49.711  -4.013  -5.141 0.0000000000
85168  -50.220  -3.617  -5.912 0.0000000000
85169  -52.549  -3.641  -5.725 0.0000000000
85174  -50.767  -3.655  -6.758 0.0000000000
85175  -51.297  -3.432  -6.836 0.0000000000
85176  -52.011  -3.507  -6.563 0.0000000000
85181  -51.124  -3.869  -7.126 0.0000000000
85182  -51.482  -3.856  -7.029 0.0000000000
85183  -52.078  -3.819  -6.919 0.0000000000
86255  -39.725  -2.862  14.927 0.0000000000
86256  -40.198  -2.797  14.363 0.0000000000
86259  -40.682  -2.652  13.857 0.0000000000
86260  -41.250  -2.575  13.430 0.0000000000
86261  -41.892  -2.830  13.078 0.0000000000
86266  -41.686  -2.214  12.994 0.0000000000
86267  -42.352  -2.439  12.532 0.0000000000
86268  -42.908  -2.647  12.148 0.0000000000
86274  -42.791  -2.138  12.034 0.0000000000
86275  -43.304  -2.406  11.649 0.0000000000
86276  -43.810  -2.720  11.339 0.0000000000
86279  -43.749  -2.197  11.126 0.0000000000
86280  -44.297  -2.572  10.761 0.0000000000
86312  -51.048  -2.431  4.002 0.0000000000
86313  -52.230  -2.612  2.579 0.0000000000
86321  -52.423  -2.213  2.427 0.0000000000
86322  -52.869  -2.018  2.126 0.0000000000
86323  -53.235  -2.235  1.577 0.0000000000
86331  -53.417  -2.448  0.897 0.0000000000
86340  -46.574  -2.578  0.380 0.0000000000
86341  -47.229  -2.482  0.215 0.0000000000
86342  -53.396  -2.647  0.054 0.0000000000
86351  -47.893  -2.324  -0.094 0.0000000000
86352  -48.597  -2.288  -0.532 0.0000000000
86353  -49.235  -2.315  -1.046 0.0000000000
86354  -53.315  -2.643  -0.930 0.0000000000
86363  -49.851  -2.344  -1.870 0.0000000000
86365  -52.929  -3.029  -2.439 0.0000000000
86366  -53.145  -2.456  -1.913 0.0000000000
86372  -49.935  -2.716  -2.511 0.0000000000
86373  -50.370  -2.322  -2.859 0.0000000000
86374  -52.838  -2.960  -3.291 0.0000000000
86380  -50.808  -2.266  -4.238 0.0000000000
86382  -52.805  -2.965  -4.263 0.0000000000
86389  -50.682  -2.628  -5.514 0.0000000000
86391  -52.686  -2.929  -5.196 0.0000000000
86397  -50.851  -2.894  -6.364 0.0000000000
86398  -51.310  -2.181  -5.989 0.0000000000
86399  -52.451  -2.789  -5.929 0.0000000000
86405  -50.980  -3.040  -6.642 0.0000000000
86406  -51.610  -2.611  -6.426 0.0000000000
86407  -52.309  -2.345  -6.217 0.0000000000
87453  -40.026  -2.378  14.694 0.0000000000
87458  -40.844  -2.133  13.711 0.0000000000
87459  -41.284  -1.644  13.488 0.0000000000
87464  -41.969  -1.593  12.785 0.0000000000
87465  -42.534  -1.583  12.257 0.0000000000
87472  -43.015  -1.584  11.768 0.0000000000
87473  -43.501  -1.604  11.298 0.0000000000
87514  -52.187  -1.291  2.581 0.0000000000
87520  -52.537  -1.218  2.409 0.0000000000
87521  -52.972  -1.042  2.230 0.0000000000
87522  -53.368  -1.257  1.826 0.0000000000
87531  -53.827  -1.298  1.066 0.0000000000
87542  -53.693  -1.789  0.276 0.0000000000
87556  -53.525  -2.007  -0.438 0.0000000000
