#!ascii label  , from subject colin27_FS vox2ras=TkReg
1246
121815  -53.662  26.347  4.267 0.0000000000
121826  -48.250  26.262  3.921 0.0000000000
121827  -49.080  26.382  4.116 0.0000000000
121828  -49.961  26.504  4.300 0.0000000000
121829  -50.768  26.530  4.365 0.0000000000
121832  -54.782  26.754  3.986 0.0000000000
121835  -43.733  27.350  2.899 0.0000000000
121836  -44.228  27.102  2.903 0.0000000000
121837  -45.064  26.898  3.009 0.0000000000
121838  -45.886  26.753  3.067 0.0000000000
121840  -54.868  26.697  3.581 0.0000000000
121852  -32.096  27.031  -2.887 0.0000000000
121853  -32.844  26.942  -2.684 0.0000000000
121854  -33.766  26.880  -2.641 0.0000000000
121855  -34.698  26.964  -2.709 0.0000000000
121856  -35.264  27.076  -2.764 0.0000000000
122716  -38.470  27.882  4.990 0.0000000000
122717  -38.984  28.185  4.955 0.0000000000
122721  -39.386  27.609  4.411 0.0000000000
122722  -40.103  28.036  4.323 0.0000000000
122723  -51.923  26.377  4.492 0.0000000000
122724  -52.504  26.525  4.377 0.0000000000
122725  -53.312  26.668  4.321 0.0000000000
122726  -53.912  26.686  4.236 0.0000000000
122728  -39.910  27.084  3.881 0.0000000000
122729  -40.506  27.556  3.864 0.0000000000
122730  -41.587  27.522  3.509 0.0000000000
122731  -42.532  27.620  3.220 0.0000000000
122732  -43.350  27.795  2.945 0.0000000000
122733  -47.117  26.522  3.364 0.0000000000
122734  -47.675  26.724  3.346 0.0000000000
122735  -48.536  26.920  3.461 0.0000000000
122736  -49.439  27.069  3.636 0.0000000000
122737  -50.437  27.217  3.763 0.0000000000
122738  -51.607  26.968  4.065 0.0000000000
122739  -52.740  27.285  3.987 0.0000000000
122740  -53.699  27.316  4.128 0.0000000000
122741  -54.520  27.144  4.133 0.0000000000
122742  -55.202  27.385  3.724 0.0000000000
122743  -55.897  27.825  3.428 0.0000000000
122746  -44.018  27.798  2.754 0.0000000000
122747  -44.729  27.661  2.765 0.0000000000
122748  -45.588  27.522  2.746 0.0000000000
122749  -46.740  27.191  2.882 0.0000000000
122750  -47.869  27.513  2.860 0.0000000000
122751  -48.833  27.688  3.026 0.0000000000
122752  -49.734  27.795  3.152 0.0000000000
122753  -50.449  27.929  3.181 0.0000000000
122755  -55.286  27.275  2.881 0.0000000000
122756  -56.200  27.944  3.029 0.0000000000
122759  -55.283  27.865  2.015 0.0000000000
122765  -32.477  28.078  -1.951 0.0000000000
122766  -32.865  28.028  -1.834 0.0000000000
122767  -33.716  28.015  -1.727 0.0000000000
122768  -34.528  28.056  -1.743 0.0000000000
122771  -31.052  27.695  -3.246 0.0000000000
122772  -31.419  27.502  -3.001 0.0000000000
122773  -32.301  27.762  -2.268 0.0000000000
122774  -33.285  27.477  -2.180 0.0000000000
122775  -34.215  27.466  -2.167 0.0000000000
122776  -35.230  27.635  -2.206 0.0000000000
122777  -36.142  27.744  -2.404 0.0000000000
122778  -36.927  27.799  -2.586 0.0000000000
122779  -37.626  27.870  -2.744 0.0000000000
122784  -31.283  27.122  -3.475 0.0000000000
122785  -35.683  27.231  -2.760 0.0000000000
122786  -36.327  27.213  -3.026 0.0000000000
122787  -37.199  27.282  -3.280 0.0000000000
122788  -38.127  27.583  -3.264 0.0000000000
122789  -38.924  27.647  -3.627 0.0000000000
122790  -39.610  27.808  -3.849 0.0000000000
122798  -40.138  27.598  -4.414 0.0000000000
122799  -40.904  27.676  -4.741 0.0000000000
123634  -36.378  28.821  5.855 0.0000000000
123641  -37.042  28.372  5.627 0.0000000000
123642  -37.916  28.402  5.405 0.0000000000
123643  -38.680  28.578  5.309 0.0000000000
123644  -39.454  28.616  5.115 0.0000000000
123645  -40.301  28.932  5.144 0.0000000000
123646  -41.033  29.151  5.054 0.0000000000
123649  -39.957  28.374  4.674 0.0000000000
123650  -40.655  28.526  4.448 0.0000000000
123651  -41.687  29.014  4.462 0.0000000000
123652  -42.375  28.967  3.972 0.0000000000
123654  -41.242  28.261  3.897 0.0000000000
123655  -42.020  28.370  3.684 0.0000000000
123656  -42.894  28.583  3.430 0.0000000000
123657  -43.811  28.613  2.996 0.0000000000
123658  -44.486  28.817  2.811 0.0000000000
123659  -51.077  27.751  3.443 0.0000000000
123660  -51.946  28.265  3.341 0.0000000000
123661  -53.244  28.167  3.609 0.0000000000
123662  -54.263  28.071  3.869 0.0000000000
123663  -55.147  28.045  3.938 0.0000000000
123664  -55.980  28.223  3.794 0.0000000000
123665  -56.824  28.480  3.448 0.0000000000
123666  -58.075  28.673  3.261 0.0000000000
123667  -59.145  28.896  3.089 0.0000000000
123668  -59.741  29.082  2.894 0.0000000000
123671  -44.411  28.269  2.727 0.0000000000
123672  -45.099  28.400  2.660 0.0000000000
123673  -46.065  28.320  2.538 0.0000000000
123674  -47.126  28.365  2.514 0.0000000000
123675  -48.193  28.453  2.602 0.0000000000
123676  -49.153  28.522  2.752 0.0000000000
123677  -50.029  28.556  2.848 0.0000000000
123678  -50.904  28.550  3.022 0.0000000000
123679  -51.401  28.891  2.989 0.0000000000
123680  -55.889  28.070  2.468 0.0000000000
123681  -56.926  28.529  2.598 0.0000000000
123682  -58.316  29.036  2.376 0.0000000000
123683  -59.337  29.148  2.594 0.0000000000
123684  -59.765  29.228  2.629 0.0000000000
123686  -54.880  28.044  1.267 0.0000000000
123687  -55.886  28.756  1.432 0.0000000000
123688  -57.231  29.137  1.813 0.0000000000
123689  -57.953  29.291  1.743 0.0000000000
123691  -54.869  28.614  0.203 0.0000000000
123692  -55.553  29.083  0.496 0.0000000000
123694  -54.603  28.576  -1.086 0.0000000000
123696  -31.692  28.783  -1.812 0.0000000000
123697  -32.264  28.470  -1.776 0.0000000000
123698  -33.214  28.653  -1.508 0.0000000000
123699  -34.164  28.743  -1.415 0.0000000000
123700  -35.227  28.686  -1.579 0.0000000000
123701  -36.114  28.908  -1.722 0.0000000000
123705  -31.557  28.368  -2.274 0.0000000000
123706  -32.027  28.182  -2.083 0.0000000000
123707  -35.900  28.262  -1.946 0.0000000000
123708  -36.664  28.512  -2.090 0.0000000000
123709  -37.414  28.512  -2.363 0.0000000000
123710  -38.226  28.529  -2.675 0.0000000000
123711  -38.921  28.826  -2.922 0.0000000000
123712  -54.462  28.600  -2.978 0.0000000000
123715  -38.772  28.183  -3.099 0.0000000000
123716  -39.433  28.520  -3.331 0.0000000000
123717  -40.164  28.496  -3.772 0.0000000000
123721  -40.829  28.456  -4.240 0.0000000000
123722  -41.577  28.343  -4.735 0.0000000000
123723  -42.115  28.588  -5.091 0.0000000000
124598  -36.003  29.574  5.968 0.0000000000
124599  -37.009  29.444  5.808 0.0000000000
124600  -37.715  29.538  5.670 0.0000000000
124601  -41.246  30.056  6.093 0.0000000000
124602  -41.505  29.858  5.949 0.0000000000
124609  -37.580  28.979  5.672 0.0000000000
124610  -38.219  29.184  5.595 0.0000000000
124611  -39.030  29.249  5.569 0.0000000000
124612  -39.860  29.395  5.573 0.0000000000
124613  -40.835  29.637  5.737 0.0000000000
124614  -41.743  29.560  5.425 0.0000000000
124615  -42.530  29.635  5.234 0.0000000000
124616  -43.030  29.673  4.924 0.0000000000
124621  -42.122  29.412  4.934 0.0000000000
124622  -42.555  29.371  4.556 0.0000000000
124623  -43.305  29.606  4.341 0.0000000000
124624  -43.845  29.706  3.918 0.0000000000
124625  -57.304  29.694  4.302 0.0000000000
124626  -57.859  29.502  4.345 0.0000000000
124627  -58.778  29.467  4.335 0.0000000000
124628  -59.728  29.611  4.269 0.0000000000
124629  -60.410  29.859  4.036 0.0000000000
124631  -42.884  29.225  3.936 0.0000000000
124632  -43.481  29.250  3.610 0.0000000000
124633  -44.350  29.456  3.327 0.0000000000
124634  -45.401  29.759  3.076 0.0000000000
124635  -45.975  30.087  2.998 0.0000000000
124636  -51.697  29.551  2.972 0.0000000000
124637  -52.788  29.261  3.196 0.0000000000
124638  -53.883  29.064  3.437 0.0000000000
124639  -54.874  28.932  3.696 0.0000000000
124640  -55.779  28.908  3.878 0.0000000000
124641  -56.855  29.138  3.987 0.0000000000
124642  -57.946  28.891  3.949 0.0000000000
124643  -59.032  28.938  3.811 0.0000000000
124644  -60.052  29.238  3.430 0.0000000000
124645  -60.698  29.837  3.462 0.0000000000
124648  -44.946  29.142  2.807 0.0000000000
124649  -45.551  29.046  2.630 0.0000000000
124650  -46.344  29.443  2.670 0.0000000000
124651  -47.516  29.361  2.604 0.0000000000
124652  -48.552  29.368  2.672 0.0000000000
124653  -49.501  29.369  2.726 0.0000000000
124654  -50.368  29.322  2.787 0.0000000000
124655  -51.034  29.262  2.866 0.0000000000
124656  -59.129  29.375  2.059 0.0000000000
124657  -59.714  29.431  2.251 0.0000000000
124658  -60.124  29.383  2.625 0.0000000000
124659  -60.547  29.760  2.801 0.0000000000
124662  -56.809  29.432  1.092 0.0000000000
124663  -57.686  29.554  1.189 0.0000000000
124664  -58.577  29.577  1.484 0.0000000000
124665  -59.532  29.879  1.430 0.0000000000
124666  -60.163  29.772  1.964 0.0000000000
124667  -60.404  29.774  2.346 0.0000000000
124670  -55.492  29.327  -0.071 0.0000000000
124671  -56.248  29.521  0.321 0.0000000000
124672  -57.280  29.857  0.416 0.0000000000
124673  -58.344  30.094  0.458 0.0000000000
124674  -58.973  30.030  0.982 0.0000000000
124677  -33.025  30.073  -0.943 0.0000000000
124678  -33.814  30.217  -0.970 0.0000000000
124679  -34.258  30.422  -1.084 0.0000000000
124680  -55.196  29.361  -0.835 0.0000000000
124681  -56.012  29.798  -0.671 0.0000000000
124682  -57.046  30.222  -0.595 0.0000000000
124683  -57.724  30.188  -0.101 0.0000000000
124686  -31.753  29.368  -1.485 0.0000000000
124687  -32.669  29.330  -1.294 0.0000000000
124688  -33.594  29.448  -1.170 0.0000000000
124689  -34.637  29.813  -1.211 0.0000000000
124690  -35.814  29.683  -1.515 0.0000000000
124691  -36.792  29.534  -1.903 0.0000000000
124692  -37.209  29.944  -2.118 0.0000000000
124693  -54.966  29.356  -1.819 0.0000000000
124694  -55.878  30.118  -1.715 0.0000000000
124695  -56.456  30.208  -1.179 0.0000000000
124700  -37.168  29.007  -2.113 0.0000000000
124701  -37.683  29.513  -2.338 0.0000000000
124702  -38.623  29.486  -2.781 0.0000000000
124703  -39.265  29.467  -3.166 0.0000000000
124704  -54.778  29.335  -2.695 0.0000000000
124705  -55.340  29.973  -2.613 0.0000000000
124709  -39.901  29.407  -3.540 0.0000000000
124710  -40.531  29.385  -3.986 0.0000000000
124711  -54.625  29.660  -3.615 0.0000000000
124712  -55.014  29.896  -3.124 0.0000000000
124716  -41.195  29.380  -4.432 0.0000000000
124717  -41.948  29.448  -4.922 0.0000000000
124718  -42.373  28.941  -5.186 0.0000000000
124719  -53.819  29.576  -4.748 0.0000000000
124720  -54.137  29.385  -4.262 0.0000000000
124724  -42.222  30.044  -5.279 0.0000000000
124725  -42.668  29.443  -5.449 0.0000000000
124726  -43.301  29.427  -5.873 0.0000000000
124727  -53.039  29.756  -5.704 0.0000000000
124728  -53.477  29.672  -5.242 0.0000000000
124731  -43.918  29.442  -6.308 0.0000000000
124732  -44.582  29.434  -6.838 0.0000000000
124733  -51.978  30.066  -6.713 0.0000000000
124734  -52.519  29.807  -6.269 0.0000000000
124737  -45.159  29.496  -7.387 0.0000000000
124738  -45.730  29.529  -7.962 0.0000000000
125553  -36.590  30.494  5.973 0.0000000000
125554  -37.790  30.369  5.775 0.0000000000
125555  -38.915  30.706  5.826 0.0000000000
125556  -39.883  30.726  5.995 0.0000000000
125557  -40.838  30.518  6.143 0.0000000000
125558  -41.832  30.403  6.216 0.0000000000
125559  -42.892  30.539  6.271 0.0000000000
125560  -43.859  30.625  6.231 0.0000000000
125561  -44.713  30.764  6.179 0.0000000000
125562  -45.100  30.832  6.156 0.0000000000
125563  -59.929  31.139  6.274 0.0000000000
125564  -60.108  31.336  6.483 0.0000000000
125569  -38.062  29.736  5.651 0.0000000000
125570  -38.565  29.866  5.678 0.0000000000
125571  -39.398  29.979  5.776 0.0000000000
125572  -40.155  30.015  5.917 0.0000000000
125573  -41.872  29.863  5.951 0.0000000000
125574  -42.379  29.929  5.847 0.0000000000
125575  -43.317  30.048  5.473 0.0000000000
125576  -44.357  30.438  5.504 0.0000000000
125577  -45.212  30.753  5.720 0.0000000000
125578  -45.688  30.940  5.597 0.0000000000
125579  -58.149  30.520  4.975 0.0000000000
125580  -58.806  30.592  5.268 0.0000000000
125581  -59.663  30.778  5.672 0.0000000000
125582  -60.209  31.133  5.989 0.0000000000
125588  -43.414  29.842  4.848 0.0000000000
125589  -44.016  30.060  4.566 0.0000000000
125590  -45.018  30.509  4.730 0.0000000000
125591  -45.745  30.883  5.033 0.0000000000
125592  -56.050  30.290  4.048 0.0000000000
125593  -56.774  30.131  4.283 0.0000000000
125594  -57.648  30.171  4.624 0.0000000000
125595  -58.469  30.069  4.687 0.0000000000
125596  -59.350  30.165  4.835 0.0000000000
125597  -60.321  30.512  4.906 0.0000000000
125599  -44.239  29.871  3.899 0.0000000000
125600  -44.818  30.109  3.855 0.0000000000
125601  -46.043  30.605  3.733 0.0000000000
125602  -47.343  30.826  3.468 0.0000000000
125603  -48.407  30.938  3.357 0.0000000000
125604  -49.433  31.004  3.259 0.0000000000
125605  -50.430  30.923  3.201 0.0000000000
125606  -51.408  30.701  3.159 0.0000000000
125607  -52.417  30.415  3.200 0.0000000000
125608  -53.473  30.160  3.342 0.0000000000
125609  -54.504  29.949  3.545 0.0000000000
125610  -55.467  29.839  3.805 0.0000000000
125611  -56.194  29.625  3.991 0.0000000000
125612  -60.849  30.450  3.905 0.0000000000
125614  -46.298  30.170  2.977 0.0000000000
125615  -46.901  30.203  2.913 0.0000000000
125616  -47.948  30.207  2.878 0.0000000000
125617  -48.961  30.219  2.866 0.0000000000
125618  -49.917  30.177  2.859 0.0000000000
125619  -50.809  30.013  2.884 0.0000000000
125620  -60.877  30.402  2.949 0.0000000000
125622  -59.843  30.294  0.892 0.0000000000
125623  -60.153  30.269  1.252 0.0000000000
125624  -60.584  30.343  1.930 0.0000000000
125626  -58.826  30.517  -0.099 0.0000000000
125627  -59.387  30.421  0.401 0.0000000000
125628  -60.083  30.594  0.474 0.0000000000
125629  -60.421  30.771  0.812 0.0000000000
125632  -31.875  30.741  -0.922 0.0000000000
125633  -32.562  30.746  -0.831 0.0000000000
125634  -33.318  30.779  -0.849 0.0000000000
125635  -33.971  30.869  -0.984 0.0000000000
125636  -57.635  30.568  -1.253 0.0000000000
125637  -58.260  30.569  -0.696 0.0000000000
125638  -59.218  30.820  -0.570 0.0000000000
125639  -59.919  30.923  -0.397 0.0000000000
125640  -60.310  30.977  0.049 0.0000000000
125645  -32.195  30.085  -1.078 0.0000000000
125646  -34.599  30.830  -1.223 0.0000000000
125647  -35.427  30.640  -1.453 0.0000000000
125648  -36.467  30.599  -1.833 0.0000000000
125649  -36.974  30.163  -2.000 0.0000000000
125650  -56.509  30.490  -2.264 0.0000000000
125651  -57.053  30.537  -1.797 0.0000000000
125652  -58.138  30.952  -1.856 0.0000000000
125653  -58.964  31.136  -1.402 0.0000000000
125654  -59.566  31.199  -1.037 0.0000000000
125658  -36.843  31.088  -2.210 0.0000000000
125659  -37.321  30.566  -2.338 0.0000000000
125660  -38.392  30.503  -2.976 0.0000000000
125661  -38.966  30.001  -3.110 0.0000000000
125662  -56.157  30.491  -2.759 0.0000000000
125663  -57.012  30.694  -2.774 0.0000000000
125664  -57.767  30.965  -2.635 0.0000000000
125668  -38.737  30.937  -3.575 0.0000000000
125669  -39.430  30.460  -3.734 0.0000000000
125670  -40.146  29.958  -3.894 0.0000000000
125671  -54.954  30.328  -4.032 0.0000000000
125672  -55.530  30.532  -3.624 0.0000000000
125673  -56.726  31.042  -3.505 0.0000000000
125674  -57.535  31.184  -3.291 0.0000000000
125678  -39.838  30.912  -4.390 0.0000000000
125679  -40.550  30.449  -4.530 0.0000000000
125680  -41.335  29.988  -4.754 0.0000000000
125681  -53.887  30.208  -5.056 0.0000000000
125682  -54.519  30.341  -4.585 0.0000000000
125683  -55.223  30.692  -4.339 0.0000000000
125688  -40.913  30.995  -5.111 0.0000000000
125689  -41.575  30.566  -5.220 0.0000000000
125690  -42.529  30.523  -5.768 0.0000000000
125691  -42.963  29.999  -5.763 0.0000000000
125692  -52.887  30.446  -6.055 0.0000000000
125693  -53.576  30.636  -5.639 0.0000000000
125694  -54.232  30.724  -5.258 0.0000000000
125699  -42.833  30.764  -6.088 0.0000000000
125700  -43.243  30.434  -6.149 0.0000000000
125701  -44.032  30.406  -6.604 0.0000000000
125702  -51.805  30.546  -7.056 0.0000000000
125703  -52.384  30.759  -6.633 0.0000000000
125704  -53.119  31.240  -6.282 0.0000000000
125708  -44.639  30.422  -7.047 0.0000000000
125709  -45.282  30.505  -7.480 0.0000000000
125711  -51.339  30.860  -7.612 0.0000000000
125716  -45.956  30.533  -8.019 0.0000000000
125717  -46.545  30.584  -8.723 0.0000000000
125718  -46.930  31.017  -9.127 0.0000000000
126501  -60.206  32.032  8.026 0.0000000000
126502  -60.211  32.163  8.088 0.0000000000
126509  -44.030  31.776  7.197 0.0000000000
126510  -44.746  31.751  7.415 0.0000000000
126511  -45.752  31.708  7.591 0.0000000000
126512  -46.740  31.781  7.755 0.0000000000
126513  -47.625  31.914  7.882 0.0000000000
126514  -48.166  32.064  8.024 0.0000000000
126515  -58.721  31.551  6.929 0.0000000000
126516  -59.338  31.628  7.307 0.0000000000
126517  -60.026  31.758  7.600 0.0000000000
126518  -60.320  32.038  7.712 0.0000000000
126522  -36.127  31.497  6.315 0.0000000000
126523  -37.223  31.509  6.102 0.0000000000
126524  -38.379  31.611  6.055 0.0000000000
126525  -39.481  31.643  6.178 0.0000000000
126526  -40.486  31.552  6.348 0.0000000000
126527  -41.476  31.433  6.468 0.0000000000
126528  -42.481  31.344  6.571 0.0000000000
126529  -43.474  31.334  6.768 0.0000000000
126530  -44.360  31.162  6.763 0.0000000000
126531  -45.350  31.107  6.503 0.0000000000
126532  -46.398  31.461  6.792 0.0000000000
126533  -47.340  31.751  6.989 0.0000000000
126534  -48.371  32.106  7.280 0.0000000000
126535  -49.081  32.302  7.102 0.0000000000
126536  -58.519  31.371  6.282 0.0000000000
126537  -59.213  31.355  6.604 0.0000000000
126538  -59.844  31.418  6.792 0.0000000000
126539  -60.323  31.716  6.777 0.0000000000
126543  -45.621  30.952  5.899 0.0000000000
126544  -46.185  31.177  5.727 0.0000000000
126545  -47.012  31.540  6.141 0.0000000000
126546  -47.925  31.809  6.126 0.0000000000
126547  -49.153  32.177  6.222 0.0000000000
126548  -50.089  32.255  5.684 0.0000000000
126549  -56.375  31.492  5.118 0.0000000000
126550  -56.874  31.374  5.227 0.0000000000
126551  -57.981  31.073  5.478 0.0000000000
126552  -59.008  31.066  5.927 0.0000000000
126553  -59.588  31.154  6.265 0.0000000000
126554  -60.569  31.505  5.605 0.0000000000
126561  -46.421  31.108  4.745 0.0000000000
126562  -47.260  31.430  5.152 0.0000000000
126563  -48.453  31.718  5.085 0.0000000000
126564  -49.536  31.985  4.917 0.0000000000
126565  -50.688  32.147  4.819 0.0000000000
126566  -51.730  31.987  4.472 0.0000000000
126567  -52.713  31.820  4.365 0.0000000000
126568  -53.738  31.664  4.331 0.0000000000
126569  -54.796  31.444  4.398 0.0000000000
126570  -56.050  31.177  4.595 0.0000000000
126571  -57.187  30.791  4.817 0.0000000000
126572  -57.749  30.649  4.948 0.0000000000
126573  -60.788  31.266  4.439 0.0000000000
126577  -46.971  31.137  4.209 0.0000000000
126578  -47.883  31.332  4.174 0.0000000000
126579  -48.925  31.585  4.021 0.0000000000
126580  -49.995  31.667  3.897 0.0000000000
126581  -51.043  31.563  3.777 0.0000000000
126582  -52.060  31.368  3.658 0.0000000000
126583  -53.091  31.166  3.621 0.0000000000
126584  -54.133  30.937  3.712 0.0000000000
126585  -55.108  30.696  3.921 0.0000000000
126586  -55.672  30.538  4.019 0.0000000000
126587  -60.951  31.162  3.316 0.0000000000
126589  -60.803  31.087  2.210 0.0000000000
126591  -60.626  31.148  1.120 0.0000000000
126593  -60.411  31.278  0.181 0.0000000000
126598  -32.079  31.381  -0.789 0.0000000000
126599  -32.922  31.492  -0.797 0.0000000000
126600  -33.585  31.336  -0.897 0.0000000000
126601  -50.648  31.952  -0.973 0.0000000000
126602  -51.061  31.874  -0.919 0.0000000000
126603  -51.860  31.852  -0.895 0.0000000000
126604  -59.828  31.392  -0.975 0.0000000000
126605  -60.115  31.395  -0.526 0.0000000000
126610  -33.495  31.871  -0.944 0.0000000000
126611  -34.170  31.671  -1.159 0.0000000000
126612  -35.083  31.599  -1.574 0.0000000000
126613  -35.824  31.301  -1.765 0.0000000000
126614  -50.056  31.831  -1.693 0.0000000000
126615  -50.483  31.820  -1.417 0.0000000000
126616  -51.458  31.642  -1.544 0.0000000000
126617  -52.540  31.707  -1.484 0.0000000000
126618  -53.544  31.816  -1.803 0.0000000000
126619  -54.329  31.975  -2.001 0.0000000000
126620  -58.262  31.247  -2.557 0.0000000000
126621  -58.722  31.507  -2.357 0.0000000000
126622  -59.411  31.570  -1.577 0.0000000000
126626  -35.659  31.914  -1.965 0.0000000000
126627  -36.371  31.690  -2.267 0.0000000000
126628  -37.099  31.433  -2.605 0.0000000000
126629  -37.713  31.212  -2.924 0.0000000000
126630  -50.109  31.680  -2.201 0.0000000000
126631  -50.965  31.508  -2.287 0.0000000000
126632  -51.936  31.507  -2.378 0.0000000000
126633  -52.951  31.631  -2.544 0.0000000000
126634  -53.903  31.878  -2.676 0.0000000000
126635  -54.785  32.096  -2.679 0.0000000000
126636  -58.185  31.427  -3.123 0.0000000000
126637  -58.603  31.824  -3.267 0.0000000000
126641  -36.792  32.009  -2.871 0.0000000000
126642  -37.351  31.866  -3.285 0.0000000000
126643  -38.218  31.526  -3.649 0.0000000000
126644  -38.869  31.223  -3.970 0.0000000000
126645  -50.565  31.580  -3.115 0.0000000000
126646  -51.424  31.536  -3.155 0.0000000000
126647  -52.354  31.659  -3.311 0.0000000000
126648  -53.402  31.961  -3.637 0.0000000000
126649  -54.427  32.170  -3.424 0.0000000000
126650  -55.057  32.244  -3.283 0.0000000000
126651  -55.616  30.999  -4.331 0.0000000000
126652  -56.238  31.372  -4.259 0.0000000000
126653  -57.615  31.735  -4.045 0.0000000000
126654  -58.333  31.983  -3.720 0.0000000000
126657  -38.615  31.693  -4.279 0.0000000000
126658  -39.346  31.471  -4.549 0.0000000000
126659  -40.004  31.199  -4.752 0.0000000000
126660  -51.045  31.734  -3.802 0.0000000000
126661  -51.827  31.824  -3.966 0.0000000000
126662  -52.666  32.018  -4.122 0.0000000000
126663  -53.161  32.179  -4.239 0.0000000000
126664  -54.655  30.980  -5.157 0.0000000000
126665  -55.323  31.323  -4.907 0.0000000000
126666  -56.422  32.033  -5.005 0.0000000000
126667  -57.108  32.123  -4.535 0.0000000000
126670  -39.879  31.650  -5.058 0.0000000000
126671  -40.431  31.421  -5.138 0.0000000000
126672  -41.129  31.470  -5.485 0.0000000000
126673  -41.949  31.373  -5.931 0.0000000000
126674  -53.696  31.395  -6.014 0.0000000000
126675  -54.395  31.502  -5.693 0.0000000000
126676  -55.212  32.245  -5.556 0.0000000000
126677  -55.776  32.338  -5.254 0.0000000000
126681  -42.782  31.232  -6.281 0.0000000000
126682  -43.518  31.300  -6.688 0.0000000000
126683  -44.115  31.066  -6.957 0.0000000000
126684  -51.934  31.242  -7.172 0.0000000000
126685  -52.539  31.990  -6.981 0.0000000000
126686  -53.616  32.078  -6.394 0.0000000000
126687  -54.442  32.400  -6.101 0.0000000000
126688  -54.744  32.564  -5.923 0.0000000000
126692  -43.949  31.627  -7.061 0.0000000000
126693  -44.547  31.372  -7.298 0.0000000000
126694  -45.349  31.463  -7.733 0.0000000000
126695  -50.712  31.620  -8.270 0.0000000000
126696  -51.615  32.033  -7.565 0.0000000000
126697  -52.117  32.485  -7.389 0.0000000000
126702  -46.092  31.447  -8.206 0.0000000000
126703  -46.588  31.538  -8.671 0.0000000000
126704  -47.207  31.737  -9.065 0.0000000000
126705  -47.832  32.110  -9.190 0.0000000000
126706  -49.421  32.082  -9.215 0.0000000000
126707  -49.830  31.662  -9.076 0.0000000000
126713  -47.800  31.511  -9.487 0.0000000000
126714  -48.437  31.738  -9.471 0.0000000000
126715  -49.209  31.630  -9.436 0.0000000000
126716  -49.571  31.330  -9.429 0.0000000000
127397  -48.138  32.891  10.198 0.0000000000
127398  -48.633  32.938  10.238 0.0000000000
127399  -49.357  33.082  10.181 0.0000000000
127400  -49.843  33.218  10.082 0.0000000000
127403  -46.177  33.396  9.656 0.0000000000
127404  -46.576  33.262  9.750 0.0000000000
127405  -47.542  32.980  10.034 0.0000000000
127406  -48.226  32.660  9.884 0.0000000000
127407  -48.998  32.693  9.840 0.0000000000
127408  -49.986  32.929  9.862 0.0000000000
127409  -51.001  32.920  9.504 0.0000000000
127410  -51.720  33.295  9.637 0.0000000000
127411  -57.140  33.061  9.230 0.0000000000
127412  -57.604  32.974  9.208 0.0000000000
127413  -58.540  32.799  9.157 0.0000000000
127414  -59.295  32.696  9.010 0.0000000000
127418  -44.184  33.176  8.361 0.0000000000
127419  -44.671  33.167  8.579 0.0000000000
127420  -45.818  33.189  9.207 0.0000000000
127421  -46.790  32.663  9.310 0.0000000000
127422  -47.672  32.427  9.331 0.0000000000
127423  -48.478  32.393  9.234 0.0000000000
127424  -49.337  32.525  9.165 0.0000000000
127425  -50.259  32.673  9.117 0.0000000000
127426  -51.173  32.863  9.086 0.0000000000
127427  -52.165  33.073  9.213 0.0000000000
127428  -56.199  33.095  8.675 0.0000000000
127429  -56.807  32.967  8.849 0.0000000000
127430  -57.923  32.563  8.594 0.0000000000
127431  -58.993  32.346  8.543 0.0000000000
127432  -59.886  32.366  8.396 0.0000000000
127433  -60.278  32.413  7.997 0.0000000000
127441  -41.316  33.059  7.260 0.0000000000
127442  -41.786  33.022  7.319 0.0000000000
127443  -42.751  32.886  7.510 0.0000000000
127444  -43.926  32.699  7.864 0.0000000000
127445  -45.162  32.443  8.239 0.0000000000
127446  -46.211  32.285  8.490 0.0000000000
127447  -47.151  32.145  8.591 0.0000000000
127448  -47.965  32.118  8.594 0.0000000000
127449  -48.704  32.295  8.329 0.0000000000
127450  -49.605  32.449  8.321 0.0000000000
127451  -50.503  32.593  8.245 0.0000000000
127452  -51.484  32.794  8.234 0.0000000000
127453  -52.609  33.028  8.275 0.0000000000
127454  -53.562  33.104  7.928 0.0000000000
127455  -54.568  33.103  7.847 0.0000000000
127456  -55.818  33.008  8.118 0.0000000000
127457  -57.038  32.516  7.817 0.0000000000
127458  -58.380  32.004  7.615 0.0000000000
127459  -59.519  31.978  7.982 0.0000000000
127460  -60.026  31.957  8.090 0.0000000000
127461  -60.443  32.356  7.322 0.0000000000
127466  -36.754  32.409  6.545 0.0000000000
127467  -37.840  32.539  6.482 0.0000000000
127468  -39.083  32.717  6.621 0.0000000000
127469  -40.132  32.470  6.651 0.0000000000
127470  -41.123  32.566  6.881 0.0000000000
127471  -42.123  32.276  6.865 0.0000000000
127472  -43.081  32.125  7.053 0.0000000000
127473  -43.640  31.994  7.186 0.0000000000
127474  -49.090  32.348  7.662 0.0000000000
127475  -49.757  32.397  7.320 0.0000000000
127476  -50.759  32.571  7.253 0.0000000000
127477  -51.763  32.721  7.174 0.0000000000
127478  -52.783  32.837  7.077 0.0000000000
127479  -53.797  32.876  6.949 0.0000000000
127480  -54.901  32.786  6.912 0.0000000000
127481  -56.054  32.449  6.840 0.0000000000
127482  -57.202  32.042  6.740 0.0000000000
127483  -58.030  31.629  6.634 0.0000000000
127484  -60.084  32.878  6.167 0.0000000000
127485  -60.416  32.462  6.320 0.0000000000
127488  -50.142  32.364  6.499 0.0000000000
127489  -50.993  32.454  6.101 0.0000000000
127490  -52.072  32.532  6.143 0.0000000000
127491  -53.056  32.598  6.056 0.0000000000
127492  -54.093  32.530  5.977 0.0000000000
127493  -55.165  32.269  5.899 0.0000000000
127494  -56.257  31.812  5.591 0.0000000000
127495  -57.399  31.620  5.939 0.0000000000
127496  -57.994  31.449  6.083 0.0000000000
127497  -58.983  33.085  5.282 0.0000000000
127498  -59.712  32.827  5.431 0.0000000000
127499  -60.456  32.117  4.952 0.0000000000
127505  -51.559  32.312  5.323 0.0000000000
127506  -52.395  32.269  5.224 0.0000000000
127507  -53.376  32.207  5.136 0.0000000000
127508  -54.415  32.070  5.079 0.0000000000
127509  -55.413  31.801  5.063 0.0000000000
127510  -55.888  31.632  5.062 0.0000000000
127511  -56.530  33.330  4.063 0.0000000000
127512  -57.160  33.132  4.168 0.0000000000
127513  -58.527  32.910  4.482 0.0000000000
127514  -59.782  32.539  4.098 0.0000000000
127515  -60.564  31.912  3.719 0.0000000000
127521  -55.470  33.269  3.235 0.0000000000
127522  -56.227  33.166  3.437 0.0000000000
127523  -57.467  32.801  3.323 0.0000000000
127524  -58.744  32.544  3.175 0.0000000000
127525  -59.845  32.281  2.871 0.0000000000
127526  -60.533  31.747  2.543 0.0000000000
127528  -54.402  33.090  2.362 0.0000000000
127529  -55.184  33.007  2.593 0.0000000000
127530  -56.462  32.816  2.381 0.0000000000
127531  -57.716  32.580  2.206 0.0000000000
127532  -58.926  32.414  1.969 0.0000000000
127533  -59.903  32.156  1.685 0.0000000000
127534  -60.450  31.678  1.398 0.0000000000
127536  -51.457  33.148  1.140 0.0000000000
127537  -51.975  33.025  1.172 0.0000000000
127538  -52.934  32.941  1.279 0.0000000000
127539  -54.153  32.874  1.648 0.0000000000
127540  -55.479  32.690  1.478 0.0000000000
127541  -56.732  32.608  1.277 0.0000000000
127542  -57.961  32.439  1.053 0.0000000000
127543  -59.106  32.317  0.790 0.0000000000
127544  -59.996  32.149  0.541 0.0000000000
127545  -60.365  31.672  0.347 0.0000000000
127547  -49.542  33.108  0.203 0.0000000000
127548  -50.067  32.891  0.288 0.0000000000
127549  -51.153  32.743  0.610 0.0000000000
127550  -52.292  32.519  0.527 0.0000000000
127551  -53.422  32.520  0.550 0.0000000000
127552  -54.605  32.507  0.549 0.0000000000
127553  -55.808  32.531  0.372 0.0000000000
127554  -57.032  32.550  0.139 0.0000000000
127555  -58.236  32.407  -0.114 0.0000000000
127556  -59.300  32.333  -0.349 0.0000000000
127557  -60.030  32.062  -0.484 0.0000000000
127558  -60.179  31.616  -0.437 0.0000000000
127563  -32.369  32.116  -0.868 0.0000000000
127564  -33.044  32.185  -0.966 0.0000000000
127565  -48.582  32.949  -0.555 0.0000000000
127566  -49.270  32.749  -0.370 0.0000000000
127567  -50.435  32.208  -0.608 0.0000000000
127568  -51.571  32.118  -0.228 0.0000000000
127569  -52.700  32.064  -0.379 0.0000000000
127570  -53.865  32.233  -0.322 0.0000000000
127571  -54.959  32.354  -0.504 0.0000000000
127572  -56.138  32.520  -0.775 0.0000000000
127573  -57.370  32.542  -1.024 0.0000000000
127574  -58.503  32.413  -1.253 0.0000000000
127575  -59.359  32.188  -1.375 0.0000000000
127576  -59.765  31.710  -1.142 0.0000000000
127577  -60.068  31.593  -0.727 0.0000000000
127583  -32.765  32.758  -1.234 0.0000000000
127584  -33.648  32.552  -1.360 0.0000000000
127585  -34.586  32.488  -1.763 0.0000000000
127586  -35.217  32.281  -1.984 0.0000000000
127587  -47.671  32.818  -1.506 0.0000000000
127588  -48.362  32.634  -1.236 0.0000000000
127589  -49.639  32.050  -1.479 0.0000000000
127590  -50.174  32.019  -1.168 0.0000000000
127591  -53.362  31.958  -1.022 0.0000000000
127592  -54.197  32.110  -1.217 0.0000000000
127593  -55.233  32.265  -1.719 0.0000000000
127594  -56.534  32.505  -1.960 0.0000000000
127595  -57.710  32.445  -2.154 0.0000000000
127596  -58.626  32.253  -2.289 0.0000000000
127597  -59.069  31.885  -2.271 0.0000000000
127598  -59.493  31.785  -1.710 0.0000000000
127603  -35.020  32.742  -2.275 0.0000000000
127604  -35.667  32.544  -2.533 0.0000000000
127605  -36.341  32.359  -2.828 0.0000000000
127606  -45.996  32.713  -2.965 0.0000000000
127607  -46.551  32.659  -2.767 0.0000000000
127608  -47.541  32.527  -2.258 0.0000000000
127609  -48.695  32.115  -2.332 0.0000000000
127610  -49.463  31.841  -2.460 0.0000000000
127611  -55.755  32.367  -2.972 0.0000000000
127612  -56.991  32.495  -3.063 0.0000000000
127613  -57.965  32.321  -3.121 0.0000000000
127614  -58.579  32.133  -3.124 0.0000000000
127615  -58.749  31.952  -3.133 0.0000000000
127619  -36.054  32.798  -3.123 0.0000000000
127620  -36.696  32.555  -3.458 0.0000000000
127621  -37.639  32.493  -4.077 0.0000000000
127622  -38.228  32.000  -4.236 0.0000000000
127623  -45.379  32.702  -4.081 0.0000000000
127624  -46.187  32.554  -3.703 0.0000000000
127625  -47.199  32.369  -3.518 0.0000000000
127626  -48.223  32.144  -3.365 0.0000000000
127627  -49.199  31.896  -3.286 0.0000000000
127628  -49.863  31.690  -3.045 0.0000000000
127629  -53.553  32.342  -4.379 0.0000000000
127630  -54.236  32.390  -4.235 0.0000000000
127631  -55.241  32.403  -3.981 0.0000000000
127632  -56.362  32.468  -3.946 0.0000000000
127633  -57.341  32.414  -3.878 0.0000000000
127634  -58.077  32.122  -3.747 0.0000000000
127635  -58.570  32.035  -3.493 0.0000000000
127639  -38.017  32.866  -4.447 0.0000000000
127640  -38.615  32.400  -4.614 0.0000000000
127641  -39.742  32.320  -5.129 0.0000000000
127642  -40.269  32.585  -5.295 0.0000000000
127643  -45.339  32.712  -4.666 0.0000000000
127644  -45.947  32.611  -4.889 0.0000000000
127645  -46.956  32.483  -4.594 0.0000000000
127646  -47.964  32.349  -4.443 0.0000000000
127647  -49.007  32.127  -4.336 0.0000000000
127648  -50.200  31.910  -4.125 0.0000000000
127649  -51.350  32.107  -4.559 0.0000000000
127650  -52.262  32.278  -4.710 0.0000000000
127651  -53.113  32.468  -4.757 0.0000000000
127652  -53.944  32.674  -4.916 0.0000000000
127653  -54.845  32.634  -4.864 0.0000000000
127654  -55.804  32.534  -4.699 0.0000000000
127655  -56.702  32.336  -4.549 0.0000000000
127656  -57.411  32.160  -4.205 0.0000000000
127660  -40.083  31.875  -5.348 0.0000000000
127661  -40.544  32.165  -5.491 0.0000000000
127662  -41.499  32.152  -5.778 0.0000000000
127663  -42.602  32.196  -6.300 0.0000000000
127664  -43.223  32.559  -6.478 0.0000000000
127665  -46.212  32.818  -5.610 0.0000000000
127666  -46.823  32.728  -5.517 0.0000000000
127667  -47.765  32.659  -5.411 0.0000000000
127668  -48.791  32.576  -5.320 0.0000000000
127669  -49.869  32.501  -5.231 0.0000000000
127670  -50.948  32.516  -5.253 0.0000000000
127671  -51.928  32.639  -5.330 0.0000000000
127672  -52.785  32.745  -5.378 0.0000000000
127673  -53.554  32.854  -5.440 0.0000000000
127674  -54.340  32.837  -5.590 0.0000000000
127675  -55.280  32.508  -5.280 0.0000000000
127676  -56.041  32.396  -5.014 0.0000000000
127680  -43.084  31.790  -6.618 0.0000000000
127681  -43.629  32.248  -6.909 0.0000000000
127682  -44.113  32.607  -7.172 0.0000000000
127683  -52.955  32.874  -6.862 0.0000000000
127684  -53.778  32.777  -6.340 0.0000000000
127685  -54.384  32.780  -6.021 0.0000000000
127686  -54.798  32.594  -5.719 0.0000000000
127690  -44.110  31.928  -7.257 0.0000000000
127691  -44.535  32.269  -7.468 0.0000000000
127692  -45.717  32.369  -8.011 0.0000000000
127693  -46.525  32.948  -8.265 0.0000000000
127694  -46.996  33.176  -8.376 0.0000000000
127695  -50.895  32.826  -8.046 0.0000000000
127696  -51.764  32.861  -7.520 0.0000000000
127697  -52.370  32.778  -7.286 0.0000000000
127701  -46.240  31.955  -8.354 0.0000000000
127702  -46.585  32.267  -8.529 0.0000000000
127703  -47.317  32.727  -8.714 0.0000000000
127704  -48.453  32.583  -9.051 0.0000000000
127705  -49.459  32.629  -9.020 0.0000000000
127706  -50.205  32.443  -8.616 0.0000000000
127712  -48.810  32.092  -9.328 0.0000000000
127713  -49.094  32.260  -9.263 0.0000000000
128403  -48.239  33.179  10.290 0.0000000000
128404  -48.909  33.515  10.298 0.0000000000
128405  -49.722  33.476  10.127 0.0000000000
128406  -50.279  33.474  9.959 0.0000000000
128407  -50.884  33.686  9.835 0.0000000000
128408  -53.495  34.116  10.491 0.0000000000
128409  -53.974  34.095  10.485 0.0000000000
128410  -54.859  34.003  10.582 0.0000000000
128411  -55.806  33.968  10.437 0.0000000000
128412  -56.761  33.852  10.265 0.0000000000
128413  -57.703  33.703  10.156 0.0000000000
128414  -58.445  33.659  9.896 0.0000000000
128418  -46.263  33.709  9.794 0.0000000000
128419  -47.132  33.708  9.987 0.0000000000
128420  -48.097  33.697  10.188 0.0000000000
128421  -48.653  33.892  10.237 0.0000000000
128422  -50.701  33.399  9.796 0.0000000000
128423  -51.571  33.646  9.925 0.0000000000
128424  -52.864  33.681  10.114 0.0000000000
128425  -53.961  33.655  10.058 0.0000000000
128426  -54.925  33.660  9.965 0.0000000000
128427  -55.907  33.557  9.780 0.0000000000
128428  -56.965  33.285  9.517 0.0000000000
128429  -58.088  33.253  9.632 0.0000000000
128430  -58.984  33.206  9.480 0.0000000000
128431  -59.642  32.974  9.038 0.0000000000
128437  -39.927  34.240  8.826 0.0000000000
128438  -40.904  34.107  8.602 0.0000000000
128439  -41.960  33.932  8.557 0.0000000000
128440  -42.988  33.830  8.505 0.0000000000
128441  -44.012  33.548  8.495 0.0000000000
128442  -45.060  33.740  9.050 0.0000000000
128443  -45.700  33.861  9.520 0.0000000000
128444  -53.183  33.309  9.365 0.0000000000
128445  -54.120  33.437  9.374 0.0000000000
128446  -55.049  33.437  9.237 0.0000000000
128447  -56.003  33.209  8.972 0.0000000000
128448  -56.584  33.151  9.141 0.0000000000
128449  -60.064  32.985  8.392 0.0000000000
128450  -60.341  32.780  7.720 0.0000000000
128459  -40.038  33.782  8.110 0.0000000000
128460  -41.110  33.444  7.678 0.0000000000
128461  -42.306  33.498  7.997 0.0000000000
128462  -43.279  33.364  8.122 0.0000000000
128463  -43.720  33.248  8.204 0.0000000000
128464  -53.523  33.220  8.756 0.0000000000
128465  -54.301  33.278  8.638 0.0000000000
128466  -55.207  33.259  8.569 0.0000000000
128467  -55.658  33.196  8.569 0.0000000000
128468  -58.438  34.090  7.299 0.0000000000
128469  -59.012  33.896  7.345 0.0000000000
128470  -59.897  33.356  7.567 0.0000000000
128471  -60.378  32.807  7.078 0.0000000000
128476  -37.317  33.214  7.033 0.0000000000
128477  -38.379  33.402  7.217 0.0000000000
128478  -39.301  33.489  7.488 0.0000000000
128479  -40.036  33.194  7.249 0.0000000000
128480  -40.593  32.961  7.072 0.0000000000
128481  -57.412  33.883  6.244 0.0000000000
128482  -58.317  33.791  6.731 0.0000000000
128483  -59.450  33.476  6.720 0.0000000000
128484  -60.165  33.032  6.678 0.0000000000
128485  -60.364  32.767  6.718 0.0000000000
128487  -56.212  34.096  5.217 0.0000000000
128488  -57.044  33.691  5.527 0.0000000000
128489  -57.983  33.463  5.816 0.0000000000
128490  -59.005  33.287  5.927 0.0000000000
128491  -59.758  33.117  6.188 0.0000000000
128495  -55.046  34.155  4.188 0.0000000000
128496  -55.811  33.892  4.446 0.0000000000
128497  -56.630  33.542  4.638 0.0000000000
128498  -57.638  33.300  4.995 0.0000000000
128499  -58.455  33.207  5.303 0.0000000000
128506  -53.893  33.971  3.338 0.0000000000
128507  -54.678  33.819  3.530 0.0000000000
128508  -55.472  33.585  3.723 0.0000000000
128509  -56.128  33.504  4.048 0.0000000000
128513  -52.003  34.066  2.204 0.0000000000
128514  -52.764  33.794  2.476 0.0000000000
128515  -53.543  33.601  2.708 0.0000000000
128516  -54.363  33.395  2.881 0.0000000000
128517  -55.020  33.377  3.205 0.0000000000
128519  -50.871  33.919  1.444 0.0000000000
128520  -51.589  33.588  1.569 0.0000000000
128521  -52.423  33.416  1.803 0.0000000000
128522  -53.286  33.269  2.046 0.0000000000
128523  -53.941  33.216  2.327 0.0000000000
128525  -49.113  34.063  0.356 0.0000000000
128526  -49.713  33.622  0.612 0.0000000000
128527  -50.493  33.407  0.931 0.0000000000
128528  -51.106  33.327  1.167 0.0000000000
128530  -48.007  33.860  -0.419 0.0000000000
128531  -48.664  33.477  -0.153 0.0000000000
128532  -49.225  33.364  0.164 0.0000000000
128537  -33.274  33.373  -1.656 0.0000000000
128538  -34.135  33.357  -2.123 0.0000000000
128539  -34.680  33.003  -2.245 0.0000000000
128540  -46.237  33.724  -1.546 0.0000000000
128541  -46.956  33.575  -1.283 0.0000000000
128542  -47.638  33.264  -1.008 0.0000000000
128543  -48.206  33.190  -0.637 0.0000000000
128548  -34.341  33.729  -2.668 0.0000000000
128549  -34.966  33.371  -2.880 0.0000000000
128550  -35.646  33.041  -3.065 0.0000000000
128551  -43.288  33.677  -2.915 0.0000000000
128552  -44.170  33.461  -2.707 0.0000000000
128553  -45.018  33.293  -2.499 0.0000000000
128554  -45.879  33.087  -2.327 0.0000000000
128555  -46.694  33.030  -1.921 0.0000000000
128556  -47.259  32.990  -1.568 0.0000000000
128560  -35.225  33.744  -3.501 0.0000000000
128561  -35.916  33.427  -3.671 0.0000000000
128562  -36.938  33.050  -4.041 0.0000000000
128563  -37.341  32.931  -4.236 0.0000000000
128564  -40.005  33.800  -4.132 0.0000000000
128565  -40.963  33.741  -4.146 0.0000000000
128566  -41.922  33.634  -4.046 0.0000000000
128567  -42.890  33.450  -3.918 0.0000000000
128568  -43.857  33.182  -3.728 0.0000000000
128569  -44.729  32.951  -3.440 0.0000000000
128570  -45.493  32.801  -3.142 0.0000000000
128573  -36.191  33.961  -4.074 0.0000000000
128574  -36.722  33.721  -4.070 0.0000000000
128575  -37.541  33.322  -4.259 0.0000000000
128576  -38.435  33.294  -4.417 0.0000000000
128577  -39.338  33.178  -4.667 0.0000000000
128578  -40.382  33.090  -4.959 0.0000000000
128579  -41.439  33.247  -4.887 0.0000000000
128580  -42.472  33.194  -4.895 0.0000000000
128581  -43.545  33.055  -4.849 0.0000000000
128582  -44.732  32.852  -4.680 0.0000000000
128583  -45.365  32.731  -5.015 0.0000000000
128586  -40.533  32.663  -5.343 0.0000000000
128587  -41.044  32.693  -5.361 0.0000000000
128588  -42.013  32.752  -5.561 0.0000000000
128589  -43.184  32.882  -5.977 0.0000000000
128590  -44.346  32.957  -5.843 0.0000000000
128591  -45.546  32.916  -5.768 0.0000000000
128592  -46.593  33.039  -6.191 0.0000000000
128593  -47.560  33.061  -6.221 0.0000000000
128594  -48.583  33.063  -6.153 0.0000000000
128595  -49.636  33.080  -6.056 0.0000000000
128596  -50.683  33.092  -5.985 0.0000000000
128597  -51.670  33.111  -5.943 0.0000000000
128598  -52.554  33.106  -5.904 0.0000000000
128599  -53.301  33.077  -5.855 0.0000000000
128600  -53.785  33.048  -5.793 0.0000000000
128603  -43.503  32.703  -6.592 0.0000000000
128604  -44.097  32.876  -6.804 0.0000000000
128605  -45.127  33.119  -6.763 0.0000000000
128606  -46.216  33.230  -6.894 0.0000000000
128607  -47.285  33.367  -6.992 0.0000000000
128608  -48.345  33.395  -6.949 0.0000000000
128609  -49.407  33.397  -6.870 0.0000000000
128610  -50.454  33.404  -6.763 0.0000000000
128611  -51.448  33.389  -6.648 0.0000000000
128612  -52.358  33.246  -6.521 0.0000000000
128613  -53.167  33.081  -6.313 0.0000000000
128614  -53.844  33.051  -6.063 0.0000000000
128617  -44.359  32.743  -7.283 0.0000000000
128618  -44.894  32.882  -7.412 0.0000000000
128619  -45.876  33.094  -7.588 0.0000000000
128620  -46.979  33.370  -7.878 0.0000000000
128621  -48.071  33.442  -7.753 0.0000000000
128622  -49.135  33.407  -7.671 0.0000000000
128623  -50.194  33.368  -7.549 0.0000000000
128624  -51.195  33.320  -7.350 0.0000000000
128625  -52.095  33.241  -7.139 0.0000000000
128628  -47.271  33.208  -8.391 0.0000000000
128629  -47.818  33.204  -8.427 0.0000000000
128630  -48.820  33.213  -8.445 0.0000000000
128631  -49.845  33.138  -8.316 0.0000000000
129337  -49.048  34.024  10.193 0.0000000000
129338  -49.638  33.915  10.075 0.0000000000
129339  -50.128  34.019  9.977 0.0000000000
129340  -50.536  34.058  9.965 0.0000000000
129341  -53.267  34.240  10.404 0.0000000000
129342  -53.963  34.680  10.498 0.0000000000
129343  -54.837  34.672  10.741 0.0000000000
129344  -55.760  34.621  10.739 0.0000000000
129345  -56.637  34.479  10.655 0.0000000000
129346  -57.459  34.326  10.548 0.0000000000
129347  -58.228  34.217  10.271 0.0000000000
129356  -46.131  34.187  9.602 0.0000000000
129357  -46.842  34.237  9.661 0.0000000000
129358  -47.759  34.285  9.782 0.0000000000
129359  -48.681  34.261  9.927 0.0000000000
129360  -49.498  34.276  9.817 0.0000000000
129361  -50.435  34.376  9.622 0.0000000000
129362  -51.305  34.154  9.879 0.0000000000
129363  -52.636  34.368  10.184 0.0000000000
129364  -53.397  34.634  10.324 0.0000000000
129365  -58.954  33.981  9.603 0.0000000000
129366  -59.318  33.373  9.295 0.0000000000
129374  -40.669  34.621  8.857 0.0000000000
129375  -41.721  34.480  8.509 0.0000000000
129376  -42.771  34.243  8.484 0.0000000000
129377  -43.758  34.117  8.482 0.0000000000
129378  -44.730  34.145  8.763 0.0000000000
129379  -45.650  34.313  9.168 0.0000000000
129380  -46.532  34.511  9.205 0.0000000000
129381  -47.530  34.720  8.990 0.0000000000
129382  -48.527  34.683  9.248 0.0000000000
129383  -49.392  34.636  9.382 0.0000000000
129384  -49.919  34.551  9.478 0.0000000000
129385  -58.572  34.727  8.480 0.0000000000
129386  -59.211  34.147  8.844 0.0000000000
129387  -59.555  33.479  8.986 0.0000000000
129394  -42.206  34.655  8.316 0.0000000000
129395  -42.747  34.518  8.280 0.0000000000
129396  -43.633  34.425  8.231 0.0000000000
129397  -44.574  34.441  8.306 0.0000000000
129398  -45.495  34.530  8.481 0.0000000000
129399  -46.368  34.658  8.634 0.0000000000
129400  -46.930  34.727  8.755 0.0000000000
129401  -57.540  34.983  7.501 0.0000000000
129402  -58.360  34.437  7.761 0.0000000000
129403  -59.205  34.051  8.073 0.0000000000
129404  -59.652  33.577  8.405 0.0000000000
129409  -56.353  35.109  6.400 0.0000000000
129410  -57.232  34.503  6.838 0.0000000000
129411  -57.955  34.311  7.286 0.0000000000
129414  -55.216  35.224  5.213 0.0000000000
129415  -55.862  34.767  5.674 0.0000000000
129416  -56.641  34.314  6.029 0.0000000000
129419  -54.058  35.202  4.192 0.0000000000
129420  -54.713  34.818  4.579 0.0000000000
129421  -55.440  34.472  4.909 0.0000000000
129427  -52.831  35.059  3.334 0.0000000000
129428  -53.556  34.715  3.658 0.0000000000
129429  -54.304  34.432  3.916 0.0000000000
129435  -51.758  34.942  2.381 0.0000000000
129436  -52.408  34.553  2.763 0.0000000000
129437  -53.108  34.214  3.109 0.0000000000
129439  -50.119  35.099  1.180 0.0000000000
129440  -50.693  34.783  1.536 0.0000000000
129441  -51.326  34.420  1.881 0.0000000000
129443  -49.087  34.957  0.483 0.0000000000
129444  -49.608  34.594  0.821 0.0000000000
129445  -50.194  34.210  1.178 0.0000000000
129447  -47.256  35.015  -0.677 0.0000000000
129448  -47.888  34.782  -0.309 0.0000000000
129449  -48.522  34.432  0.074 0.0000000000
129455  -33.579  33.792  -2.075 0.0000000000
129456  -45.206  34.789  -1.574 0.0000000000
129457  -46.005  34.638  -1.331 0.0000000000
129458  -46.723  34.417  -1.045 0.0000000000
129459  -47.362  34.134  -0.735 0.0000000000
129466  -33.824  34.247  -2.719 0.0000000000
129467  -34.453  33.905  -2.968 0.0000000000
129468  -41.217  34.924  -2.821 0.0000000000
129469  -42.081  34.721  -2.624 0.0000000000
129470  -42.957  34.495  -2.402 0.0000000000
129471  -43.815  34.270  -2.202 0.0000000000
129472  -44.637  34.057  -1.984 0.0000000000
129473  -45.453  33.880  -1.787 0.0000000000
129478  -34.703  34.248  -3.592 0.0000000000
129479  -35.359  33.931  -3.762 0.0000000000
129480  -37.995  34.902  -3.618 0.0000000000
129481  -38.867  34.756  -3.567 0.0000000000
129482  -39.748  34.563  -3.512 0.0000000000
129483  -40.623  34.371  -3.454 0.0000000000
129484  -41.501  34.168  -3.309 0.0000000000
129485  -42.386  33.920  -3.110 0.0000000000
129491  -35.701  34.389  -4.065 0.0000000000
129492  -36.573  34.433  -3.949 0.0000000000
129493  -37.346  34.231  -3.929 0.0000000000
129494  -38.191  34.046  -3.962 0.0000000000
129495  -39.078  33.930  -4.059 0.0000000000
130222  -54.320  35.283  10.362 0.0000000000
130223  -54.807  35.300  10.604 0.0000000000
130224  -55.764  35.559  10.665 0.0000000000
130225  -56.619  35.224  10.758 0.0000000000
130226  -57.303  34.972  10.717 0.0000000000
130227  -57.878  34.876  10.506 0.0000000000
130239  -50.950  34.844  9.243 0.0000000000
130240  -51.512  34.852  9.408 0.0000000000
130241  -52.462  34.984  9.660 0.0000000000
130242  -53.758  35.432  9.857 0.0000000000
130243  -54.800  35.807  10.206 0.0000000000
130244  -55.281  35.787  10.460 0.0000000000
130245  -58.337  34.881  9.962 0.0000000000
130250  -40.593  35.047  8.783 0.0000000000
130251  -41.174  34.832  8.779 0.0000000000
130252  -47.970  35.020  8.350 0.0000000000
130253  -48.524  35.045  8.508 0.0000000000
130254  -49.417  35.045  8.639 0.0000000000
130255  -50.412  34.984  8.932 0.0000000000
130256  -51.456  35.252  8.859 0.0000000000
130257  -52.490  35.652  8.833 0.0000000000
130258  -53.117  35.598  9.309 0.0000000000
130259  -58.219  35.673  8.697 0.0000000000
130260  -58.664  34.892  9.238 0.0000000000
130264  -40.614  35.232  7.855 0.0000000000
130265  -41.635  34.886  8.133 0.0000000000
130266  -42.696  34.724  7.817 0.0000000000
130267  -43.585  34.667  7.703 0.0000000000
130268  -44.506  34.686  7.682 0.0000000000
130269  -45.432  34.742  7.732 0.0000000000
130270  -46.372  34.841  7.831 0.0000000000
130271  -47.402  34.995  8.030 0.0000000000
130272  -48.482  35.283  7.782 0.0000000000
130273  -49.328  35.362  7.872 0.0000000000
130274  -50.404  35.555  7.767 0.0000000000
130275  -51.398  35.600  8.167 0.0000000000
130276  -51.992  35.673  8.395 0.0000000000
130278  -57.916  35.370  8.015 0.0000000000
130285  -41.530  35.203  6.936 0.0000000000
130286  -42.527  34.989  6.972 0.0000000000
130287  -43.510  34.943  6.898 0.0000000000
130288  -44.455  34.972  6.873 0.0000000000
130289  -45.387  35.048  6.904 0.0000000000
130290  -46.318  35.129  6.960 0.0000000000
130291  -47.246  35.272  7.012 0.0000000000
130292  -48.387  35.563  6.717 0.0000000000
130293  -49.322  35.630  7.126 0.0000000000
130294  -49.855  35.626  7.372 0.0000000000
130295  -56.350  36.045  6.356 0.0000000000
130296  -56.872  35.544  7.002 0.0000000000
130304  -43.391  35.326  5.965 0.0000000000
130305  -44.368  35.336  5.973 0.0000000000
130306  -45.327  35.376  6.013 0.0000000000
130307  -46.263  35.447  6.087 0.0000000000
130308  -47.180  35.556  6.170 0.0000000000
130309  -47.793  35.586  6.302 0.0000000000
130310  -55.250  36.065  5.236 0.0000000000
130311  -55.764  35.647  5.823 0.0000000000
130313  -54.014  36.069  4.292 0.0000000000
130314  -54.611  35.662  4.752 0.0000000000
130318  -52.807  36.008  3.319 0.0000000000
130319  -53.392  35.608  3.825 0.0000000000
130326  -51.770  35.886  2.272 0.0000000000
130327  -52.271  35.496  2.819 0.0000000000
130332  -50.185  35.572  1.040 0.0000000000
130333  -50.641  35.720  1.298 0.0000000000
130334  -51.212  35.372  1.885 0.0000000000
130336  -49.174  35.470  0.423 0.0000000000
130337  -49.728  35.639  0.721 0.0000000000
130338  -50.255  35.824  0.976 0.0000000000
130340  -47.252  35.516  -0.730 0.0000000000
130341  -47.744  35.751  -0.467 0.0000000000
130342  -48.657  35.514  0.123 0.0000000000
130343  -49.239  35.752  0.377 0.0000000000
130348  -44.305  35.821  -1.746 0.0000000000
130349  -45.025  35.663  -1.591 0.0000000000
130350  -45.832  35.580  -1.354 0.0000000000
130351  -46.751  35.484  -0.969 0.0000000000
130352  -47.275  35.807  -0.749 0.0000000000
130361  -40.333  35.831  -2.790 0.0000000000
130362  -41.002  35.736  -2.606 0.0000000000
130363  -41.858  35.605  -2.429 0.0000000000
130364  -42.769  35.454  -2.190 0.0000000000
130365  -43.622  35.214  -1.936 0.0000000000
130366  -44.409  34.959  -1.749 0.0000000000
130375  -37.823  35.738  -3.545 0.0000000000
130376  -38.668  35.662  -3.355 0.0000000000
130377  -39.616  35.527  -3.127 0.0000000000
130378  -40.406  35.145  -2.999 0.0000000000
130388  -37.184  35.057  -3.654 0.0000000000
131111  -56.252  36.252  10.455 0.0000000000
131112  -56.747  36.063  10.600 0.0000000000
131113  -57.349  35.637  10.602 0.0000000000
131114  -57.652  35.273  10.609 0.0000000000
131123  -54.213  36.300  9.320 0.0000000000
131124  -54.882  36.619  9.510 0.0000000000
131125  -55.736  36.482  10.123 0.0000000000
131126  -56.664  36.800  10.171 0.0000000000
131127  -57.542  36.516  9.963 0.0000000000
131128  -57.907  35.532  10.291 0.0000000000
131136  -53.005  36.298  8.399 0.0000000000
131137  -53.741  36.472  8.757 0.0000000000
131138  -54.449  36.733  9.067 0.0000000000
131140  -58.206  35.743  9.567 0.0000000000
131145  -50.945  36.037  7.107 0.0000000000
131146  -51.481  36.105  7.401 0.0000000000
131147  -52.552  36.404  7.770 0.0000000000
131148  -53.285  36.636  8.148 0.0000000000
131156  -49.485  36.056  6.303 0.0000000000
131157  -50.354  36.064  6.770 0.0000000000
131181  -55.427  36.499  5.075 0.0000000000
131182  -56.023  36.616  5.567 0.0000000000
131196  -54.175  36.538  4.143 0.0000000000
131197  -54.881  36.623  4.542 0.0000000000
131198  -55.553  36.742  4.962 0.0000000000
131201  -52.943  36.518  3.162 0.0000000000
131202  -53.613  36.662  3.621 0.0000000000
131203  -54.307  36.796  4.032 0.0000000000
131208  -51.875  36.406  2.117 0.0000000000
131209  -52.454  36.590  2.582 0.0000000000
131210  -53.054  36.808  3.062 0.0000000000
131216  -50.890  36.255  1.191 0.0000000000
131217  -51.417  36.446  1.593 0.0000000000
131218  -51.961  36.687  2.016 0.0000000000
131222  -49.951  36.247  0.530 0.0000000000
131223  -50.500  36.323  0.819 0.0000000000
131224  -51.021  36.517  1.087 0.0000000000
131226  -47.943  36.354  -0.595 0.0000000000
131227  -48.541  36.425  -0.369 0.0000000000
131228  -49.448  36.341  0.188 0.0000000000
131229  -50.150  36.617  0.364 0.0000000000
131231  -44.347  36.340  -1.847 0.0000000000
131232  -44.836  36.341  -1.730 0.0000000000
131233  -45.616  36.460  -1.597 0.0000000000
131234  -46.489  36.413  -1.300 0.0000000000
131235  -47.412  36.430  -0.884 0.0000000000
131236  -48.129  36.725  -0.767 0.0000000000
131243  -40.022  36.248  -2.881 0.0000000000
131244  -40.716  36.513  -2.687 0.0000000000
131245  -41.628  36.450  -2.508 0.0000000000
131246  -42.578  36.381  -2.328 0.0000000000
131247  -43.692  36.348  -2.038 0.0000000000
131248  -44.580  36.813  -1.987 0.0000000000
131249  -45.185  36.876  -1.837 0.0000000000
131259  -38.411  36.505  -3.467 0.0000000000
131260  -39.378  36.528  -3.154 0.0000000000
131261  -40.140  36.806  -2.946 0.0000000000
132056  -55.271  37.161  4.185 0.0000000000
132057  -55.858  37.200  4.671 0.0000000000
132063  -54.002  37.287  3.292 0.0000000000
132064  -54.681  37.233  3.705 0.0000000000
132071  -52.767  37.262  2.255 0.0000000000
132072  -53.406  37.319  2.760 0.0000000000
132073  -54.437  37.593  2.898 0.0000000000
132081  -51.721  37.103  1.282 0.0000000000
132082  -52.235  37.199  1.745 0.0000000000
132083  -53.165  37.665  1.828 0.0000000000
132084  -54.150  37.845  2.170 0.0000000000
132091  -50.646  36.944  0.389 0.0000000000
132092  -51.265  37.032  0.820 0.0000000000
132093  -52.105  37.540  0.930 0.0000000000
132094  -52.716  37.700  1.267 0.0000000000
132097  -48.638  37.041  -0.772 0.0000000000
132098  -49.312  37.075  -0.458 0.0000000000
132099  -50.187  37.175  -0.070 0.0000000000
132100  -51.118  37.495  0.046 0.0000000000
132101  -51.743  37.599  0.384 0.0000000000
132103  -45.687  37.145  -1.862 0.0000000000
132104  -46.289  37.126  -1.685 0.0000000000
132105  -47.108  37.277  -1.483 0.0000000000
132106  -48.105  37.322  -1.192 0.0000000000
132107  -49.069  37.621  -1.016 0.0000000000
132108  -49.992  37.728  -0.723 0.0000000000
132109  -50.710  37.720  -0.459 0.0000000000
132112  -40.636  37.190  -2.939 0.0000000000
132113  -41.376  37.210  -2.784 0.0000000000
132114  -42.311  37.183  -2.656 0.0000000000
132115  -43.262  37.176  -2.498 0.0000000000
132116  -44.226  37.391  -2.438 0.0000000000
132117  -45.228  37.460  -2.258 0.0000000000
132118  -46.137  37.644  -2.138 0.0000000000
132119  -46.716  37.659  -1.880 0.0000000000
132128  -38.955  37.341  -3.606 0.0000000000
132129  -40.000  37.446  -3.367 0.0000000000
132130  -41.016  37.774  -3.320 0.0000000000
132131  -42.018  37.879  -3.184 0.0000000000
132132  -43.033  37.840  -3.025 0.0000000000
132133  -43.762  37.755  -2.837 0.0000000000
133030  -53.160  37.892  1.257 0.0000000000
133031  -53.795  38.058  1.366 0.0000000000
133042  -52.212  37.797  0.413 0.0000000000
133043  -52.937  38.028  0.660 0.0000000000
133053  -51.218  37.871  -0.441 0.0000000000
133054  -52.004  38.019  -0.208 0.0000000000
133063  -47.112  37.823  -1.850 0.0000000000
133064  -47.691  37.946  -1.787 0.0000000000
133065  -48.682  38.099  -1.646 0.0000000000
133066  -49.725  38.233  -1.415 0.0000000000
133067  -50.994  38.242  -1.069 0.0000000000
133077  -44.226  37.910  -2.882 0.0000000000
133078  -44.853  38.060  -2.868 0.0000000000
133079  -45.875  38.193  -2.741 0.0000000000
133080  -46.974  38.254  -2.364 0.0000000000
