#!ascii label  , from subject colin27_FS vox2ras=TkReg
694
89014  -46.126  0.295  -21.309 0.0000000000
90394  -47.069  0.239  -20.128 0.0000000000
90395  -47.746  0.632  -19.633 0.0000000000
90396  -48.313  1.139  -19.314 0.0000000000
90402  -46.770  0.601  -20.934 0.0000000000
90403  -47.634  1.040  -20.602 0.0000000000
90404  -48.117  1.047  -19.999 0.0000000000
90410  -46.439  0.997  -21.632 0.0000000000
90411  -47.058  1.186  -21.246 0.0000000000
90420  -45.968  1.171  -22.199 0.0000000000
91728  -48.965  1.893  -18.941 0.0000000000
91729  -49.305  2.185  -19.455 0.0000000000
91735  -47.990  1.529  -20.861 0.0000000000
91736  -48.546  1.646  -20.310 0.0000000000
91737  -49.100  1.969  -19.749 0.0000000000
91743  -46.932  1.496  -21.664 0.0000000000
91744  -47.587  1.745  -21.400 0.0000000000
91745  -48.147  1.778  -21.007 0.0000000000
91751  -45.814  1.688  -22.744 0.0000000000
91752  -46.554  1.668  -22.178 0.0000000000
91753  -47.106  1.815  -21.892 0.0000000000
93080  -49.407  3.006  -18.004 0.0000000000
93085  -49.271  2.491  -18.424 0.0000000000
93086  -49.639  2.609  -18.875 0.0000000000
93087  -50.065  2.870  -19.416 0.0000000000
93093  -48.787  2.092  -20.639 0.0000000000
93094  -49.399  2.370  -20.222 0.0000000000
93095  -50.189  2.974  -20.030 0.0000000000
93100  -47.751  2.165  -21.649 0.0000000000
93101  -48.397  2.300  -21.309 0.0000000000
93102  -49.282  2.860  -21.227 0.0000000000
93108  -45.875  2.022  -23.004 0.0000000000
93109  -46.258  2.147  -22.781 0.0000000000
93110  -47.322  2.409  -22.234 0.0000000000
93111  -48.154  3.001  -22.144 0.0000000000
93120  -45.485  2.275  -23.415 0.0000000000
93121  -46.486  2.795  -23.103 0.0000000000
93122  -47.152  3.170  -22.991 0.0000000000
93134  -45.294  2.996  -24.140 0.0000000000
94310  -49.572  3.770  -17.287 0.0000000000
94311  -50.143  4.045  -17.560 0.0000000000
94319  -49.927  3.415  -18.069 0.0000000000
94320  -50.571  3.871  -18.150 0.0000000000
94321  -51.132  4.064  -18.502 0.0000000000
94328  -50.208  3.210  -18.726 0.0000000000
94329  -50.753  3.421  -19.280 0.0000000000
94330  -51.547  4.004  -19.180 0.0000000000
94337  -49.977  3.080  -20.814 0.0000000000
94338  -50.636  3.363  -20.370 0.0000000000
94339  -51.273  3.696  -20.141 0.0000000000
94344  -48.832  3.213  -21.841 0.0000000000
94345  -49.705  3.566  -21.707 0.0000000000
94346  -50.539  3.632  -21.108 0.0000000000
94347  -50.969  3.706  -20.716 0.0000000000
94352  -47.739  3.350  -22.700 0.0000000000
94353  -48.497  3.753  -22.546 0.0000000000
94354  -49.102  3.677  -22.159 0.0000000000
94361  -45.966  3.260  -23.708 0.0000000000
94362  -46.734  3.497  -23.465 0.0000000000
94363  -47.455  3.857  -23.364 0.0000000000
94364  -47.964  3.833  -22.988 0.0000000000
94372  -44.936  3.262  -24.780 0.0000000000
94373  -45.676  3.717  -24.576 0.0000000000
94374  -46.451  3.884  -24.007 0.0000000000
94375  -46.972  3.938  -23.723 0.0000000000
94388  -44.732  3.637  -25.563 0.0000000000
94389  -45.224  3.723  -25.085 0.0000000000
95581  -49.663  4.701  -16.504 0.0000000000
95582  -50.257  5.225  -16.697 0.0000000000
95589  -49.962  4.378  -17.189 0.0000000000
95590  -50.586  4.850  -17.381 0.0000000000
95591  -51.226  5.298  -17.554 0.0000000000
95598  -50.954  4.437  -18.049 0.0000000000
95599  -51.628  4.881  -18.218 0.0000000000
95600  -52.255  5.340  -18.323 0.0000000000
95607  -52.134  4.469  -19.220 0.0000000000
95608  -52.583  5.070  -18.932 0.0000000000
95609  -53.017  5.248  -19.306 0.0000000000
95615  -51.944  4.136  -20.050 0.0000000000
95616  -52.643  4.695  -19.969 0.0000000000
95617  -52.905  5.049  -19.538 0.0000000000
95623  -49.979  4.054  -22.040 0.0000000000
95624  -50.472  4.057  -21.688 0.0000000000
95625  -51.415  4.245  -21.144 0.0000000000
95626  -52.136  4.502  -20.577 0.0000000000
95631  -48.749  4.238  -22.828 0.0000000000
95632  -49.400  4.215  -22.459 0.0000000000
95633  -50.345  4.446  -22.191 0.0000000000
95634  -50.895  4.440  -21.842 0.0000000000
95641  -47.652  4.220  -23.620 0.0000000000
95642  -48.229  4.337  -23.391 0.0000000000
95643  -48.991  4.510  -23.036 0.0000000000
95650  -45.798  4.080  -24.875 0.0000000000
95651  -46.213  4.209  -24.656 0.0000000000
95652  -47.324  4.431  -24.164 0.0000000000
95653  -48.062  4.682  -23.976 0.0000000000
95661  -44.939  4.012  -25.796 0.0000000000
95662  -45.522  4.275  -25.441 0.0000000000
95663  -46.632  4.686  -25.059 0.0000000000
95664  -47.214  4.813  -24.872 0.0000000000
95675  -44.551  4.112  -26.406 0.0000000000
95676  -45.261  4.694  -26.261 0.0000000000
96820  -50.298  5.674  -16.089 0.0000000000
96821  -50.850  5.951  -16.456 0.0000000000
96829  -50.612  5.526  -16.747 0.0000000000
96830  -51.199  5.792  -17.060 0.0000000000
96831  -51.815  6.069  -17.352 0.0000000000
96839  -51.600  5.584  -17.588 0.0000000000
96840  -52.226  5.832  -17.867 0.0000000000
96841  -52.844  6.039  -18.173 0.0000000000
96849  -52.615  5.587  -18.391 0.0000000000
96850  -53.157  5.702  -18.845 0.0000000000
96857  -52.796  5.021  -20.339 0.0000000000
96858  -53.290  5.307  -19.976 0.0000000000
96866  -51.737  4.792  -21.504 0.0000000000
96867  -52.441  5.086  -21.070 0.0000000000
96868  -53.331  5.814  -20.908 0.0000000000
96875  -49.396  4.673  -22.953 0.0000000000
96876  -50.014  4.866  -22.766 0.0000000000
96877  -51.321  5.102  -22.212 0.0000000000
96878  -52.301  5.806  -22.034 0.0000000000
96885  -48.451  4.797  -23.869 0.0000000000
96886  -49.246  5.048  -23.597 0.0000000000
96887  -50.474  5.623  -23.234 0.0000000000
96888  -51.289  6.052  -23.016 0.0000000000
96896  -47.536  4.928  -24.752 0.0000000000
96897  -48.277  5.181  -24.518 0.0000000000
96898  -49.281  5.667  -24.429 0.0000000000
96906  -45.646  4.864  -26.019 0.0000000000
96907  -46.204  5.081  -25.791 0.0000000000
96908  -47.350  5.352  -25.462 0.0000000000
96909  -48.301  5.767  -25.391 0.0000000000
96917  -44.938  4.854  -26.822 0.0000000000
96918  -45.660  5.331  -26.670 0.0000000000
96919  -46.624  5.701  -26.366 0.0000000000
96920  -47.355  6.027  -26.329 0.0000000000
96932  -44.798  5.465  -27.561 0.0000000000
96933  -45.554  5.954  -27.431 0.0000000000
96948  -44.616  6.094  -28.226 0.0000000000
98051  -52.170  6.476  -14.769 0.0000000000
98052  -53.199  6.897  -14.602 0.0000000000
98053  -53.982  7.259  -14.585 0.0000000000
98059  -50.683  6.102  -15.321 0.0000000000
98060  -51.401  6.336  -15.427 0.0000000000
98061  -52.215  6.699  -15.744 0.0000000000
98069  -50.870  6.187  -15.945 0.0000000000
98070  -51.479  6.341  -16.312 0.0000000000
98071  -52.304  6.729  -16.543 0.0000000000
98077  -51.801  6.359  -16.928 0.0000000000
98078  -52.451  6.611  -17.275 0.0000000000
98079  -53.062  6.871  -17.544 0.0000000000
98086  -52.794  6.412  -17.773 0.0000000000
98087  -53.439  6.670  -18.174 0.0000000000
98088  -54.105  7.075  -18.537 0.0000000000
98096  -53.952  6.325  -19.276 0.0000000000
98097  -54.550  7.146  -19.160 0.0000000000
98106  -53.968  6.143  -20.419 0.0000000000
98107  -54.532  6.707  -20.088 0.0000000000
98116  -52.980  6.108  -21.619 0.0000000000
98117  -53.818  6.602  -21.315 0.0000000000
98118  -54.287  6.658  -20.732 0.0000000000
98126  -51.917  6.187  -22.620 0.0000000000
98127  -52.664  6.725  -22.343 0.0000000000
98128  -53.263  6.687  -21.853 0.0000000000
98134  -50.025  6.003  -24.054 0.0000000000
98135  -50.985  6.674  -23.726 0.0000000000
98136  -51.734  6.719  -23.169 0.0000000000
98137  -52.161  6.721  -22.809 0.0000000000
98144  -49.017  5.965  -25.097 0.0000000000
98145  -49.744  6.303  -24.792 0.0000000000
98146  -50.411  6.757  -24.525 0.0000000000
98154  -48.044  6.115  -26.058 0.0000000000
98155  -48.791  6.321  -25.773 0.0000000000
98156  -49.592  6.746  -25.555 0.0000000000
98157  -50.050  6.789  -25.020 0.0000000000
98164  -46.226  6.114  -27.093 0.0000000000
98165  -46.977  6.353  -26.859 0.0000000000
98166  -47.782  6.707  -26.857 0.0000000000
98167  -48.607  6.726  -26.387 0.0000000000
98168  -49.104  6.743  -26.045 0.0000000000
98177  -45.195  6.267  -27.975 0.0000000000
98178  -45.866  6.662  -27.811 0.0000000000
98179  -46.699  6.735  -27.410 0.0000000000
98180  -47.249  6.780  -27.192 0.0000000000
98192  -44.902  6.763  -28.541 0.0000000000
98193  -45.400  6.732  -28.215 0.0000000000
98208  -44.399  6.842  -28.864 0.0000000000
99366  -53.009  7.107  -15.339 0.0000000000
99367  -53.772  7.490  -15.090 0.0000000000
99376  -52.950  7.212  -16.145 0.0000000000
99377  -53.719  7.811  -15.830 0.0000000000
99378  -54.116  7.930  -15.360 0.0000000000
99387  -52.924  7.210  -16.875 0.0000000000
99388  -53.469  7.698  -16.589 0.0000000000
99397  -53.006  7.079  -17.260 0.0000000000
99398  -53.633  7.550  -17.397 0.0000000000
99399  -54.241  8.043  -17.475 0.0000000000
99408  -53.923  7.330  -18.056 0.0000000000
99409  -54.541  7.887  -18.175 0.0000000000
99410  -55.070  8.423  -18.269 0.0000000000
99418  -54.984  7.638  -19.105 0.0000000000
99419  -55.237  8.125  -18.787 0.0000000000
99428  -55.021  7.263  -19.883 0.0000000000
99429  -55.433  7.763  -19.661 0.0000000000
99438  -54.096  7.149  -21.530 0.0000000000
99439  -54.718  7.262  -21.011 0.0000000000
99440  -55.245  7.572  -20.344 0.0000000000
99449  -52.887  7.627  -22.693 0.0000000000
99450  -53.597  7.312  -22.013 0.0000000000
99451  -54.245  7.433  -21.652 0.0000000000
99457  -51.217  7.251  -23.850 0.0000000000
99458  -51.641  7.494  -23.620 0.0000000000
99459  -52.306  7.239  -23.031 0.0000000000
99466  -51.058  7.556  -24.234 0.0000000000
99467  -51.483  7.984  -23.937 0.0000000000
99476  -49.922  7.540  -25.849 0.0000000000
99477  -50.377  7.421  -25.153 0.0000000000
99484  -47.939  7.129  -27.192 0.0000000000
99485  -48.476  7.363  -27.060 0.0000000000
99486  -49.326  7.288  -26.350 0.0000000000
99494  -45.950  7.031  -28.068 0.0000000000
99495  -46.383  7.147  -27.919 0.0000000000
99496  -47.532  7.402  -27.591 0.0000000000
99497  -48.274  7.736  -27.485 0.0000000000
99504  -45.071  7.146  -28.724 0.0000000000
99505  -45.637  7.293  -28.491 0.0000000000
99506  -46.718  7.716  -28.262 0.0000000000
99507  -47.289  7.915  -28.113 0.0000000000
99519  -44.682  7.409  -29.136 0.0000000000
99520  -45.329  7.719  -29.004 0.0000000000
100606  -54.090  8.265  -16.083 0.0000000000
100616  -53.925  8.123  -16.458 0.0000000000
100626  -53.781  7.961  -16.858 0.0000000000
100627  -54.137  8.272  -17.002 0.0000000000
100642  -54.544  8.406  -17.451 0.0000000000
100664  -55.792  8.329  -19.303 0.0000000000
100665  -56.320  8.782  -19.750 0.0000000000
100676  -55.025  7.754  -21.295 0.0000000000
100677  -55.631  8.096  -20.767 0.0000000000
100678  -56.339  8.954  -20.651 0.0000000000
100688  -52.929  8.008  -22.876 0.0000000000
100689  -53.359  8.137  -22.653 0.0000000000
100690  -54.568  8.021  -21.940 0.0000000000
100691  -55.420  8.705  -21.842 0.0000000000
100697  -51.833  8.246  -23.742 0.0000000000
100698  -52.562  8.219  -23.245 0.0000000000
100699  -53.193  8.872  -23.010 0.0000000000
100706  -50.902  8.270  -24.868 0.0000000000
100707  -51.486  8.581  -24.224 0.0000000000
100715  -49.795  7.887  -26.257 0.0000000000
100716  -50.341  8.492  -25.772 0.0000000000
100722  -48.664  7.921  -27.353 0.0000000000
100723  -49.427  8.333  -26.902 0.0000000000
100724  -50.170  9.291  -26.366 0.0000000000
100730  -47.620  8.046  -28.025 0.0000000000
100731  -48.365  8.370  -27.820 0.0000000000
100732  -49.247  9.106  -27.555 0.0000000000
100739  -45.623  7.860  -28.941 0.0000000000
100740  -46.171  8.105  -28.834 0.0000000000
100741  -47.308  8.528  -28.591 0.0000000000
100742  -48.182  9.125  -28.467 0.0000000000
100751  -44.173  8.381  -29.955 0.0000000000
100752  -45.364  8.383  -29.399 0.0000000000
100753  -46.396  8.935  -29.292 0.0000000000
100754  -47.118  9.346  -29.226 0.0000000000
100771  -44.059  9.183  -30.342 0.0000000000
101935  -56.868  9.386  -20.102 0.0000000000
101936  -57.412  9.960  -20.462 0.0000000000
101945  -56.042  8.947  -21.372 0.0000000000
101946  -56.779  9.614  -21.280 0.0000000000
101947  -57.455  10.173  -21.200 0.0000000000
101957  -53.895  8.773  -22.721 0.0000000000
101958  -54.726  9.245  -22.573 0.0000000000
101959  -55.914  9.491  -22.220 0.0000000000
101960  -56.664  10.056  -22.216 0.0000000000
101967  -52.085  8.868  -23.756 0.0000000000
101968  -52.686  9.439  -23.483 0.0000000000
101969  -53.695  9.600  -23.176 0.0000000000
101970  -54.477  10.007  -23.151 0.0000000000
101979  -51.116  9.334  -24.900 0.0000000000
101980  -51.895  9.763  -24.140 0.0000000000
101981  -52.536  10.255  -23.849 0.0000000000
101990  -50.672  10.001  -25.663 0.0000000000
101997  -49.853  9.688  -26.970 0.0000000000
101998  -50.318  10.044  -26.372 0.0000000000
102004  -48.821  9.427  -28.075 0.0000000000
102005  -49.452  9.951  -27.655 0.0000000000
102012  -47.787  9.498  -28.984 0.0000000000
102013  -48.496  9.991  -28.635 0.0000000000
102014  -49.097  10.174  -28.160 0.0000000000
102021  -44.779  9.219  -30.048 0.0000000000
102022  -45.710  9.607  -29.840 0.0000000000
102023  -46.612  9.857  -29.609 0.0000000000
102024  -47.373  10.095  -29.397 0.0000000000
102025  -48.008  10.205  -29.144 0.0000000000
102042  -43.555  9.711  -30.590 0.0000000000
102043  -44.301  9.877  -30.428 0.0000000000
102044  -45.021  9.971  -30.268 0.0000000000
103176  -57.994  10.437  -20.838 0.0000000000
103187  -57.268  10.337  -21.862 0.0000000000
103188  -57.857  10.610  -21.544 0.0000000000
103189  -58.437  10.953  -21.355 0.0000000000
103201  -55.311  10.048  -22.929 0.0000000000
103202  -56.178  10.310  -22.764 0.0000000000
103203  -56.999  10.827  -22.668 0.0000000000
103204  -57.806  10.932  -22.135 0.0000000000
103205  -58.193  11.015  -21.801 0.0000000000
103214  -53.156  10.263  -23.606 0.0000000000
103215  -53.959  10.553  -23.634 0.0000000000
103216  -54.880  10.588  -23.440 0.0000000000
103217  -55.798  10.736  -23.277 0.0000000000
103218  -56.406  10.834  -23.083 0.0000000000
103225  -51.366  10.872  -24.761 0.0000000000
103226  -52.204  10.882  -24.199 0.0000000000
103227  -52.955  10.834  -24.017 0.0000000000
103228  -53.431  10.727  -23.858 0.0000000000
103237  -50.902  11.101  -25.445 0.0000000000
103246  -50.270  10.430  -26.692 0.0000000000
103247  -50.551  10.851  -26.167 0.0000000000
103254  -50.114  10.748  -27.229 0.0000000000
103255  -50.416  10.898  -26.712 0.0000000000
103263  -49.115  10.948  -28.472 0.0000000000
103264  -49.573  10.671  -27.857 0.0000000000
103270  -46.206  10.346  -29.993 0.0000000000
103271  -46.852  10.903  -29.886 0.0000000000
103272  -47.799  10.897  -29.385 0.0000000000
103273  -48.397  10.730  -28.969 0.0000000000
103287  -43.720  10.590  -30.794 0.0000000000
103288  -44.640  10.638  -30.521 0.0000000000
103289  -45.583  10.619  -30.294 0.0000000000
103290  -46.202  10.843  -30.186 0.0000000000
104475  -57.269  11.373  -22.993 0.0000000000
104476  -57.757  11.388  -22.632 0.0000000000
104477  -58.680  11.680  -22.102 0.0000000000
104485  -54.048  10.953  -23.888 0.0000000000
104486  -54.475  11.047  -23.838 0.0000000000
104487  -55.410  11.249  -23.714 0.0000000000
104488  -56.638  11.576  -23.463 0.0000000000
104489  -57.651  11.832  -23.076 0.0000000000
104490  -58.135  11.821  -22.708 0.0000000000
104497  -51.496  12.048  -24.693 0.0000000000
104498  -51.979  11.831  -24.406 0.0000000000
104499  -52.799  11.665  -24.303 0.0000000000
104500  -53.814  11.342  -24.139 0.0000000000
104501  -54.905  11.718  -24.153 0.0000000000
104502  -55.848  11.946  -24.029 0.0000000000
104503  -56.404  12.180  -23.919 0.0000000000
104511  -51.094  11.913  -25.049 0.0000000000
104521  -50.825  11.832  -25.724 0.0000000000
104529  -50.305  11.319  -27.248 0.0000000000
104530  -50.581  11.638  -26.740 0.0000000000
104539  -49.427  11.945  -28.547 0.0000000000
104540  -50.075  11.639  -27.698 0.0000000000
104541  -50.577  12.184  -27.166 0.0000000000
104549  -46.826  11.907  -30.152 0.0000000000
104550  -47.591  11.841  -29.726 0.0000000000
104551  -48.578  11.701  -29.160 0.0000000000
104565  -43.697  11.058  -30.988 0.0000000000
104566  -44.113  11.321  -30.853 0.0000000000
104567  -45.096  11.470  -30.550 0.0000000000
104568  -46.068  11.602  -30.344 0.0000000000
104587  -43.231  11.283  -31.310 0.0000000000
104588  -43.867  11.997  -31.199 0.0000000000
105674  -56.869  12.616  -23.885 0.0000000000
105675  -57.599  12.533  -23.487 0.0000000000
105676  -58.467  12.448  -22.984 0.0000000000
105680  -51.376  12.806  -24.817 0.0000000000
105681  -51.882  12.778  -24.562 0.0000000000
105682  -52.603  12.660  -24.502 0.0000000000
105683  -53.522  12.496  -24.507 0.0000000000
105684  -54.508  12.434  -24.450 0.0000000000
105685  -55.430  12.541  -24.327 0.0000000000
105686  -56.211  12.664  -24.159 0.0000000000
105692  -51.021  12.759  -25.249 0.0000000000
105700  -50.868  12.708  -25.938 0.0000000000
105706  -50.754  12.771  -26.689 0.0000000000
105714  -49.215  12.814  -28.939 0.0000000000
105715  -50.004  12.765  -28.239 0.0000000000
105716  -50.542  12.788  -27.447 0.0000000000
105722  -45.951  12.647  -30.453 0.0000000000
105723  -46.272  12.514  -30.367 0.0000000000
105724  -47.181  12.772  -30.035 0.0000000000
105725  -48.224  12.965  -29.536 0.0000000000
105737  -44.585  12.188  -30.842 0.0000000000
105738  -45.590  12.466  -30.528 0.0000000000
105739  -45.980  12.187  -30.417 0.0000000000
105752  -43.288  12.446  -31.734 0.0000000000
105753  -44.105  12.761  -31.316 0.0000000000
105779  -43.122  13.097  -32.242 0.0000000000
106742  -59.250  13.454  -23.065 0.0000000000
106749  -56.718  13.442  -24.172 0.0000000000
106750  -57.531  13.426  -23.848 0.0000000000
106751  -58.368  13.415  -23.483 0.0000000000
106756  -51.291  13.650  -24.933 0.0000000000
106757  -51.767  13.668  -24.652 0.0000000000
106758  -52.444  13.639  -24.553 0.0000000000
106759  -53.341  13.575  -24.609 0.0000000000
106760  -54.325  13.409  -24.638 0.0000000000
106761  -55.173  13.256  -24.517 0.0000000000
106762  -55.924  13.335  -24.371 0.0000000000
106768  -51.022  13.622  -25.405 0.0000000000
106776  -50.878  13.654  -26.063 0.0000000000
106784  -50.752  13.720  -26.878 0.0000000000
106792  -49.007  13.844  -29.187 0.0000000000
106793  -49.774  13.804  -28.539 0.0000000000
106794  -50.426  13.776  -27.763 0.0000000000
106800  -45.993  12.957  -30.468 0.0000000000
106801  -46.512  13.627  -30.269 0.0000000000
106802  -47.524  13.832  -29.799 0.0000000000
106803  -48.288  14.049  -29.471 0.0000000000
106815  -44.822  13.088  -30.878 0.0000000000
106816  -45.589  13.555  -30.597 0.0000000000
106817  -45.996  14.252  -30.458 0.0000000000
106830  -43.668  13.283  -31.832 0.0000000000
106831  -44.328  13.613  -31.395 0.0000000000
106854  -43.281  13.778  -32.488 0.0000000000
106879  -43.171  14.412  -33.081 0.0000000000
107894  -59.038  14.413  -23.448 0.0000000000
107900  -54.997  15.325  -24.509 0.0000000000
107901  -55.467  14.976  -24.482 0.0000000000
107902  -56.287  14.360  -24.354 0.0000000000
107903  -57.352  14.307  -24.049 0.0000000000
107904  -58.140  14.314  -23.754 0.0000000000
107907  -51.216  14.485  -25.052 0.0000000000
107908  -51.644  14.578  -24.722 0.0000000000
107909  -52.284  14.583  -24.540 0.0000000000
107910  -53.121  14.587  -24.548 0.0000000000
107911  -54.331  14.668  -24.597 0.0000000000
107912  -55.213  14.074  -24.590 0.0000000000
107913  -55.658  13.759  -24.486 0.0000000000
107919  -51.042  14.497  -25.531 0.0000000000
107928  -50.895  14.640  -26.237 0.0000000000
107936  -50.654  14.746  -27.149 0.0000000000
107943  -48.738  14.677  -29.237 0.0000000000
107944  -49.448  14.794  -28.743 0.0000000000
107945  -50.237  14.898  -28.057 0.0000000000
107955  -46.453  14.522  -30.278 0.0000000000
107956  -47.034  14.638  -29.981 0.0000000000
107957  -47.953  14.980  -29.547 0.0000000000
107972  -44.900  13.906  -30.977 0.0000000000
107973  -45.392  14.593  -30.802 0.0000000000
107974  -46.098  14.974  -30.489 0.0000000000
107993  -43.913  14.010  -31.916 0.0000000000
107994  -44.517  14.661  -31.493 0.0000000000
107995  -45.146  15.282  -31.178 0.0000000000
108021  -43.747  14.754  -32.395 0.0000000000
108022  -44.236  15.401  -32.041 0.0000000000
108046  -42.788  14.810  -33.846 0.0000000000
108047  -43.409  15.198  -33.242 0.0000000000
108067  -42.317  14.974  -34.720 0.0000000000
109134  -58.054  16.032  -23.760 0.0000000000
109135  -58.545  15.449  -23.652 0.0000000000
109136  -59.675  15.435  -23.348 0.0000000000
109140  -54.646  15.785  -24.494 0.0000000000
109141  -55.557  15.832  -24.418 0.0000000000
109142  -56.393  15.559  -24.287 0.0000000000
109143  -57.411  15.420  -24.003 0.0000000000
109144  -57.877  14.877  -23.873 0.0000000000
109147  -51.171  15.029  -25.200 0.0000000000
109148  -51.457  15.568  -24.880 0.0000000000
109149  -52.163  15.553  -24.569 0.0000000000
109150  -52.891  15.491  -24.505 0.0000000000
109151  -53.708  15.550  -24.529 0.0000000000
109156  -51.142  15.592  -25.554 0.0000000000
109157  -51.315  16.121  -25.110 0.0000000000
109168  -50.849  15.672  -26.507 0.0000000000
109176  -50.201  16.306  -27.822 0.0000000000
109177  -50.449  15.802  -27.503 0.0000000000
109184  -48.914  15.734  -29.053 0.0000000000
109185  -49.893  15.831  -28.249 0.0000000000
109186  -50.250  15.518  -27.958 0.0000000000
109194  -46.642  15.145  -30.222 0.0000000000
109195  -47.216  15.750  -29.959 0.0000000000
109196  -48.061  16.217  -29.495 0.0000000000
109207  -45.715  15.492  -30.808 0.0000000000
109208  -46.415  15.864  -30.442 0.0000000000
109209  -46.910  16.528  -30.214 0.0000000000
109225  -44.749  15.681  -31.609 0.0000000000
109226  -45.372  16.019  -31.224 0.0000000000
109246  -43.973  15.764  -32.745 0.0000000000
109247  -44.421  16.103  -32.172 0.0000000000
109273  -43.185  15.526  -33.850 0.0000000000
109274  -43.574  15.975  -33.543 0.0000000000
109293  -42.876  15.688  -34.505 0.0000000000
109294  -43.282  16.011  -34.110 0.0000000000
109314  -42.344  15.720  -35.418 0.0000000000
110271  -57.160  17.196  -23.870 0.0000000000
110272  -57.613  16.646  -23.799 0.0000000000
110273  -58.570  16.569  -23.566 0.0000000000
110274  -59.393  16.422  -23.431 0.0000000000
110278  -53.570  17.156  -24.456 0.0000000000
110279  -54.063  16.634  -24.479 0.0000000000
110280  -55.293  16.652  -24.399 0.0000000000
110281  -56.498  16.652  -24.161 0.0000000000
110282  -57.002  16.076  -24.078 0.0000000000
110288  -51.559  16.674  -24.907 0.0000000000
110289  -52.059  16.534  -24.600 0.0000000000
110290  -52.956  16.569  -24.486 0.0000000000
110291  -53.371  16.071  -24.504 0.0000000000
110299  -51.062  16.605  -26.004 0.0000000000
110300  -51.288  16.668  -25.354 0.0000000000
110311  -50.730  16.678  -26.803 0.0000000000
110318  -49.939  16.800  -28.009 0.0000000000
110319  -50.354  16.766  -27.482 0.0000000000
110325  -48.648  16.854  -29.088 0.0000000000
110326  -49.329  16.740  -28.550 0.0000000000
110333  -47.493  16.900  -29.834 0.0000000000
110334  -48.114  17.088  -29.464 0.0000000000
110342  -45.910  16.239  -30.828 0.0000000000
110343  -46.373  16.949  -30.598 0.0000000000
110344  -46.986  17.187  -30.202 0.0000000000
110358  -45.005  16.587  -31.778 0.0000000000
110359  -45.724  16.876  -31.205 0.0000000000
110360  -46.075  17.316  -30.962 0.0000000000
110373  -44.293  16.314  -32.652 0.0000000000
110374  -44.600  16.787  -32.478 0.0000000000
110395  -44.138  16.670  -33.215 0.0000000000
110396  -44.543  17.155  -32.922 0.0000000000
110414  -43.211  16.227  -34.484 0.0000000000
110415  -43.590  16.682  -34.175 0.0000000000
110438  -43.093  16.580  -35.139 0.0000000000
110439  -43.568  17.174  -34.854 0.0000000000
110460  -42.395  16.579  -36.212 0.0000000000
111398  -56.820  17.778  -23.982 0.0000000000
111399  -57.669  17.682  -23.719 0.0000000000
111400  -58.475  17.464  -23.564 0.0000000000
111401  -59.228  17.274  -23.461 0.0000000000
111406  -53.265  17.723  -24.438 0.0000000000
111407  -54.088  17.659  -24.409 0.0000000000
111408  -55.034  17.543  -24.385 0.0000000000
111409  -55.948  17.414  -24.246 0.0000000000
111414  -51.532  17.667  -25.188 0.0000000000
111415  -51.999  17.500  -24.698 0.0000000000
111416  -52.552  17.333  -24.532 0.0000000000
111420  -50.927  17.658  -26.336 0.0000000000
111421  -51.216  17.394  -25.699 0.0000000000
111429  -50.537  17.569  -27.131 0.0000000000
111435  -49.614  17.709  -28.248 0.0000000000
111436  -50.153  17.423  -27.712 0.0000000000
111442  -48.450  17.828  -29.228 0.0000000000
111443  -48.994  17.505  -28.744 0.0000000000
111449  -47.347  17.882  -30.008 0.0000000000
111450  -47.864  17.633  -29.615 0.0000000000
111456  -46.324  17.874  -30.863 0.0000000000
111457  -46.782  17.670  -30.397 0.0000000000
111467  -44.979  17.110  -32.155 0.0000000000
111468  -45.431  17.486  -31.869 0.0000000000
111469  -45.901  17.565  -31.292 0.0000000000
111485  -44.987  17.566  -32.599 0.0000000000
111486  -45.385  17.883  -32.298 0.0000000000
111501  -44.036  17.159  -33.785 0.0000000000
111502  -44.492  17.618  -33.437 0.0000000000
111517  -44.031  17.646  -34.371 0.0000000000
111518  -44.434  18.114  -33.989 0.0000000000
111536  -43.398  17.247  -35.322 0.0000000000
111537  -43.728  17.756  -35.262 0.0000000000
111558  -43.182  17.520  -36.015 0.0000000000
111559  -43.644  18.103  -35.796 0.0000000000
112633  -56.847  18.428  -24.061 0.0000000000
112634  -57.499  18.557  -23.847 0.0000000000
112635  -58.378  18.322  -23.654 0.0000000000
112641  -53.317  18.567  -24.446 0.0000000000
112642  -53.911  18.425  -24.398 0.0000000000
112643  -54.798  18.437  -24.405 0.0000000000
112644  -56.042  18.430  -24.276 0.0000000000
112645  -56.909  18.893  -24.127 0.0000000000
112651  -51.639  18.617  -25.306 0.0000000000
112652  -51.988  18.436  -24.900 0.0000000000
112653  -52.638  18.325  -24.573 0.0000000000
112658  -50.969  18.342  -26.298 0.0000000000
112659  -51.221  18.401  -25.842 0.0000000000
112667  -50.704  18.619  -26.858 0.0000000000
112668  -50.984  18.685  -26.304 0.0000000000
112675  -49.651  18.831  -28.333 0.0000000000
112676  -50.193  18.257  -27.695 0.0000000000
112682  -48.556  18.861  -29.336 0.0000000000
112683  -49.045  18.384  -28.793 0.0000000000
112688  -47.560  18.849  -30.177 0.0000000000
112689  -47.965  18.440  -29.664 0.0000000000
112697  -46.606  18.747  -31.113 0.0000000000
112698  -46.945  18.427  -30.501 0.0000000000
112711  -45.592  18.022  -32.120 0.0000000000
112712  -46.009  18.259  -31.720 0.0000000000
112737  -45.010  18.040  -33.091 0.0000000000
112738  -45.569  18.468  -32.678 0.0000000000
112739  -46.103  18.824  -32.197 0.0000000000
112755  -44.971  18.563  -33.661 0.0000000000
112756  -45.484  18.943  -33.351 0.0000000000
112773  -44.093  18.118  -34.939 0.0000000000
112774  -44.443  18.550  -34.605 0.0000000000
112792  -44.072  18.600  -35.492 0.0000000000
112793  -44.430  19.007  -35.170 0.0000000000
112809  -43.549  18.578  -36.390 0.0000000000
113809  -53.720  19.032  -24.429 0.0000000000
113810  -54.384  19.138  -24.435 0.0000000000
113811  -55.379  19.411  -24.429 0.0000000000
113819  -51.912  19.134  -25.139 0.0000000000
113820  -52.416  19.354  -24.832 0.0000000000
113821  -53.159  19.337  -24.555 0.0000000000
113822  -53.923  19.703  -24.493 0.0000000000
113828  -51.560  19.462  -25.616 0.0000000000
113829  -51.998  19.806  -25.158 0.0000000000
113835  -50.653  19.660  -27.120 0.0000000000
113836  -51.056  19.376  -26.378 0.0000000000
113844  -49.693  19.691  -28.444 0.0000000000
113845  -50.218  19.389  -27.796 0.0000000000
113851  -48.645  19.437  -29.474 0.0000000000
113852  -49.104  19.522  -29.043 0.0000000000
113857  -47.717  19.383  -30.333 0.0000000000
113858  -48.169  19.496  -29.910 0.0000000000
113859  -48.704  19.852  -29.596 0.0000000000
113873  -46.828  19.238  -31.305 0.0000000000
113874  -47.272  19.387  -30.839 0.0000000000
113875  -47.837  19.762  -30.495 0.0000000000
113889  -46.504  19.117  -31.793 0.0000000000
113890  -47.007  19.603  -31.652 0.0000000000
113912  -45.807  19.193  -33.184 0.0000000000
113913  -46.354  19.436  -32.702 0.0000000000
113914  -46.767  19.580  -32.135 0.0000000000
113926  -44.940  19.131  -34.382 0.0000000000
113927  -45.614  19.558  -33.939 0.0000000000
113928  -46.055  19.548  -33.350 0.0000000000
113945  -44.686  19.215  -34.932 0.0000000000
113946  -45.103  19.731  -34.865 0.0000000000
113961  -44.041  19.114  -36.055 0.0000000000
113962  -44.543  19.675  -35.681 0.0000000000
113963  -45.117  20.185  -35.335 0.0000000000
113975  -43.950  19.638  -36.643 0.0000000000
113976  -44.397  20.108  -36.349 0.0000000000
114973  -52.855  19.916  -24.731 0.0000000000
114983  -51.894  20.471  -25.591 0.0000000000
114991  -50.924  20.409  -26.916 0.0000000000
114992  -51.415  20.375  -26.223 0.0000000000
115001  -49.970  20.174  -28.245 0.0000000000
115002  -50.389  20.488  -27.739 0.0000000000
115014  -49.567  20.488  -28.853 0.0000000000
115015  -50.037  20.766  -28.436 0.0000000000
115027  -48.563  20.225  -29.966 0.0000000000
115028  -49.015  20.542  -29.623 0.0000000000
115048  -47.761  20.071  -30.941 0.0000000000
115049  -48.255  20.413  -30.594 0.0000000000
115050  -48.722  20.745  -30.238 0.0000000000
115066  -47.493  20.082  -31.539 0.0000000000
115067  -48.032  20.572  -31.453 0.0000000000
115090  -46.757  20.007  -33.053 0.0000000000
115091  -47.179  20.152  -32.496 0.0000000000
115092  -47.781  20.563  -32.086 0.0000000000
115110  -46.055  20.238  -34.195 0.0000000000
115111  -46.391  20.062  -33.599 0.0000000000
115112  -46.992  20.465  -33.420 0.0000000000
115132  -45.770  20.621  -34.977 0.0000000000
115133  -46.463  20.695  -34.318 0.0000000000
115134  -46.769  20.598  -33.875 0.0000000000
115149  -44.654  20.406  -36.226 0.0000000000
115150  -45.108  20.693  -35.873 0.0000000000
115161  -43.921  20.185  -37.344 0.0000000000
115162  -44.461  20.712  -36.891 0.0000000000
115163  -44.825  20.823  -36.409 0.0000000000
115178  -44.113  20.754  -37.724 0.0000000000
116226  -51.271  21.084  -26.727 0.0000000000
116237  -50.883  21.422  -27.443 0.0000000000
116247  -49.888  21.182  -28.873 0.0000000000
116248  -50.342  21.499  -28.424 0.0000000000
116261  -49.551  21.394  -29.525 0.0000000000
116262  -50.027  21.720  -29.148 0.0000000000
116286  -48.688  21.079  -30.740 0.0000000000
116287  -49.129  21.395  -30.398 0.0000000000
116309  -48.508  21.088  -31.367 0.0000000000
116310  -49.008  21.560  -31.297 0.0000000000
116331  -47.789  20.824  -32.706 0.0000000000
116332  -48.350  21.186  -32.357 0.0000000000
116333  -48.847  21.543  -31.959 0.0000000000
116354  -47.501  20.893  -33.317 0.0000000000
116355  -48.024  21.382  -33.327 0.0000000000
116368  -46.094  21.372  -35.359 0.0000000000
116369  -46.537  21.509  -35.068 0.0000000000
116370  -47.166  21.217  -34.152 0.0000000000
116371  -47.680  21.428  -33.784 0.0000000000
116385  -45.820  21.637  -35.870 0.0000000000
116386  -46.228  21.714  -35.522 0.0000000000
116398  -44.751  21.364  -37.117 0.0000000000
116399  -45.108  21.464  -36.704 0.0000000000
116410  -44.569  21.575  -37.680 0.0000000000
116411  -44.884  21.685  -37.249 0.0000000000
116422  -44.020  21.213  -38.318 0.0000000000
117476  -50.910  22.400  -28.147 0.0000000000
117573  -46.810  22.136  -35.344 0.0000000000
117574  -47.204  22.061  -34.969 0.0000000000
117585  -46.085  22.269  -36.168 0.0000000000
117586  -46.437  22.327  -35.802 0.0000000000
117599  -45.864  22.495  -36.713 0.0000000000
117600  -46.222  22.578  -36.316 0.0000000000
117613  -44.741  22.193  -38.003 0.0000000000
117614  -45.137  22.304  -37.555 0.0000000000
