#!ascii label  , from subject colin27_FS vox2ras=TkReg
1472
2914  -0.744  -77.813  -2.071 0.0000000000
2926  -0.460  -78.052  -2.627 0.0000000000
2941  0.033  -77.908  -3.276 0.0000000000
3475  -0.190  -77.027  -1.242 0.0000000000
3476  -0.676  -77.142  -1.213 0.0000000000
3489  -0.574  -77.317  -1.732 0.0000000000
3503  -0.192  -77.254  -2.492 0.0000000000
3515  0.297  -76.994  -3.589 0.0000000000
4021  -0.561  -76.941  -1.282 0.0000000000
4022  -0.844  -76.813  -0.909 0.0000000000
4030  -8.292  -76.081  -0.294 0.0000000000
4037  -0.482  -76.756  -1.643 0.0000000000
4038  -0.971  -76.062  -1.330 0.0000000000
4039  -2.647  -75.977  -0.394 0.0000000000
4040  -3.426  -76.064  -0.855 0.0000000000
4041  -4.691  -76.196  -1.594 0.0000000000
4042  -6.127  -76.458  -1.565 0.0000000000
4043  -7.247  -76.408  -1.379 0.0000000000
4044  -8.043  -76.211  -1.159 0.0000000000
4045  -8.344  -75.713  -1.158 0.0000000000
4053  -0.259  -76.247  -2.620 0.0000000000
4054  -0.611  -75.997  -2.028 0.0000000000
4055  -4.893  -75.887  -2.517 0.0000000000
4056  -5.701  -75.994  -2.595 0.0000000000
4057  -6.876  -76.056  -2.502 0.0000000000
4058  -7.821  -76.034  -1.974 0.0000000000
4059  -8.216  -75.883  -1.623 0.0000000000
4065  0.130  -76.043  -3.707 0.0000000000
4066  -6.021  -75.802  -3.108 0.0000000000
4067  -6.309  -75.900  -2.924 0.0000000000
4070  0.435  -76.214  -4.539 0.0000000000
4528  -4.885  -75.278  7.252 0.0000000000
4529  -5.537  -75.351  6.510 0.0000000000
4537  -5.608  -75.076  5.773 0.0000000000
4538  -6.354  -75.337  5.516 0.0000000000
4547  -6.634  -75.023  4.673 0.0000000000
4573  -8.457  -75.675  0.537 0.0000000000
4581  -1.180  -76.419  -0.762 0.0000000000
4582  -1.586  -76.136  -0.525 0.0000000000
4583  -2.036  -75.811  -0.526 0.0000000000
4584  -8.439  -75.386  -0.466 0.0000000000
4591  -1.136  -75.991  -1.125 0.0000000000
4592  -1.530  -75.603  -1.153 0.0000000000
4593  -2.448  -75.578  -1.241 0.0000000000
4594  -3.477  -75.720  -1.906 0.0000000000
4595  -4.261  -75.752  -2.408 0.0000000000
4596  -8.391  -75.191  -1.221 0.0000000000
4602  -0.430  -75.666  -2.690 0.0000000000
4603  -0.745  -75.550  -2.087 0.0000000000
4604  -1.659  -75.117  -1.932 0.0000000000
4605  -2.637  -75.128  -2.267 0.0000000000
4606  -3.675  -75.176  -2.922 0.0000000000
4607  -4.629  -75.574  -2.990 0.0000000000
4608  -5.170  -75.794  -2.907 0.0000000000
4609  -7.215  -75.683  -3.048 0.0000000000
4610  -7.691  -75.627  -2.684 0.0000000000
4611  -8.254  -75.342  -2.043 0.0000000000
4615  -0.263  -75.502  -3.459 0.0000000000
4616  -0.503  -75.450  -2.829 0.0000000000
4617  -3.806  -74.984  -3.462 0.0000000000
4618  -4.339  -75.087  -3.659 0.0000000000
4619  -5.458  -75.545  -3.404 0.0000000000
4620  -6.576  -75.587  -3.356 0.0000000000
4621  -7.528  -75.204  -3.390 0.0000000000
4622  -8.070  -75.135  -2.846 0.0000000000
4626  0.536  -74.808  -5.416 0.0000000000
4627  0.245  -75.322  -4.589 0.0000000000
4628  -4.552  -74.809  -4.163 0.0000000000
4629  -5.131  -74.929  -4.104 0.0000000000
4630  -6.086  -75.063  -4.057 0.0000000000
4631  -6.925  -75.025  -3.963 0.0000000000
5170  -2.658  -74.111  7.337 0.0000000000
5171  -3.075  -74.359  7.111 0.0000000000
5172  -3.995  -74.776  7.234 0.0000000000
5173  -4.691  -74.993  6.572 0.0000000000
5178  -3.483  -74.407  6.420 0.0000000000
5179  -4.148  -74.628  6.137 0.0000000000
5180  -4.966  -74.783  5.761 0.0000000000
5181  -5.589  -74.819  5.274 0.0000000000
5188  -3.639  -74.219  5.680 0.0000000000
5189  -4.192  -74.320  5.229 0.0000000000
5190  -4.977  -74.438  4.705 0.0000000000
5191  -5.970  -74.680  4.513 0.0000000000
5192  -6.705  -74.790  4.086 0.0000000000
5199  -5.335  -74.241  3.899 0.0000000000
5200  -6.095  -74.283  3.331 0.0000000000
5201  -7.251  -74.764  3.291 0.0000000000
5209  -6.623  -74.071  1.983 0.0000000000
5210  -7.761  -74.756  2.185 0.0000000000
5219  -6.755  -73.821  1.077 0.0000000000
5220  -7.530  -74.191  0.872 0.0000000000
5221  -8.330  -75.102  1.326 0.0000000000
5228  -7.816  -74.220  -0.344 0.0000000000
5229  -8.338  -74.817  0.205 0.0000000000
5238  -7.911  -74.200  -1.233 0.0000000000
5239  -8.287  -74.740  -0.779 0.0000000000
5248  -8.058  -74.176  -1.876 0.0000000000
5249  -8.271  -74.701  -1.588 0.0000000000
5258  -0.778  -75.249  -2.621 0.0000000000
5259  -1.101  -75.054  -2.652 0.0000000000
5260  -1.901  -74.813  -2.813 0.0000000000
5261  -2.756  -74.826  -3.080 0.0000000000
5262  -8.017  -73.988  -2.406 0.0000000000
5263  -8.224  -74.582  -2.294 0.0000000000
5271  -0.369  -75.195  -3.723 0.0000000000
5272  -0.648  -75.156  -3.280 0.0000000000
5273  -1.313  -74.773  -3.554 0.0000000000
5274  -2.216  -74.629  -3.735 0.0000000000
5275  -3.371  -74.767  -3.825 0.0000000000
5276  -4.091  -74.701  -4.228 0.0000000000
5277  -8.009  -74.404  -3.071 0.0000000000
5278  -8.230  -74.877  -2.606 0.0000000000
5282  0.385  -74.437  -5.289 0.0000000000
5283  -0.217  -74.810  -4.486 0.0000000000
5284  -0.772  -74.573  -4.400 0.0000000000
5285  -1.561  -74.377  -4.594 0.0000000000
5286  -2.570  -74.417  -4.599 0.0000000000
5287  -3.560  -74.276  -4.786 0.0000000000
5288  -4.646  -74.376  -4.502 0.0000000000
5289  -5.673  -74.365  -4.393 0.0000000000
5290  -6.613  -74.360  -4.270 0.0000000000
5291  -7.396  -74.385  -3.852 0.0000000000
5295  -2.089  -74.170  -5.182 0.0000000000
5296  -2.782  -74.069  -5.202 0.0000000000
5297  -3.235  -73.912  -5.196 0.0000000000
5873  -1.782  -73.157  7.143 0.0000000000
5879  -1.756  -73.075  5.980 0.0000000000
5880  -2.518  -73.787  6.653 0.0000000000
5881  -3.012  -74.208  6.512 0.0000000000
5886  -1.633  -72.925  4.890 0.0000000000
5887  -2.353  -73.483  5.369 0.0000000000
5888  -3.037  -74.011  5.882 0.0000000000
5893  -1.576  -72.763  4.257 0.0000000000
5894  -2.088  -73.087  4.222 0.0000000000
5895  -3.250  -73.688  4.692 0.0000000000
5896  -4.199  -73.972  4.399 0.0000000000
5897  -4.664  -73.988  3.889 0.0000000000
5902  -1.968  -72.804  3.535 0.0000000000
5903  -2.597  -73.004  3.345 0.0000000000
5904  -3.816  -73.524  3.395 0.0000000000
5905  -4.936  -73.795  3.010 0.0000000000
5906  -5.651  -73.831  2.394 0.0000000000
5911  -3.083  -73.009  2.347 0.0000000000
5912  -4.016  -73.339  2.193 0.0000000000
5913  -4.874  -73.563  1.910 0.0000000000
5914  -5.621  -73.661  1.647 0.0000000000
5924  -3.375  -73.016  1.434 0.0000000000
5925  -4.145  -73.243  1.289 0.0000000000
5926  -4.972  -73.344  1.052 0.0000000000
5927  -5.985  -73.579  0.881 0.0000000000
5928  -6.729  -73.669  0.517 0.0000000000
5937  -3.651  -72.999  0.831 0.0000000000
5938  -4.260  -73.013  0.604 0.0000000000
5939  -5.130  -73.075  0.082 0.0000000000
5940  -6.196  -73.388  -0.085 0.0000000000
5941  -7.085  -73.681  -0.175 0.0000000000
5951  -5.849  -72.977  -0.558 0.0000000000
5952  -6.700  -73.237  -1.048 0.0000000000
5953  -7.383  -73.793  -0.943 0.0000000000
5964  -7.062  -73.081  -1.632 0.0000000000
5965  -7.510  -73.495  -1.809 0.0000000000
5978  -7.729  -73.455  -2.836 0.0000000000
5990  -7.556  -73.689  -3.535 0.0000000000
5996  0.613  -73.778  -5.679 0.0000000000
5997  0.224  -73.751  -5.337 0.0000000000
5998  -0.340  -73.752  -5.201 0.0000000000
5999  -0.894  -74.067  -5.097 0.0000000000
6000  -3.521  -73.659  -5.075 0.0000000000
6001  -4.223  -73.655  -4.801 0.0000000000
6002  -5.240  -73.671  -4.521 0.0000000000
6003  -6.221  -73.644  -4.385 0.0000000000
6004  -7.092  -73.525  -4.134 0.0000000000
6006  0.774  -73.478  -5.903 0.0000000000
6007  -0.793  -73.419  -5.293 0.0000000000
6008  -1.452  -73.711  -5.377 0.0000000000
6009  -2.299  -73.594  -5.391 0.0000000000
6010  -3.021  -73.481  -5.266 0.0000000000
6555  -0.926  -71.817  7.860 0.0000000000
6569  -0.906  -71.918  7.039 0.0000000000
6570  -1.320  -72.458  7.573 0.0000000000
6579  -0.872  -71.939  6.461 0.0000000000
6580  -1.243  -72.402  6.495 0.0000000000
6589  -0.821  -71.907  5.856 0.0000000000
6590  -1.213  -72.425  5.382 0.0000000000
6597  -0.767  -71.847  4.912 0.0000000000
6598  -1.155  -72.387  4.332 0.0000000000
6599  -1.567  -72.613  3.748 0.0000000000
6609  -0.723  -71.841  4.098 0.0000000000
6610  -1.066  -72.128  3.418 0.0000000000
6611  -1.781  -72.509  3.029 0.0000000000
6612  -2.370  -72.623  2.491 0.0000000000
6622  -1.435  -72.049  2.801 0.0000000000
6623  -2.007  -72.163  2.448 0.0000000000
6624  -2.769  -72.359  1.705 0.0000000000
6635  -3.303  -72.585  0.910 0.0000000000
6643  -3.755  -72.624  0.563 0.0000000000
6644  -4.399  -72.531  0.272 0.0000000000
6645  -4.930  -72.414  -0.087 0.0000000000
6655  -5.462  -72.475  -0.427 0.0000000000
6656  -6.137  -72.469  -1.060 0.0000000000
6668  -6.867  -72.574  -1.797 0.0000000000
6669  -7.178  -72.971  -1.919 0.0000000000
6682  -7.099  -72.407  -2.201 0.0000000000
6683  -7.259  -72.723  -2.448 0.0000000000
6694  -0.007  -72.196  -4.748 0.0000000000
6695  -0.274  -72.122  -4.575 0.0000000000
6696  -0.996  -72.051  -4.192 0.0000000000
6697  -2.010  -72.086  -3.999 0.0000000000
6698  -3.171  -72.137  -4.121 0.0000000000
6699  -4.340  -72.245  -4.105 0.0000000000
6700  -5.457  -72.280  -3.998 0.0000000000
6701  -6.453  -72.315  -3.934 0.0000000000
6702  -7.220  -72.748  -3.520 0.0000000000
6708  0.553  -73.141  -5.644 0.0000000000
6709  0.063  -72.584  -5.120 0.0000000000
6710  -0.618  -72.672  -5.020 0.0000000000
6711  -1.463  -72.521  -4.798 0.0000000000
6712  -2.443  -72.561  -4.815 0.0000000000
6713  -3.504  -72.934  -4.897 0.0000000000
6714  -4.772  -72.968  -4.443 0.0000000000
6715  -5.831  -72.971  -4.277 0.0000000000
6716  -6.708  -72.992  -4.165 0.0000000000
6717  -7.108  -73.017  -4.068 0.0000000000
6719  0.779  -72.892  -5.967 0.0000000000
6720  -1.167  -72.970  -5.313 0.0000000000
6721  -1.880  -72.971  -5.350 0.0000000000
6722  -2.705  -73.065  -5.269 0.0000000000
6723  -3.084  -73.137  -5.214 0.0000000000
7264  -0.699  -71.237  7.982 0.0000000000
7281  -0.665  -71.301  7.262 0.0000000000
7296  -0.666  -71.496  6.443 0.0000000000
7306  -0.541  -71.240  5.552 0.0000000000
7316  -0.592  -71.219  4.541 0.0000000000
7328  -0.814  -71.430  3.702 0.0000000000
7329  -1.246  -71.580  3.110 0.0000000000
7330  -1.785  -71.425  2.828 0.0000000000
7331  -2.570  -71.346  2.645 0.0000000000
7332  -3.614  -71.358  2.694 0.0000000000
7333  -4.604  -71.207  2.775 0.0000000000
7343  -1.686  -71.794  2.641 0.0000000000
7344  -2.259  -71.779  2.273 0.0000000000
7345  -3.140  -71.670  1.750 0.0000000000
7346  -4.224  -71.521  1.966 0.0000000000
7347  -5.101  -71.155  2.222 0.0000000000
7355  -3.235  -72.059  0.885 0.0000000000
7356  -3.993  -71.770  1.077 0.0000000000
7357  -4.842  -71.416  1.376 0.0000000000
7365  -3.450  -72.366  0.603 0.0000000000
7366  -3.885  -72.183  0.551 0.0000000000
7367  -4.968  -71.745  0.370 0.0000000000
7368  -5.714  -71.211  0.040 0.0000000000
7379  -5.215  -72.089  -0.251 0.0000000000
7380  -5.805  -71.629  -0.566 0.0000000000
7390  -6.478  -71.670  -1.584 0.0000000000
7403  -1.778  -70.880  -2.687 0.0000000000
7404  -2.225  -70.997  -2.879 0.0000000000
7405  -6.952  -72.001  -2.395 0.0000000000
7406  -7.246  -72.229  -2.975 0.0000000000
7416  -0.053  -71.966  -4.640 0.0000000000
7417  -0.660  -71.381  -4.064 0.0000000000
7418  -1.501  -71.367  -3.224 0.0000000000
7419  -2.767  -71.352  -3.413 0.0000000000
7420  -4.002  -71.479  -3.600 0.0000000000
7421  -5.119  -71.578  -3.606 0.0000000000
7422  -6.082  -71.636  -3.591 0.0000000000
7423  -6.852  -71.826  -3.204 0.0000000000
7424  -7.181  -72.220  -3.293 0.0000000000
7432  0.490  -72.461  -5.520 0.0000000000
7433  0.031  -71.614  -4.987 0.0000000000
7434  -0.546  -70.952  -4.250 0.0000000000
7436  0.644  -72.146  -5.872 0.0000000000
7437  0.280  -71.455  -5.850 0.0000000000
7955  -0.544  -70.644  7.598 0.0000000000
7972  -0.468  -70.651  6.501 0.0000000000
7987  -0.481  -70.350  5.290 0.0000000000
7988  -2.448  -70.072  4.691 0.0000000000
7989  -2.827  -69.730  5.029 0.0000000000
8001  -0.847  -70.652  4.123 0.0000000000
8002  -1.533  -70.568  3.969 0.0000000000
8003  -2.339  -70.543  4.081 0.0000000000
8004  -3.460  -70.297  4.506 0.0000000000
8005  -4.866  -70.254  4.253 0.0000000000
8006  -5.517  -70.067  3.961 0.0000000000
8017  -0.978  -71.176  3.489 0.0000000000
8018  -1.325  -71.054  3.392 0.0000000000
8019  -2.027  -70.966  3.322 0.0000000000
8020  -3.015  -70.969  3.476 0.0000000000
8021  -4.241  -70.923  3.586 0.0000000000
8022  -5.555  -70.514  3.198 0.0000000000
8023  -6.175  -69.953  2.819 0.0000000000
8034  -5.630  -70.744  2.195 0.0000000000
8035  -6.052  -70.235  2.249 0.0000000000
8045  -5.389  -71.042  1.684 0.0000000000
8046  -5.768  -70.619  1.536 0.0000000000
8055  -5.366  -71.119  1.098 0.0000000000
8056  -5.774  -70.733  0.640 0.0000000000
8066  -5.955  -70.641  -0.235 0.0000000000
8076  -6.178  -70.708  -1.186 0.0000000000
8090  -0.895  -69.898  -2.379 0.0000000000
8091  -1.318  -70.494  -2.503 0.0000000000
8092  -2.339  -70.392  -2.526 0.0000000000
8093  -3.471  -70.215  -2.631 0.0000000000
8094  -4.541  -70.270  -2.719 0.0000000000
8095  -5.519  -70.451  -2.725 0.0000000000
8096  -6.355  -70.902  -2.409 0.0000000000
8106  -0.712  -70.189  -3.316 0.0000000000
8107  -0.934  -70.941  -3.145 0.0000000000
8108  -2.896  -70.730  -2.931 0.0000000000
8109  -3.757  -70.790  -3.109 0.0000000000
8110  -4.831  -70.887  -3.193 0.0000000000
8111  -5.813  -70.994  -3.216 0.0000000000
8112  -6.361  -71.267  -3.148 0.0000000000
8122  -0.173  -71.022  -5.388 0.0000000000
8123  -0.501  -70.459  -4.660 0.0000000000
8127  -0.437  -70.366  -5.613 0.0000000000
8612  -0.409  -69.967  7.149 0.0000000000
8631  -0.430  -69.645  6.305 0.0000000000
8646  -0.665  -69.411  5.588 0.0000000000
8647  -1.044  -69.312  5.201 0.0000000000
8648  -1.915  -69.473  5.162 0.0000000000
8649  -2.860  -69.115  5.375 0.0000000000
8650  -3.591  -68.968  5.305 0.0000000000
8660  -0.767  -69.890  4.890 0.0000000000
8661  -1.237  -69.968  4.585 0.0000000000
8662  -1.823  -70.143  4.498 0.0000000000
8663  -3.432  -69.510  5.060 0.0000000000
8664  -4.324  -69.395  4.925 0.0000000000
8665  -5.550  -69.379  4.365 0.0000000000
8666  -6.263  -68.663  4.102 0.0000000000
8675  -5.777  -69.865  3.753 0.0000000000
8676  -6.300  -69.413  3.388 0.0000000000
8685  -6.397  -69.471  2.369 0.0000000000
8695  -6.050  -69.800  1.404 0.0000000000
8705  -5.527  -69.308  0.124 0.0000000000
8706  -5.905  -69.897  0.385 0.0000000000
8717  -4.530  -69.154  -1.046 0.0000000000
8718  -5.182  -69.287  -0.746 0.0000000000
8719  -5.914  -69.888  -0.559 0.0000000000
8731  -0.759  -68.779  -1.575 0.0000000000
8732  -1.017  -68.998  -1.451 0.0000000000
8733  -1.715  -69.269  -1.340 0.0000000000
8734  -2.674  -69.250  -1.413 0.0000000000
8735  -3.829  -69.179  -1.347 0.0000000000
8736  -4.887  -69.409  -1.578 0.0000000000
8737  -5.837  -69.913  -1.604 0.0000000000
8750  -0.459  -68.628  -2.292 0.0000000000
8751  -0.671  -69.007  -2.138 0.0000000000
8752  -1.190  -69.645  -1.892 0.0000000000
8753  -1.987  -69.808  -1.935 0.0000000000
8754  -3.063  -69.660  -2.084 0.0000000000
8755  -4.208  -69.690  -2.163 0.0000000000
8756  -5.239  -69.872  -2.250 0.0000000000
8757  -5.849  -70.201  -2.288 0.0000000000
8767  -0.333  -68.656  -2.638 0.0000000000
8768  -0.385  -69.179  -3.064 0.0000000000
8779  -0.274  -68.669  -3.354 0.0000000000
8780  -0.409  -69.216  -4.108 0.0000000000
8788  -0.176  -68.914  -5.748 0.0000000000
8789  -0.515  -69.576  -5.184 0.0000000000
9432  -0.417  -69.084  7.217 0.0000000000
9448  -0.577  -68.644  6.319 0.0000000000
9449  -0.901  -68.188  6.034 0.0000000000
9450  -1.514  -68.095  6.120 0.0000000000
9465  -0.848  -68.811  5.721 0.0000000000
9466  -1.335  -68.702  5.655 0.0000000000
9467  -2.240  -68.513  5.811 0.0000000000
9468  -3.164  -68.471  5.658 0.0000000000
9469  -4.096  -68.363  5.403 0.0000000000
9470  -4.852  -67.955  5.178 0.0000000000
9480  -4.931  -68.670  4.962 0.0000000000
9481  -5.652  -68.178  4.709 0.0000000000
9482  -6.470  -67.880  4.228 0.0000000000
9493  -6.924  -68.223  3.496 0.0000000000
9494  -7.389  -67.745  3.201 0.0000000000
9509  -6.936  -68.767  2.668 0.0000000000
9510  -7.413  -68.033  2.787 0.0000000000
9522  -4.854  -68.206  0.829 0.0000000000
9523  -5.557  -68.334  1.037 0.0000000000
9524  -6.523  -68.547  1.728 0.0000000000
9525  -7.217  -68.277  2.294 0.0000000000
9535  -2.641  -67.943  0.249 0.0000000000
9536  -3.624  -68.201  0.362 0.0000000000
9537  -4.499  -68.432  0.404 0.0000000000
9538  -5.245  -68.673  0.569 0.0000000000
9539  -5.756  -69.145  0.951 0.0000000000
9549  -0.931  -67.858  -0.426 0.0000000000
9550  -1.295  -68.192  -0.353 0.0000000000
9551  -2.041  -68.401  -0.250 0.0000000000
9552  -2.984  -68.493  -0.274 0.0000000000
9553  -4.089  -68.787  -0.490 0.0000000000
9554  -4.965  -68.849  -0.024 0.0000000000
9566  -0.428  -67.811  -1.505 0.0000000000
9567  -0.700  -68.290  -1.186 0.0000000000
9568  -1.434  -68.766  -0.799 0.0000000000
9569  -2.322  -68.909  -0.767 0.0000000000
9570  -3.272  -68.939  -0.849 0.0000000000
9571  -3.742  -68.972  -0.893 0.0000000000
9582  -0.401  -68.212  -2.080 0.0000000000
9583  -0.580  -68.512  -1.793 0.0000000000
9592  -0.159  -68.105  -3.006 0.0000000000
9603  -0.158  -68.118  -4.096 0.0000000000
9604  -0.291  -68.584  -4.565 0.0000000000
9620  0.001  -68.218  -5.185 0.0000000000
9621  -0.384  -68.870  -4.952 0.0000000000
10229  -0.479  -67.799  7.225 0.0000000000
10230  -0.653  -67.136  6.952 0.0000000000
10242  -0.675  -67.953  6.459 0.0000000000
10243  -1.053  -67.428  6.472 0.0000000000
10244  -2.356  -67.527  6.232 0.0000000000
10245  -3.429  -67.030  6.025 0.0000000000
10246  -3.939  -66.804  5.863 0.0000000000
10258  -2.778  -68.071  5.940 0.0000000000
10259  -3.353  -67.775  5.831 0.0000000000
10260  -4.263  -67.265  5.581 0.0000000000
10261  -5.220  -67.296  5.118 0.0000000000
10268  -5.994  -67.266  4.681 0.0000000000
10269  -6.756  -67.105  4.195 0.0000000000
10270  -7.266  -66.801  3.903 0.0000000000
10281  -6.878  -67.648  3.878 0.0000000000
10282  -7.277  -67.324  3.579 0.0000000000
10297  -7.738  -67.288  2.954 0.0000000000
10298  -8.004  -66.966  2.540 0.0000000000
10310  -4.233  -67.194  0.926 0.0000000000
10311  -4.803  -67.618  0.997 0.0000000000
10312  -6.031  -67.756  1.139 0.0000000000
10313  -6.918  -67.591  1.429 0.0000000000
10314  -7.621  -67.502  2.058 0.0000000000
10315  -8.132  -66.855  2.200 0.0000000000
10326  -1.077  -66.988  -0.204 0.0000000000
10327  -1.315  -67.031  -0.030 0.0000000000
10328  -2.066  -67.273  0.375 0.0000000000
10329  -3.512  -67.347  0.772 0.0000000000
10330  -4.208  -68.018  0.844 0.0000000000
10341  -0.821  -67.223  -0.444 0.0000000000
10342  -1.342  -67.586  -0.106 0.0000000000
10343  -1.839  -67.901  0.045 0.0000000000
10356  -0.325  -67.330  -1.750 0.0000000000
10357  -0.443  -67.350  -1.117 0.0000000000
10368  -0.258  -67.389  -2.554 0.0000000000
10378  -0.169  -67.365  -3.473 0.0000000000
10392  0.011  -67.226  -4.295 0.0000000000
10410  0.157  -67.499  -4.885 0.0000000000
10422  0.475  -67.391  -5.764 0.0000000000
11034  -0.450  -66.941  8.152 0.0000000000
11035  -0.917  -66.357  8.271 0.0000000000
11036  -1.505  -66.152  7.957 0.0000000000
11052  -0.436  -67.263  7.808 0.0000000000
11053  -0.625  -66.860  7.488 0.0000000000
11054  -1.374  -66.419  7.433 0.0000000000
11055  -2.261  -66.349  7.218 0.0000000000
11069  -0.980  -66.797  6.925 0.0000000000
11070  -1.773  -66.815  6.795 0.0000000000
11071  -2.910  -66.539  6.632 0.0000000000
11072  -3.842  -66.436  6.237 0.0000000000
11073  -4.452  -66.173  6.040 0.0000000000
11085  -4.285  -66.607  5.826 0.0000000000
11086  -4.980  -66.435  5.569 0.0000000000
11087  -5.639  -66.146  5.232 0.0000000000
11099  -5.595  -66.701  5.046 0.0000000000
11100  -6.244  -66.395  4.770 0.0000000000
11101  -7.070  -66.332  4.277 0.0000000000
11111  -7.849  -66.380  3.512 0.0000000000
11112  -8.346  -65.966  3.075 0.0000000000
11122  -8.029  -66.788  2.886 0.0000000000
11123  -8.330  -66.350  2.559 0.0000000000
11133  -4.060  -66.858  0.904 0.0000000000
11134  -4.685  -66.934  0.868 0.0000000000
11135  -5.599  -67.056  0.868 0.0000000000
11136  -6.629  -67.055  0.958 0.0000000000
11137  -7.487  -66.886  1.247 0.0000000000
11138  -8.198  -66.411  1.621 0.0000000000
11149  -1.116  -66.686  -0.221 0.0000000000
11150  -1.668  -66.436  0.173 0.0000000000
11151  -2.648  -66.554  0.547 0.0000000000
11152  -3.590  -66.463  0.731 0.0000000000
11153  -4.412  -66.375  0.720 0.0000000000
11154  -5.297  -66.412  0.623 0.0000000000
11155  -6.281  -66.423  0.574 0.0000000000
11156  -7.232  -66.355  0.644 0.0000000000
11157  -7.936  -66.165  0.871 0.0000000000
11169  -0.502  -66.381  -0.938 0.0000000000
11170  -0.751  -66.365  -0.611 0.0000000000
11171  -1.182  -66.117  -0.304 0.0000000000
11184  -0.411  -66.568  -1.332 0.0000000000
11185  -0.523  -66.770  -0.838 0.0000000000
11192  -0.312  -66.557  -2.143 0.0000000000
11201  -0.262  -66.601  -3.013 0.0000000000
11217  -0.124  -66.552  -3.931 0.0000000000
11238  0.215  -66.451  -5.084 0.0000000000
11819  -1.092  -66.029  8.838 0.0000000000
11820  -1.892  -65.869  8.514 0.0000000000
11821  -2.955  -65.238  8.692 0.0000000000
11829  -2.035  -66.102  7.706 0.0000000000
11830  -3.245  -65.701  7.444 0.0000000000
11831  -4.178  -65.241  6.895 0.0000000000
11838  -3.558  -66.093  6.696 0.0000000000
11839  -4.175  -65.723  6.523 0.0000000000
11840  -4.901  -65.658  6.040 0.0000000000
11849  -5.435  -65.626  5.622 0.0000000000
11850  -5.971  -65.573  5.152 0.0000000000
11860  -6.644  -65.599  4.688 0.0000000000
11861  -7.349  -65.575  4.205 0.0000000000
11872  -7.822  -65.425  3.770 0.0000000000
11873  -8.219  -65.497  3.320 0.0000000000
11885  -8.491  -65.513  2.714 0.0000000000
11893  -8.626  -65.470  1.819 0.0000000000
11894  -8.741  -65.075  1.199 0.0000000000
11902  -2.239  -65.944  0.264 0.0000000000
11903  -3.073  -65.904  0.303 0.0000000000
11904  -4.028  -65.820  0.323 0.0000000000
11905  -4.979  -65.843  0.248 0.0000000000
11906  -5.959  -65.864  0.123 0.0000000000
11907  -6.961  -65.783  0.082 0.0000000000
11908  -7.824  -65.652  0.267 0.0000000000
11909  -8.516  -65.317  0.764 0.0000000000
11910  -8.749  -65.107  0.970 0.0000000000
11919  -0.554  -65.960  -1.075 0.0000000000
11920  -0.974  -65.566  -0.824 0.0000000000
11921  -1.626  -65.623  -0.270 0.0000000000
11922  -2.523  -65.471  -0.253 0.0000000000
11923  -3.601  -65.300  -0.481 0.0000000000
11924  -4.620  -65.408  -0.378 0.0000000000
11925  -5.602  -65.470  -0.487 0.0000000000
11926  -6.616  -65.422  -0.586 0.0000000000
11927  -7.711  -65.091  -0.605 0.0000000000
11928  -8.226  -65.156  -0.023 0.0000000000
11939  -0.487  -65.688  -1.814 0.0000000000
11940  -0.728  -65.383  -1.377 0.0000000000
11941  -3.864  -64.993  -0.906 0.0000000000
11942  -4.303  -65.010  -0.957 0.0000000000
11943  -5.225  -65.063  -1.080 0.0000000000
11944  -6.196  -65.057  -1.176 0.0000000000
11945  -7.047  -64.927  -1.186 0.0000000000
11952  -0.314  -65.743  -2.676 0.0000000000
11963  -0.210  -65.884  -3.434 0.0000000000
11982  -0.110  -65.608  -4.248 0.0000000000
12005  0.059  -65.289  -5.094 0.0000000000
12629  -3.304  -64.480  8.942 0.0000000000
12638  -3.647  -64.648  8.008 0.0000000000
12639  -4.147  -64.704  7.153 0.0000000000
12647  -4.838  -64.772  6.290 0.0000000000
12648  -5.259  -65.184  5.932 0.0000000000
12655  -5.126  -64.358  5.771 0.0000000000
12656  -5.563  -64.699  5.492 0.0000000000
12657  -6.256  -64.991  4.971 0.0000000000
12666  -6.104  -64.442  4.799 0.0000000000
12667  -6.843  -64.721  4.453 0.0000000000
12668  -7.481  -64.953  4.035 0.0000000000
12679  -7.260  -64.477  3.898 0.0000000000
12680  -7.883  -64.693  3.503 0.0000000000
12681  -8.405  -64.956  3.032 0.0000000000
12687  -8.187  -64.499  2.887 0.0000000000
12688  -8.576  -64.748  2.364 0.0000000000
12694  -8.710  -64.725  1.515 0.0000000000
12695  -8.790  -64.851  1.039 0.0000000000
12701  -8.667  -64.557  0.814 0.0000000000
12702  -8.730  -64.915  0.813 0.0000000000
12710  -1.054  -65.236  -1.046 0.0000000000
12711  -1.327  -65.201  -0.951 0.0000000000
12712  -2.014  -65.081  -0.867 0.0000000000
12713  -2.828  -65.008  -0.887 0.0000000000
12714  -8.068  -64.495  -0.884 0.0000000000
12715  -8.374  -64.396  -0.254 0.0000000000
12722  -0.679  -64.864  -1.985 0.0000000000
12723  -1.025  -64.933  -1.426 0.0000000000
12724  -1.623  -64.680  -1.416 0.0000000000
12725  -2.471  -64.395  -1.580 0.0000000000
12726  -3.680  -64.715  -1.340 0.0000000000
12727  -4.792  -64.641  -1.617 0.0000000000
12728  -5.802  -64.584  -1.694 0.0000000000
12729  -6.721  -64.486  -1.635 0.0000000000
12730  -7.603  -64.216  -1.424 0.0000000000
12731  -8.168  -64.194  -0.987 0.0000000000
12736  -0.450  -64.932  -2.511 0.0000000000
12737  -2.690  -63.887  -2.081 0.0000000000
12738  -3.325  -64.026  -2.023 0.0000000000
12739  -4.314  -64.144  -2.148 0.0000000000
12740  -5.365  -64.115  -2.278 0.0000000000
12741  -6.361  -64.024  -2.152 0.0000000000
12742  -7.004  -64.057  -1.916 0.0000000000
12747  -0.258  -64.927  -3.422 0.0000000000
12756  -0.057  -64.546  -4.509 0.0000000000
12766  0.149  -64.421  -5.554 0.0000000000
13391  -3.493  -63.590  8.138 0.0000000000
13392  -3.931  -63.986  7.374 0.0000000000
13404  -3.480  -63.298  6.878 0.0000000000
13405  -4.248  -63.879  6.502 0.0000000000
13415  -3.568  -63.228  5.676 0.0000000000
13416  -4.748  -63.859  5.376 0.0000000000
13417  -5.560  -64.021  4.807 0.0000000000
13431  -3.632  -63.172  4.258 0.0000000000
13432  -5.009  -63.629  4.058 0.0000000000
13433  -6.205  -63.969  4.107 0.0000000000
13434  -6.860  -64.252  3.973 0.0000000000
13442  -3.738  -62.962  3.462 0.0000000000
13443  -4.428  -63.197  2.988 0.0000000000
13444  -5.739  -63.610  3.026 0.0000000000
13445  -7.078  -64.004  3.290 0.0000000000
13446  -7.822  -64.254  3.045 0.0000000000
13451  -4.745  -62.909  2.369 0.0000000000
13452  -5.403  -63.107  1.894 0.0000000000
13453  -6.695  -63.551  2.126 0.0000000000
13454  -7.962  -64.016  2.342 0.0000000000
13455  -8.501  -64.364  1.925 0.0000000000
13462  -5.765  -62.839  1.185 0.0000000000
13463  -6.470  -63.092  0.997 0.0000000000
13464  -7.636  -63.533  1.299 0.0000000000
13465  -8.462  -64.064  1.426 0.0000000000
13474  -6.850  -62.869  0.432 0.0000000000
13475  -7.532  -63.097  0.323 0.0000000000
13476  -8.371  -63.710  0.543 0.0000000000
13484  -7.832  -63.021  -0.196 0.0000000000
13485  -8.124  -63.390  -0.293 0.0000000000
13490  -0.729  -64.464  -2.370 0.0000000000
13491  -0.917  -64.396  -2.204 0.0000000000
13492  -1.396  -64.283  -1.991 0.0000000000
13493  -1.848  -64.241  -1.820 0.0000000000
13494  -7.627  -63.472  -1.562 0.0000000000
13495  -8.075  -63.602  -1.035 0.0000000000
13500  -0.579  -64.491  -2.547 0.0000000000
13501  -0.702  -64.093  -2.668 0.0000000000
13502  -1.117  -63.680  -2.654 0.0000000000
13503  -2.064  -63.668  -2.327 0.0000000000
13504  -2.955  -63.570  -2.476 0.0000000000
13505  -3.821  -63.626  -2.650 0.0000000000
13506  -4.809  -63.614  -2.808 0.0000000000
13507  -5.897  -63.401  -2.802 0.0000000000
13508  -7.018  -63.372  -2.136 0.0000000000
13514  -0.439  -64.226  -2.989 0.0000000000
13515  -0.637  -63.525  -3.344 0.0000000000
13516  -1.085  -63.152  -3.312 0.0000000000
13517  -2.576  -63.212  -2.791 0.0000000000
13518  -3.269  -63.142  -3.024 0.0000000000
13519  -4.185  -63.122  -3.213 0.0000000000
13520  -5.079  -63.020  -3.326 0.0000000000
13521  -5.707  -62.724  -3.219 0.0000000000
13531  -0.285  -63.886  -3.873 0.0000000000
13532  -0.449  -63.156  -4.262 0.0000000000
13542  -0.033  -63.390  -4.986 0.0000000000
13543  -0.325  -62.833  -4.808 0.0000000000
14207  -1.594  -61.757  7.725 0.0000000000
14208  -2.069  -62.159  8.297 0.0000000000
14209  -2.922  -62.842  8.748 0.0000000000
14224  -1.496  -61.717  7.293 0.0000000000
14225  -1.797  -62.071  7.319 0.0000000000
14226  -2.668  -62.632  7.419 0.0000000000
14241  -1.454  -61.738  6.827 0.0000000000
14242  -1.905  -62.243  6.528 0.0000000000
14243  -2.672  -62.693  6.154 0.0000000000
14258  -1.407  -61.827  6.082 0.0000000000
14259  -1.877  -62.306  5.634 0.0000000000
14260  -2.641  -62.660  5.106 0.0000000000
14274  -1.503  -61.885  5.473 0.0000000000
14275  -1.876  -62.137  4.936 0.0000000000
14276  -2.748  -62.336  4.507 0.0000000000
14283  -3.461  -62.564  3.858 0.0000000000
14284  -4.025  -62.663  3.257 0.0000000000
14290  -4.533  -62.655  2.675 0.0000000000
14291  -5.013  -62.549  2.142 0.0000000000
14299  -5.490  -62.311  1.135 0.0000000000
14300  -5.947  -62.729  0.867 0.0000000000
14308  -5.699  -62.085  0.492 0.0000000000
14309  -6.338  -62.488  0.284 0.0000000000
14310  -7.060  -62.774  0.170 0.0000000000
14318  -6.860  -62.241  -0.698 0.0000000000
14319  -7.423  -62.735  -0.348 0.0000000000
14320  -7.922  -63.008  -0.444 0.0000000000
14327  -7.046  -62.179  -1.207 0.0000000000
14328  -7.476  -62.673  -1.396 0.0000000000
14329  -7.930  -63.032  -0.749 0.0000000000
14335  -1.671  -63.096  -2.985 0.0000000000
14336  -2.175  -63.120  -2.834 0.0000000000
14337  -6.345  -62.569  -2.769 0.0000000000
14338  -6.980  -62.502  -2.181 0.0000000000
14345  -0.882  -62.930  -3.987 0.0000000000
14346  -1.501  -62.716  -3.737 0.0000000000
14347  -2.456  -62.786  -3.432 0.0000000000
14348  -3.545  -62.679  -3.619 0.0000000000
14349  -4.407  -62.575  -3.611 0.0000000000
14350  -5.119  -62.334  -3.540 0.0000000000
14351  -5.743  -62.241  -3.223 0.0000000000
14356  -0.638  -62.617  -4.667 0.0000000000
14357  -1.266  -62.318  -4.573 0.0000000000
14358  -2.019  -62.255  -4.242 0.0000000000
14359  -2.945  -62.238  -4.185 0.0000000000
14360  -3.847  -62.172  -4.021 0.0000000000
14361  -4.482  -62.145  -3.801 0.0000000000
14372  0.059  -62.939  -5.689 0.0000000000
14373  -0.443  -62.427  -5.466 0.0000000000
14374  -0.924  -62.246  -5.052 0.0000000000
15103  -1.481  -61.231  9.400 0.0000000000
15119  -1.481  -61.520  8.403 0.0000000000
15120  -1.796  -61.865  9.109 0.0000000000
15133  -1.338  -61.270  7.460 0.0000000000
15147  -1.207  -61.160  6.536 0.0000000000
15164  -1.293  -61.231  5.741 0.0000000000
15165  -2.249  -61.122  5.011 0.0000000000
15166  -2.653  -61.227  4.932 0.0000000000
15181  -1.655  -61.444  5.198 0.0000000000
15182  -2.168  -61.540  4.803 0.0000000000
15183  -3.207  -61.747  4.363 0.0000000000
15184  -4.117  -61.659  3.985 0.0000000000
15185  -4.893  -61.364  3.726 0.0000000000
15192  -3.789  -62.192  3.651 0.0000000000
15193  -4.516  -62.036  3.062 0.0000000000
15194  -5.372  -61.328  3.030 0.0000000000
15200  -4.763  -62.296  2.471 0.0000000000
15201  -5.222  -61.748  2.119 0.0000000000
15210  -5.442  -61.382  1.196 0.0000000000
15218  -4.878  -60.977  -0.320 0.0000000000
15219  -5.393  -61.460  0.314 0.0000000000
15220  -5.828  -62.000  0.217 0.0000000000
15226  -4.764  -61.027  -1.051 0.0000000000
15227  -5.489  -61.462  -0.701 0.0000000000
15228  -6.045  -61.916  -0.305 0.0000000000
15235  -4.724  -61.065  -1.994 0.0000000000
15236  -5.593  -61.423  -1.647 0.0000000000
15237  -6.472  -61.890  -1.268 0.0000000000
15238  -7.073  -62.168  -1.458 0.0000000000
15245  -4.656  -61.224  -2.918 0.0000000000
15246  -5.486  -61.496  -2.546 0.0000000000
15247  -6.406  -61.868  -2.252 0.0000000000
15248  -7.012  -62.125  -1.780 0.0000000000
15255  -4.442  -61.484  -3.581 0.0000000000
15256  -5.247  -61.736  -3.290 0.0000000000
15257  -5.964  -61.911  -2.923 0.0000000000
15268  -1.748  -61.932  -4.761 0.0000000000
15269  -2.345  -61.727  -4.692 0.0000000000
15270  -3.314  -61.509  -4.469 0.0000000000
15271  -4.136  -61.749  -3.958 0.0000000000
15272  -4.733  -61.884  -3.694 0.0000000000
15289  -0.847  -61.941  -6.009 0.0000000000
15290  -1.451  -61.510  -5.446 0.0000000000
15291  -2.588  -61.160  -4.960 0.0000000000
15292  -3.131  -61.027  -4.840 0.0000000000
16068  -1.556  -60.329  9.890 0.0000000000
16082  -1.438  -60.493  8.496 0.0000000000
16096  -1.301  -60.365  7.198 0.0000000000
16107  -1.162  -60.369  6.191 0.0000000000
16122  -1.656  -60.527  5.429 0.0000000000
16123  -2.442  -60.598  5.245 0.0000000000
16124  -3.563  -60.752  5.006 0.0000000000
16125  -4.300  -60.347  4.949 0.0000000000
16137  -1.816  -61.153  5.109 0.0000000000
16138  -2.028  -60.969  5.095 0.0000000000
16139  -3.853  -61.321  4.517 0.0000000000
16140  -4.612  -60.825  4.566 0.0000000000
16141  -5.781  -60.621  3.866 0.0000000000
16142  -6.395  -60.124  3.687 0.0000000000
16152  -6.017  -60.863  3.017 0.0000000000
16153  -6.375  -60.381  3.233 0.0000000000
16158  -5.761  -60.945  2.383 0.0000000000
16159  -6.218  -60.392  2.571 0.0000000000
16168  -5.642  -60.726  1.624 0.0000000000
16169  -6.000  -60.384  2.070 0.0000000000
16179  -4.644  -60.511  0.133 0.0000000000
16180  -5.218  -60.554  0.791 0.0000000000
16188  -3.496  -60.072  -0.685 0.0000000000
16189  -4.192  -60.568  -0.485 0.0000000000
16197  -3.294  -60.140  -1.214 0.0000000000
16198  -3.874  -60.591  -1.341 0.0000000000
16206  -3.264  -60.133  -1.892 0.0000000000
16207  -3.905  -60.717  -2.444 0.0000000000
16216  -2.636  -59.784  -3.307 0.0000000000
16217  -3.141  -60.160  -3.104 0.0000000000
16218  -3.928  -60.903  -3.456 0.0000000000
16234  -2.641  -59.894  -3.976 0.0000000000
16235  -3.271  -60.667  -4.347 0.0000000000
16236  -3.884  -61.253  -4.049 0.0000000000
16252  -1.424  -60.228  -5.740 0.0000000000
16253  -2.301  -60.412  -5.004 0.0000000000
16254  -2.876  -60.796  -4.903 0.0000000000
17058  -1.669  -59.342  9.310 0.0000000000
17071  -1.572  -59.281  7.977 0.0000000000
17084  -1.454  -59.538  6.816 0.0000000000
17095  -1.571  -59.540  5.967 0.0000000000
17096  -1.972  -59.141  5.899 0.0000000000
17112  -1.717  -59.894  5.599 0.0000000000
17113  -2.161  -59.649  5.604 0.0000000000
17114  -3.187  -59.733  5.465 0.0000000000
17115  -4.346  -59.639  5.184 0.0000000000
17116  -5.001  -59.196  5.119 0.0000000000
17128  -4.657  -60.132  4.892 0.0000000000
17129  -5.340  -59.717  4.774 0.0000000000
17130  -6.485  -59.522  4.083 0.0000000000
17131  -6.997  -58.983  3.874 0.0000000000
17143  -6.757  -59.872  3.370 0.0000000000
17144  -7.102  -59.278  3.441 0.0000000000
17150  -6.624  -60.037  2.773 0.0000000000
17151  -7.032  -59.609  2.769 0.0000000000
17158  -5.961  -60.139  1.717 0.0000000000
17159  -6.501  -59.735  2.019 0.0000000000
17160  -7.131  -59.341  2.307 0.0000000000
17167  -3.990  -59.082  0.019 0.0000000000
17168  -4.511  -59.584  0.368 0.0000000000
17169  -5.719  -59.742  1.215 0.0000000000
17170  -6.356  -59.437  1.449 0.0000000000
17179  -2.955  -58.547  -0.489 0.0000000000
17180  -3.451  -59.182  -0.320 0.0000000000
17181  -3.949  -60.017  -0.080 0.0000000000
17189  -1.868  -58.204  -1.424 0.0000000000
17190  -2.353  -58.618  -1.058 0.0000000000
17191  -2.820  -59.623  -1.251 0.0000000000
17197  -1.652  -58.353  -1.773 0.0000000000
17198  -2.016  -59.091  -1.930 0.0000000000
17199  -2.626  -59.684  -2.325 0.0000000000
17208  -1.396  -58.555  -2.662 0.0000000000
17209  -2.117  -59.345  -3.171 0.0000000000
17210  -2.620  -59.744  -2.952 0.0000000000
17227  -1.148  -58.756  -3.914 0.0000000000
17228  -1.856  -59.521  -4.474 0.0000000000
17242  -1.676  -59.829  -5.192 0.0000000000
18091  -1.772  -58.288  8.899 0.0000000000
18100  -1.790  -58.297  8.064 0.0000000000
18111  -1.856  -58.567  7.258 0.0000000000
18112  -2.261  -58.276  7.080 0.0000000000
18124  -1.704  -59.075  6.589 0.0000000000
18125  -2.183  -58.662  6.504 0.0000000000
18126  -2.932  -58.547  6.313 0.0000000000
18127  -3.372  -58.563  6.098 0.0000000000
18141  -2.372  -58.949  5.948 0.0000000000
18142  -2.935  -58.989  5.806 0.0000000000
18143  -3.871  -58.728  5.758 0.0000000000
18144  -4.913  -58.583  5.394 0.0000000000
18145  -5.543  -58.312  5.098 0.0000000000
18157  -5.367  -58.875  5.021 0.0000000000
18158  -6.018  -58.646  4.699 0.0000000000
18159  -6.777  -58.535  4.170 0.0000000000
18172  -7.344  -58.507  3.565 0.0000000000
18173  -7.821  -58.266  2.995 0.0000000000
18183  -7.523  -58.980  2.742 0.0000000000
18184  -7.933  -58.350  2.263 0.0000000000
18193  -6.708  -59.299  1.527 0.0000000000
18194  -7.340  -58.982  1.726 0.0000000000
18195  -8.054  -58.186  1.401 0.0000000000
18203  -3.818  -58.855  -0.081 0.0000000000
18204  -4.353  -58.776  0.059 0.0000000000
18205  -5.375  -58.915  0.492 0.0000000000
18206  -6.565  -58.956  0.919 0.0000000000
18207  -7.620  -58.441  0.724 0.0000000000
18208  -8.177  -57.818  0.552 0.0000000000
18218  -2.695  -58.030  -0.647 0.0000000000
18219  -3.609  -58.421  -0.276 0.0000000000
18220  -4.412  -58.302  -0.242 0.0000000000
18221  -5.229  -58.286  -0.243 0.0000000000
18222  -6.208  -58.446  -0.001 0.0000000000
18223  -7.180  -58.371  -0.006 0.0000000000
18224  -7.973  -58.032  -0.185 0.0000000000
18231  -1.590  -57.868  -1.740 0.0000000000
18232  -2.029  -57.985  -1.223 0.0000000000
18233  -5.517  -58.135  -0.655 0.0000000000
18234  -5.977  -58.195  -0.699 0.0000000000
18235  -6.878  -58.196  -0.732 0.0000000000
18236  -7.582  -58.058  -0.727 0.0000000000
18243  -1.177  -57.840  -2.386 0.0000000000
18251  -0.706  -57.971  -3.281 0.0000000000
18268  -0.541  -58.275  -4.017 0.0000000000
19105  -1.753  -57.180  9.524 0.0000000000
19115  -2.014  -57.391  8.452 0.0000000000
19116  -2.385  -57.004  8.174 0.0000000000
19126  -2.028  -57.976  7.829 0.0000000000
19127  -2.504  -57.603  7.567 0.0000000000
19128  -3.100  -57.300  7.276 0.0000000000
19139  -2.481  -58.133  7.007 0.0000000000
19140  -2.964  -57.902  6.888 0.0000000000
19141  -3.737  -57.920  6.388 0.0000000000
19153  -4.662  -57.733  5.879 0.0000000000
19154  -5.418  -57.621  5.284 0.0000000000
19155  -5.890  -57.894  4.914 0.0000000000
19165  -5.886  -57.326  4.844 0.0000000000
19166  -6.417  -57.637  4.432 0.0000000000
19167  -7.027  -57.894  3.929 0.0000000000
19178  -6.841  -57.350  3.875 0.0000000000
19179  -7.427  -57.548  3.317 0.0000000000
19180  -7.917  -57.788  2.680 0.0000000000
19192  -7.721  -57.282  2.622 0.0000000000
19193  -8.058  -57.534  1.996 0.0000000000
19201  -8.159  -57.450  1.154 0.0000000000
19209  -8.149  -57.244  0.529 0.0000000000
19220  -2.927  -57.688  -0.903 0.0000000000
19221  -3.471  -57.824  -0.728 0.0000000000
19222  -4.285  -57.974  -0.591 0.0000000000
19223  -4.802  -58.088  -0.472 0.0000000000
19224  -8.118  -57.244  -0.212 0.0000000000
19233  -1.824  -57.563  -1.681 0.0000000000
19234  -2.470  -57.569  -1.327 0.0000000000
19235  -3.325  -57.512  -1.355 0.0000000000
19236  -4.264  -57.677  -1.359 0.0000000000
19237  -5.353  -57.946  -1.105 0.0000000000
19238  -6.591  -57.934  -1.432 0.0000000000
19239  -7.435  -57.792  -1.375 0.0000000000
19240  -7.941  -57.448  -1.096 0.0000000000
19247  -1.322  -57.122  -2.357 0.0000000000
19248  -2.055  -57.100  -2.056 0.0000000000
19249  -2.975  -57.161  -2.040 0.0000000000
19250  -4.007  -57.238  -2.108 0.0000000000
19251  -5.227  -57.380  -2.342 0.0000000000
19252  -6.275  -57.629  -2.197 0.0000000000
19253  -7.342  -57.369  -2.218 0.0000000000
19254  -7.729  -57.350  -1.741 0.0000000000
19262  -0.796  -57.178  -2.995 0.0000000000
19263  -5.646  -57.134  -2.848 0.0000000000
19264  -6.061  -57.205  -2.849 0.0000000000
19265  -6.831  -57.220  -2.802 0.0000000000
20113  -1.781  -56.339  8.979 0.0000000000
20114  -2.150  -56.431  8.433 0.0000000000
20126  -2.558  -56.517  7.956 0.0000000000
20127  -3.043  -56.664  7.463 0.0000000000
20135  -3.570  -56.940  6.899 0.0000000000
20136  -4.286  -56.865  6.194 0.0000000000
20148  -5.039  -56.670  5.289 0.0000000000
20149  -5.610  -57.014  5.009 0.0000000000
20160  -5.156  -56.234  4.631 0.0000000000
20161  -5.845  -56.654  4.326 0.0000000000
20162  -6.480  -57.063  4.065 0.0000000000
20174  -6.081  -56.393  3.576 0.0000000000
20175  -6.674  -56.770  3.484 0.0000000000
20176  -7.320  -56.889  2.860 0.0000000000
20188  -6.220  -56.266  3.056 0.0000000000
20189  -6.817  -56.403  2.499 0.0000000000
20190  -7.581  -56.803  2.111 0.0000000000
20191  -7.959  -57.004  1.513 0.0000000000
20197  -7.147  -56.373  1.770 0.0000000000
20198  -7.567  -56.559  1.287 0.0000000000
20199  -7.998  -56.893  0.909 0.0000000000
20207  -7.670  -56.532  0.644 0.0000000000
20208  -7.984  -56.799  0.261 0.0000000000
20218  -7.650  -56.434  0.074 0.0000000000
20219  -7.879  -56.582  -0.396 0.0000000000
20228  -7.977  -56.746  -1.059 0.0000000000
20238  -1.261  -56.704  -2.766 0.0000000000
20239  -1.637  -56.651  -2.693 0.0000000000
20240  -2.559  -56.628  -2.706 0.0000000000
20241  -3.632  -56.719  -2.764 0.0000000000
20242  -4.586  -56.904  -2.789 0.0000000000
20243  -7.673  -56.973  -2.519 0.0000000000
20244  -7.841  -56.706  -2.168 0.0000000000
20256  -4.401  -56.403  -3.451 0.0000000000
20257  -5.534  -56.809  -3.271 0.0000000000
20258  -6.634  -56.837  -3.420 0.0000000000
20259  -7.509  -56.746  -3.075 0.0000000000
20260  -8.011  -56.029  -3.372 0.0000000000
20271  -5.182  -56.090  -4.129 0.0000000000
20272  -6.250  -56.359  -4.198 0.0000000000
20273  -7.255  -56.368  -4.084 0.0000000000
20274  -7.790  -56.241  -3.813 0.0000000000
21045  -1.732  -55.336  8.778 0.0000000000
21046  -1.908  -55.886  8.604 0.0000000000
21064  -1.790  -55.055  8.188 0.0000000000
21065  -2.137  -55.578  8.102 0.0000000000
21066  -2.684  -55.893  7.559 0.0000000000
21080  -1.927  -54.869  7.738 0.0000000000
21081  -2.353  -55.100  7.152 0.0000000000
21082  -3.182  -55.817  6.895 0.0000000000
21083  -3.791  -56.184  6.380 0.0000000000
21096  -2.662  -55.088  6.230 0.0000000000
21097  -3.377  -55.541  5.943 0.0000000000
21098  -4.174  -55.993  5.648 0.0000000000
21107  -2.750  -55.085  5.330 0.0000000000
21108  -3.518  -55.443  4.990 0.0000000000
21109  -4.480  -55.811  4.637 0.0000000000
21110  -5.119  -56.019  4.121 0.0000000000
21122  -2.779  -55.075  4.357 0.0000000000
21123  -3.568  -55.364  3.944 0.0000000000
21124  -4.477  -55.650  3.543 0.0000000000
21125  -5.494  -56.040  3.345 0.0000000000
21138  -2.813  -55.074  3.405 0.0000000000
21139  -3.497  -55.274  2.713 0.0000000000
21140  -4.717  -55.591  2.431 0.0000000000
21141  -5.897  -55.958  2.242 0.0000000000
21142  -6.630  -56.123  1.773 0.0000000000
21152  -3.802  -55.242  1.369 0.0000000000
21153  -5.141  -55.556  1.313 0.0000000000
21154  -6.193  -55.827  1.190 0.0000000000
21155  -7.020  -56.137  1.103 0.0000000000
21156  -7.405  -56.348  0.872 0.0000000000
21165  -3.790  -55.160  0.522 0.0000000000
21166  -4.518  -55.244  0.269 0.0000000000
21167  -5.687  -55.498  0.320 0.0000000000
21168  -6.655  -55.829  0.288 0.0000000000
21169  -7.307  -56.213  0.411 0.0000000000
21182  -4.673  -55.096  -0.440 0.0000000000
21183  -5.280  -55.185  -0.412 0.0000000000
21184  -6.215  -55.349  -0.797 0.0000000000
21185  -7.334  -56.011  -0.578 0.0000000000
21186  -7.775  -56.368  -0.891 0.0000000000
21194  -6.332  -55.088  -1.612 0.0000000000
21195  -7.048  -55.321  -1.856 0.0000000000
21196  -7.695  -56.121  -1.554 0.0000000000
21204  -7.355  -55.053  -2.627 0.0000000000
21205  -7.775  -55.481  -2.759 0.0000000000
21206  -12.876  -55.157  -3.129 0.0000000000
21207  -13.339  -55.130  -3.122 0.0000000000
21216  -8.061  -55.221  -3.791 0.0000000000
21217  -12.769  -55.212  -3.756 0.0000000000
21218  -13.235  -55.218  -3.584 0.0000000000
21236  -12.779  -55.238  -4.025 0.0000000000
21237  -13.019  -55.276  -3.993 0.0000000000
22026  -1.831  -54.602  8.095 0.0000000000
22044  -1.888  -54.292  6.987 0.0000000000
22045  -2.172  -54.603  6.335 0.0000000000
22063  -1.956  -54.117  5.577 0.0000000000
22064  -2.303  -54.665  5.662 0.0000000000
22075  -1.937  -53.951  4.278 0.0000000000
22076  -2.293  -54.554  4.816 0.0000000000
22085  -1.908  -53.900  3.013 0.0000000000
22086  -2.299  -54.554  3.695 0.0000000000
22093  -1.706  -53.903  1.752 0.0000000000
22094  -2.389  -54.761  2.358 0.0000000000
22095  -3.054  -55.105  1.951 0.0000000000
22107  -1.805  -53.800  0.616 0.0000000000
22108  -2.208  -54.487  1.049 0.0000000000
22109  -2.825  -54.953  1.402 0.0000000000
22120  -2.115  -53.699  -0.131 0.0000000000
22121  -2.257  -54.228  0.011 0.0000000000
22122  -3.116  -54.873  0.357 0.0000000000
22123  -3.819  -55.105  0.109 0.0000000000
22124  -11.112  -53.697  0.338 0.0000000000
22125  -11.442  -53.683  0.236 0.0000000000
22136  -2.262  -53.620  -0.455 0.0000000000
22137  -2.332  -53.815  -0.713 0.0000000000
22138  -2.907  -54.332  -0.735 0.0000000000
22139  -3.958  -54.867  -0.636 0.0000000000
22140  -4.919  -54.972  -0.974 0.0000000000
22141  -5.519  -55.089  -0.956 0.0000000000
22142  -10.734  -53.851  0.084 0.0000000000
22143  -11.311  -53.961  -0.171 0.0000000000
22144  -11.977  -54.068  -0.483 0.0000000000
22145  -12.650  -54.028  -0.759 0.0000000000
22149  -2.499  -53.566  -1.101 0.0000000000
22150  -2.731  -53.802  -1.423 0.0000000000
22151  -3.521  -54.153  -1.688 0.0000000000
22152  -4.492  -54.500  -1.638 0.0000000000
22153  -5.593  -54.798  -1.659 0.0000000000
22154  -6.376  -54.822  -2.121 0.0000000000
22155  -10.671  -53.975  -0.586 0.0000000000
22156  -11.347  -54.245  -0.988 0.0000000000
22157  -12.157  -54.435  -1.315 0.0000000000
22158  -13.199  -54.373  -1.488 0.0000000000
22159  -14.025  -54.271  -1.991 0.0000000000
22163  -4.110  -54.027  -2.270 0.0000000000
22164  -4.946  -54.037  -2.371 0.0000000000
22165  -5.964  -54.205  -2.566 0.0000000000
22166  -6.915  -54.539  -2.778 0.0000000000
22167  -7.516  -54.773  -3.022 0.0000000000
22168  -10.630  -53.990  -1.501 0.0000000000
22169  -11.342  -54.448  -1.962 0.0000000000
22170  -12.328  -54.859  -2.394 0.0000000000
22171  -13.444  -54.855  -2.552 0.0000000000
22172  -14.396  -54.561  -2.692 0.0000000000
22173  -14.938  -54.399  -3.080 0.0000000000
22177  -7.384  -54.271  -3.308 0.0000000000
22178  -7.844  -54.519  -3.625 0.0000000000
22179  -10.587  -53.890  -2.501 0.0000000000
22180  -11.239  -54.416  -3.129 0.0000000000
22181  -12.178  -54.978  -3.500 0.0000000000
22182  -13.768  -55.039  -3.278 0.0000000000
22183  -14.488  -54.875  -3.555 0.0000000000
22184  -15.290  -54.488  -3.689 0.0000000000
22194  -11.520  -54.462  -4.231 0.0000000000
22195  -12.538  -55.125  -4.327 0.0000000000
22196  -13.602  -55.205  -4.260 0.0000000000
22197  -14.709  -54.923  -4.502 0.0000000000
22198  -15.649  -54.482  -4.617 0.0000000000
22199  -16.094  -54.108  -5.003 0.0000000000
22250  -23.632  -54.143  -6.856 0.0000000000
22276  -23.802  -54.489  -7.595 0.0000000000
22291  -24.418  -54.219  -8.528 0.0000000000
22292  -24.836  -53.823  -8.772 0.0000000000
22300  -24.475  -54.787  -9.498 0.0000000000
22301  -24.916  -54.143  -9.402 0.0000000000
22312  -24.455  -55.186  -10.420 0.0000000000
22313  -24.886  -54.537  -10.394 0.0000000000
22330  -24.403  -55.459  -11.114 0.0000000000
22331  -24.677  -54.906  -11.274 0.0000000000
22346  -24.473  -55.380  -11.877 0.0000000000
22347  -24.764  -54.742  -12.274 0.0000000000
22354  -24.463  -55.264  -12.907 0.0000000000
22355  -24.740  -54.599  -13.350 0.0000000000
22368  -24.131  -54.962  -14.338 0.0000000000
22369  -24.654  -54.366  -14.046 0.0000000000
22383  -23.804  -54.520  -15.220 0.0000000000
23086  -1.910  -54.122  7.757 0.0000000000
23103  -2.021  -53.775  7.068 0.0000000000
23104  -2.452  -53.355  6.734 0.0000000000
23123  -2.081  -53.463  6.014 0.0000000000
23124  -2.323  -53.162  6.093 0.0000000000
23136  -1.900  -53.372  4.859 0.0000000000
23141  -1.735  -53.199  3.678 0.0000000000
23148  -1.523  -53.103  2.455 0.0000000000
23149  -4.619  -52.483  1.740 0.0000000000
23150  -5.199  -52.587  1.855 0.0000000000
23151  -6.358  -52.863  1.951 0.0000000000
23152  -7.499  -52.836  2.114 0.0000000000
23153  -8.468  -52.739  2.145 0.0000000000
23154  -9.052  -52.526  2.150 0.0000000000
23167  -1.492  -53.055  1.209 0.0000000000
23168  -4.007  -52.695  0.993 0.0000000000
23169  -4.830  -52.791  1.238 0.0000000000
23170  -5.816  -53.001  1.230 0.0000000000
23171  -6.687  -53.130  1.117 0.0000000000
23172  -7.458  -53.200  1.346 0.0000000000
23173  -8.461  -53.225  1.504 0.0000000000
23174  -9.526  -53.019  1.636 0.0000000000
23175  -10.583  -52.895  1.290 0.0000000000
23176  -11.069  -52.676  1.124 0.0000000000
23187  -1.988  -53.298  0.135 0.0000000000
23188  -2.318  -53.149  -0.305 0.0000000000
23189  -3.931  -52.746  0.310 0.0000000000
23190  -4.579  -52.769  0.371 0.0000000000
23191  -5.465  -52.846  0.386 0.0000000000
23192  -6.421  -52.939  0.368 0.0000000000
23193  -7.367  -53.077  0.388 0.0000000000
23194  -8.332  -53.318  0.533 0.0000000000
23195  -9.346  -53.473  0.732 0.0000000000
23196  -10.436  -53.484  0.718 0.0000000000
23197  -11.480  -53.188  0.655 0.0000000000
23198  -12.113  -52.864  0.374 0.0000000000
23206  -2.208  -53.516  -0.272 0.0000000000
23207  -2.420  -53.390  -0.685 0.0000000000
23208  -3.680  -52.740  -0.075 0.0000000000
23209  -4.198  -52.646  -0.328 0.0000000000
23210  -5.085  -52.557  -0.461 0.0000000000
23211  -6.075  -52.570  -0.499 0.0000000000
23212  -7.083  -52.669  -0.509 0.0000000000
23213  -8.159  -52.943  -0.686 0.0000000000
23214  -9.148  -53.416  -0.299 0.0000000000
23215  -10.051  -53.735  -0.024 0.0000000000
23216  -11.750  -53.691  0.047 0.0000000000
23217  -12.392  -53.333  -0.095 0.0000000000
23218  -13.263  -53.459  -0.746 0.0000000000
23222  -2.691  -53.302  -1.451 0.0000000000
23223  -3.220  -53.385  -2.164 0.0000000000
23224  -3.679  -53.756  -2.326 0.0000000000
23225  -8.436  -52.740  -1.386 0.0000000000
23226  -9.041  -52.988  -1.484 0.0000000000
23227  -9.924  -53.625  -0.975 0.0000000000
23228  -14.004  -53.536  -1.390 0.0000000000
23229  -14.784  -53.606  -2.143 0.0000000000
23230  -15.314  -53.122  -2.441 0.0000000000
23233  -3.593  -53.047  -2.480 0.0000000000
23234  -4.182  -53.323  -2.605 0.0000000000
23235  -5.498  -53.267  -3.005 0.0000000000
23236  -6.536  -53.729  -3.165 0.0000000000
23237  -7.080  -53.995  -3.270 0.0000000000
23238  -9.395  -52.731  -2.378 0.0000000000
23239  -9.991  -53.311  -1.981 0.0000000000
23240  -14.910  -54.097  -2.687 0.0000000000
23241  -15.416  -53.687  -2.942 0.0000000000
23244  -5.805  -52.833  -3.265 0.0000000000
23245  -6.380  -53.024  -3.376 0.0000000000
23246  -7.480  -53.528  -3.702 0.0000000000
23248  -9.374  -52.515  -2.920 0.0000000000
23249  -9.981  -52.991  -3.145 0.0000000000
23250  -10.575  -53.762  -3.208 0.0000000000
23251  -15.942  -53.724  -3.809 0.0000000000
23252  -16.303  -53.457  -4.169 0.0000000000
23260  -10.085  -52.803  -4.011 0.0000000000
23261  -10.645  -53.567  -3.957 0.0000000000
23262  -16.105  -53.880  -4.457 0.0000000000
23263  -16.477  -53.501  -4.759 0.0000000000
23278  -16.740  -53.363  -5.470 0.0000000000
23279  -16.983  -53.148  -5.852 0.0000000000
23283  -22.487  -53.474  -5.320 0.0000000000
23284  -23.132  -53.273  -5.561 0.0000000000
23306  -23.007  -53.940  -5.794 0.0000000000
23307  -23.575  -53.617  -6.243 0.0000000000
23308  -23.977  -53.283  -6.592 0.0000000000
23332  -23.922  -53.773  -7.015 0.0000000000
23333  -24.324  -53.267  -7.168 0.0000000000
23340  -24.240  -53.840  -7.679 0.0000000000
23341  -24.737  -53.424  -8.109 0.0000000000
23351  -25.259  -53.437  -9.089 0.0000000000
23370  -25.359  -53.810  -10.256 0.0000000000
23390  -25.164  -54.158  -11.514 0.0000000000
23401  -25.142  -54.167  -12.727 0.0000000000
23410  -25.108  -53.938  -13.730 0.0000000000
23411  -25.357  -53.530  -13.973 0.0000000000
23429  -24.102  -54.264  -15.178 0.0000000000
23430  -24.653  -53.947  -14.731 0.0000000000
23431  -25.171  -53.597  -14.370 0.0000000000
23449  -23.460  -53.826  -15.588 0.0000000000
23450  -24.149  -53.733  -15.505 0.0000000000
24229  -2.492  -53.025  6.131 0.0000000000
24244  -2.017  -52.992  5.188 0.0000000000
24245  -2.446  -52.651  5.418 0.0000000000
24258  -1.976  -52.560  4.323 0.0000000000
24259  -2.395  -51.875  4.336 0.0000000000
24264  -1.698  -52.308  3.104 0.0000000000
24270  -1.553  -52.227  2.057 0.0000000000
24271  -3.564  -51.567  1.727 0.0000000000
24272  -4.253  -51.930  1.962 0.0000000000
24273  -5.387  -51.973  2.252 0.0000000000
24274  -6.548  -52.085  2.385 0.0000000000
24275  -7.615  -52.115  2.420 0.0000000000
24276  -8.474  -52.071  2.348 0.0000000000
24277  -9.132  -51.988  2.225 0.0000000000
24278  -9.582  -51.993  2.010 0.0000000000
24292  -1.866  -52.342  1.276 0.0000000000
24293  -2.518  -52.266  1.241 0.0000000000
24294  -3.386  -52.130  1.542 0.0000000000
24295  -4.220  -52.434  1.563 0.0000000000
24296  -9.485  -52.427  1.991 0.0000000000
24297  -9.995  -52.288  1.730 0.0000000000
24298  -10.683  -52.091  1.349 0.0000000000
24309  -1.801  -52.857  0.666 0.0000000000
24310  -2.408  -52.848  0.244 0.0000000000
24311  -3.279  -52.702  0.533 0.0000000000
24312  -11.313  -52.230  0.948 0.0000000000
24313  -11.862  -52.307  0.532 0.0000000000
24320  -2.652  -52.976  -0.795 0.0000000000
24321  -3.460  -52.694  -0.721 0.0000000000
24322  -4.591  -52.352  -1.212 0.0000000000
24323  -5.664  -52.220  -1.352 0.0000000000
24324  -6.716  -52.252  -1.362 0.0000000000
24325  -7.667  -52.461  -1.345 0.0000000000
24326  -8.166  -52.638  -1.364 0.0000000000
24327  -12.409  -52.371  0.094 0.0000000000
24328  -13.036  -52.493  -0.393 0.0000000000
24332  -2.627  -53.069  -1.229 0.0000000000
24333  -3.110  -52.784  -1.731 0.0000000000
24334  -4.104  -52.308  -1.939 0.0000000000
24335  -5.263  -52.130  -2.144 0.0000000000
24336  -6.376  -51.988  -2.200 0.0000000000
24337  -7.433  -52.085  -2.132 0.0000000000
24338  -8.388  -52.378  -1.905 0.0000000000
24339  -8.976  -52.512  -2.091 0.0000000000
24340  -13.788  -52.553  -0.939 0.0000000000
24341  -14.513  -52.630  -1.505 0.0000000000
24342  -15.141  -52.556  -2.061 0.0000000000
24345  -3.342  -52.914  -2.312 0.0000000000
24346  -3.838  -52.748  -2.396 0.0000000000
24347  -4.992  -52.532  -2.797 0.0000000000
24348  -6.101  -52.066  -2.955 0.0000000000
24349  -7.226  -51.948  -2.989 0.0000000000
24350  -8.237  -52.043  -2.833 0.0000000000
24351  -8.966  -52.267  -2.601 0.0000000000
24352  -15.754  -52.561  -2.760 0.0000000000
24353  -16.178  -52.049  -3.009 0.0000000000
24357  -5.517  -52.733  -3.158 0.0000000000
24358  -5.973  -52.566  -3.209 0.0000000000
24359  -7.227  -52.642  -3.500 0.0000000000
24360  -8.213  -52.348  -3.674 0.0000000000
24361  -9.169  -52.278  -3.502 0.0000000000
24362  -9.725  -52.560  -3.771 0.0000000000
24363  -15.950  -53.164  -3.284 0.0000000000
24364  -16.531  -52.588  -3.754 0.0000000000
24365  -16.992  -51.857  -4.005 0.0000000000
24372  -16.906  -52.847  -4.941 0.0000000000
24373  -17.175  -52.148  -4.543 0.0000000000
24379  -16.995  -52.945  -5.491 0.0000000000
24380  -17.455  -52.475  -5.684 0.0000000000
24381  -17.974  -51.880  -6.078 0.0000000000
24384  -21.867  -52.727  -5.404 0.0000000000
24385  -22.717  -52.596  -5.377 0.0000000000
24386  -23.629  -52.619  -5.676 0.0000000000
24387  -24.143  -52.155  -5.881 0.0000000000
24396  -17.476  -52.869  -6.751 0.0000000000
24397  -17.923  -52.292  -6.688 0.0000000000
24400  -23.875  -53.069  -6.184 0.0000000000
24401  -24.237  -52.679  -6.391 0.0000000000
24414  -18.332  -52.216  -7.598 0.0000000000
24416  -21.116  -52.056  -8.104 0.0000000000
24417  -24.814  -52.526  -7.300 0.0000000000
24418  -25.271  -52.064  -7.817 0.0000000000
24429  -18.585  -52.180  -8.618 0.0000000000
24431  -21.209  -51.789  -8.849 0.0000000000
24432  -25.219  -52.718  -8.311 0.0000000000
24433  -25.694  -52.073  -8.537 0.0000000000
24450  -21.242  -51.351  -9.409 0.0000000000
24451  -25.667  -52.769  -9.033 0.0000000000
24452  -26.046  -52.261  -9.494 0.0000000000
24474  -25.768  -53.050  -9.937 0.0000000000
24475  -26.151  -52.480  -10.561 0.0000000000
24493  -25.754  -53.241  -11.236 0.0000000000
24494  -26.216  -52.493  -11.584 0.0000000000
24509  -25.542  -53.630  -12.403 0.0000000000
24510  -25.968  -52.962  -12.398 0.0000000000
24521  -25.382  -53.781  -13.086 0.0000000000
24522  -25.627  -53.305  -13.470 0.0000000000
24538  -25.153  -53.152  -15.014 0.0000000000
24539  -25.452  -53.232  -14.296 0.0000000000
24549  -22.752  -52.787  -15.961 0.0000000000
24550  -23.761  -53.010  -15.847 0.0000000000
24551  -24.522  -53.293  -15.484 0.0000000000
25308  -3.021  -51.659  4.715 0.0000000000
25320  -2.062  -51.624  3.527 0.0000000000
25321  -2.644  -50.922  3.644 0.0000000000
25322  -3.662  -50.889  4.092 0.0000000000
25332  -1.813  -51.279  2.580 0.0000000000
25333  -2.078  -50.963  3.156 0.0000000000
25339  -1.794  -51.540  1.865 0.0000000000
25340  -3.525  -50.932  1.694 0.0000000000
25341  -4.539  -50.938  1.813 0.0000000000
25342  -5.672  -51.057  1.975 0.0000000000
25343  -6.781  -51.245  2.130 0.0000000000
25344  -7.778  -51.362  2.176 0.0000000000
25345  -8.580  -51.422  2.103 0.0000000000
25346  -9.245  -51.342  1.856 0.0000000000
25347  -9.748  -51.770  1.824 0.0000000000
25361  -2.070  -51.586  1.585 0.0000000000
25362  -2.615  -51.487  1.584 0.0000000000
25363  -3.135  -51.341  1.657 0.0000000000
25364  -9.360  -50.883  1.497 0.0000000000
25365  -9.981  -51.383  1.548 0.0000000000
25366  -10.523  -51.448  1.306 0.0000000000
25379  -10.923  -51.407  1.079 0.0000000000
25380  -11.468  -51.443  0.656 0.0000000000
25383  -12.054  -51.486  0.208 0.0000000000
25384  -12.625  -51.545  -0.312 0.0000000000
25387  -13.305  -51.570  -0.815 0.0000000000
25388  -14.019  -51.590  -1.443 0.0000000000
25389  -14.736  -51.876  -1.763 0.0000000000
25392  -14.486  -51.234  -1.920 0.0000000000
25393  -15.197  -51.470  -2.303 0.0000000000
25394  -15.816  -51.682  -2.753 0.0000000000
25397  -15.569  -51.015  -2.812 0.0000000000
25398  -16.198  -51.287  -3.151 0.0000000000
25399  -16.750  -51.331  -3.699 0.0000000000
25401  -17.257  -51.292  -4.230 0.0000000000
25402  -17.696  -51.024  -4.673 0.0000000000
25405  -17.576  -51.680  -4.868 0.0000000000
25406  -18.042  -51.367  -5.424 0.0000000000
25407  -21.048  -52.342  -5.995 0.0000000000
25408  -21.400  -52.057  -5.930 0.0000000000
25409  -22.183  -51.835  -5.559 0.0000000000
25410  -23.016  -51.692  -5.407 0.0000000000
25411  -23.857  -51.566  -5.592 0.0000000000
25414  -18.555  -51.453  -6.555 0.0000000000
25415  -19.169  -50.954  -7.128 0.0000000000
25416  -20.938  -52.263  -6.511 0.0000000000
25417  -21.329  -51.495  -6.816 0.0000000000
25418  -24.621  -51.620  -6.329 0.0000000000
25419  -25.116  -51.072  -6.958 0.0000000000
25431  -18.898  -51.534  -7.828 0.0000000000
25432  -19.518  -50.851  -8.033 0.0000000000
25433  -21.116  -51.928  -7.390 0.0000000000
25434  -21.480  -51.245  -8.047 0.0000000000
25435  -25.072  -51.711  -7.216 0.0000000000
25436  -25.588  -51.242  -7.788 0.0000000000
25452  -19.256  -51.566  -8.949 0.0000000000
25453  -19.840  -50.772  -9.009 0.0000000000
25454  -21.859  -51.032  -9.169 0.0000000000
25455  -26.205  -51.225  -8.959 0.0000000000
25474  -19.325  -51.947  -9.532 0.0000000000
25475  -19.995  -51.383  -9.537 0.0000000000
25476  -21.003  -51.078  -9.759 0.0000000000
25477  -21.703  -50.823  -9.730 0.0000000000
25478  -26.490  -51.759  -10.070 0.0000000000
25497  -26.508  -51.929  -11.048 0.0000000000
25524  -26.497  -51.972  -11.816 0.0000000000
25553  -26.299  -52.281  -12.467 0.0000000000
25567  -26.063  -52.634  -13.258 0.0000000000
25582  -25.254  -52.674  -15.220 0.0000000000
25583  -25.795  -52.522  -14.605 0.0000000000
25599  -23.162  -51.958  -16.184 0.0000000000
25600  -24.663  -52.380  -15.857 0.0000000000
26306  -2.801  -50.287  3.055 0.0000000000
26307  -3.404  -50.289  3.227 0.0000000000
26308  -4.400  -50.293  3.417 0.0000000000
26319  -1.985  -50.741  2.302 0.0000000000
26320  -2.338  -50.500  2.666 0.0000000000
26321  -3.142  -50.080  2.519 0.0000000000
26322  -4.068  -49.893  2.484 0.0000000000
26323  -5.242  -49.713  2.548 0.0000000000
26332  -1.845  -50.943  1.982 0.0000000000
26333  -2.246  -50.596  1.997 0.0000000000
26334  -2.877  -50.304  1.945 0.0000000000
26335  -3.727  -50.079  1.752 0.0000000000
26336  -4.814  -49.814  1.442 0.0000000000
26337  -6.033  -50.365  1.386 0.0000000000
26338  -7.057  -50.584  1.592 0.0000000000
26339  -8.010  -50.795  1.699 0.0000000000
26340  -8.633  -50.984  1.792 0.0000000000
26351  -1.909  -51.203  1.768 0.0000000000
26352  -2.165  -51.019  1.703 0.0000000000
26353  -2.723  -50.840  1.659 0.0000000000
26354  -5.075  -49.276  0.864 0.0000000000
26355  -5.626  -49.590  0.744 0.0000000000
26356  -6.467  -49.961  0.915 0.0000000000
26357  -7.357  -50.046  1.056 0.0000000000
26358  -8.575  -50.440  1.283 0.0000000000
26359  -9.502  -50.435  1.148 0.0000000000
26360  -10.321  -50.841  1.152 0.0000000000
26372  -9.902  -50.125  0.851 0.0000000000
26373  -10.718  -50.386  0.658 0.0000000000
26374  -11.557  -50.749  0.322 0.0000000000
26381  -11.208  -49.998  0.189 0.0000000000
26382  -12.010  -50.404  -0.235 0.0000000000
26383  -12.756  -50.828  -0.732 0.0000000000
26393  -12.476  -50.071  -0.867 0.0000000000
26394  -13.189  -50.478  -1.416 0.0000000000
26395  -13.924  -50.818  -1.910 0.0000000000
26405  -13.575  -50.129  -2.242 0.0000000000
26406  -14.364  -50.581  -2.476 0.0000000000
26407  -14.994  -50.620  -2.825 0.0000000000
26416  -13.845  -49.877  -2.953 0.0000000000
26417  -14.422  -50.207  -3.324 0.0000000000
26418  -15.268  -50.413  -3.522 0.0000000000
26419  -16.092  -50.483  -3.799 0.0000000000
26420  -16.738  -50.641  -4.030 0.0000000000
26424  -15.190  -50.202  -4.667 0.0000000000
26425  -16.134  -50.181  -4.500 0.0000000000
26426  -17.104  -50.348  -4.482 0.0000000000
26427  -17.889  -50.421  -4.943 0.0000000000
26432  -18.587  -50.465  -5.650 0.0000000000
26433  -19.205  -50.033  -6.071 0.0000000000
26434  -21.725  -51.113  -6.081 0.0000000000
26435  -22.465  -50.874  -5.668 0.0000000000
26436  -23.279  -50.675  -5.541 0.0000000000
26437  -24.162  -50.553  -5.770 0.0000000000
26441  -19.064  -50.629  -6.422 0.0000000000
26442  -19.618  -50.183  -6.982 0.0000000000
26443  -21.719  -50.551  -7.146 0.0000000000
26444  -24.874  -50.445  -6.423 0.0000000000
26445  -25.492  -50.303  -7.168 0.0000000000
26457  -20.208  -49.986  -8.202 0.0000000000
26458  -20.559  -49.578  -8.597 0.0000000000
26459  -22.322  -50.070  -8.608 0.0000000000
26460  -23.004  -49.388  -8.954 0.0000000000
26481  -20.262  -50.322  -9.187 0.0000000000
26482  -20.563  -49.855  -9.098 0.0000000000
26483  -22.344  -50.352  -9.724 0.0000000000
26484  -23.010  -49.620  -9.698 0.0000000000
26503  -20.153  -50.677  -9.491 0.0000000000
26504  -20.744  -50.338  -9.686 0.0000000000
26505  -21.795  -50.246  -10.059 0.0000000000
26506  -22.557  -49.971  -10.201 0.0000000000
26620  -23.529  -51.117  -16.321 0.0000000000
27342  -5.307  -49.233  1.620 0.0000000000
27353  -5.035  -49.153  1.220 0.0000000000
27354  -5.501  -48.950  0.981 0.0000000000
27358  -9.388  -49.895  0.727 0.0000000000
27443  -15.533  -50.125  -5.208 0.0000000000
27444  -16.238  -49.872  -5.088 0.0000000000
27445  -17.190  -49.736  -5.058 0.0000000000
27446  -18.003  -49.802  -5.284 0.0000000000
27453  -18.601  -49.423  -5.730 0.0000000000
27454  -19.445  -49.382  -6.345 0.0000000000
27455  -21.966  -50.126  -6.180 0.0000000000
27456  -22.672  -49.794  -5.733 0.0000000000
27457  -23.546  -49.546  -5.624 0.0000000000
27458  -24.525  -49.386  -6.034 0.0000000000
27470  -20.064  -49.209  -7.235 0.0000000000
27471  -20.397  -48.838  -7.563 0.0000000000
27472  -22.046  -49.518  -7.229 0.0000000000
27473  -25.219  -49.642  -6.652 0.0000000000
27490  -20.300  -49.483  -7.782 0.0000000000
27491  -20.550  -49.207  -8.037 0.0000000000
27492  -22.448  -49.020  -8.352 0.0000000000
27493  -22.995  -48.889  -9.170 0.0000000000
27516  -21.013  -49.323  -8.980 0.0000000000
27517  -21.472  -49.165  -9.310 0.0000000000
27518  -22.723  -49.004  -9.698 0.0000000000
27538  -20.895  -49.704  -9.495 0.0000000000
27539  -21.507  -49.500  -9.709 0.0000000000
27540  -22.359  -49.484  -10.047 0.0000000000
28498  -19.598  -48.863  -6.610 0.0000000000
28499  -22.045  -49.097  -6.133 0.0000000000
28500  -22.764  -48.424  -5.679 0.0000000000
28501  -23.899  -48.412  -5.615 0.0000000000
28514  -20.245  -48.665  -7.325 0.0000000000
28515  -21.825  -48.412  -7.036 0.0000000000
28516  -22.091  -48.371  -6.119 0.0000000000
28533  -20.810  -48.430  -7.674 0.0000000000
28534  -21.963  -48.452  -8.217 0.0000000000
28535  -22.568  -48.696  -8.767 0.0000000000
28554  -21.034  -48.937  -8.378 0.0000000000
28555  -21.623  -48.872  -8.866 0.0000000000
28556  -22.431  -48.675  -9.139 0.0000000000
28578  -21.693  -49.078  -9.456 0.0000000000
28579  -22.094  -48.974  -9.632 0.0000000000
