#!ascii label  , from subject colin27_FS vox2ras=TkReg
1131
112321  -39.189  18.823  7.004 0.0000000000
112322  -39.788  18.550  6.868 0.0000000000
112323  -40.533  18.178  6.709 0.0000000000
112324  -41.282  18.224  6.245 0.0000000000
112339  -41.870  18.270  5.806 0.0000000000
112340  -42.303  18.095  5.487 0.0000000000
112341  -42.479  18.217  5.350 0.0000000000
112355  -42.465  17.510  5.440 0.0000000000
112356  -43.501  17.294  4.692 0.0000000000
113561  -38.098  19.836  6.864 0.0000000000
113562  -38.747  19.398  6.819 0.0000000000
113563  -39.555  19.349  6.438 0.0000000000
113564  -40.318  19.023  6.339 0.0000000000
113565  -40.946  18.856  6.202 0.0000000000
113575  -40.200  19.678  5.961 0.0000000000
113576  -40.904  19.566  5.869 0.0000000000
113577  -41.632  19.259  5.768 0.0000000000
113578  -42.329  19.230  5.519 0.0000000000
113579  -42.556  18.989  5.357 0.0000000000
113588  -43.230  18.517  5.123 0.0000000000
113596  -43.783  19.317  3.796 0.0000000000
113636  -32.479  20.387  -4.326 0.0000000000
113649  -32.366  20.066  -4.898 0.0000000000
113661  -32.394  19.804  -5.876 0.0000000000
113670  -32.561  19.715  -6.862 0.0000000000
114736  -36.781  21.050  7.111 0.0000000000
114743  -36.966  21.148  6.570 0.0000000000
114744  -37.552  20.646  6.445 0.0000000000
114745  -38.592  20.087  6.294 0.0000000000
114746  -39.107  19.760  6.321 0.0000000000
114752  -37.951  21.138  5.671 0.0000000000
114753  -38.561  20.778  5.652 0.0000000000
114754  -39.568  20.249  5.768 0.0000000000
114755  -40.696  20.311  5.558 0.0000000000
114756  -41.607  20.327  5.513 0.0000000000
114757  -42.437  20.333  5.432 0.0000000000
114758  -43.026  20.368  5.292 0.0000000000
114759  -44.367  21.179  4.466 0.0000000000
114763  -43.256  19.401  5.502 0.0000000000
114764  -44.306  20.888  4.098 0.0000000000
114766  -43.955  19.908  3.629 0.0000000000
114767  -44.348  20.596  3.443 0.0000000000
114769  -44.029  19.705  3.337 0.0000000000
114770  -44.433  20.172  2.784 0.0000000000
114797  -32.624  20.843  -3.862 0.0000000000
114809  -31.351  21.584  -5.128 0.0000000000
114810  -31.841  21.008  -4.707 0.0000000000
114820  -31.346  21.308  -5.671 0.0000000000
114821  -31.822  20.541  -5.711 0.0000000000
114831  -31.424  21.056  -6.582 0.0000000000
114832  -31.947  20.339  -6.695 0.0000000000
114841  -31.634  20.945  -7.525 0.0000000000
114842  -32.202  20.333  -7.639 0.0000000000
114850  -31.908  20.884  -8.257 0.0000000000
115952  -35.814  22.170  7.149 0.0000000000
115953  -36.233  21.620  7.568 0.0000000000
115957  -35.964  22.199  6.621 0.0000000000
115958  -36.468  21.726  6.451 0.0000000000
115959  -37.073  21.249  6.273 0.0000000000
115961  -36.767  22.073  5.735 0.0000000000
115962  -37.365  21.607  5.696 0.0000000000
115963  -38.449  21.742  5.136 0.0000000000
115964  -39.464  21.263  5.143 0.0000000000
115965  -40.462  21.059  5.176 0.0000000000
115966  -41.405  21.066  5.194 0.0000000000
115967  -42.439  21.390  5.118 0.0000000000
115968  -43.417  21.397  5.168 0.0000000000
115969  -44.445  21.852  5.232 0.0000000000
115970  -45.470  22.306  5.289 0.0000000000
115972  -38.851  22.349  4.707 0.0000000000
115973  -39.431  22.098  4.710 0.0000000000
115974  -40.339  21.867  4.752 0.0000000000
115975  -41.262  21.714  4.827 0.0000000000
115976  -41.863  21.598  4.923 0.0000000000
115977  -44.898  21.513  4.071 0.0000000000
115978  -45.568  22.081  4.190 0.0000000000
115979  -46.801  22.226  4.098 0.0000000000
115981  -44.889  21.302  3.349 0.0000000000
115982  -46.428  22.766  2.220 0.0000000000
115983  -46.640  22.259  3.463 0.0000000000
115986  -45.516  22.109  0.967 0.0000000000
115987  -45.905  22.504  1.387 0.0000000000
115990  -45.259  21.752  0.484 0.0000000000
115991  -45.577  22.196  0.741 0.0000000000
116010  -33.239  21.771  -3.581 0.0000000000
116022  -31.432  21.997  -4.695 0.0000000000
116023  -32.227  21.866  -4.088 0.0000000000
116031  -30.679  22.698  -5.983 0.0000000000
116032  -30.935  22.153  -5.572 0.0000000000
116041  -30.710  22.454  -6.438 0.0000000000
116042  -30.974  21.762  -6.457 0.0000000000
116050  -30.793  22.228  -7.041 0.0000000000
116051  -31.125  21.746  -7.453 0.0000000000
116060  -31.545  21.636  -8.449 0.0000000000
116061  -31.934  21.225  -8.880 0.0000000000
116069  -31.807  21.808  -9.221 0.0000000000
117180  -35.572  22.746  6.553 0.0000000000
117181  -36.047  22.283  6.348 0.0000000000
117183  -35.691  23.059  5.915 0.0000000000
117184  -36.228  22.585  5.806 0.0000000000
117185  -37.163  22.612  5.215 0.0000000000
117186  -37.802  22.167  5.168 0.0000000000
117187  -42.891  22.062  4.874 0.0000000000
117188  -43.425  22.081  5.065 0.0000000000
117189  -44.489  22.471  5.113 0.0000000000
117190  -45.859  22.552  5.225 0.0000000000
117191  -47.044  22.850  5.200 0.0000000000
117192  -47.603  22.965  5.132 0.0000000000
117194  -37.534  23.179  4.760 0.0000000000
117195  -38.229  22.785  4.686 0.0000000000
117196  -39.282  22.859  4.411 0.0000000000
117197  -40.197  22.669  4.375 0.0000000000
117198  -41.161  22.498  4.450 0.0000000000
117199  -42.253  22.298  4.670 0.0000000000
117200  -43.302  22.585  4.767 0.0000000000
117201  -43.869  22.579  4.964 0.0000000000
117202  -46.124  22.371  5.271 0.0000000000
117203  -46.872  22.571  4.764 0.0000000000
117204  -47.481  22.832  4.748 0.0000000000
117206  -46.595  22.889  2.362 0.0000000000
117207  -47.014  22.997  3.180 0.0000000000
117208  -47.306  22.822  4.199 0.0000000000
117211  -46.327  22.797  1.757 0.0000000000
117212  -46.743  23.101  2.104 0.0000000000
117214  -46.018  22.619  0.987 0.0000000000
117215  -46.490  23.052  1.221 0.0000000000
117217  -45.746  22.399  0.231 0.0000000000
117218  -46.261  22.895  0.355 0.0000000000
117229  -33.469  22.503  -3.723 0.0000000000
117230  -34.048  22.416  -3.572 0.0000000000
117231  -34.990  22.447  -3.472 0.0000000000
117232  -36.008  22.428  -3.546 0.0000000000
117240  -31.839  22.928  -4.402 0.0000000000
117241  -32.912  22.798  -3.950 0.0000000000
117242  -33.826  23.075  -3.927 0.0000000000
117243  -34.707  23.146  -4.016 0.0000000000
117244  -35.695  23.188  -4.175 0.0000000000
117245  -36.720  23.067  -4.274 0.0000000000
117246  -37.744  22.806  -4.220 0.0000000000
117254  -30.759  23.170  -5.591 0.0000000000
117255  -31.139  22.722  -4.962 0.0000000000
117263  -30.577  23.165  -6.385 0.0000000000
117270  -30.636  22.956  -7.166 0.0000000000
117271  -30.855  22.448  -7.600 0.0000000000
117278  -30.793  22.939  -7.861 0.0000000000
117279  -31.139  22.499  -8.334 0.0000000000
117289  -31.587  22.515  -9.283 0.0000000000
117290  -31.921  22.223  -9.729 0.0000000000
117298  -31.864  22.730  -9.895 0.0000000000
118426  -35.994  23.624  5.463 0.0000000000
118427  -36.560  23.090  5.303 0.0000000000
118428  -44.848  23.087  5.020 0.0000000000
118429  -45.598  23.221  5.184 0.0000000000
118430  -46.643  23.202  5.371 0.0000000000
118431  -47.632  23.369  5.277 0.0000000000
118432  -48.058  23.653  5.303 0.0000000000
118434  -36.391  24.114  5.075 0.0000000000
118435  -36.923  23.669  4.892 0.0000000000
118436  -37.874  23.778  4.493 0.0000000000
118437  -38.948  23.868  4.073 0.0000000000
118438  -39.975  23.479  4.003 0.0000000000
118439  -40.920  23.305  4.041 0.0000000000
118440  -41.900  23.236  4.185 0.0000000000
118441  -43.036  23.387  4.326 0.0000000000
118442  -44.182  23.175  4.710 0.0000000000
118443  -45.052  23.503  4.845 0.0000000000
118444  -47.993  23.233  4.788 0.0000000000
118445  -48.425  23.745  5.048 0.0000000000
118446  -48.875  24.150  4.953 0.0000000000
118448  -39.329  24.482  3.820 0.0000000000
118449  -39.811  24.278  3.762 0.0000000000
118450  -40.649  24.112  3.741 0.0000000000
118451  -41.552  24.002  3.765 0.0000000000
118452  -42.392  23.946  3.861 0.0000000000
118453  -47.411  23.312  3.090 0.0000000000
118454  -47.751  23.265  3.809 0.0000000000
118455  -48.735  23.783  4.120 0.0000000000
118456  -49.069  24.075  4.717 0.0000000000
118459  -47.277  23.376  2.409 0.0000000000
118460  -47.773  23.572  2.769 0.0000000000
118461  -48.368  23.773  3.058 0.0000000000
118463  -47.065  23.456  1.443 0.0000000000
118464  -47.839  23.860  1.710 0.0000000000
118465  -48.166  23.821  2.385 0.0000000000
118467  -46.814  23.408  0.489 0.0000000000
118468  -47.457  23.888  0.623 0.0000000000
118470  -46.649  23.226  -0.428 0.0000000000
118471  -47.265  23.751  -0.349 0.0000000000
118479  -57.875  24.045  -2.688 0.0000000000
118480  -58.589  24.099  -2.774 0.0000000000
118481  -58.981  24.200  -2.868 0.0000000000
118485  -57.917  23.785  -2.942 0.0000000000
118486  -58.524  23.760  -3.153 0.0000000000
118487  -59.272  24.003  -3.145 0.0000000000
118488  -59.691  24.057  -3.492 0.0000000000
118490  -31.208  24.398  -4.809 0.0000000000
118491  -31.811  23.984  -4.523 0.0000000000
118492  -32.619  23.748  -4.274 0.0000000000
118493  -33.539  23.749  -4.172 0.0000000000
118494  -34.456  23.829  -4.337 0.0000000000
118495  -35.388  23.868  -4.698 0.0000000000
118496  -36.476  23.892  -5.254 0.0000000000
118497  -37.467  23.545  -5.027 0.0000000000
118498  -38.488  23.262  -4.823 0.0000000000
118504  -58.842  23.740  -3.630 0.0000000000
118505  -59.252  23.826  -3.551 0.0000000000
118506  -59.517  23.893  -3.508 0.0000000000
118508  -30.771  24.152  -5.370 0.0000000000
118509  -31.192  23.530  -4.897 0.0000000000
118510  -36.841  24.260  -5.946 0.0000000000
118511  -37.298  24.152  -5.998 0.0000000000
118512  -38.155  23.834  -5.686 0.0000000000
118513  -39.223  23.626  -5.443 0.0000000000
118522  -30.504  24.007  -6.137 0.0000000000
118523  -37.472  24.375  -6.403 0.0000000000
118524  -37.839  24.278  -6.404 0.0000000000
118525  -38.722  24.167  -6.318 0.0000000000
118526  -39.849  24.083  -6.157 0.0000000000
118527  -41.100  23.947  -6.089 0.0000000000
118535  -30.427  23.892  -6.965 0.0000000000
118543  -30.598  23.774  -7.704 0.0000000000
118544  -30.941  23.090  -8.303 0.0000000000
118553  -31.174  23.928  -8.934 0.0000000000
118554  -31.326  22.996  -9.055 0.0000000000
118562  -31.641  23.319  -9.830 0.0000000000
118599  -58.247  24.583  -14.867 0.0000000000
119632  -36.016  24.619  5.216 0.0000000000
119633  -46.409  23.676  5.188 0.0000000000
119634  -47.164  23.752  5.328 0.0000000000
119635  -47.882  23.844  5.351 0.0000000000
119636  -48.212  23.843  5.252 0.0000000000
119638  -36.665  24.619  4.847 0.0000000000
119639  -37.392  24.590  4.547 0.0000000000
119640  -38.223  24.684  4.226 0.0000000000
119641  -38.955  24.872  3.895 0.0000000000
119642  -43.920  23.920  4.204 0.0000000000
119643  -44.747  23.999  4.455 0.0000000000
119644  -45.793  24.099  4.726 0.0000000000
119645  -46.729  24.203  5.032 0.0000000000
119646  -47.548  24.335  5.126 0.0000000000
119647  -48.460  24.304  5.080 0.0000000000
119648  -49.531  24.606  4.832 0.0000000000
119649  -50.519  25.019  4.831 0.0000000000
119650  -50.971  25.258  4.698 0.0000000000
119652  -39.599  24.984  3.709 0.0000000000
119653  -40.344  24.925  3.604 0.0000000000
119654  -41.211  24.844  3.554 0.0000000000
119655  -42.153  24.746  3.570 0.0000000000
119656  -43.220  24.511  3.761 0.0000000000
119657  -44.319  24.638  3.923 0.0000000000
119658  -45.166  24.659  4.209 0.0000000000
119659  -49.316  24.129  3.721 0.0000000000
119660  -49.631  24.318  4.169 0.0000000000
119661  -50.408  24.725  4.399 0.0000000000
119662  -51.046  25.049  4.503 0.0000000000
119665  -49.092  24.124  3.113 0.0000000000
119666  -49.735  24.419  3.324 0.0000000000
119667  -50.463  24.692  3.596 0.0000000000
119668  -51.046  24.852  4.024 0.0000000000
119670  -48.323  24.265  1.334 0.0000000000
119671  -48.699  24.198  2.019 0.0000000000
119672  -49.660  24.589  2.350 0.0000000000
119673  -50.223  24.715  2.869 0.0000000000
119676  -48.113  24.330  0.705 0.0000000000
119677  -48.756  24.574  0.937 0.0000000000
119678  -49.420  24.735  1.376 0.0000000000
119681  -47.926  24.276  -0.268 0.0000000000
119682  -48.734  24.623  -0.092 0.0000000000
119683  -49.492  24.920  0.330 0.0000000000
119684  -54.500  24.783  -0.846 0.0000000000
119685  -54.774  24.894  -0.711 0.0000000000
119687  -47.745  24.058  -1.220 0.0000000000
119688  -48.599  24.497  -1.190 0.0000000000
119689  -49.674  24.981  -0.954 0.0000000000
119690  -50.308  25.186  -1.301 0.0000000000
119691  -53.441  24.849  -1.857 0.0000000000
119692  -54.215  24.705  -1.460 0.0000000000
119693  -55.177  24.682  -1.295 0.0000000000
119694  -56.016  24.738  -1.617 0.0000000000
119695  -56.377  24.846  -1.687 0.0000000000
119699  -49.421  24.731  -2.158 0.0000000000
119700  -50.326  25.099  -1.889 0.0000000000
119701  -52.202  25.238  -2.894 0.0000000000
119702  -52.994  25.050  -2.606 0.0000000000
119703  -54.074  24.739  -2.488 0.0000000000
119704  -55.073  24.423  -2.249 0.0000000000
119705  -56.080  24.330  -2.166 0.0000000000
119706  -56.898  24.564  -2.200 0.0000000000
119707  -57.955  24.527  -2.512 0.0000000000
119708  -58.700  24.439  -2.777 0.0000000000
119712  -50.541  25.087  -3.135 0.0000000000
119713  -51.705  25.295  -3.397 0.0000000000
119714  -52.734  25.238  -3.521 0.0000000000
119715  -53.826  25.022  -3.580 0.0000000000
119716  -54.909  24.600  -3.282 0.0000000000
119717  -55.991  24.195  -3.118 0.0000000000
119718  -57.242  23.936  -2.948 0.0000000000
119719  -57.987  23.724  -3.185 0.0000000000
119720  -59.185  24.424  -3.058 0.0000000000
119721  -59.772  24.430  -3.531 0.0000000000
119722  -60.120  24.643  -3.794 0.0000000000
119724  -31.231  25.091  -4.685 0.0000000000
119725  -31.739  24.821  -4.500 0.0000000000
119726  -32.457  24.608  -4.349 0.0000000000
119727  -33.305  24.524  -4.250 0.0000000000
119728  -34.243  24.572  -4.323 0.0000000000
119729  -35.173  24.641  -4.765 0.0000000000
119730  -35.997  24.591  -5.403 0.0000000000
119734  -51.431  25.202  -4.376 0.0000000000
119735  -52.259  25.333  -4.063 0.0000000000
119736  -54.222  25.128  -4.213 0.0000000000
119737  -54.758  24.922  -4.087 0.0000000000
119738  -55.753  24.630  -4.306 0.0000000000
119739  -56.969  24.180  -4.026 0.0000000000
119740  -58.211  23.808  -3.841 0.0000000000
119741  -59.225  23.855  -4.115 0.0000000000
119742  -59.884  24.073  -3.950 0.0000000000
119743  -60.209  24.586  -3.996 0.0000000000
119745  -30.829  24.980  -5.093 0.0000000000
119746  -36.684  24.595  -6.107 0.0000000000
119747  -37.017  24.421  -6.236 0.0000000000
119751  -56.047  24.838  -5.017 0.0000000000
119752  -56.739  24.666  -5.181 0.0000000000
119753  -57.863  24.278  -4.931 0.0000000000
119754  -58.930  24.165  -4.874 0.0000000000
119755  -59.798  24.259  -4.900 0.0000000000
119756  -60.309  24.740  -4.814 0.0000000000
119758  -30.493  25.005  -5.816 0.0000000000
119759  -36.877  24.866  -6.510 0.0000000000
119760  -37.358  24.676  -6.720 0.0000000000
119761  -38.205  24.478  -7.080 0.0000000000
119762  -39.179  24.451  -7.130 0.0000000000
119763  -40.301  24.434  -7.105 0.0000000000
119764  -41.522  24.456  -7.049 0.0000000000
119765  -42.833  24.453  -6.942 0.0000000000
119766  -44.074  24.171  -6.884 0.0000000000
119767  -44.730  23.890  -6.877 0.0000000000
119771  -57.039  24.841  -5.891 0.0000000000
119772  -57.615  24.622  -5.806 0.0000000000
119773  -58.613  24.516  -5.896 0.0000000000
119774  -59.499  24.460  -5.683 0.0000000000
119775  -60.250  24.778  -6.029 0.0000000000
119777  -30.365  24.847  -6.706 0.0000000000
119778  -37.511  24.914  -7.270 0.0000000000
119779  -37.848  24.874  -7.601 0.0000000000
119780  -38.620  24.681  -7.901 0.0000000000
119781  -39.564  24.637  -8.074 0.0000000000
119782  -40.668  24.679  -8.136 0.0000000000
119783  -41.903  24.850  -8.138 0.0000000000
119784  -43.383  25.061  -8.059 0.0000000000
119785  -44.891  24.406  -7.406 0.0000000000
119786  -45.913  24.090  -7.571 0.0000000000
119787  -46.580  23.918  -7.854 0.0000000000
119792  -58.576  24.788  -6.776 0.0000000000
119793  -59.432  24.764  -6.789 0.0000000000
119794  -60.280  25.046  -7.386 0.0000000000
119796  -30.393  24.826  -7.531 0.0000000000
119797  -38.316  25.020  -8.274 0.0000000000
119798  -38.982  24.917  -8.774 0.0000000000
119799  -39.928  24.766  -9.013 0.0000000000
119800  -40.981  24.880  -9.198 0.0000000000
119801  -42.203  25.168  -9.403 0.0000000000
119802  -43.066  25.316  -9.078 0.0000000000
119803  -45.408  24.734  -7.871 0.0000000000
119804  -46.110  24.675  -8.047 0.0000000000
119805  -47.074  24.247  -8.285 0.0000000000
119806  -47.856  24.101  -8.759 0.0000000000
119807  -48.371  23.820  -9.086 0.0000000000
119811  -54.805  24.680  -8.961 0.0000000000
119812  -55.514  24.689  -9.202 0.0000000000
119813  -58.646  25.012  -7.651 0.0000000000
119814  -59.493  24.959  -8.140 0.0000000000
119815  -60.224  25.227  -8.548 0.0000000000
119818  -30.493  25.067  -8.156 0.0000000000
119819  -31.101  24.834  -9.444 0.0000000000
119820  -39.541  25.100  -9.393 0.0000000000
119821  -40.214  25.002  -9.896 0.0000000000
119822  -41.240  25.135  -10.115 0.0000000000
119823  -41.923  25.193  -10.142 0.0000000000
119824  -48.194  24.409  -9.067 0.0000000000
119825  -48.793  24.150  -9.365 0.0000000000
119826  -49.491  24.099  -9.835 0.0000000000
119831  -57.096  24.632  -9.499 0.0000000000
119832  -58.291  24.922  -9.074 0.0000000000
119833  -59.538  24.887  -9.390 0.0000000000
119834  -60.249  25.309  -9.556 0.0000000000
119837  -31.494  24.390  -10.105 0.0000000000
119839  -40.667  25.325  -10.188 0.0000000000
119840  -40.994  25.422  -10.219 0.0000000000
119841  -49.970  24.188  -10.285 0.0000000000
119845  -58.649  24.345  -10.455 0.0000000000
119846  -59.886  24.947  -10.579 0.0000000000
119847  -60.315  25.394  -10.103 0.0000000000
119854  -51.965  24.679  -12.016 0.0000000000
119855  -59.085  24.352  -11.519 0.0000000000
119856  -59.649  25.087  -11.877 0.0000000000
119863  -53.138  24.617  -12.976 0.0000000000
119864  -59.108  24.539  -12.611 0.0000000000
119865  -59.448  25.289  -12.913 0.0000000000
119871  -54.429  24.671  -14.258 0.0000000000
119872  -59.114  24.924  -13.800 0.0000000000
119873  -59.384  25.443  -13.490 0.0000000000
119878  -54.845  24.543  -15.118 0.0000000000
119879  -55.441  24.719  -15.594 0.0000000000
119880  -58.181  24.672  -15.137 0.0000000000
119881  -58.607  24.929  -14.932 0.0000000000
119888  -55.798  24.671  -16.289 0.0000000000
119889  -58.002  24.796  -15.613 0.0000000000
119890  -58.327  25.170  -15.337 0.0000000000
119899  -57.337  24.603  -16.204 0.0000000000
120775  -36.386  25.406  5.021 0.0000000000
120777  -37.004  25.392  4.704 0.0000000000
120778  -37.722  25.487  4.432 0.0000000000
120779  -38.490  25.593  4.119 0.0000000000
120780  -39.209  25.704  3.812 0.0000000000
120781  -46.408  24.554  4.665 0.0000000000
120782  -46.972  24.833  4.719 0.0000000000
120783  -47.950  25.146  4.689 0.0000000000
120784  -49.066  25.135  4.927 0.0000000000
120785  -50.028  25.314  5.012 0.0000000000
120786  -50.817  25.497  4.806 0.0000000000
120787  -51.485  25.489  4.541 0.0000000000
120788  -52.341  25.539  4.280 0.0000000000
120789  -52.992  25.543  4.073 0.0000000000
120791  -39.957  25.732  3.632 0.0000000000
120792  -40.781  25.712  3.488 0.0000000000
120793  -41.711  25.681  3.418 0.0000000000
120794  -42.753  25.621  3.403 0.0000000000
120795  -43.849  25.508  3.480 0.0000000000
120796  -44.908  25.362  3.687 0.0000000000
120797  -46.054  25.164  4.164 0.0000000000
120798  -47.109  25.520  4.240 0.0000000000
120799  -47.639  25.638  4.284 0.0000000000
120800  -51.690  25.093  4.132 0.0000000000
120801  -52.419  25.297  3.707 0.0000000000
120802  -53.319  25.565  3.499 0.0000000000
120803  -53.961  25.788  3.070 0.0000000000
120806  -50.680  24.848  2.945 0.0000000000
120807  -51.408  25.045  3.178 0.0000000000
120808  -52.513  25.372  2.773 0.0000000000
120809  -53.360  25.584  2.487 0.0000000000
120810  -53.972  25.907  2.230 0.0000000000
120812  -49.934  24.870  1.694 0.0000000000
120813  -50.584  25.029  2.109 0.0000000000
120814  -51.723  25.353  1.918 0.0000000000
120815  -52.716  25.479  1.704 0.0000000000
120816  -53.472  25.651  1.501 0.0000000000
120817  -53.955  25.974  1.255 0.0000000000
120820  -50.115  25.109  1.025 0.0000000000
120821  -51.059  25.356  0.901 0.0000000000
120822  -52.109  25.467  0.800 0.0000000000
120823  -53.036  25.440  0.705 0.0000000000
120824  -53.743  25.541  0.536 0.0000000000
120825  -54.252  25.779  0.240 0.0000000000
120828  -50.428  25.259  -0.185 0.0000000000
120829  -51.549  25.392  -0.197 0.0000000000
120830  -52.607  25.334  -0.174 0.0000000000
120831  -53.490  25.190  -0.149 0.0000000000
120832  -54.269  25.143  -0.302 0.0000000000
120833  -54.991  25.318  -0.701 0.0000000000
120834  -55.261  25.536  -0.978 0.0000000000
120836  -50.326  25.229  -0.959 0.0000000000
120837  -51.003  25.322  -1.293 0.0000000000
120838  -52.184  25.277  -1.111 0.0000000000
120839  -53.238  25.017  -1.023 0.0000000000
120840  -53.953  24.868  -0.709 0.0000000000
120841  -55.565  24.948  -1.186 0.0000000000
120842  -55.904  25.335  -1.480 0.0000000000
120843  -56.606  24.968  -1.806 0.0000000000
120845  -51.093  25.307  -2.380 0.0000000000
120846  -51.975  25.280  -2.130 0.0000000000
120847  -52.758  25.080  -1.751 0.0000000000
120848  -56.220  25.700  -1.996 0.0000000000
120849  -57.083  25.329  -2.294 0.0000000000
120850  -58.389  24.943  -2.725 0.0000000000
120851  -58.913  24.668  -2.941 0.0000000000
120853  -32.015  26.062  -3.877 0.0000000000
120854  -32.779  25.882  -3.715 0.0000000000
120855  -33.654  25.831  -3.673 0.0000000000
120856  -34.577  25.908  -3.757 0.0000000000
120857  -35.110  25.990  -3.861 0.0000000000
120858  -51.221  25.295  -2.942 0.0000000000
120859  -51.629  25.297  -2.764 0.0000000000
120860  -52.895  25.329  -4.182 0.0000000000
120861  -53.277  25.229  -3.953 0.0000000000
120862  -57.289  25.707  -2.871 0.0000000000
120863  -58.016  25.583  -3.246 0.0000000000
120864  -59.213  24.998  -3.369 0.0000000000
120865  -60.015  24.862  -3.775 0.0000000000
120866  -60.265  24.810  -3.911 0.0000000000
120868  -30.975  25.794  -4.699 0.0000000000
120869  -31.581  25.562  -4.352 0.0000000000
120870  -32.267  25.369  -4.187 0.0000000000
120871  -33.068  25.252  -4.090 0.0000000000
120872  -33.984  25.244  -4.051 0.0000000000
120873  -35.059  25.504  -4.292 0.0000000000
120874  -36.107  25.547  -5.133 0.0000000000
120875  -36.756  25.988  -5.332 0.0000000000
120876  -51.865  25.248  -5.256 0.0000000000
120877  -52.566  25.409  -4.829 0.0000000000
120878  -53.666  25.344  -4.551 0.0000000000
120879  -54.639  25.186  -4.674 0.0000000000
120880  -55.171  24.965  -4.562 0.0000000000
120881  -58.119  25.786  -3.950 0.0000000000
120882  -58.867  25.552  -4.223 0.0000000000
120883  -59.798  25.295  -4.160 0.0000000000
120884  -60.277  24.970  -4.228 0.0000000000
120886  -30.652  25.606  -5.309 0.0000000000
120887  -36.463  25.111  -5.986 0.0000000000
120888  -36.779  25.656  -5.821 0.0000000000
120890  -52.475  25.312  -5.767 0.0000000000
120891  -53.412  25.446  -5.604 0.0000000000
120892  -54.449  25.374  -5.477 0.0000000000
120893  -55.502  25.099  -5.226 0.0000000000
120894  -56.178  24.935  -5.385 0.0000000000
120895  -59.093  25.647  -4.718 0.0000000000
120896  -59.478  25.594  -4.785 0.0000000000
120897  -60.183  25.425  -4.971 0.0000000000
120899  -30.468  25.870  -5.743 0.0000000000
120900  -36.667  24.959  -6.370 0.0000000000
120901  -37.029  25.270  -6.512 0.0000000000
120904  -53.114  25.303  -6.528 0.0000000000
120905  -54.164  25.421  -6.455 0.0000000000
120906  -55.247  25.365  -6.331 0.0000000000
120907  -56.413  25.132  -6.109 0.0000000000
120908  -57.362  24.936  -6.428 0.0000000000
120909  -58.029  24.705  -6.428 0.0000000000
120910  -60.475  25.404  -5.808 0.0000000000
120912  -30.347  25.762  -6.408 0.0000000000
120913  -37.559  25.253  -7.252 0.0000000000
120914  -38.048  25.408  -7.950 0.0000000000
120915  -44.432  25.101  -8.180 0.0000000000
120916  -44.963  24.932  -7.978 0.0000000000
120919  -53.805  25.230  -7.348 0.0000000000
120920  -54.884  25.366  -7.372 0.0000000000
120921  -56.003  25.384  -7.290 0.0000000000
120922  -57.050  25.249  -7.190 0.0000000000
120923  -57.922  24.983  -7.094 0.0000000000
120924  -60.647  25.548  -6.854 0.0000000000
120926  -30.308  25.742  -7.262 0.0000000000
120927  -38.643  25.451  -8.512 0.0000000000
120928  -39.204  25.500  -9.101 0.0000000000
120929  -42.986  25.340  -9.676 0.0000000000
120930  -43.825  25.377  -9.099 0.0000000000
120931  -45.141  25.275  -8.613 0.0000000000
120932  -46.364  25.196  -8.694 0.0000000000
120933  -47.355  24.908  -8.815 0.0000000000
120934  -47.858  24.674  -8.962 0.0000000000
120937  -54.420  25.065  -8.188 0.0000000000
120938  -55.604  25.155  -8.463 0.0000000000
120939  -56.710  25.257  -8.156 0.0000000000
120940  -57.694  25.169  -8.018 0.0000000000
120941  -60.585  25.751  -7.940 0.0000000000
120943  -30.398  25.823  -8.127 0.0000000000
120944  -30.695  26.023  -9.019 0.0000000000
120945  -39.783  25.535  -9.620 0.0000000000
120946  -40.346  25.591  -10.000 0.0000000000
120947  -41.887  25.442  -10.336 0.0000000000
120948  -42.536  25.402  -10.313 0.0000000000
120949  -43.465  25.447  -10.207 0.0000000000
120950  -44.471  25.582  -9.858 0.0000000000
120951  -45.599  25.650  -9.583 0.0000000000
120952  -46.755  25.581  -9.419 0.0000000000
120953  -47.995  25.191  -9.309 0.0000000000
120954  -49.061  24.983  -9.718 0.0000000000
120955  -49.615  24.707  -10.007 0.0000000000
120956  -55.936  24.850  -9.125 0.0000000000
120957  -56.477  24.972  -9.001 0.0000000000
120958  -57.287  25.038  -8.781 0.0000000000
120959  -60.524  25.889  -8.926 0.0000000000
120961  -31.323  25.965  -10.200 0.0000000000
120962  -31.589  25.205  -10.570 0.0000000000
120963  -40.842  25.669  -10.209 0.0000000000
120964  -41.487  25.691  -10.342 0.0000000000
120965  -42.412  25.858  -10.938 0.0000000000
120966  -43.183  25.609  -11.060 0.0000000000
120967  -44.021  25.612  -10.875 0.0000000000
120968  -44.937  25.813  -10.684 0.0000000000
120969  -46.014  25.955  -10.344 0.0000000000
120970  -47.151  26.052  -10.096 0.0000000000
120971  -48.350  25.905  -10.086 0.0000000000
120972  -49.723  25.466  -10.427 0.0000000000
120973  -50.565  24.873  -10.728 0.0000000000
120974  -60.326  25.628  -10.460 0.0000000000
120975  -60.501  25.958  -9.853 0.0000000000
120977  -31.575  26.180  -10.625 0.0000000000
120979  -42.705  26.157  -11.500 0.0000000000
120980  -43.098  25.979  -11.826 0.0000000000
120981  -43.818  25.761  -11.714 0.0000000000
120982  -44.423  25.769  -11.364 0.0000000000
120983  -49.968  26.151  -10.988 0.0000000000
120984  -50.759  25.472  -11.074 0.0000000000
120985  -51.554  25.400  -11.603 0.0000000000
120986  -52.182  25.393  -12.019 0.0000000000
120987  -60.209  25.877  -11.273 0.0000000000
120988  -60.428  26.242  -10.548 0.0000000000
120992  -43.506  26.197  -12.221 0.0000000000
120993  -43.641  25.986  -12.186 0.0000000000
120994  -52.842  25.386  -12.440 0.0000000000
120995  -53.550  25.335  -12.931 0.0000000000
120996  -59.841  25.943  -12.350 0.0000000000
120999  -54.299  25.310  -13.467 0.0000000000
121000  -55.318  25.261  -14.103 0.0000000000
121001  -56.354  25.855  -14.028 0.0000000000
121002  -56.872  26.176  -13.912 0.0000000000
121003  -59.317  25.646  -13.847 0.0000000000
121004  -59.443  26.040  -13.276 0.0000000000
121007  -55.466  24.875  -15.004 0.0000000000
121008  -56.201  25.136  -15.232 0.0000000000
121009  -57.286  25.802  -14.649 0.0000000000
121010  -58.285  26.000  -14.797 0.0000000000
121011  -59.026  25.771  -14.486 0.0000000000
121012  -59.248  26.164  -13.912 0.0000000000
121015  -56.543  24.912  -16.295 0.0000000000
121016  -57.150  25.271  -15.769 0.0000000000
121017  -57.974  25.452  -15.477 0.0000000000
121018  -58.478  25.459  -15.050 0.0000000000
121022  -56.674  24.634  -16.609 0.0000000000
121023  -57.064  24.842  -16.360 0.0000000000
121024  -57.594  25.047  -16.013 0.0000000000
121801  -36.311  26.421  5.261 0.0000000000
121802  -36.928  26.906  5.181 0.0000000000
121804  -36.723  25.895  4.919 0.0000000000
121805  -37.242  26.343  4.812 0.0000000000
121806  -38.054  26.317  4.443 0.0000000000
121807  -38.814  26.498  4.145 0.0000000000
121808  -48.004  25.775  4.265 0.0000000000
121809  -48.669  25.747  4.486 0.0000000000
121810  -49.560  25.835  4.701 0.0000000000
121811  -50.435  25.968  4.784 0.0000000000
121812  -51.342  26.113  4.671 0.0000000000
121813  -52.159  25.971  4.579 0.0000000000
121814  -53.135  25.995  4.394 0.0000000000
121817  -39.561  26.546  3.838 0.0000000000
121818  -40.295  26.548  3.634 0.0000000000
121819  -41.159  26.611  3.446 0.0000000000
121820  -42.178  26.625  3.289 0.0000000000
121821  -43.377  26.720  3.089 0.0000000000
121822  -44.486  26.270  3.234 0.0000000000
121823  -45.497  26.079  3.402 0.0000000000
121824  -46.560  26.165  3.529 0.0000000000
121825  -47.486  26.072  3.834 0.0000000000
121830  -53.455  25.754  4.054 0.0000000000
121831  -54.142  26.170  3.967 0.0000000000
121839  -54.493  26.391  2.930 0.0000000000
121842  -54.295  26.458  1.968 0.0000000000
121844  -54.204  26.543  0.937 0.0000000000
121846  -54.511  26.353  -0.329 0.0000000000
121847  -54.978  25.744  -0.749 0.0000000000
121849  -54.664  26.814  -1.263 0.0000000000
121850  -55.152  26.003  -1.100 0.0000000000
121857  -54.775  27.127  -1.823 0.0000000000
121858  -55.475  26.424  -2.133 0.0000000000
121859  -56.361  25.874  -2.288 0.0000000000
121861  -31.201  26.843  -3.795 0.0000000000
121862  -31.670  26.745  -3.479 0.0000000000
121863  -32.440  26.495  -3.303 0.0000000000
121864  -33.284  26.375  -3.187 0.0000000000
121865  -34.237  26.393  -3.216 0.0000000000
121866  -35.390  26.551  -3.398 0.0000000000
121867  -36.546  26.718  -3.718 0.0000000000
121868  -37.138  26.855  -3.855 0.0000000000
121869  -55.627  26.850  -3.247 0.0000000000
121870  -56.608  26.136  -2.948 0.0000000000
121871  -57.328  25.854  -3.219 0.0000000000
121873  -30.917  26.702  -4.326 0.0000000000
121874  -31.381  26.287  -4.102 0.0000000000
121875  -35.388  26.027  -3.943 0.0000000000
121876  -35.947  26.129  -4.200 0.0000000000
121877  -37.125  26.534  -4.655 0.0000000000
121878  -38.300  26.783  -4.867 0.0000000000
121879  -38.747  26.819  -4.921 0.0000000000
121880  -55.478  27.124  -3.861 0.0000000000
121881  -56.112  26.799  -4.030 0.0000000000
121882  -57.337  26.108  -3.957 0.0000000000
121883  -58.172  25.933  -4.445 0.0000000000
121885  -30.607  26.477  -5.157 0.0000000000
121886  -37.130  26.131  -5.540 0.0000000000
121887  -37.788  26.381  -5.514 0.0000000000
121888  -38.784  26.639  -5.434 0.0000000000
121889  -39.645  26.684  -5.810 0.0000000000
121890  -40.361  26.752  -5.966 0.0000000000
121891  -56.674  26.688  -4.884 0.0000000000
121892  -57.682  26.339  -4.987 0.0000000000
121893  -58.779  25.918  -5.097 0.0000000000
121894  -59.720  25.930  -5.481 0.0000000000
121895  -60.306  25.868  -5.781 0.0000000000
121897  -30.414  26.600  -6.000 0.0000000000
121898  -37.345  25.931  -6.141 0.0000000000
121899  -38.058  26.198  -6.320 0.0000000000
121900  -38.877  26.385  -6.541 0.0000000000
121901  -39.736  26.505  -6.710 0.0000000000
121902  -40.639  26.652  -6.679 0.0000000000
121903  -57.009  26.684  -5.734 0.0000000000
121904  -58.016  26.505  -5.835 0.0000000000
121905  -59.006  26.271  -6.089 0.0000000000
121906  -59.935  26.328  -6.281 0.0000000000
121907  -60.525  26.087  -6.526 0.0000000000
121909  -30.387  26.632  -6.850 0.0000000000
121910  -37.575  25.734  -6.766 0.0000000000
121911  -38.127  25.956  -7.295 0.0000000000
121912  -38.998  26.242  -7.519 0.0000000000
121913  -39.894  26.366  -7.654 0.0000000000
121914  -40.902  26.554  -7.672 0.0000000000
121915  -41.531  26.612  -8.048 0.0000000000
121916  -57.320  26.764  -6.439 0.0000000000
121917  -58.152  26.684  -6.723 0.0000000000
121918  -59.179  26.598  -6.966 0.0000000000
121919  -60.057  26.645  -7.148 0.0000000000
121920  -60.540  26.384  -7.581 0.0000000000
121922  -30.407  26.701  -7.750 0.0000000000
121923  -38.493  25.877  -8.061 0.0000000000
121924  -39.138  26.078  -8.513 0.0000000000
121925  -40.055  26.267  -8.622 0.0000000000
121926  -40.881  26.422  -8.750 0.0000000000
121927  -41.671  26.623  -8.784 0.0000000000
121928  -60.625  26.491  -8.485 0.0000000000
121930  -30.641  26.798  -8.665 0.0000000000
121931  -31.033  26.812  -9.588 0.0000000000
121932  -39.537  26.004  -9.248 0.0000000000
121933  -40.230  26.113  -9.538 0.0000000000
121934  -41.033  26.329  -9.565 0.0000000000
121935  -41.802  26.553  -9.656 0.0000000000
121936  -60.628  26.644  -9.329 0.0000000000
121938  -31.452  26.784  -10.360 0.0000000000
121939  -40.645  26.020  -10.047 0.0000000000
121940  -41.232  26.131  -10.178 0.0000000000
121941  -42.031  26.366  -10.500 0.0000000000
121942  -44.822  25.875  -11.349 0.0000000000
121943  -45.379  26.036  -11.254 0.0000000000
121944  -46.356  26.274  -11.078 0.0000000000
121945  -47.436  26.452  -10.910 0.0000000000
121946  -48.488  26.487  -10.784 0.0000000000
121947  -60.528  26.834  -10.145 0.0000000000
121951  -42.592  26.406  -11.169 0.0000000000
121952  -42.950  26.498  -11.705 0.0000000000
121953  -43.994  25.937  -12.192 0.0000000000
121954  -44.627  25.970  -11.952 0.0000000000
121955  -45.655  26.252  -11.987 0.0000000000
121956  -46.640  26.582  -11.873 0.0000000000
121957  -47.728  26.883  -11.749 0.0000000000
121958  -49.091  26.809  -11.388 0.0000000000
121959  -50.120  26.577  -11.453 0.0000000000
121960  -50.964  26.344  -11.586 0.0000000000
121961  -51.671  26.158  -11.799 0.0000000000
121962  -60.164  26.699  -11.908 0.0000000000
121963  -60.389  27.028  -11.062 0.0000000000
121967  -43.399  26.517  -12.145 0.0000000000
121968  -44.047  26.410  -12.501 0.0000000000
121969  -45.011  26.406  -12.655 0.0000000000
121970  -45.939  26.623  -12.788 0.0000000000
121971  -46.845  26.940  -12.606 0.0000000000
121972  -47.554  27.167  -12.601 0.0000000000
121973  -49.519  27.139  -12.023 0.0000000000
121974  -50.267  27.139  -12.125 0.0000000000
121975  -51.218  26.986  -12.151 0.0000000000
121976  -52.219  26.491  -12.246 0.0000000000
121977  -53.105  26.329  -12.615 0.0000000000
121978  -56.413  26.962  -12.928 0.0000000000
121979  -56.805  26.999  -12.741 0.0000000000
121980  -59.770  26.908  -12.710 0.0000000000
121983  -44.679  26.811  -12.964 0.0000000000
121984  -45.268  26.813  -13.206 0.0000000000
121985  -45.831  26.982  -13.372 0.0000000000
121986  -53.866  26.304  -13.016 0.0000000000
121987  -54.760  26.327  -13.237 0.0000000000
121988  -55.695  26.426  -13.313 0.0000000000
121989  -56.574  26.721  -13.236 0.0000000000
121990  -57.399  26.874  -13.221 0.0000000000
121991  -58.225  27.028  -13.518 0.0000000000
121992  -59.124  27.019  -13.569 0.0000000000
121995  -57.213  26.410  -13.817 0.0000000000
121996  -57.860  26.463  -14.084 0.0000000000
121997  -58.634  26.414  -14.117 0.0000000000
121998  -59.056  26.347  -14.085 0.0000000000
122714  -36.608  27.456  5.451 0.0000000000
122715  -37.543  27.407  5.132 0.0000000000
122719  -37.784  26.804  4.739 0.0000000000
122720  -38.328  27.101  4.626 0.0000000000
122754  -54.666  26.811  2.441 0.0000000000
122758  -54.629  27.221  1.786 0.0000000000
122761  -54.379  27.435  0.585 0.0000000000
122763  -54.380  27.600  -0.560 0.0000000000
122769  -54.534  27.714  -1.529 0.0000000000
122780  -54.682  27.616  -2.397 0.0000000000
122781  -55.118  27.276  -2.930 0.0000000000
122791  -54.606  27.883  -3.341 0.0000000000
122792  -55.053  27.412  -3.682 0.0000000000
122795  -37.584  27.038  -3.819 0.0000000000
122796  -38.215  27.085  -4.106 0.0000000000
122797  -39.082  27.109  -4.496 0.0000000000
122800  -54.460  27.964  -4.233 0.0000000000
122801  -55.170  27.416  -4.503 0.0000000000
122802  -55.847  27.113  -4.916 0.0000000000
122805  -39.634  26.977  -5.047 0.0000000000
122806  -40.352  27.120  -5.229 0.0000000000
122807  -41.226  27.282  -5.570 0.0000000000
122808  -41.972  27.515  -5.853 0.0000000000
122809  -53.744  28.265  -5.637 0.0000000000
122810  -54.145  28.012  -5.286 0.0000000000
122811  -55.169  27.414  -5.501 0.0000000000
122812  -56.082  27.049  -5.662 0.0000000000
122815  -41.513  26.982  -6.575 0.0000000000
122816  -42.369  27.359  -6.516 0.0000000000
122817  -43.108  27.499  -6.851 0.0000000000
122818  -43.719  27.729  -7.044 0.0000000000
122819  -53.780  28.141  -6.041 0.0000000000
122820  -54.484  27.682  -6.218 0.0000000000
122821  -55.438  27.347  -6.400 0.0000000000
122822  -56.436  27.030  -6.491 0.0000000000
122825  -41.761  26.832  -7.289 0.0000000000
122826  -42.358  26.894  -7.701 0.0000000000
122827  -43.215  27.244  -7.806 0.0000000000
122828  -44.034  27.634  -7.772 0.0000000000
122829  -53.877  27.952  -6.920 0.0000000000
122830  -54.763  27.612  -7.175 0.0000000000
122831  -55.827  27.369  -7.316 0.0000000000
122832  -57.086  27.086  -7.313 0.0000000000
122833  -58.282  27.000  -7.609 0.0000000000
122834  -59.323  27.045  -7.779 0.0000000000
122835  -60.124  27.079  -7.977 0.0000000000
122836  -60.491  26.957  -8.332 0.0000000000
122839  -42.501  26.884  -8.763 0.0000000000
122840  -43.365  27.208  -8.783 0.0000000000
122841  -44.343  27.576  -8.781 0.0000000000
122842  -44.915  27.869  -9.211 0.0000000000
122843  -54.060  27.924  -7.885 0.0000000000
122844  -55.087  27.685  -8.267 0.0000000000
122845  -56.289  27.489  -8.213 0.0000000000
122846  -57.418  27.383  -8.312 0.0000000000
122847  -58.507  27.395  -8.452 0.0000000000
122848  -59.463  27.463  -8.581 0.0000000000
122849  -60.165  27.469  -8.760 0.0000000000
122850  -60.567  27.198  -8.995 0.0000000000
122854  -42.612  26.867  -9.737 0.0000000000
122855  -43.460  27.197  -9.801 0.0000000000
122856  -44.291  27.514  -9.950 0.0000000000
122857  -45.028  27.942  -9.975 0.0000000000
122858  -55.780  27.758  -8.965 0.0000000000
122859  -56.700  27.680  -9.071 0.0000000000
122860  -57.757  27.701  -9.168 0.0000000000
122861  -58.771  27.768  -9.257 0.0000000000
122862  -59.612  27.867  -9.332 0.0000000000
122863  -60.191  27.819  -9.580 0.0000000000
122864  -60.482  27.381  -9.739 0.0000000000
122868  -42.769  26.875  -10.619 0.0000000000
122869  -43.488  27.263  -10.788 0.0000000000
122870  -44.415  27.697  -11.059 0.0000000000
122871  -45.099  28.066  -10.600 0.0000000000
122872  -60.329  27.911  -10.084 0.0000000000
122873  -60.430  27.688  -10.444 0.0000000000
122878  -42.941  26.878  -11.291 0.0000000000
122879  -43.430  27.162  -11.756 0.0000000000
122880  -44.147  27.567  -12.133 0.0000000000
122881  -48.230  27.196  -12.215 0.0000000000
122882  -48.827  27.279  -12.331 0.0000000000
122883  -60.079  27.791  -11.974 0.0000000000
122884  -60.335  27.993  -11.116 0.0000000000
122889  -43.754  27.004  -12.411 0.0000000000
122890  -44.354  27.268  -12.866 0.0000000000
122891  -46.363  27.012  -13.219 0.0000000000
122892  -47.033  27.265  -13.252 0.0000000000
122893  -48.068  27.372  -13.113 0.0000000000
122894  -49.304  27.548  -12.998 0.0000000000
122895  -50.499  27.678  -12.982 0.0000000000
122896  -51.597  27.513  -12.850 0.0000000000
122897  -52.564  27.254  -12.869 0.0000000000
122898  -53.329  27.062  -12.983 0.0000000000
122899  -56.592  27.222  -13.035 0.0000000000
122900  -57.026  27.343  -13.053 0.0000000000
122901  -59.564  27.926  -12.917 0.0000000000
122906  -44.933  27.205  -13.277 0.0000000000
122907  -45.476  27.272  -13.433 0.0000000000
122908  -46.291  27.497  -13.688 0.0000000000
122909  -47.310  27.546  -14.017 0.0000000000
122910  -48.394  27.756  -14.143 0.0000000000
122911  -49.743  28.144  -14.353 0.0000000000
122912  -51.028  28.152  -13.780 0.0000000000
122913  -52.068  27.976  -13.598 0.0000000000
122914  -53.027  27.813  -13.482 0.0000000000
122915  -54.047  27.471  -13.333 0.0000000000
122916  -55.087  27.434  -13.494 0.0000000000
122917  -55.970  27.514  -13.444 0.0000000000
122918  -56.734  27.602  -13.424 0.0000000000
122919  -57.563  27.748  -13.473 0.0000000000
122920  -58.477  27.984  -13.475 0.0000000000
122921  -59.108  28.134  -13.363 0.0000000000
122925  -46.820  27.971  -14.333 0.0000000000
122926  -47.591  28.079  -14.899 0.0000000000
122927  -48.607  28.120  -15.170 0.0000000000
122928  -49.386  28.388  -15.601 0.0000000000
122933  -48.091  28.475  -15.603 0.0000000000
122934  -48.738  28.531  -15.909 0.0000000000
122935  -49.237  28.578  -16.105 0.0000000000
123702  -54.592  28.536  -2.074 0.0000000000
123718  -54.308  28.665  -3.859 0.0000000000
123724  -53.580  29.139  -5.048 0.0000000000
123725  -53.909  28.703  -4.766 0.0000000000
123728  -41.950  27.948  -5.286 0.0000000000
123729  -42.540  28.249  -5.542 0.0000000000
123730  -43.079  28.692  -5.776 0.0000000000
123731  -52.909  29.311  -5.977 0.0000000000
123732  -53.422  28.760  -5.602 0.0000000000
123733  -53.785  28.451  -5.208 0.0000000000
123736  -43.019  27.963  -6.097 0.0000000000
123737  -43.581  28.403  -6.289 0.0000000000
123738  -44.248  28.417  -6.848 0.0000000000
123739  -52.775  29.064  -6.405 0.0000000000
123740  -53.264  28.493  -6.624 0.0000000000
123743  -44.825  28.379  -7.621 0.0000000000
123744  -45.395  28.746  -7.992 0.0000000000
123745  -52.612  28.855  -7.209 0.0000000000
123746  -53.247  28.361  -7.584 0.0000000000
123750  -45.076  28.149  -8.474 0.0000000000
123751  -45.611  28.547  -8.933 0.0000000000
123752  -46.138  28.929  -9.445 0.0000000000
123753  -51.827  29.140  -8.691 0.0000000000
123754  -52.381  28.779  -8.291 0.0000000000
123755  -53.392  28.286  -8.571 0.0000000000
123756  -54.228  28.033  -8.747 0.0000000000
123761  -45.600  28.408  -10.079 0.0000000000
123762  -46.269  28.884  -10.299 0.0000000000
123763  -52.046  28.955  -9.277 0.0000000000
123764  -52.824  28.568  -9.370 0.0000000000
123765  -53.796  28.324  -9.524 0.0000000000
123766  -54.944  28.121  -9.451 0.0000000000
123767  -56.058  28.066  -9.752 0.0000000000
123768  -57.108  28.058  -9.882 0.0000000000
123769  -58.144  28.181  -9.910 0.0000000000
123770  -59.078  28.250  -9.934 0.0000000000
123771  -59.735  28.263  -9.921 0.0000000000
123775  -44.653  27.893  -11.778 0.0000000000
123776  -45.391  28.258  -11.265 0.0000000000
123777  -46.433  28.880  -11.347 0.0000000000
123778  -52.377  28.806  -10.005 0.0000000000
123779  -53.183  28.719  -10.507 0.0000000000
123780  -54.372  28.535  -10.439 0.0000000000
123781  -55.467  28.486  -10.494 0.0000000000
123782  -56.542  28.475  -10.610 0.0000000000
123783  -57.602  28.569  -10.636 0.0000000000
123784  -58.600  28.704  -10.583 0.0000000000
123785  -59.461  28.690  -10.527 0.0000000000
123786  -60.102  28.361  -10.337 0.0000000000
123787  -60.326  28.106  -10.378 0.0000000000
123792  -44.872  28.001  -12.480 0.0000000000
123793  -45.832  28.489  -12.340 0.0000000000
123794  -46.621  29.002  -12.325 0.0000000000
123795  -53.322  28.984  -11.310 0.0000000000
123796  -53.987  28.874  -11.306 0.0000000000
123797  -54.987  28.895  -11.330 0.0000000000
123798  -56.041  28.887  -11.409 0.0000000000
123799  -57.114  28.977  -11.423 0.0000000000
123800  -58.152  29.109  -11.335 0.0000000000
123801  -59.064  29.170  -11.195 0.0000000000
123802  -59.901  28.843  -11.354 0.0000000000
123803  -60.279  28.261  -10.710 0.0000000000
123807  -44.993  27.670  -13.216 0.0000000000
123808  -45.528  28.224  -13.211 0.0000000000
123809  -46.282  28.701  -13.176 0.0000000000
123810  -59.648  28.776  -12.505 0.0000000000
123814  -45.206  27.462  -13.375 0.0000000000
123815  -45.589  27.728  -13.495 0.0000000000
123816  -46.335  28.311  -13.897 0.0000000000
123817  -50.782  28.412  -14.733 0.0000000000
123818  -51.658  28.443  -14.526 0.0000000000
123819  -52.615  28.458  -14.307 0.0000000000
123820  -53.587  28.467  -14.112 0.0000000000
123821  -54.586  28.407  -13.992 0.0000000000
123822  -55.523  28.334  -13.934 0.0000000000
123823  -56.354  28.336  -13.873 0.0000000000
123824  -57.107  28.460  -13.813 0.0000000000
123825  -57.868  28.917  -13.839 0.0000000000
123826  -58.799  28.865  -13.543 0.0000000000
123827  -59.354  28.691  -13.165 0.0000000000
123831  -47.047  28.560  -14.627 0.0000000000
123832  -47.601  28.838  -15.417 0.0000000000
123833  -50.312  28.502  -15.487 0.0000000000
123834  -51.300  28.653  -15.470 0.0000000000
123835  -52.271  28.797  -15.269 0.0000000000
123836  -53.179  28.938  -14.991 0.0000000000
123837  -54.158  29.162  -14.941 0.0000000000
123838  -55.156  29.034  -14.599 0.0000000000
123839  -56.025  29.002  -14.393 0.0000000000
123840  -56.787  28.999  -14.223 0.0000000000
123841  -57.171  28.817  -14.109 0.0000000000
123845  -48.297  29.026  -16.203 0.0000000000
123846  -49.091  28.827  -16.435 0.0000000000
123847  -49.891  28.719  -16.269 0.0000000000
123848  -50.899  28.816  -16.235 0.0000000000
123849  -51.906  29.195  -16.232 0.0000000000
123850  -52.931  29.285  -15.704 0.0000000000
123851  -53.536  29.298  -15.379 0.0000000000
123855  -48.502  29.423  -16.466 0.0000000000
123856  -48.939  29.340  -16.625 0.0000000000
123857  -49.785  29.246  -16.687 0.0000000000
123858  -50.668  29.182  -16.700 0.0000000000
123859  -51.273  29.169  -16.613 0.0000000000
124739  -51.105  30.102  -7.884 0.0000000000
124740  -51.572  29.895  -7.304 0.0000000000
124741  -52.225  29.468  -6.893 0.0000000000
124745  -46.217  29.569  -8.664 0.0000000000
124746  -46.612  29.618  -9.431 0.0000000000
124747  -50.886  29.961  -8.563 0.0000000000
124748  -51.544  29.456  -8.163 0.0000000000
124749  -52.029  29.253  -7.552 0.0000000000
124753  -47.054  29.707  -10.333 0.0000000000
124754  -47.502  30.216  -10.312 0.0000000000
124755  -50.648  29.857  -9.493 0.0000000000
124756  -51.401  29.410  -9.062 0.0000000000
124759  -47.132  29.433  -11.509 0.0000000000
124760  -47.576  29.958  -10.887 0.0000000000
124761  -50.529  29.757  -10.655 0.0000000000
124762  -51.623  29.228  -10.259 0.0000000000
124763  -52.419  28.961  -10.558 0.0000000000
124768  -47.193  29.390  -12.341 0.0000000000
124769  -47.771  29.826  -11.842 0.0000000000
124770  -48.222  29.970  -12.040 0.0000000000
124771  -50.476  29.813  -11.798 0.0000000000
124772  -51.382  29.522  -11.558 0.0000000000
124773  -52.570  29.197  -11.442 0.0000000000
124774  -53.598  29.265  -11.967 0.0000000000
124775  -54.562  29.351  -12.113 0.0000000000
124776  -55.583  29.411  -12.174 0.0000000000
124777  -56.628  29.493  -12.178 0.0000000000
124778  -57.698  29.570  -12.137 0.0000000000
124779  -58.676  29.563  -11.911 0.0000000000
124780  -59.275  29.352  -11.679 0.0000000000
124783  -46.880  29.221  -13.100 0.0000000000
124784  -47.515  29.550  -12.876 0.0000000000
124785  -48.084  29.831  -12.620 0.0000000000
124786  -50.361  29.897  -12.709 0.0000000000
124787  -51.100  29.741  -12.594 0.0000000000
124788  -52.051  29.641  -12.575 0.0000000000
124789  -53.078  29.562  -12.725 0.0000000000
124790  -54.081  29.721  -12.868 0.0000000000
124791  -55.143  29.934  -13.024 0.0000000000
124792  -56.127  29.972  -12.872 0.0000000000
124793  -57.113  30.126  -12.850 0.0000000000
124794  -58.283  30.005  -12.926 0.0000000000
124795  -59.238  29.449  -12.258 0.0000000000
124799  -46.705  29.021  -13.907 0.0000000000
124800  -47.272  29.441  -13.761 0.0000000000
124801  -47.873  29.718  -13.514 0.0000000000
124802  -50.253  30.013  -13.254 0.0000000000
124803  -50.737  29.998  -13.365 0.0000000000
124804  -51.583  30.027  -13.466 0.0000000000
124805  -52.557  30.001  -13.581 0.0000000000
124806  -53.561  30.056  -13.646 0.0000000000
124807  -54.452  30.163  -13.620 0.0000000000
124808  -57.792  29.713  -14.067 0.0000000000
124809  -58.291  29.655  -13.652 0.0000000000
124810  -59.111  29.415  -13.112 0.0000000000
124815  -46.799  28.809  -14.339 0.0000000000
124816  -47.307  29.314  -14.711 0.0000000000
124817  -47.648  29.645  -14.222 0.0000000000
124818  -54.414  29.599  -15.336 0.0000000000
124819  -54.879  29.572  -15.105 0.0000000000
124820  -55.663  29.653  -14.789 0.0000000000
124821  -56.549  29.569  -14.508 0.0000000000
124822  -57.260  29.517  -14.259 0.0000000000
124827  -47.974  29.624  -15.808 0.0000000000
124828  -48.360  30.085  -16.042 0.0000000000
124829  -52.128  29.611  -16.633 0.0000000000
124830  -52.743  29.739  -16.250 0.0000000000
124831  -53.849  29.666  -15.607 0.0000000000
124832  -54.638  29.843  -15.357 0.0000000000
124833  -55.097  29.892  -15.126 0.0000000000
124838  -48.313  29.483  -16.298 0.0000000000
124839  -48.680  29.835  -16.433 0.0000000000
124840  -49.642  29.791  -16.734 0.0000000000
124841  -50.596  29.712  -16.915 0.0000000000
124842  -51.555  29.606  -16.851 0.0000000000
124843  -52.194  29.863  -16.717 0.0000000000
125710  -50.842  30.636  -8.209 0.0000000000
125719  -50.368  30.709  -8.858 0.0000000000
125724  -46.961  30.327  -9.422 0.0000000000
125725  -47.465  30.741  -9.709 0.0000000000
125726  -48.106  31.064  -9.967 0.0000000000
125727  -48.813  31.089  -10.052 0.0000000000
125728  -49.656  30.639  -9.793 0.0000000000
125733  -47.838  30.474  -10.404 0.0000000000
125734  -48.375  30.545  -10.571 0.0000000000
125735  -49.014  30.439  -10.775 0.0000000000
125736  -49.712  30.016  -11.122 0.0000000000
125741  -48.002  30.204  -11.023 0.0000000000
125742  -48.441  30.155  -11.451 0.0000000000
125743  -49.108  30.097  -11.730 0.0000000000
125744  -49.769  29.984  -12.176 0.0000000000
125747  -48.590  29.999  -12.273 0.0000000000
125748  -49.160  30.053  -12.671 0.0000000000
125749  -49.802  30.026  -13.056 0.0000000000
125750  -55.770  30.223  -13.387 0.0000000000
125751  -56.381  30.317  -13.528 0.0000000000
125752  -57.295  30.290  -13.622 0.0000000000
125753  -57.873  30.086  -13.725 0.0000000000
125757  -48.526  29.919  -13.177 0.0000000000
125758  -49.177  30.069  -13.636 0.0000000000
125759  -50.067  30.165  -13.885 0.0000000000
125760  -50.980  30.338  -14.216 0.0000000000
125761  -51.961  30.412  -14.409 0.0000000000
125762  -52.992  30.340  -14.510 0.0000000000
125763  -54.051  30.359  -14.423 0.0000000000
125764  -55.292  30.336  -14.063 0.0000000000
125765  -56.409  30.323  -14.222 0.0000000000
125766  -57.324  30.096  -14.236 0.0000000000
125767  -58.021  30.175  -13.985 0.0000000000
125773  -47.720  29.712  -14.618 0.0000000000
125774  -48.285  29.929  -14.317 0.0000000000
125775  -49.255  30.237  -14.660 0.0000000000
125776  -50.219  30.427  -14.943 0.0000000000
125777  -51.220  30.529  -15.225 0.0000000000
125778  -52.265  30.487  -15.411 0.0000000000
125779  -53.339  30.375  -15.335 0.0000000000
125780  -54.414  30.311  -15.065 0.0000000000
125781  -55.360  30.080  -14.854 0.0000000000
125782  -56.426  30.001  -14.588 0.0000000000
125783  -56.952  29.869  -14.505 0.0000000000
125788  -47.855  29.832  -15.037 0.0000000000
125789  -48.501  30.121  -15.419 0.0000000000
125790  -49.427  30.358  -15.606 0.0000000000
125791  -50.381  30.471  -15.901 0.0000000000
125792  -51.399  30.437  -16.172 0.0000000000
125793  -52.420  30.210  -16.319 0.0000000000
125794  -53.596  30.104  -15.767 0.0000000000
125795  -54.506  30.034  -15.386 0.0000000000
125796  -54.911  30.023  -15.243 0.0000000000
125802  -48.841  30.219  -16.048 0.0000000000
125803  -49.542  30.238  -16.333 0.0000000000
125804  -50.494  30.226  -16.640 0.0000000000
125805  -51.437  30.138  -16.855 0.0000000000
125806  -51.972  30.008  -16.909 0.0000000000
