#!ascii label  , from subject colin27_FS vox2ras=TkReg
1503
70972  34.308  -12.254  -0.886 0.0000000000
70975  34.489  -12.241  -1.907 0.0000000000
72211  34.585  -10.947  3.125 0.0000000000
72224  33.792  -11.526  2.158 0.0000000000
72235  33.525  -11.558  1.564 0.0000000000
72245  33.368  -11.478  0.609 0.0000000000
72252  33.740  -11.666  -0.346 0.0000000000
72253  33.292  -11.259  -0.060 0.0000000000
72256  34.067  -11.515  -1.353 0.0000000000
72261  34.357  -11.213  -2.159 0.0000000000
73582  34.636  -10.356  3.533 0.0000000000
73583  33.764  -10.255  3.271 0.0000000000
73592  34.131  -10.832  3.041 0.0000000000
73593  33.313  -10.911  2.455 0.0000000000
73594  32.560  -10.578  1.866 0.0000000000
73602  32.918  -11.133  1.329 0.0000000000
73603  32.365  -10.605  1.029 0.0000000000
73610  32.912  -11.030  0.340 0.0000000000
73611  32.510  -10.598  0.032 0.0000000000
73613  33.720  -11.159  -1.078 0.0000000000
73614  33.243  -10.793  -0.755 0.0000000000
73615  32.673  -10.469  -0.542 0.0000000000
73621  33.991  -10.641  -1.714 0.0000000000
73622  33.554  -10.479  -1.511 0.0000000000
74966  35.610  -8.951  4.358 0.0000000000
74967  34.921  -8.914  4.234 0.0000000000
74984  35.155  -9.600  4.073 0.0000000000
74985  34.107  -9.240  3.792 0.0000000000
74986  32.817  -9.643  3.096 0.0000000000
74987  32.125  -9.125  2.809 0.0000000000
74996  32.600  -10.249  2.385 0.0000000000
74997  31.799  -9.704  1.988 0.0000000000
74998  31.124  -9.048  1.541 0.0000000000
75006  31.842  -10.136  0.597 0.0000000000
75007  31.223  -9.395  0.915 0.0000000000
75021  32.180  -10.203  -0.339 0.0000000000
75022  31.519  -9.667  -0.043 0.0000000000
75031  33.275  -10.324  -1.423 0.0000000000
75032  32.711  -10.206  -1.044 0.0000000000
75033  31.972  -9.772  -0.892 0.0000000000
75043  34.443  -9.803  -2.288 0.0000000000
75044  33.766  -9.982  -1.834 0.0000000000
75045  33.061  -9.947  -1.730 0.0000000000
75046  32.441  -9.785  -1.492 0.0000000000
76353  35.886  -8.319  4.479 0.0000000000
76354  35.219  -8.332  4.401 0.0000000000
76355  34.523  -8.319  4.194 0.0000000000
76382  33.877  -8.207  3.963 0.0000000000
76383  33.174  -8.456  3.662 0.0000000000
76384  32.373  -8.483  3.198 0.0000000000
76407  31.703  -8.502  2.664 0.0000000000
76408  31.119  -8.482  1.993 0.0000000000
76432  30.700  -8.408  1.092 0.0000000000
76433  30.445  -7.933  0.739 0.0000000000
76456  30.819  -8.991  0.203 0.0000000000
76457  30.446  -8.208  0.345 0.0000000000
76465  31.188  -9.244  -0.727 0.0000000000
76466  30.519  -8.520  -0.478 0.0000000000
76469  34.133  -9.440  -2.289 0.0000000000
76470  33.491  -9.492  -2.195 0.0000000000
76471  32.660  -9.471  -2.057 0.0000000000
76472  31.736  -9.346  -1.661 0.0000000000
76473  30.783  -8.767  -1.471 0.0000000000
76478  33.989  -8.968  -2.587 0.0000000000
76479  33.124  -9.035  -2.608 0.0000000000
76480  32.086  -8.929  -2.552 0.0000000000
76481  31.234  -8.855  -2.217 0.0000000000
76489  33.660  -8.586  -3.126 0.0000000000
76490  32.766  -8.668  -3.113 0.0000000000
77790  36.085  -7.682  4.505 0.0000000000
77791  35.467  -7.735  4.479 0.0000000000
77792  34.855  -7.638  4.400 0.0000000000
77803  34.157  -7.484  4.182 0.0000000000
77804  33.417  -7.478  3.853 0.0000000000
77805  32.672  -7.514  3.495 0.0000000000
77822  31.976  -7.525  3.004 0.0000000000
77823  31.334  -7.513  2.420 0.0000000000
77838  30.790  -7.489  1.705 0.0000000000
77839  30.412  -7.473  0.995 0.0000000000
77857  30.284  -7.635  0.490 0.0000000000
77867  30.127  -7.697  -0.129 0.0000000000
77873  30.101  -7.896  -1.155 0.0000000000
77876  31.387  -8.591  -2.696 0.0000000000
77877  30.534  -8.110  -2.497 0.0000000000
77884  33.173  -8.322  -3.787 0.0000000000
77885  31.801  -8.360  -3.514 0.0000000000
77886  30.774  -7.502  -3.778 0.0000000000
77895  32.692  -7.971  -4.595 0.0000000000
77896  31.589  -7.693  -4.685 0.0000000000
77897  30.792  -7.120  -4.860 0.0000000000
77907  31.463  -7.232  -5.730 0.0000000000
77908  30.858  -6.757  -5.586 0.0000000000
79166  36.265  -6.964  4.444 0.0000000000
79167  35.552  -7.071  4.466 0.0000000000
79168  35.137  -7.266  4.455 0.0000000000
79175  36.564  -6.228  4.225 0.0000000000
79176  35.648  -6.205  4.231 0.0000000000
79177  34.701  -6.618  4.227 0.0000000000
79178  33.750  -6.643  3.864 0.0000000000
79179  33.026  -6.577  3.572 0.0000000000
79194  32.366  -6.573  3.147 0.0000000000
79195  31.770  -6.588  2.630 0.0000000000
79213  31.129  -6.514  2.032 0.0000000000
79214  30.520  -6.568  1.299 0.0000000000
79239  30.105  -6.825  0.402 0.0000000000
79253  29.835  -6.916  -0.613 0.0000000000
79254  29.669  -6.272  -0.997 0.0000000000
79263  29.870  -6.824  -1.675 0.0000000000
79264  29.752  -5.999  -1.446 0.0000000000
79267  30.096  -6.762  -2.910 0.0000000000
79271  30.391  -6.512  -4.066 0.0000000000
79279  30.534  -6.307  -5.073 0.0000000000
79289  31.158  -6.730  -6.139 0.0000000000
79290  30.698  -6.180  -6.022 0.0000000000
80492  36.979  -5.457  3.870 0.0000000000
80493  36.014  -5.390  3.765 0.0000000000
80494  34.917  -5.297  3.472 0.0000000000
80495  33.923  -5.797  3.545 0.0000000000
80496  33.377  -6.065  3.532 0.0000000000
80506  34.576  -4.778  2.798 0.0000000000
80507  34.037  -5.040  2.910 0.0000000000
80508  32.942  -5.452  2.909 0.0000000000
80509  32.201  -6.003  2.751 0.0000000000
80525  32.540  -4.951  2.129 0.0000000000
80526  31.886  -5.528  2.155 0.0000000000
80527  30.980  -5.588  1.501 0.0000000000
80543  30.340  -5.653  0.693 0.0000000000
80553  29.798  -5.869  -0.276 0.0000000000
80554  29.658  -5.688  -1.043 0.0000000000
80563  29.891  -5.626  -1.998 0.0000000000
80564  29.756  -5.636  -1.461 0.0000000000
80570  30.105  -5.606  -3.295 0.0000000000
80573  30.338  -5.551  -4.397 0.0000000000
80577  30.513  -5.478  -5.353 0.0000000000
80586  30.630  -5.345  -6.160 0.0000000000
81814  37.378  -4.674  3.408 0.0000000000
81815  36.469  -4.661  3.290 0.0000000000
81816  35.667  -4.711  3.138 0.0000000000
81826  37.683  -4.016  3.019 0.0000000000
81827  36.972  -4.078  2.688 0.0000000000
81828  36.035  -4.104  2.423 0.0000000000
81829  35.103  -4.428  2.522 0.0000000000
81830  34.364  -4.463  2.336 0.0000000000
81831  33.680  -4.636  2.372 0.0000000000
81848  35.521  -3.866  1.867 0.0000000000
81849  34.895  -3.958  1.783 0.0000000000
81850  34.094  -4.118  1.775 0.0000000000
81851  33.167  -4.419  1.879 0.0000000000
81852  32.222  -4.426  1.649 0.0000000000
81853  31.502  -4.854  1.499 0.0000000000
81869  31.554  -4.140  1.337 0.0000000000
81870  30.852  -4.540  0.979 0.0000000000
81884  30.048  -4.638  -0.012 0.0000000000
81885  29.759  -5.153  -0.767 0.0000000000
81893  29.888  -4.419  -1.302 0.0000000000
81894  29.740  -5.284  -1.322 0.0000000000
81900  30.067  -4.537  -2.609 0.0000000000
81907  30.353  -4.597  -3.744 0.0000000000
81912  30.555  -4.681  -4.747 0.0000000000
81919  30.675  -4.707  -5.600 0.0000000000
83184  38.266  -3.731  2.975 0.0000000000
83195  38.750  -3.204  2.564 0.0000000000
83196  37.682  -3.344  2.204 0.0000000000
83197  36.720  -3.609  1.839 0.0000000000
83198  36.068  -3.632  1.630 0.0000000000
83214  37.209  -3.164  1.180 0.0000000000
83215  36.544  -3.310  1.056 0.0000000000
83216  35.728  -3.368  1.146 0.0000000000
83217  34.759  -3.396  1.491 0.0000000000
83218  33.821  -3.501  1.572 0.0000000000
83219  32.892  -3.521  1.516 0.0000000000
83220  32.016  -3.423  1.457 0.0000000000
83241  37.053  -3.026  0.508 0.0000000000
83242  36.711  -2.983  0.464 0.0000000000
83243  36.108  -2.798  0.522 0.0000000000
83244  31.302  -3.461  1.030 0.0000000000
83245  30.595  -3.554  0.444 0.0000000000
83264  30.236  -3.541  -0.443 0.0000000000
83277  30.231  -3.362  -1.243 0.0000000000
83285  30.223  -3.508  -2.107 0.0000000000
83294  30.477  -3.616  -3.164 0.0000000000
83298  31.068  -3.089  -4.429 0.0000000000
83299  30.802  -3.646  -4.243 0.0000000000
83302  31.075  -3.214  -5.071 0.0000000000
83303  30.847  -4.058  -5.095 0.0000000000
84589  39.414  -2.577  2.118 0.0000000000
84590  38.504  -2.702  1.705 0.0000000000
84591  37.823  -2.832  1.260 0.0000000000
84592  34.497  -2.238  1.872 0.0000000000
84593  34.102  -2.245  2.043 0.0000000000
84594  33.372  -2.119  2.044 0.0000000000
84605  39.972  -2.126  1.656 0.0000000000
84606  39.241  -2.210  1.078 0.0000000000
84607  38.358  -2.473  0.718 0.0000000000
84608  37.616  -2.702  0.498 0.0000000000
84609  35.456  -2.801  0.986 0.0000000000
84610  34.624  -2.606  1.594 0.0000000000
84611  33.548  -2.777  1.733 0.0000000000
84612  32.637  -2.481  1.678 0.0000000000
84613  31.710  -2.517  1.325 0.0000000000
84629  38.878  -2.135  0.198 0.0000000000
84630  38.224  -2.303  -0.249 0.0000000000
84631  37.320  -2.512  -0.110 0.0000000000
84632  36.716  -2.322  -0.018 0.0000000000
84633  36.091  -2.342  0.589 0.0000000000
84634  31.079  -2.589  0.707 0.0000000000
84635  30.518  -2.665  0.043 0.0000000000
84655  37.842  -2.147  -0.764 0.0000000000
84656  37.295  -2.063  -0.617 0.0000000000
84657  36.936  -2.006  -0.493 0.0000000000
84658  30.428  -2.714  -0.784 0.0000000000
84678  30.450  -2.690  -1.649 0.0000000000
84694  30.870  -2.073  -2.756 0.0000000000
84695  30.657  -2.612  -2.641 0.0000000000
84703  31.034  -2.156  -3.261 0.0000000000
84704  30.892  -2.916  -3.621 0.0000000000
84707  31.209  -2.455  -4.294 0.0000000000
84708  31.056  -3.039  -4.135 0.0000000000
86080  40.625  -1.863  1.642 0.0000000000
86081  36.380  -1.180  1.777 0.0000000000
86082  35.900  -1.413  1.885 0.0000000000
86083  34.842  -1.813  2.036 0.0000000000
86084  33.815  -1.509  2.336 0.0000000000
86085  32.934  -1.484  2.088 0.0000000000
86102  41.184  -1.419  1.009 0.0000000000
86103  40.167  -1.739  0.809 0.0000000000
86104  39.477  -1.864  0.242 0.0000000000
86105  37.028  -1.192  0.915 0.0000000000
86106  36.520  -1.409  1.186 0.0000000000
86107  35.673  -2.105  1.198 0.0000000000
86108  35.052  -2.235  1.602 0.0000000000
86109  32.150  -1.548  1.565 0.0000000000
86110  31.442  -1.659  1.021 0.0000000000
86123  40.708  -1.377  0.091 0.0000000000
86124  40.014  -1.568  -0.231 0.0000000000
86125  39.166  -1.749  -0.536 0.0000000000
86126  38.481  -1.826  -0.858 0.0000000000
86127  37.034  -1.408  0.397 0.0000000000
86128  36.466  -1.903  0.334 0.0000000000
86129  36.028  -1.996  0.796 0.0000000000
86130  30.934  -1.705  0.297 0.0000000000
86131  30.591  -2.064  -0.395 0.0000000000
86141  40.526  -1.285  -0.645 0.0000000000
86142  40.002  -1.270  -1.080 0.0000000000
86143  39.250  -1.258  -1.288 0.0000000000
86144  38.101  -1.551  -0.922 0.0000000000
86145  37.235  -1.665  -0.365 0.0000000000
86146  36.785  -1.977  -0.278 0.0000000000
86147  30.868  -1.368  -0.572 0.0000000000
86148  30.591  -2.004  -1.146 0.0000000000
86157  39.928  -1.075  -1.556 0.0000000000
86158  39.778  -0.956  -1.661 0.0000000000
86159  30.914  -1.343  -1.532 0.0000000000
86160  30.681  -2.009  -2.014 0.0000000000
86176  31.045  -1.528  -2.577 0.0000000000
86177  30.793  -2.041  -2.502 0.0000000000
86193  31.432  -1.355  -3.676 0.0000000000
86195  31.582  -1.534  -4.809 0.0000000000
87610  37.311  0.073  3.071 0.0000000000
87611  36.802  -0.119  3.121 0.0000000000
87612  35.951  -0.245  3.126 0.0000000000
87613  35.209  -0.216  3.059 0.0000000000
87621  38.126  -0.270  2.137 0.0000000000
87622  37.495  -0.312  2.444 0.0000000000
87623  36.471  -0.789  2.306 0.0000000000
87624  35.471  -0.890  2.595 0.0000000000
87625  34.443  -0.643  2.751 0.0000000000
87626  33.397  -0.560  2.336 0.0000000000
87627  32.605  -0.625  1.775 0.0000000000
87638  41.956  -0.856  0.518 0.0000000000
87639  41.293  -1.105  0.126 0.0000000000
87640  38.423  -0.532  0.572 0.0000000000
87641  38.047  -0.562  1.318 0.0000000000
87642  37.087  -0.891  1.497 0.0000000000
87643  36.615  -1.066  1.693 0.0000000000
87644  31.855  -0.564  1.049 0.0000000000
87645  31.386  -1.148  0.653 0.0000000000
87655  42.724  -0.369  -0.385 0.0000000000
87656  41.610  -0.809  -0.534 0.0000000000
87657  41.011  -1.141  -0.483 0.0000000000
87658  38.615  -0.567  -0.102 0.0000000000
87659  38.001  -0.811  0.262 0.0000000000
87660  37.466  -1.030  0.700 0.0000000000
87661  31.697  -0.296  0.469 0.0000000000
87662  31.357  -0.694  0.131 0.0000000000
87670  42.766  -0.124  -1.725 0.0000000000
87671  41.873  -0.513  -1.474 0.0000000000
87672  40.849  -0.953  -1.278 0.0000000000
87673  40.263  -1.043  -1.504 0.0000000000
87674  38.883  -0.685  -1.125 0.0000000000
87675  38.001  -1.043  -0.507 0.0000000000
87676  37.551  -1.221  0.026 0.0000000000
87677  31.259  -0.639  -0.947 0.0000000000
87685  42.715  0.261  -2.055 0.0000000000
87686  42.082  -0.046  -2.200 0.0000000000
87687  41.170  -0.407  -1.946 0.0000000000
87688  40.291  -0.725  -1.686 0.0000000000
87689  39.744  -0.741  -1.541 0.0000000000
87690  31.308  -0.680  -1.963 0.0000000000
87698  31.490  -0.690  -2.865 0.0000000000
87712  32.134  -0.038  -4.059 0.0000000000
87713  31.786  -0.417  -3.535 0.0000000000
87721  31.834  -0.693  -4.391 0.0000000000
89226  37.855  0.827  3.251 0.0000000000
89227  37.151  0.633  3.368 0.0000000000
89228  36.254  0.605  3.407 0.0000000000
89229  35.462  0.484  3.273 0.0000000000
89230  34.753  0.408  3.037 0.0000000000
89236  39.834  0.576  1.849 0.0000000000
89237  39.009  0.406  2.323 0.0000000000
89238  38.208  0.248  2.656 0.0000000000
89239  37.645  0.267  3.023 0.0000000000
89240  33.902  0.445  2.621 0.0000000000
89241  33.000  0.441  1.806 0.0000000000
89242  32.478  -0.083  1.458 0.0000000000
89254  40.803  0.580  0.442 0.0000000000
89255  40.028  0.301  0.638 0.0000000000
89256  39.031  -0.154  1.012 0.0000000000
89257  38.548  -0.148  1.929 0.0000000000
89258  32.810  0.818  1.288 0.0000000000
89259  32.467  0.397  1.099 0.0000000000
89272  43.543  -0.074  -0.159 0.0000000000
89273  41.281  0.625  -0.403 0.0000000000
89274  40.348  0.296  -0.485 0.0000000000
89275  39.458  -0.173  -0.318 0.0000000000
89276  31.979  0.174  0.411 0.0000000000
89277  31.652  -0.166  0.180 0.0000000000
89285  45.188  0.714  -0.667 0.0000000000
89286  44.643  0.519  -0.745 0.0000000000
89287  43.642  0.221  -0.988 0.0000000000
89288  42.336  0.996  -1.806 0.0000000000
89289  41.927  0.798  -1.394 0.0000000000
89290  40.859  0.336  -1.395 0.0000000000
89291  39.948  -0.183  -1.352 0.0000000000
89292  32.149  0.640  -0.187 0.0000000000
89293  31.662  0.058  -0.384 0.0000000000
89299  45.098  0.814  -1.332 0.0000000000
89300  44.370  0.607  -1.734 0.0000000000
89301  43.424  0.491  -2.089 0.0000000000
89302  42.664  0.729  -2.112 0.0000000000
89303  41.476  0.244  -2.039 0.0000000000
89304  40.595  -0.184  -1.862 0.0000000000
89305  40.134  -0.463  -1.707 0.0000000000
89306  32.065  0.690  -0.986 0.0000000000
89307  31.628  0.043  -1.443 0.0000000000
89313  44.971  0.917  -2.105 0.0000000000
89314  44.332  0.877  -2.510 0.0000000000
89315  43.597  0.963  -2.642 0.0000000000
89316  43.360  1.149  -2.481 0.0000000000
89317  32.092  0.642  -1.998 0.0000000000
89318  31.708  -0.053  -2.411 0.0000000000
89329  32.135  0.420  -3.185 0.0000000000
89330  31.781  -0.184  -2.999 0.0000000000
89339  32.436  0.668  -4.317 0.0000000000
90567  37.940  1.345  3.330 0.0000000000
90568  37.435  1.405  3.400 0.0000000000
90569  36.583  1.504  3.404 0.0000000000
90570  35.608  1.456  3.213 0.0000000000
90571  35.078  0.962  3.176 0.0000000000
90577  41.093  1.544  2.038 0.0000000000
90578  40.324  1.481  2.367 0.0000000000
90579  39.442  1.374  2.767 0.0000000000
90580  38.499  1.195  3.109 0.0000000000
90581  35.211  1.996  2.784 0.0000000000
90582  34.646  1.425  2.729 0.0000000000
90583  33.756  1.418  2.076 0.0000000000
90590  43.132  1.697  0.421 0.0000000000
90591  42.491  1.480  0.633 0.0000000000
90592  41.636  1.125  1.021 0.0000000000
90593  40.667  0.838  1.454 0.0000000000
90594  33.130  1.442  1.106 0.0000000000
90595  32.708  0.931  1.021 0.0000000000
90608  43.508  1.666  -0.481 0.0000000000
90609  42.668  1.370  -0.376 0.0000000000
90610  42.031  1.098  -0.287 0.0000000000
90611  32.922  1.806  0.051 0.0000000000
90612  32.548  0.959  0.449 0.0000000000
90620  47.013  2.133  -0.520 0.0000000000
90621  46.427  1.797  -0.894 0.0000000000
90622  45.674  1.051  -0.624 0.0000000000
90623  44.264  1.898  -1.951 0.0000000000
90624  43.587  1.583  -1.640 0.0000000000
90625  42.703  1.231  -1.463 0.0000000000
90626  42.289  1.142  -0.950 0.0000000000
90627  32.923  1.963  -0.912 0.0000000000
90628  32.510  1.248  -0.496 0.0000000000
90635  45.957  1.851  -1.998 0.0000000000
90636  45.531  1.343  -1.665 0.0000000000
90637  44.269  1.672  -2.550 0.0000000000
90638  43.741  1.487  -2.341 0.0000000000
90639  43.227  1.267  -2.200 0.0000000000
90640  32.999  2.068  -1.914 0.0000000000
90641  32.510  1.341  -1.466 0.0000000000
90648  45.642  1.850  -2.392 0.0000000000
90649  45.169  1.476  -2.500 0.0000000000
90650  44.304  1.358  -2.717 0.0000000000
90651  43.758  1.334  -2.626 0.0000000000
90652  43.533  1.357  -2.490 0.0000000000
90653  33.167  2.076  -2.974 0.0000000000
90654  32.554  1.346  -2.527 0.0000000000
90663  33.251  2.062  -4.028 0.0000000000
90664  32.661  1.370  -3.620 0.0000000000
90674  32.858  1.407  -4.616 0.0000000000
91798  37.911  1.917  3.343 0.0000000000
91799  37.127  2.147  3.328 0.0000000000
91800  36.456  2.222  3.219 0.0000000000
91801  36.092  1.948  3.236 0.0000000000
91805  42.470  2.771  1.863 0.0000000000
91806  41.718  2.298  2.125 0.0000000000
91807  40.760  2.446  2.500 0.0000000000
91808  39.820  2.473  2.803 0.0000000000
91809  38.724  2.449  3.154 0.0000000000
91810  37.654  2.824  3.181 0.0000000000
91811  36.733  2.868  3.025 0.0000000000
91812  35.807  2.513  2.855 0.0000000000
91813  34.820  2.579  2.289 0.0000000000
91814  34.293  1.990  2.169 0.0000000000
91820  44.593  2.831  0.502 0.0000000000
91821  43.788  2.372  0.775 0.0000000000
91822  42.996  2.138  1.302 0.0000000000
91823  42.316  1.878  1.495 0.0000000000
91824  34.512  3.090  1.743 0.0000000000
91825  33.997  2.516  1.494 0.0000000000
91837  45.481  2.874  -0.526 0.0000000000
91838  44.809  2.503  -0.370 0.0000000000
91839  44.215  2.206  -0.091 0.0000000000
91840  33.430  2.533  0.432 0.0000000000
91849  48.119  3.010  -0.331 0.0000000000
91850  47.481  2.584  -0.454 0.0000000000
91851  46.918  2.291  -0.861 0.0000000000
91852  45.691  2.777  -1.127 0.0000000000
91853  45.018  2.358  -1.328 0.0000000000
91854  44.228  2.023  -1.010 0.0000000000
91855  33.274  2.484  -0.421 0.0000000000
91860  47.393  3.002  -1.024 0.0000000000
91861  46.687  2.588  -1.343 0.0000000000
91862  45.781  2.459  -1.614 0.0000000000
91863  44.899  2.108  -2.262 0.0000000000
91864  33.439  2.718  -1.278 0.0000000000
91871  45.865  2.124  -2.074 0.0000000000
91872  45.400  1.979  -2.424 0.0000000000
91873  44.804  1.745  -2.641 0.0000000000
91874  33.619  2.797  -2.333 0.0000000000
91884  34.409  3.296  -3.525 0.0000000000
91885  33.899  2.854  -3.431 0.0000000000
91893  34.461  3.177  -4.065 0.0000000000
91894  33.872  2.576  -4.512 0.0000000000
93000  42.505  3.613  2.024 0.0000000000
93001  41.982  3.387  2.205 0.0000000000
93002  41.222  3.408  2.434 0.0000000000
93003  40.278  3.493  2.633 0.0000000000
93004  39.279  3.541  2.832 0.0000000000
93005  38.250  3.650  2.919 0.0000000000
93006  37.239  3.725  2.831 0.0000000000
93007  36.204  3.684  2.626 0.0000000000
93008  35.436  3.299  2.385 0.0000000000
93012  45.447  4.096  0.734 0.0000000000
93013  45.082  3.670  0.832 0.0000000000
93014  44.258  3.505  1.255 0.0000000000
93015  43.254  3.329  1.715 0.0000000000
93016  35.509  4.030  2.290 0.0000000000
93017  34.880  3.708  1.915 0.0000000000
93018  34.290  3.599  1.342 0.0000000000
93029  46.161  4.022  0.039 0.0000000000
93030  45.805  3.730  0.204 0.0000000000
93031  45.203  3.051  0.196 0.0000000000
93032  33.818  3.453  0.664 0.0000000000
93041  49.337  3.902  0.161 0.0000000000
93042  48.583  3.593  -0.324 0.0000000000
93043  47.863  3.258  -0.779 0.0000000000
93044  46.332  3.938  -0.305 0.0000000000
93045  46.019  3.276  -0.698 0.0000000000
93046  33.609  3.411  -0.446 0.0000000000
93055  48.150  3.758  -1.040 0.0000000000
93056  47.491  3.613  -1.127 0.0000000000
93057  46.682  3.585  -0.972 0.0000000000
93058  46.033  3.028  -1.199 0.0000000000
93059  34.128  4.096  -1.961 0.0000000000
93060  33.882  3.758  -1.716 0.0000000000
93066  34.385  4.018  -2.384 0.0000000000
93067  34.182  3.423  -2.743 0.0000000000
93075  35.422  4.045  -3.570 0.0000000000
93076  34.945  3.774  -3.362 0.0000000000
93077  34.355  3.347  -3.262 0.0000000000
93085  35.681  3.917  -3.959 0.0000000000
93086  35.152  3.524  -4.501 0.0000000000
94165  42.191  3.954  2.118 0.0000000000
94166  41.718  4.165  2.171 0.0000000000
94167  40.802  4.490  2.286 0.0000000000
94168  39.780  4.467  2.489 0.0000000000
94169  38.829  4.563  2.594 0.0000000000
94170  37.842  4.645  2.656 0.0000000000
94171  36.846  4.643  2.599 0.0000000000
94172  35.970  4.703  2.381 0.0000000000
94178  45.207  4.263  0.931 0.0000000000
94179  44.728  4.519  1.194 0.0000000000
94180  43.728  4.529  1.562 0.0000000000
94181  42.569  4.540  1.866 0.0000000000
94182  41.575  5.026  1.856 0.0000000000
94183  40.866  5.330  1.874 0.0000000000
94184  35.258  4.706  1.912 0.0000000000
94185  34.504  4.635  1.358 0.0000000000
94186  34.051  4.198  0.860 0.0000000000
94193  49.864  4.287  0.166 0.0000000000
94194  46.188  4.438  0.086 0.0000000000
94195  45.497  4.760  0.642 0.0000000000
94196  44.845  5.393  0.928 0.0000000000
94197  34.092  4.865  0.661 0.0000000000
94198  33.874  4.377  0.068 0.0000000000
94208  50.194  4.861  -0.280 0.0000000000
94209  49.266  4.461  -0.560 0.0000000000
94210  48.580  4.163  -0.971 0.0000000000
94211  47.189  5.025  -0.881 0.0000000000
94212  46.840  4.782  -0.568 0.0000000000
94213  34.045  4.769  -1.283 0.0000000000
94214  33.906  4.470  -0.968 0.0000000000
94223  48.851  4.602  -1.334 0.0000000000
94224  48.181  4.377  -1.480 0.0000000000
94225  47.468  4.809  -1.175 0.0000000000
94226  47.041  4.358  -0.965 0.0000000000
94227  34.161  4.532  -1.776 0.0000000000
94228  33.983  4.247  -1.476 0.0000000000
94235  48.638  4.908  -1.848 0.0000000000
94236  48.138  5.155  -1.972 0.0000000000
94237  47.770  5.646  -1.849 0.0000000000
94238  35.202  4.736  -3.196 0.0000000000
94239  34.842  4.656  -2.885 0.0000000000
94248  35.511  4.533  -3.496 0.0000000000
94249  35.145  4.293  -3.210 0.0000000000
94261  36.291  4.391  -4.239 0.0000000000
95461  40.173  5.277  2.118 0.0000000000
95462  39.369  5.325  2.295 0.0000000000
95463  38.535  5.705  2.380 0.0000000000
95464  37.433  5.560  2.511 0.0000000000
95465  36.504  5.527  2.416 0.0000000000
95466  35.710  5.561  2.097 0.0000000000
95474  44.159  5.397  1.257 0.0000000000
95475  43.295  5.694  1.379 0.0000000000
95476  42.261  5.693  1.483 0.0000000000
95477  41.340  5.842  1.508 0.0000000000
95478  40.509  5.928  1.670 0.0000000000
95479  39.733  5.940  1.932 0.0000000000
95480  39.208  5.906  2.181 0.0000000000
95481  35.031  5.621  1.549 0.0000000000
95482  34.420  5.640  0.877 0.0000000000
95490  46.134  5.411  0.098 0.0000000000
95491  45.361  6.069  0.420 0.0000000000
95492  44.409  6.047  0.838 0.0000000000
95493  43.859  5.940  1.126 0.0000000000
95494  34.024  5.392  -0.070 0.0000000000
95495  33.915  4.811  -0.385 0.0000000000
95504  50.647  5.624  -0.985 0.0000000000
95505  49.716  5.104  -1.076 0.0000000000
95506  49.264  4.785  -1.181 0.0000000000
95507  47.130  5.492  -0.896 0.0000000000
95508  46.569  6.091  -0.481 0.0000000000
95509  45.972  6.127  -0.031 0.0000000000
95510  34.115  5.311  -1.131 0.0000000000
95511  33.970  4.996  -0.625 0.0000000000
95521  50.468  5.863  -1.664 0.0000000000
95522  49.830  5.643  -1.948 0.0000000000
95523  49.205  5.015  -1.712 0.0000000000
95524  47.397  6.020  -1.410 0.0000000000
95525  47.030  6.149  -0.948 0.0000000000
95526  34.481  5.459  -2.159 0.0000000000
95536  49.444  5.814  -2.717 0.0000000000
95537  48.801  5.448  -2.554 0.0000000000
95538  48.007  5.971  -2.419 0.0000000000
95539  47.594  6.250  -2.093 0.0000000000
95540  35.239  5.068  -3.213 0.0000000000
95541  34.889  5.543  -2.919 0.0000000000
95550  35.636  5.342  -3.526 0.0000000000
95551  35.287  5.650  -3.311 0.0000000000
95560  36.968  5.253  -4.575 0.0000000000
95561  36.353  5.307  -4.063 0.0000000000
96837  38.561  6.527  2.263 0.0000000000
96838  37.925  6.456  2.373 0.0000000000
96839  37.014  6.358  2.427 0.0000000000
96840  36.198  6.324  2.255 0.0000000000
96851  43.274  6.230  1.176 0.0000000000
96852  42.968  6.439  1.213 0.0000000000
96853  41.989  6.521  1.250 0.0000000000
96854  41.048  6.602  1.507 0.0000000000
96855  40.134  6.657  1.774 0.0000000000
96856  39.194  6.594  2.084 0.0000000000
96857  35.548  6.453  1.829 0.0000000000
96858  34.913  6.713  1.192 0.0000000000
96868  45.257  6.710  0.140 0.0000000000
96869  44.706  6.778  0.335 0.0000000000
96870  43.623  6.463  0.948 0.0000000000
96871  43.270  6.600  1.045 0.0000000000
96872  34.407  6.537  0.343 0.0000000000
96881  51.568  6.103  -1.172 0.0000000000
96882  51.248  5.960  -1.076 0.0000000000
96883  46.390  6.726  -0.608 0.0000000000
96884  45.818  6.735  -0.242 0.0000000000
96885  45.150  6.880  0.012 0.0000000000
96886  34.270  6.431  -0.600 0.0000000000
96897  52.214  6.362  -1.424 0.0000000000
96898  50.990  6.197  -1.737 0.0000000000
96899  50.361  5.969  -2.052 0.0000000000
96900  47.276  6.625  -1.905 0.0000000000
96901  46.863  6.767  -1.138 0.0000000000
96902  46.214  6.839  -0.716 0.0000000000
96903  34.429  6.383  -1.610 0.0000000000
96916  52.758  7.023  -2.342 0.0000000000
96917  51.428  6.871  -3.025 0.0000000000
96918  50.087  6.250  -2.864 0.0000000000
96919  49.025  6.181  -3.300 0.0000000000
96920  48.215  6.408  -3.119 0.0000000000
96921  47.476  6.852  -2.695 0.0000000000
96922  47.105  6.933  -2.011 0.0000000000
96923  34.747  6.306  -2.562 0.0000000000
96935  50.985  7.194  -4.465 0.0000000000
96936  50.260  6.854  -4.039 0.0000000000
96937  49.341  6.761  -3.914 0.0000000000
96938  48.409  7.061  -3.920 0.0000000000
96939  47.818  6.961  -3.450 0.0000000000
96940  35.611  6.144  -3.708 0.0000000000
96941  35.077  6.128  -3.192 0.0000000000
96952  50.769  7.445  -5.083 0.0000000000
96953  50.275  7.357  -4.902 0.0000000000
96954  49.518  7.255  -4.610 0.0000000000
96955  48.968  7.224  -4.326 0.0000000000
96956  36.889  5.770  -4.693 0.0000000000
96957  36.333  6.255  -4.364 0.0000000000
96971  36.735  6.332  -4.859 0.0000000000
98176  39.187  7.920  2.324 0.0000000000
98177  38.625  7.343  2.276 0.0000000000
98178  37.458  7.216  2.342 0.0000000000
98179  36.624  7.035  2.292 0.0000000000
98180  36.001  6.984  2.119 0.0000000000
98191  43.396  7.511  1.152 0.0000000000
98192  42.875  7.233  1.239 0.0000000000
98193  41.734  7.274  1.503 0.0000000000
98194  40.760  7.341  1.775 0.0000000000
98195  39.706  7.505  2.115 0.0000000000
98196  39.156  7.148  2.113 0.0000000000
98197  36.281  7.564  2.140 0.0000000000
98198  35.614  7.500  1.712 0.0000000000
98199  35.067  7.676  1.170 0.0000000000
98209  45.577  7.573  0.128 0.0000000000
98210  45.097  7.434  0.273 0.0000000000
98211  43.847  7.383  0.760 0.0000000000
98212  43.271  6.837  0.964 0.0000000000
98213  34.709  7.509  0.667 0.0000000000
98223  46.524  7.495  -0.446 0.0000000000
98224  45.980  7.416  -0.203 0.0000000000
98225  45.310  7.061  -0.024 0.0000000000
98226  34.406  7.488  -0.121 0.0000000000
98235  46.792  7.309  -0.820 0.0000000000
98236  46.314  7.008  -0.631 0.0000000000
98237  34.371  7.435  -1.114 0.0000000000
98249  53.280  7.417  -3.037 0.0000000000
98250  52.427  7.279  -3.302 0.0000000000
98251  47.415  7.480  -2.822 0.0000000000
98252  47.202  7.368  -2.007 0.0000000000
98253  34.505  7.298  -2.174 0.0000000000
98261  53.688  7.662  -3.756 0.0000000000
98262  52.829  7.527  -3.991 0.0000000000
98263  51.896  7.383  -4.175 0.0000000000
98264  48.148  7.663  -4.200 0.0000000000
98265  47.692  7.572  -3.557 0.0000000000
98266  35.399  6.615  -3.763 0.0000000000
98267  34.998  6.980  -3.389 0.0000000000
98276  54.014  7.811  -4.379 0.0000000000
98277  53.300  7.671  -4.644 0.0000000000
98278  52.436  7.573  -4.946 0.0000000000
98279  51.393  7.563  -5.200 0.0000000000
98280  50.573  7.686  -5.477 0.0000000000
98281  49.756  7.769  -5.342 0.0000000000
98282  48.855  7.725  -4.607 0.0000000000
98283  35.629  6.705  -4.151 0.0000000000
98284  35.060  7.265  -4.542 0.0000000000
98295  53.756  7.823  -5.073 0.0000000000
98296  53.072  7.857  -5.470 0.0000000000
98297  52.126  7.936  -5.759 0.0000000000
98298  51.167  7.992  -5.931 0.0000000000
98299  50.305  7.994  -5.942 0.0000000000
98300  49.886  8.196  -5.681 0.0000000000
98302  36.308  6.898  -5.190 0.0000000000
98303  35.081  7.489  -5.614 0.0000000000
98315  34.926  7.799  -6.418 0.0000000000
99522  43.018  8.593  2.133 0.0000000000
99523  42.130  8.555  2.225 0.0000000000
99524  41.274  8.600  2.342 0.0000000000
99525  40.481  8.639  2.386 0.0000000000
99526  39.664  8.464  2.371 0.0000000000
99527  38.798  8.418  2.360 0.0000000000
99528  37.708  8.363  2.282 0.0000000000
99529  36.888  7.746  2.285 0.0000000000
99535  46.298  8.500  0.829 0.0000000000
99536  45.406  8.448  1.137 0.0000000000
99537  44.469  8.381  1.383 0.0000000000
99538  43.499  7.989  1.422 0.0000000000
99539  42.447  7.913  1.769 0.0000000000
99540  41.485  7.929  1.993 0.0000000000
99541  40.625  8.008  2.176 0.0000000000
99542  40.106  8.146  2.273 0.0000000000
99543  37.229  9.010  2.048 0.0000000000
99544  36.484  8.471  1.944 0.0000000000
99545  35.427  8.544  1.230 0.0000000000
99546  34.924  8.077  0.910 0.0000000000
99551  48.009  8.531  -0.303 0.0000000000
99552  47.225  8.253  -0.066 0.0000000000
99553  46.496  8.095  0.191 0.0000000000
99554  45.679  7.915  0.341 0.0000000000
99555  44.734  7.920  0.791 0.0000000000
99556  44.111  7.922  1.063 0.0000000000
99557  35.222  9.065  0.769 0.0000000000
99558  34.749  8.528  0.423 0.0000000000
99563  49.930  8.682  -1.641 0.0000000000
99564  48.959  8.491  -1.387 0.0000000000
99565  48.129  8.260  -1.186 0.0000000000
99566  47.451  8.039  -0.885 0.0000000000
99567  46.741  7.746  -0.447 0.0000000000
99568  46.209  7.776  -0.019 0.0000000000
99569  34.344  8.425  -0.594 0.0000000000
99573  50.844  8.794  -3.134 0.0000000000
99574  49.897  8.574  -2.810 0.0000000000
99575  48.999  8.339  -2.484 0.0000000000
99576  48.162  8.145  -2.170 0.0000000000
99577  47.546  7.977  -1.790 0.0000000000
99578  47.217  7.651  -1.362 0.0000000000
99579  34.074  8.486  -1.668 0.0000000000
99580  33.767  9.142  -1.926 0.0000000000
99585  50.736  8.865  -4.371 0.0000000000
99586  49.876  8.604  -3.928 0.0000000000
99587  48.994  8.347  -3.568 0.0000000000
99588  48.155  8.208  -3.186 0.0000000000
99589  47.477  7.929  -2.737 0.0000000000
99590  47.353  7.736  -2.036 0.0000000000
99591  34.125  7.999  -2.819 0.0000000000
99592  33.653  8.885  -2.476 0.0000000000
99598  54.465  7.900  -4.249 0.0000000000
99599  50.697  8.980  -5.314 0.0000000000
99600  49.898  8.716  -4.905 0.0000000000
99601  49.162  8.369  -4.466 0.0000000000
99602  48.233  8.154  -4.151 0.0000000000
99603  47.734  8.056  -3.519 0.0000000000
99604  34.231  7.848  -3.920 0.0000000000
99605  33.568  8.620  -3.414 0.0000000000
99613  55.981  8.330  -4.929 0.0000000000
99614  55.030  8.216  -4.943 0.0000000000
99615  54.378  7.934  -4.802 0.0000000000
99616  50.733  8.778  -5.904 0.0000000000
99617  50.102  8.582  -5.556 0.0000000000
99618  49.487  8.254  -5.201 0.0000000000
99619  48.898  8.119  -4.628 0.0000000000
99620  34.225  7.856  -5.000 0.0000000000
99621  33.541  8.488  -4.438 0.0000000000
99632  56.255  8.624  -5.775 0.0000000000
99633  55.177  8.511  -5.830 0.0000000000
99634  53.990  8.213  -5.765 0.0000000000
99635  52.847  8.306  -6.142 0.0000000000
99636  51.994  8.551  -6.278 0.0000000000
99637  50.935  8.456  -6.034 0.0000000000
99638  50.262  8.403  -5.824 0.0000000000
99639  49.899  8.421  -5.616 0.0000000000
99640  34.304  8.072  -5.978 0.0000000000
99641  33.589  8.528  -5.485 0.0000000000
99653  56.595  9.080  -6.493 0.0000000000
99654  55.505  8.997  -6.534 0.0000000000
99655  54.389  8.788  -6.576 0.0000000000
99656  53.350  8.676  -6.515 0.0000000000
99657  52.708  8.632  -6.453 0.0000000000
99660  33.796  8.681  -6.486 0.0000000000
100885  43.249  9.277  2.274 0.0000000000
100886  42.645  9.169  2.353 0.0000000000
100887  41.897  9.235  2.393 0.0000000000
100888  41.069  9.314  2.417 0.0000000000
100889  40.203  9.329  2.404 0.0000000000
100890  39.268  9.324  2.348 0.0000000000
100891  38.448  9.079  2.299 0.0000000000
100898  48.380  9.809  0.693 0.0000000000
100899  47.992  9.542  0.807 0.0000000000
100900  47.131  9.155  1.088 0.0000000000
100901  46.107  9.140  1.388 0.0000000000
100902  45.116  9.111  1.678 0.0000000000
100903  43.991  8.999  2.035 0.0000000000
100904  38.680  9.716  2.161 0.0000000000
100905  37.886  9.537  2.006 0.0000000000
100906  36.976  9.525  1.619 0.0000000000
100907  36.178  9.224  1.456 0.0000000000
100913  49.463  9.689  0.039 0.0000000000
100914  48.719  9.403  0.253 0.0000000000
100915  47.693  8.870  0.432 0.0000000000
100916  46.979  8.514  0.543 0.0000000000
100917  36.458  9.814  1.229 0.0000000000
100918  35.727  9.615  0.961 0.0000000000
100919  35.060  9.551  0.427 0.0000000000
100924  51.654  9.723  -1.144 0.0000000000
100925  50.916  9.412  -1.054 0.0000000000
100926  49.671  9.257  -0.485 0.0000000000
100927  48.721  8.755  -0.581 0.0000000000
100928  34.483  9.440  -0.244 0.0000000000
100929  34.168  9.749  -0.829 0.0000000000
100933  53.727  10.102  -2.185 0.0000000000
100934  53.148  9.881  -2.080 0.0000000000
100935  51.893  9.396  -1.989 0.0000000000
100936  50.758  8.856  -2.070 0.0000000000
100937  34.148  9.130  -0.933 0.0000000000
100938  33.860  9.535  -1.437 0.0000000000
100942  54.260  10.072  -2.887 0.0000000000
100943  53.833  9.879  -2.756 0.0000000000
100944  52.795  9.500  -3.109 0.0000000000
100945  51.764  9.050  -3.664 0.0000000000
100946  33.519  9.652  -2.146 0.0000000000
100952  54.235  9.925  -3.385 0.0000000000
100953  53.512  9.605  -3.862 0.0000000000
100954  52.559  9.383  -4.411 0.0000000000
100955  51.541  9.193  -4.932 0.0000000000
100956  33.222  9.542  -3.014 0.0000000000
100957  32.899  9.881  -3.595 0.0000000000
100964  54.080  9.891  -4.342 0.0000000000
100965  53.379  9.800  -5.123 0.0000000000
100966  52.350  9.471  -5.543 0.0000000000
100967  51.423  9.190  -5.836 0.0000000000
100968  32.998  9.180  -3.925 0.0000000000
100969  32.698  9.889  -4.306 0.0000000000
100977  53.161  9.698  -6.107 0.0000000000
100978  52.315  9.228  -6.341 0.0000000000
100979  51.415  8.872  -6.197 0.0000000000
100980  32.949  9.129  -4.922 0.0000000000
100981  32.627  9.966  -5.284 0.0000000000
100993  57.006  9.615  -7.002 0.0000000000
100994  55.928  9.676  -7.031 0.0000000000
100995  54.818  9.510  -6.789 0.0000000000
100996  53.599  9.385  -6.662 0.0000000000
100997  52.751  8.899  -6.600 0.0000000000
100998  33.107  9.246  -6.024 0.0000000000
100999  32.700  10.141  -6.359 0.0000000000
101008  57.428  10.132  -7.287 0.0000000000
101009  56.516  10.148  -7.273 0.0000000000
101010  55.920  10.214  -7.184 0.0000000000
101013  32.789  10.488  -7.206 0.0000000000
102119  42.997  9.576  2.319 0.0000000000
102120  42.554  9.763  2.309 0.0000000000
102121  41.739  9.947  2.300 0.0000000000
102122  40.850  10.048  2.279 0.0000000000
102123  39.961  10.088  2.256 0.0000000000
102124  39.234  10.092  2.134 0.0000000000
102130  48.189  9.948  0.913 0.0000000000
102131  47.692  10.137  1.172 0.0000000000
102132  46.746  9.888  1.415 0.0000000000
102133  45.809  9.900  1.626 0.0000000000
102134  44.750  9.944  1.858 0.0000000000
102135  43.511  10.033  2.163 0.0000000000
102136  42.512  10.475  2.022 0.0000000000
102137  41.555  10.628  1.889 0.0000000000
102138  40.607  10.693  1.821 0.0000000000
102139  39.680  10.672  1.771 0.0000000000
102140  38.675  10.438  1.740 0.0000000000
102141  37.672  10.385  1.411 0.0000000000
102142  36.964  10.173  1.211 0.0000000000
102149  49.890  10.471  0.056 0.0000000000
102150  49.499  10.255  0.214 0.0000000000
102151  48.532  10.329  0.698 0.0000000000
102152  48.007  10.711  0.960 0.0000000000
102153  37.209  10.666  0.978 0.0000000000
102154  36.483  10.455  0.799 0.0000000000
102155  35.580  10.393  0.346 0.0000000000
102156  34.868  10.147  0.052 0.0000000000
102162  52.174  10.688  -0.788 0.0000000000
102163  51.653  10.365  -0.714 0.0000000000
102164  50.310  10.345  -0.181 0.0000000000
102165  49.785  9.879  -0.054 0.0000000000
102166  35.165  10.635  -0.179 0.0000000000
102167  34.545  10.410  -0.600 0.0000000000
102168  34.040  10.178  -1.101 0.0000000000
102173  54.400  10.733  -1.960 0.0000000000
102174  53.831  10.521  -1.762 0.0000000000
102175  52.594  10.432  -1.093 0.0000000000
102176  52.014  9.903  -1.120 0.0000000000
102177  34.219  10.679  -1.198 0.0000000000
102178  33.751  10.423  -1.689 0.0000000000
102182  55.327  10.849  -2.786 0.0000000000
102183  54.657  10.519  -2.590 0.0000000000
102184  54.042  10.219  -2.281 0.0000000000
102185  33.347  10.447  -2.539 0.0000000000
102186  33.120  10.791  -3.066 0.0000000000
102196  56.067  11.020  -3.745 0.0000000000
102197  55.617  10.821  -3.445 0.0000000000
102198  54.781  10.216  -3.963 0.0000000000
102199  33.064  10.256  -3.166 0.0000000000
102200  32.813  10.619  -3.660 0.0000000000
102207  59.028  11.056  -5.300 0.0000000000
102208  56.078  10.880  -4.313 0.0000000000
102209  55.393  10.526  -4.754 0.0000000000
102210  54.413  10.225  -5.249 0.0000000000
102211  53.761  10.109  -5.945 0.0000000000
102212  32.559  10.755  -4.530 0.0000000000
102218  58.682  11.145  -6.020 0.0000000000
102219  56.062  10.819  -5.480 0.0000000000
102220  55.308  10.504  -5.948 0.0000000000
102221  54.434  10.228  -6.306 0.0000000000
102222  53.814  9.873  -6.497 0.0000000000
102223  32.465  10.917  -5.489 0.0000000000
102229  59.243  10.891  -6.813 0.0000000000
102230  58.181  11.179  -6.808 0.0000000000
102231  57.218  11.196  -7.000 0.0000000000
102232  56.288  10.931  -6.621 0.0000000000
102233  55.370  10.252  -6.907 0.0000000000
102234  54.284  9.847  -6.718 0.0000000000
102235  53.881  9.712  -6.688 0.0000000000
102236  32.534  11.249  -6.492 0.0000000000
102243  57.824  10.660  -7.204 0.0000000000
102244  56.871  10.653  -7.239 0.0000000000
102245  56.105  10.435  -7.136 0.0000000000
102246  55.751  10.368  -7.089 0.0000000000
102248  32.740  11.264  -7.395 0.0000000000
103319  47.092  10.443  1.304 0.0000000000
103320  46.478  10.596  1.390 0.0000000000
103321  45.499  10.731  1.511 0.0000000000
103322  44.418  10.846  1.605 0.0000000000
103323  43.341  11.047  1.627 0.0000000000
103324  42.305  11.222  1.489 0.0000000000
103325  41.285  11.304  1.366 0.0000000000
103326  40.288  11.301  1.280 0.0000000000
103327  39.303  11.249  1.237 0.0000000000
103328  38.377  11.134  1.132 0.0000000000
103329  37.706  11.017  0.930 0.0000000000
103335  49.812  10.747  0.128 0.0000000000
103336  49.187  11.106  0.374 0.0000000000
103337  48.302  11.175  0.688 0.0000000000
103338  47.361  11.103  1.053 0.0000000000
103339  46.236  11.425  1.129 0.0000000000
103340  45.175  11.570  1.148 0.0000000000
103341  44.116  11.655  1.076 0.0000000000
103342  43.064  11.749  0.940 0.0000000000
103343  41.998  11.851  0.781 0.0000000000
103344  40.924  11.800  0.617 0.0000000000
103345  39.890  11.739  0.566 0.0000000000
103346  38.921  11.713  0.495 0.0000000000
103347  38.078  11.521  0.517 0.0000000000
103348  37.193  11.255  0.480 0.0000000000
103349  36.282  11.122  0.168 0.0000000000
103350  35.648  10.999  -0.142 0.0000000000
103355  52.634  11.589  -0.682 0.0000000000
103356  52.221  11.239  -0.692 0.0000000000
103357  51.064  11.319  -0.379 0.0000000000
103358  50.005  11.468  -0.004 0.0000000000
103359  49.225  11.872  0.126 0.0000000000
103360  38.438  11.957  0.052 0.0000000000
103361  37.753  11.894  -0.118 0.0000000000
103362  36.851  11.727  -0.293 0.0000000000
103363  35.997  11.565  -0.527 0.0000000000
103364  35.205  11.171  -0.642 0.0000000000
103365  34.607  11.062  -1.034 0.0000000000
103369  55.156  11.596  -1.839 0.0000000000
103370  54.596  11.260  -1.700 0.0000000000
103371  53.185  11.412  -0.870 0.0000000000
103372  52.678  11.029  -0.833 0.0000000000
103373  35.578  11.676  -1.013 0.0000000000
103374  35.016  11.533  -1.320 0.0000000000
103375  34.237  11.265  -1.676 0.0000000000
103376  33.712  11.026  -2.153 0.0000000000
103384  56.159  11.628  -2.758 0.0000000000
103385  55.537  11.379  -2.461 0.0000000000
103386  54.967  11.006  -2.186 0.0000000000
103387  33.964  11.473  -2.286 0.0000000000
103388  33.470  11.366  -2.771 0.0000000000
103389  33.068  11.224  -3.312 0.0000000000
103398  58.470  11.589  -3.745 0.0000000000
103399  57.638  11.606  -3.940 0.0000000000
103400  56.487  11.378  -3.490 0.0000000000
103401  55.899  11.166  -3.111 0.0000000000
103402  33.280  11.718  -3.351 0.0000000000
103403  32.845  11.534  -3.872 0.0000000000
103405  58.972  11.164  -4.508 0.0000000000
103406  58.283  11.334  -4.902 0.0000000000
103407  57.352  11.312  -4.845 0.0000000000
103408  56.656  11.053  -5.006 0.0000000000
103409  32.595  11.621  -4.701 0.0000000000
103411  57.854  11.395  -5.869 0.0000000000
103412  57.126  11.288  -5.824 0.0000000000
103413  56.596  11.125  -6.025 0.0000000000
103414  32.502  11.846  -5.550 0.0000000000
103416  57.444  11.302  -6.462 0.0000000000
103417  56.874  11.232  -6.457 0.0000000000
103418  56.598  11.149  -6.438 0.0000000000
103419  32.546  12.091  -6.279 0.0000000000
103422  32.961  11.834  -7.953 0.0000000000
103423  32.696  12.079  -7.070 0.0000000000
104585  48.658  11.733  0.351 0.0000000000
104586  47.892  11.900  0.471 0.0000000000
104587  46.888  12.049  0.583 0.0000000000
104588  45.838  12.203  0.614 0.0000000000
104589  44.798  12.254  0.527 0.0000000000
104590  43.771  12.296  0.392 0.0000000000
104591  42.738  12.345  0.190 0.0000000000
104592  41.591  12.370  -0.188 0.0000000000
104593  40.390  12.169  -0.191 0.0000000000
104594  39.398  12.097  -0.139 0.0000000000
104595  38.847  12.055  -0.065 0.0000000000
104600  52.436  12.118  -0.627 0.0000000000
104601  51.494  12.159  -0.568 0.0000000000
104602  50.517  12.273  -0.403 0.0000000000
104603  49.564  12.439  -0.227 0.0000000000
104604  48.557  12.493  -0.017 0.0000000000
104605  47.457  12.690  0.029 0.0000000000
104606  46.415  12.810  0.050 0.0000000000
104607  45.386  12.852  -0.014 0.0000000000
104608  44.385  12.823  -0.169 0.0000000000
104609  43.407  12.776  -0.370 0.0000000000
104610  42.497  12.754  -0.629 0.0000000000
104611  41.744  12.866  -1.209 0.0000000000
104612  40.752  12.518  -1.106 0.0000000000
104613  39.670  12.344  -1.026 0.0000000000
104614  38.536  12.227  -0.759 0.0000000000
104615  37.372  12.159  -0.971 0.0000000000
104616  36.450  12.015  -1.026 0.0000000000
104617  35.940  11.886  -1.025 0.0000000000
104622  55.822  12.671  -1.822 0.0000000000
104623  55.157  12.250  -1.572 0.0000000000
104624  54.018  12.372  -0.999 0.0000000000
104625  53.105  12.474  -0.742 0.0000000000
104626  41.640  13.110  -1.719 0.0000000000
104627  41.018  12.944  -2.022 0.0000000000
104628  39.957  12.558  -2.032 0.0000000000
104629  38.874  12.370  -1.970 0.0000000000
104630  37.793  12.287  -1.915 0.0000000000
104631  36.748  12.272  -1.849 0.0000000000
104632  35.702  12.043  -1.671 0.0000000000
104633  34.734  11.822  -2.013 0.0000000000
104634  34.280  11.633  -2.176 0.0000000000
104641  58.152  12.312  -2.865 0.0000000000
104642  57.202  12.459  -2.686 0.0000000000
104643  56.365  12.198  -2.413 0.0000000000
104644  55.748  12.106  -2.018 0.0000000000
104645  40.851  13.067  -2.627 0.0000000000
104646  40.219  12.851  -3.031 0.0000000000
104647  39.126  12.497  -3.029 0.0000000000
104648  38.078  12.399  -2.980 0.0000000000
104649  37.048  12.459  -2.837 0.0000000000
104650  36.037  12.460  -2.665 0.0000000000
104651  35.042  12.362  -2.615 0.0000000000
104652  34.070  12.046  -2.699 0.0000000000
104653  33.565  11.916  -3.130 0.0000000000
104659  57.905  11.839  -3.413 0.0000000000
104660  57.375  11.913  -3.194 0.0000000000
104661  56.870  11.953  -2.898 0.0000000000
104662  40.067  12.863  -4.176 0.0000000000
104663  39.289  12.678  -4.038 0.0000000000
104664  38.365  12.621  -3.934 0.0000000000
104665  37.329  12.741  -3.822 0.0000000000
104666  36.311  12.835  -3.511 0.0000000000
104667  35.347  12.896  -3.365 0.0000000000
104668  34.400  12.770  -3.371 0.0000000000
104669  33.379  12.512  -3.717 0.0000000000
104670  32.828  12.082  -4.198 0.0000000000
104672  40.178  12.745  -5.094 0.0000000000
104673  39.490  12.652  -4.930 0.0000000000
104674  38.698  12.798  -4.853 0.0000000000
104675  37.915  12.865  -4.430 0.0000000000
104676  33.130  13.013  -4.324 0.0000000000
104677  32.774  12.554  -4.698 0.0000000000
104679  40.852  12.860  -6.036 0.0000000000
104680  40.316  12.822  -5.799 0.0000000000
104681  39.743  12.773  -5.689 0.0000000000
104682  39.235  12.793  -5.299 0.0000000000
104683  32.586  12.650  -5.711 0.0000000000
104685  40.807  12.906  -6.391 0.0000000000
104686  40.461  12.862  -6.230 0.0000000000
104687  40.136  12.809  -6.034 0.0000000000
104688  32.629  12.683  -6.539 0.0000000000
104690  32.967  12.809  -7.668 0.0000000000
104691  32.732  12.695  -7.079 0.0000000000
105833  52.538  12.957  -0.797 0.0000000000
105834  51.781  12.957  -0.787 0.0000000000
105835  50.877  13.016  -0.774 0.0000000000
105836  49.938  13.112  -0.709 0.0000000000
105837  48.960  13.202  -0.619 0.0000000000
105838  47.940  13.257  -0.593 0.0000000000
105839  46.908  13.344  -0.582 0.0000000000
105840  45.893  13.400  -0.597 0.0000000000
105841  44.907  13.358  -0.716 0.0000000000
105842  43.930  13.343  -0.890 0.0000000000
105843  42.980  13.218  -1.071 0.0000000000
105844  42.369  13.063  -1.141 0.0000000000
105849  56.301  13.414  -1.840 0.0000000000
105850  55.426  13.414  -1.523 0.0000000000
105851  54.446  13.452  -1.210 0.0000000000
105852  53.226  13.474  -1.022 0.0000000000
105853  52.131  13.660  -1.156 0.0000000000
105854  51.191  13.669  -1.270 0.0000000000
105855  50.259  13.704  -1.294 0.0000000000
105856  49.307  13.744  -1.281 0.0000000000
105857  48.327  13.770  -1.279 0.0000000000
105858  47.330  13.829  -1.263 0.0000000000
105859  46.326  13.872  -1.261 0.0000000000
105860  45.347  13.851  -1.300 0.0000000000
105861  44.426  13.807  -1.413 0.0000000000
105862  43.423  13.826  -1.848 0.0000000000
105863  42.208  13.354  -1.774 0.0000000000
105864  41.565  13.211  -2.006 0.0000000000
105872  58.532  13.394  -2.474 0.0000000000
105873  57.623  13.213  -2.397 0.0000000000
105874  56.920  13.025  -2.229 0.0000000000
105875  43.280  14.106  -2.541 0.0000000000
105876  42.538  13.913  -2.876 0.0000000000
105877  41.398  13.316  -2.646 0.0000000000
105878  40.791  13.124  -2.917 0.0000000000
105885  42.235  13.965  -4.158 0.0000000000
105886  41.470  13.602  -3.701 0.0000000000
105887  40.743  13.194  -3.463 0.0000000000
105888  38.929  13.845  -5.030 0.0000000000
105889  38.223  13.598  -4.541 0.0000000000
105890  37.511  13.418  -4.162 0.0000000000
105891  36.589  13.512  -3.850 0.0000000000
105892  35.686  13.553  -3.793 0.0000000000
105893  34.669  13.624  -3.979 0.0000000000
105894  33.948  13.225  -3.796 0.0000000000
105899  42.858  13.728  -5.563 0.0000000000
105900  42.103  13.786  -5.211 0.0000000000
105901  41.379  13.616  -4.779 0.0000000000
105902  40.700  13.237  -4.430 0.0000000000
105903  39.237  13.436  -5.724 0.0000000000
105904  38.646  13.253  -5.151 0.0000000000
105905  38.073  13.128  -4.773 0.0000000000
105906  34.341  14.056  -4.452 0.0000000000
105907  33.618  13.642  -4.524 0.0000000000
105908  33.027  13.172  -4.628 0.0000000000
105910  44.456  13.616  -6.954 0.0000000000
105911  43.617  13.536  -6.635 0.0000000000
105912  42.864  13.457  -6.353 0.0000000000
105913  42.132  13.311  -6.026 0.0000000000
105914  41.377  13.334  -5.711 0.0000000000
105915  40.741  13.122  -5.355 0.0000000000
105916  39.669  13.093  -6.057 0.0000000000
105917  39.133  12.959  -5.544 0.0000000000
105918  33.249  13.988  -5.642 0.0000000000
105919  32.888  13.290  -5.175 0.0000000000
105921  44.432  13.786  -7.770 0.0000000000
105922  43.707  13.640  -7.385 0.0000000000
105923  42.915  13.495  -7.039 0.0000000000
105924  42.145  13.315  -6.725 0.0000000000
105925  41.326  13.044  -6.474 0.0000000000
105926  40.697  13.024  -6.632 0.0000000000
105927  40.132  12.921  -6.217 0.0000000000
105928  33.176  14.015  -6.642 0.0000000000
105929  32.771  13.355  -6.108 0.0000000000
105931  44.382  13.971  -8.117 0.0000000000
105932  43.821  13.889  -7.953 0.0000000000
105933  43.009  13.794  -7.543 0.0000000000
105934  42.188  13.552  -7.201 0.0000000000
105935  41.520  13.272  -6.944 0.0000000000
105936  41.133  13.064  -6.829 0.0000000000
105937  33.266  13.778  -7.516 0.0000000000
105938  32.825  13.251  -6.953 0.0000000000
105941  33.455  13.443  -8.284 0.0000000000
107114  56.506  14.428  -1.843 0.0000000000
107115  55.815  14.291  -1.634 0.0000000000
107116  54.919  14.369  -1.512 0.0000000000
107117  53.746  14.672  -1.617 0.0000000000
107118  52.549  14.407  -1.601 0.0000000000
107119  51.540  14.356  -1.752 0.0000000000
107120  50.578  14.325  -1.869 0.0000000000
107121  49.633  14.272  -1.940 0.0000000000
107122  48.680  14.241  -1.982 0.0000000000
107123  47.709  14.259  -2.001 0.0000000000
107124  46.715  14.300  -2.001 0.0000000000
107125  45.720  14.283  -2.004 0.0000000000
107126  44.770  14.232  -1.975 0.0000000000
107127  44.130  14.120  -1.922 0.0000000000
107135  57.897  14.226  -2.295 0.0000000000
107136  57.039  13.911  -2.107 0.0000000000
107137  53.424  15.306  -2.140 0.0000000000
107138  52.835  15.103  -2.153 0.0000000000
107139  51.937  14.946  -2.314 0.0000000000
107140  50.972  14.833  -2.645 0.0000000000
107141  49.981  14.674  -2.705 0.0000000000
107142  49.037  14.548  -2.776 0.0000000000
107143  48.085  14.533  -2.822 0.0000000000
107144  47.104  14.560  -2.856 0.0000000000
107145  46.098  14.515  -2.885 0.0000000000
107146  45.059  14.510  -2.849 0.0000000000
107147  43.920  14.371  -2.658 0.0000000000
107148  43.235  14.228  -2.921 0.0000000000
107149  40.771  15.454  -3.389 0.0000000000
107150  40.231  15.065  -3.540 0.0000000000
107151  39.459  14.826  -3.233 0.0000000000
107152  38.511  14.670  -2.979 0.0000000000
107153  37.723  14.712  -2.936 0.0000000000
107160  50.968  15.197  -3.269 0.0000000000
107161  50.349  15.104  -3.516 0.0000000000
107162  49.402  14.856  -3.574 0.0000000000
107163  48.478  14.727  -3.663 0.0000000000
107164  47.524  14.638  -3.757 0.0000000000
107165  46.530  14.540  -3.843 0.0000000000
107166  45.483  14.492  -3.887 0.0000000000
107167  44.365  14.499  -3.856 0.0000000000
107168  43.227  14.341  -3.731 0.0000000000
107169  41.580  15.315  -4.553 0.0000000000
107170  40.922  15.156  -4.239 0.0000000000
107171  39.754  14.512  -4.459 0.0000000000
107172  38.753  14.170  -3.986 0.0000000000
107173  37.892  14.080  -3.686 0.0000000000
107174  37.013  14.375  -3.418 0.0000000000
107175  36.008  14.481  -3.642 0.0000000000
107176  35.333  14.224  -4.052 0.0000000000
107183  49.755  15.125  -4.359 0.0000000000
107184  48.902  14.928  -4.485 0.0000000000
107185  47.996  14.724  -4.638 0.0000000000
107186  47.033  14.499  -4.793 0.0000000000
107187  45.984  14.308  -4.934 0.0000000000
107188  44.864  14.214  -4.982 0.0000000000
107189  43.700  14.078  -4.977 0.0000000000
107190  42.825  14.021  -4.725 0.0000000000
107191  41.388  15.068  -5.203 0.0000000000
107192  40.583  14.629  -5.430 0.0000000000
107193  39.678  14.105  -5.694 0.0000000000
107194  35.415  14.916  -3.896 0.0000000000
107195  34.836  14.668  -4.406 0.0000000000
107196  34.207  14.395  -4.738 0.0000000000
107200  49.386  15.075  -5.263 0.0000000000
107201  48.544  14.775  -5.471 0.0000000000
107202  47.623  14.503  -5.694 0.0000000000
107203  46.605  14.240  -5.930 0.0000000000
107204  45.402  13.908  -6.199 0.0000000000
107205  44.271  13.707  -5.934 0.0000000000
107206  43.478  13.610  -5.897 0.0000000000
107207  42.187  14.912  -6.685 0.0000000000
107208  41.545  14.737  -6.297 0.0000000000
107209  40.519  14.176  -6.421 0.0000000000
107210  39.954  13.550  -6.245 0.0000000000
107211  34.391  14.999  -4.899 0.0000000000
107212  33.884  14.660  -5.341 0.0000000000
107214  49.143  14.860  -6.240 0.0000000000
107215  48.277  14.546  -6.520 0.0000000000
107216  47.317  14.331  -6.819 0.0000000000
107217  46.279  14.129  -7.114 0.0000000000
107218  45.277  13.857  -7.465 0.0000000000
107219  43.055  14.633  -7.552 0.0000000000
107220  42.370  14.605  -7.231 0.0000000000
107221  41.323  14.177  -7.179 0.0000000000
107222  40.698  13.535  -6.816 0.0000000000
107223  40.206  13.200  -6.422 0.0000000000
107224  33.593  14.710  -6.274 0.0000000000
107226  48.948  14.666  -7.271 0.0000000000
107227  48.050  14.472  -7.604 0.0000000000
107228  47.095  14.380  -7.898 0.0000000000
107229  46.077  14.242  -8.083 0.0000000000
107230  45.019  14.137  -8.189 0.0000000000
107231  44.285  14.332  -8.205 0.0000000000
107232  43.266  14.341  -7.791 0.0000000000
107233  42.215  13.978  -7.499 0.0000000000
107234  41.469  13.593  -7.166 0.0000000000
107235  41.066  13.247  -6.984 0.0000000000
107236  34.116  15.204  -7.700 0.0000000000
107237  33.775  14.830  -7.340 0.0000000000
107239  48.772  14.611  -8.291 0.0000000000
107240  47.934  14.586  -8.589 0.0000000000
107241  47.059  14.725  -8.742 0.0000000000
107242  45.884  14.670  -8.460 0.0000000000
107243  44.944  14.621  -8.402 0.0000000000
107244  44.475  14.729  -8.350 0.0000000000
107245  34.145  14.988  -8.233 0.0000000000
107246  33.671  14.244  -8.056 0.0000000000
107248  48.658  14.700  -9.094 0.0000000000
107249  48.094  14.801  -9.418 0.0000000000
107250  47.590  15.081  -9.450 0.0000000000
108378  56.593  14.837  -1.864 0.0000000000
108379  56.253  14.929  -1.783 0.0000000000
108380  55.470  15.075  -1.724 0.0000000000
108381  54.646  15.168  -1.775 0.0000000000
108382  40.096  16.132  -2.250 0.0000000000
108383  39.808  16.059  -2.171 0.0000000000
108390  58.316  15.274  -2.392 0.0000000000
108391  57.048  15.099  -2.057 0.0000000000
108392  56.102  15.688  -1.970 0.0000000000
108393  55.138  15.813  -2.106 0.0000000000
108394  54.054  15.713  -2.322 0.0000000000
108395  53.167  15.604  -2.646 0.0000000000
108396  52.371  15.449  -2.873 0.0000000000
108397  51.536  15.295  -3.088 0.0000000000
108398  41.816  16.142  -3.304 0.0000000000
108399  41.252  15.950  -3.122 0.0000000000
108400  40.226  15.705  -2.667 0.0000000000
108401  39.179  15.558  -2.344 0.0000000000
108402  38.165  15.437  -2.386 0.0000000000
108403  37.318  15.389  -2.640 0.0000000000
108410  53.555  16.072  -2.988 0.0000000000
108411  52.890  15.967  -3.445 0.0000000000
108412  52.019  15.679  -3.668 0.0000000000
108413  51.124  15.471  -3.882 0.0000000000
108414  50.439  15.353  -4.314 0.0000000000
108415  42.799  16.015  -4.008 0.0000000000
108416  42.008  15.710  -3.873 0.0000000000
108417  41.224  15.563  -3.625 0.0000000000
108418  36.533  15.408  -3.039 0.0000000000
108419  35.877  15.568  -3.506 0.0000000000
108427  52.462  16.092  -4.127 0.0000000000
108428  51.817  15.883  -4.599 0.0000000000
108429  50.927  15.599  -4.829 0.0000000000
108430  50.180  15.313  -5.069 0.0000000000
108431  43.763  15.980  -4.977 0.0000000000
108432  43.033  15.766  -4.750 0.0000000000
108433  42.074  15.293  -4.978 0.0000000000
108434  35.364  15.647  -4.081 0.0000000000
108435  34.868  15.619  -4.703 0.0000000000
108441  51.439  15.896  -5.480 0.0000000000
108442  50.697  15.563  -5.717 0.0000000000
108443  49.934  15.231  -5.978 0.0000000000
108444  45.627  15.987  -6.460 0.0000000000
108445  45.052  15.832  -6.279 0.0000000000
108446  43.903  15.633  -5.821 0.0000000000
108447  42.526  15.162  -6.043 0.0000000000
108448  41.853  15.082  -5.647 0.0000000000
108449  34.446  15.548  -5.449 0.0000000000
108450  33.933  15.266  -6.011 0.0000000000
108455  51.269  15.823  -6.353 0.0000000000
108456  50.531  15.448  -6.645 0.0000000000
108457  49.750  15.069  -6.957 0.0000000000
108458  46.127  15.670  -7.451 0.0000000000
108459  45.664  15.624  -7.131 0.0000000000
108460  44.511  15.295  -7.109 0.0000000000
108461  43.263  14.955  -7.119 0.0000000000
108462  42.542  14.933  -6.837 0.0000000000
108463  34.414  15.755  -6.371 0.0000000000
108464  34.023  15.271  -6.775 0.0000000000
108466  51.174  15.682  -7.269 0.0000000000
108467  50.415  15.262  -7.612 0.0000000000
108468  49.618  14.854  -7.963 0.0000000000
108469  46.743  15.502  -8.414 0.0000000000
108470  46.283  15.502  -7.970 0.0000000000
108471  45.090  15.210  -7.971 0.0000000000
108472  44.108  14.828  -8.037 0.0000000000
108473  43.388  14.698  -7.729 0.0000000000
108474  35.097  16.121  -7.703 0.0000000000
108475  34.567  15.698  -7.472 0.0000000000
108476  34.093  15.278  -7.208 0.0000000000
108478  51.083  15.544  -8.214 0.0000000000
108479  50.304  15.091  -8.596 0.0000000000
108480  49.444  14.800  -8.945 0.0000000000
108481  46.862  15.292  -8.802 0.0000000000
108482  45.567  15.018  -8.473 0.0000000000
108483  44.696  14.849  -8.361 0.0000000000
108484  44.336  14.918  -8.315 0.0000000000
108485  35.198  16.046  -8.201 0.0000000000
108486  34.815  15.505  -8.632 0.0000000000
108488  50.959  15.474  -9.147 0.0000000000
108489  50.154  15.107  -9.535 0.0000000000
108490  49.166  14.933  -9.851 0.0000000000
108491  48.427  15.359  -9.984 0.0000000000
108492  47.833  15.568  -9.524 0.0000000000
108497  50.804  15.568  -9.907 0.0000000000
108498  50.159  15.447  -10.339 0.0000000000
108499  49.406  15.642  -10.470 0.0000000000
108500  48.937  15.964  -10.420 0.0000000000
109552  40.449  16.955  -2.074 0.0000000000
109553  40.119  16.596  -2.043 0.0000000000
109554  39.435  16.460  -1.906 0.0000000000
109560  58.914  16.299  -2.796 0.0000000000
109561  57.844  16.130  -2.460 0.0000000000
109562  56.864  16.278  -2.397 0.0000000000
109563  55.847  16.525  -2.578 0.0000000000
109564  54.838  16.429  -2.711 0.0000000000
109565  54.138  16.363  -3.008 0.0000000000
109566  42.360  17.143  -3.158 0.0000000000
109567  41.866  16.702  -2.976 0.0000000000
109568  40.797  16.621  -2.413 0.0000000000
109569  40.298  16.256  -2.314 0.0000000000
109570  38.649  16.302  -1.944 0.0000000000
109571  37.828  16.307  -2.171 0.0000000000
109572  37.070  16.361  -2.556 0.0000000000
109578  59.308  16.838  -3.231 0.0000000000
109579  55.373  16.931  -3.109 0.0000000000
109580  54.677  16.891  -3.501 0.0000000000
109581  53.710  16.559  -3.671 0.0000000000
109582  53.041  16.419  -4.129 0.0000000000
109583  43.466  17.180  -3.946 0.0000000000
109584  42.778  16.702  -3.641 0.0000000000
109585  42.126  16.290  -3.408 0.0000000000
109586  36.455  16.437  -3.095 0.0000000000
109587  36.010  16.487  -3.737 0.0000000000
109593  54.279  17.059  -4.162 0.0000000000
109594  53.648  16.857  -4.655 0.0000000000
109595  52.712  16.391  -4.879 0.0000000000
109596  52.099  16.177  -5.362 0.0000000000
109597  44.597  17.091  -4.848 0.0000000000
109598  43.826  16.681  -4.516 0.0000000000
109599  43.148  16.242  -4.171 0.0000000000
109600  35.598  16.490  -4.507 0.0000000000
109601  35.003  16.183  -5.124 0.0000000000
109607  53.345  16.856  -5.527 0.0000000000
109608  52.632  16.527  -5.803 0.0000000000
109609  51.948  16.218  -6.092 0.0000000000
109610  45.599  16.428  -6.064 0.0000000000
109611  44.814  16.526  -5.369 0.0000000000
109612  44.123  16.143  -5.115 0.0000000000
109613  35.539  16.779  -5.292 0.0000000000
109614  34.892  16.298  -5.842 0.0000000000
109621  53.246  16.871  -6.369 0.0000000000
109622  52.566  16.503  -6.654 0.0000000000
109623  51.880  16.110  -6.952 0.0000000000
109624  46.446  16.028  -7.174 0.0000000000
109625  46.072  16.273  -6.542 0.0000000000
109626  35.515  16.860  -6.210 0.0000000000
109627  34.938  16.278  -6.751 0.0000000000
109631  53.209  16.812  -7.218 0.0000000000
109632  52.526  16.416  -7.519 0.0000000000
109633  51.834  15.977  -7.851 0.0000000000
109634  47.162  15.885  -8.298 0.0000000000
109635  46.905  16.135  -7.660 0.0000000000
109636  36.154  17.157  -7.546 0.0000000000
109637  35.521  16.635  -7.422 0.0000000000
109638  35.003  16.197  -7.209 0.0000000000
109640  53.176  16.720  -8.059 0.0000000000
109641  52.479  16.359  -8.390 0.0000000000
109642  51.714  15.979  -8.772 0.0000000000
109644  47.777  16.072  -9.161 0.0000000000
109648  53.109  16.644  -8.791 0.0000000000
109649  52.455  16.437  -9.330 0.0000000000
109650  51.531  15.989  -9.660 0.0000000000
109651  48.363  16.107  -9.872 0.0000000000
109652  47.960  15.866  -9.600 0.0000000000
109657  52.053  16.434  -10.087 0.0000000000
109658  51.175  16.199  -10.555 0.0000000000
109659  50.259  16.031  -10.991 0.0000000000
110739  58.270  16.711  -2.807 0.0000000000
110740  57.647  16.890  -2.834 0.0000000000
110741  56.742  17.046  -2.958 0.0000000000
110742  56.015  17.186  -3.156 0.0000000000
110754  59.708  17.092  -3.659 0.0000000000
110755  58.674  17.343  -3.403 0.0000000000
110756  57.535  17.478  -3.400 0.0000000000
110757  56.641  17.615  -3.660 0.0000000000
110758  55.618  17.418  -3.772 0.0000000000
110759  54.940  17.322  -4.201 0.0000000000
110770  59.586  17.587  -4.058 0.0000000000
110771  59.066  17.804  -4.039 0.0000000000
110772  56.277  17.790  -4.287 0.0000000000
110773  55.630  17.678  -4.744 0.0000000000
110774  54.617  17.356  -4.928 0.0000000000
110775  54.006  17.185  -5.400 0.0000000000
110784  55.329  17.739  -5.587 0.0000000000
110785  54.593  17.496  -5.838 0.0000000000
110786  53.914  17.229  -6.112 0.0000000000
110797  55.217  17.803  -6.399 0.0000000000
110798  54.550  17.503  -6.656 0.0000000000
110799  53.888  17.174  -6.934 0.0000000000
110809  55.155  17.797  -7.194 0.0000000000
110810  54.529  17.490  -7.477 0.0000000000
110811  53.854  17.150  -7.789 0.0000000000
110816  36.142  17.257  -7.232 0.0000000000
110818  55.108  17.765  -7.893 0.0000000000
110819  54.578  17.522  -8.394 0.0000000000
110820  53.773  17.037  -8.631 0.0000000000
110826  54.288  17.407  -9.217 0.0000000000
110827  53.453  16.948  -9.493 0.0000000000
110828  52.776  16.733  -10.047 0.0000000000
110835  54.038  17.510  -9.870 0.0000000000
110836  53.328  17.378  -10.381 0.0000000000
110837  52.282  16.923  -10.725 0.0000000000
111987  58.054  17.756  -3.750 0.0000000000
111988  57.526  17.950  -3.987 0.0000000000
111989  56.921  17.990  -4.318 0.0000000000
111998  60.009  17.781  -4.502 0.0000000000
111999  59.500  18.050  -4.469 0.0000000000
112000  58.517  18.109  -4.297 0.0000000000
112001  57.580  18.294  -4.733 0.0000000000
112002  56.649  18.110  -5.015 0.0000000000
112003  56.022  18.000  -5.478 0.0000000000
112011  60.405  18.130  -5.133 0.0000000000
112012  59.363  18.580  -5.003 0.0000000000
112013  58.427  18.728  -5.204 0.0000000000
112014  57.493  18.723  -5.652 0.0000000000
112015  56.592  18.408  -5.905 0.0000000000
112016  55.893  18.114  -6.169 0.0000000000
112026  60.775  18.876  -5.878 0.0000000000
112027  57.098  18.901  -6.472 0.0000000000
112028  56.424  18.521  -6.718 0.0000000000
112029  55.768  18.176  -6.963 0.0000000000
112038  56.897  18.969  -7.283 0.0000000000
112039  56.300  18.522  -7.539 0.0000000000
112040  55.678  18.121  -7.765 0.0000000000
112046  56.780  18.916  -8.111 0.0000000000
112047  56.189  18.472  -8.357 0.0000000000
112048  55.462  18.024  -8.611 0.0000000000
112049  54.926  17.774  -9.097 0.0000000000
112055  56.648  18.838  -8.834 0.0000000000
112056  56.108  18.532  -9.242 0.0000000000
112057  55.400  18.184  -9.473 0.0000000000
112058  54.711  17.879  -9.734 0.0000000000
113352  60.046  18.984  -5.483 0.0000000000
113353  59.270  19.237  -5.662 0.0000000000
113354  58.380  19.291  -5.973 0.0000000000
113355  57.746  19.233  -6.357 0.0000000000
113365  60.267  19.634  -6.248 0.0000000000
113366  59.163  19.784  -6.442 0.0000000000
113367  58.284  19.713  -6.796 0.0000000000
113368  57.525  19.396  -7.025 0.0000000000
113379  58.007  19.738  -7.539 0.0000000000
113380  57.398  19.357  -7.856 0.0000000000
113390  57.986  19.719  -8.404 0.0000000000
113391  57.270  19.257  -8.759 0.0000000000
114705  61.053  20.241  -7.125 0.0000000000
114706  59.890  20.343  -7.073 0.0000000000
114707  58.929  20.140  -7.199 0.0000000000
114708  58.428  19.950  -7.332 0.0000000000
114719  59.377  20.499  -7.966 0.0000000000
114720  58.548  20.090  -7.854 0.0000000000
