#!ascii label  , from subject colin27_FS vox2ras=TkReg
1429
92140  47.184  3.177  -29.178 0.0000000000
92141  46.822  2.844  -29.562 0.0000000000
93333  48.331  4.001  -28.808 0.0000000000
93334  47.767  3.699  -28.985 0.0000000000
93335  47.185  3.472  -29.482 0.0000000000
93340  47.395  3.949  -29.655 0.0000000000
93341  46.884  3.640  -30.110 0.0000000000
93355  46.514  3.526  -31.011 0.0000000000
94527  49.332  4.799  -28.846 0.0000000000
94528  48.615  4.468  -29.068 0.0000000000
94529  47.864  4.430  -29.621 0.0000000000
94534  47.386  4.448  -30.152 0.0000000000
94535  46.840  4.433  -30.712 0.0000000000
94545  46.521  4.402  -31.508 0.0000000000
94563  46.347  4.461  -32.522 0.0000000000
95830  55.267  6.207  -27.731 0.0000000000
95831  54.506  6.113  -28.048 0.0000000000
95832  53.298  5.632  -27.807 0.0000000000
95843  54.329  6.327  -28.863 0.0000000000
95844  53.631  6.067  -28.925 0.0000000000
95845  52.536  5.696  -28.512 0.0000000000
95846  51.359  5.272  -28.312 0.0000000000
95847  50.275  5.172  -28.669 0.0000000000
95848  49.712  5.027  -28.820 0.0000000000
95856  53.308  6.331  -29.421 0.0000000000
95857  52.815  6.111  -29.283 0.0000000000
95858  51.908  5.901  -29.138 0.0000000000
95859  50.860  5.752  -29.156 0.0000000000
95860  49.574  5.535  -29.452 0.0000000000
95861  48.347  5.093  -29.862 0.0000000000
95862  47.785  4.846  -30.086 0.0000000000
95866  49.404  6.105  -30.156 0.0000000000
95867  48.748  5.825  -30.266 0.0000000000
95868  47.549  5.461  -30.670 0.0000000000
95869  46.768  4.998  -31.101 0.0000000000
95879  47.270  6.135  -31.343 0.0000000000
95880  46.658  5.581  -31.754 0.0000000000
95895  46.282  5.565  -32.979 0.0000000000
97182  58.158  6.732  -27.131 0.0000000000
97183  57.514  6.758  -27.446 0.0000000000
97184  56.743  6.605  -27.611 0.0000000000
97185  55.900  6.459  -27.802 0.0000000000
97186  55.283  6.475  -28.315 0.0000000000
97195  57.116  6.995  -28.047 0.0000000000
97196  56.563  6.898  -28.377 0.0000000000
97197  55.796  6.771  -28.731 0.0000000000
97198  54.876  6.624  -29.010 0.0000000000
97199  54.193  6.512  -29.210 0.0000000000
97209  54.319  6.819  -29.431 0.0000000000
97210  53.681  6.659  -29.604 0.0000000000
97211  53.034  6.525  -29.708 0.0000000000
97212  52.340  6.417  -29.699 0.0000000000
97213  51.472  6.329  -29.678 0.0000000000
97214  50.603  6.232  -29.702 0.0000000000
97225  53.198  6.859  -29.958 0.0000000000
97226  52.704  6.823  -30.076 0.0000000000
97227  51.991  6.804  -30.188 0.0000000000
97228  51.104  6.785  -30.174 0.0000000000
97229  50.074  6.543  -30.214 0.0000000000
97230  49.191  6.601  -30.568 0.0000000000
97231  48.381  6.309  -30.701 0.0000000000
97241  48.652  6.905  -30.948 0.0000000000
97242  47.888  6.679  -31.198 0.0000000000
97243  47.090  6.827  -31.761 0.0000000000
97252  46.546  6.608  -32.572 0.0000000000
97263  46.320  6.542  -33.540 0.0000000000
98515  59.991  7.224  -27.343 0.0000000000
98516  59.055  7.080  -27.266 0.0000000000
98517  58.524  6.894  -27.194 0.0000000000
98527  60.282  7.924  -27.884 0.0000000000
98528  59.205  7.856  -28.243 0.0000000000
98529  58.171  7.284  -27.819 0.0000000000
98530  57.500  7.170  -27.984 0.0000000000
98539  58.820  8.202  -28.917 0.0000000000
98540  58.279  7.826  -28.834 0.0000000000
98541  57.296  7.499  -28.491 0.0000000000
98542  56.289  7.382  -28.718 0.0000000000
98543  55.399  7.283  -29.042 0.0000000000
98544  54.626  7.220  -29.341 0.0000000000
98552  53.957  7.227  -29.545 0.0000000000
98553  53.407  7.234  -29.909 0.0000000000
98569  52.985  7.147  -30.155 0.0000000000
98570  52.475  7.329  -30.346 0.0000000000
98571  51.697  7.421  -30.637 0.0000000000
98572  50.770  7.285  -30.627 0.0000000000
98573  49.920  7.222  -30.800 0.0000000000
98574  49.222  7.240  -30.995 0.0000000000
98589  51.248  7.797  -30.908 0.0000000000
98590  50.582  7.824  -31.094 0.0000000000
98591  49.705  7.814  -31.289 0.0000000000
98592  48.680  7.622  -31.415 0.0000000000
98593  47.768  7.456  -31.659 0.0000000000
98594  47.321  7.482  -31.956 0.0000000000
98608  48.210  8.031  -31.761 0.0000000000
98609  47.628  8.009  -32.062 0.0000000000
98610  46.945  7.611  -32.396 0.0000000000
98621  46.458  7.501  -33.110 0.0000000000
98632  46.271  7.532  -34.027 0.0000000000
99885  56.213  8.779  -27.450 0.0000000000
99886  55.787  8.764  -27.355 0.0000000000
99887  54.968  8.842  -27.234 0.0000000000
99896  61.591  8.904  -28.230 0.0000000000
99897  60.685  8.576  -28.336 0.0000000000
99898  59.918  8.431  -28.491 0.0000000000
99899  57.140  8.440  -28.455 0.0000000000
99900  56.463  8.532  -27.953 0.0000000000
99901  55.319  8.382  -27.966 0.0000000000
99902  54.217  8.775  -27.773 0.0000000000
99903  53.634  8.884  -28.084 0.0000000000
99912  60.916  9.212  -28.639 0.0000000000
99913  60.207  8.976  -28.870 0.0000000000
99914  59.330  8.628  -28.996 0.0000000000
99915  58.523  8.506  -29.058 0.0000000000
99916  57.668  8.313  -28.843 0.0000000000
99917  56.792  8.020  -28.672 0.0000000000
99918  55.835  7.900  -28.624 0.0000000000
99919  54.589  7.871  -28.795 0.0000000000
99920  53.737  8.509  -28.626 0.0000000000
99929  54.154  7.536  -29.308 0.0000000000
99930  53.421  8.057  -29.569 0.0000000000
99931  52.669  8.660  -29.900 0.0000000000
99949  52.929  7.579  -30.124 0.0000000000
99950  52.338  8.277  -30.594 0.0000000000
99951  51.715  7.951  -30.938 0.0000000000
99974  51.911  8.825  -31.110 0.0000000000
99975  51.394  8.418  -31.234 0.0000000000
99976  50.412  8.438  -31.545 0.0000000000
99977  49.413  8.559  -31.803 0.0000000000
99978  48.677  8.235  -31.768 0.0000000000
99995  49.185  9.115  -32.141 0.0000000000
99996  48.416  8.732  -32.091 0.0000000000
99997  47.290  8.696  -32.606 0.0000000000
99998  46.715  8.111  -32.842 0.0000000000
100006  46.971  9.150  -33.026 0.0000000000
100007  46.553  8.584  -33.409 0.0000000000
100018  46.224  8.569  -34.488 0.0000000000
101156  56.606  9.766  -25.055 0.0000000000
101157  55.592  9.966  -25.085 0.0000000000
101158  55.113  10.194  -25.233 0.0000000000
101165  57.984  9.683  -26.400 0.0000000000
101166  57.008  9.450  -26.088 0.0000000000
101167  55.984  9.485  -25.884 0.0000000000
101168  54.948  9.826  -25.751 0.0000000000
101169  54.421  10.028  -26.079 0.0000000000
101176  62.570  9.732  -27.535 0.0000000000
101177  58.231  9.540  -27.492 0.0000000000
101178  57.342  9.270  -27.137 0.0000000000
101179  56.388  9.036  -26.999 0.0000000000
101180  55.377  9.164  -26.598 0.0000000000
101181  54.270  9.555  -26.784 0.0000000000
101182  53.659  9.944  -27.037 0.0000000000
101189  62.080  9.728  -28.346 0.0000000000
101190  61.723  9.503  -28.445 0.0000000000
101191  59.403  9.720  -28.642 0.0000000000
101192  58.566  9.356  -28.435 0.0000000000
101193  57.559  8.927  -28.186 0.0000000000
101194  56.934  8.945  -27.599 0.0000000000
101195  53.976  9.258  -27.382 0.0000000000
101196  53.478  9.502  -27.656 0.0000000000
101197  52.945  9.825  -27.970 0.0000000000
101205  61.933  10.128  -28.673 0.0000000000
101206  61.505  9.772  -28.690 0.0000000000
101207  60.600  9.655  -28.921 0.0000000000
101208  59.754  9.401  -29.009 0.0000000000
101209  58.904  9.180  -29.130 0.0000000000
101210  58.203  8.899  -28.893 0.0000000000
101211  53.279  9.019  -28.486 0.0000000000
101212  52.919  9.605  -28.391 0.0000000000
101220  53.325  8.682  -29.010 0.0000000000
101221  52.810  9.163  -29.271 0.0000000000
101236  52.426  9.301  -30.236 0.0000000000
101260  52.156  9.342  -30.997 0.0000000000
101261  51.676  9.264  -31.472 0.0000000000
101262  51.005  9.055  -31.755 0.0000000000
101263  50.304  9.001  -31.924 0.0000000000
101281  50.714  9.519  -32.090 0.0000000000
101282  49.918  9.504  -32.229 0.0000000000
101283  48.973  9.698  -32.381 0.0000000000
101284  48.066  9.427  -32.449 0.0000000000
101294  48.338  10.077  -32.596 0.0000000000
101295  47.489  9.818  -32.923 0.0000000000
101296  46.807  9.467  -33.328 0.0000000000
101308  46.922  10.117  -33.443 0.0000000000
101309  46.346  9.650  -33.956 0.0000000000
101320  46.013  9.567  -34.972 0.0000000000
102386  58.242  10.700  -24.811 0.0000000000
102387  57.208  10.494  -24.488 0.0000000000
102388  56.102  10.546  -24.428 0.0000000000
102389  55.052  10.702  -24.845 0.0000000000
102390  54.551  11.120  -25.082 0.0000000000
102398  59.403  10.813  -26.276 0.0000000000
102399  58.569  10.352  -25.789 0.0000000000
102400  57.662  9.936  -25.340 0.0000000000
102401  54.850  10.326  -25.346 0.0000000000
102402  54.321  10.647  -25.666 0.0000000000
102403  53.790  11.022  -26.114 0.0000000000
102411  62.924  11.487  -26.512 0.0000000000
102412  62.746  10.797  -26.986 0.0000000000
102413  60.441  10.995  -27.711 0.0000000000
102414  59.643  10.589  -27.290 0.0000000000
102415  58.821  10.147  -26.842 0.0000000000
102416  54.167  10.162  -26.244 0.0000000000
102417  53.706  10.506  -26.569 0.0000000000
102422  62.384  10.682  -28.150 0.0000000000
102423  62.090  11.051  -28.427 0.0000000000
102424  60.701  10.683  -28.471 0.0000000000
102425  59.862  10.421  -28.254 0.0000000000
102426  59.104  9.933  -27.853 0.0000000000
102427  53.294  10.328  -27.301 0.0000000000
102428  52.943  10.218  -27.778 0.0000000000
102435  62.077  10.306  -28.559 0.0000000000
102436  61.848  10.572  -28.721 0.0000000000
102437  61.047  10.320  -28.873 0.0000000000
102438  60.177  10.142  -28.938 0.0000000000
102439  52.779  10.145  -28.238 0.0000000000
102450  52.650  10.169  -28.878 0.0000000000
102467  52.505  10.168  -29.817 0.0000000000
102485  52.419  10.229  -30.767 0.0000000000
102486  52.061  10.185  -31.573 0.0000000000
102487  51.380  9.783  -31.963 0.0000000000
102502  51.683  10.497  -32.118 0.0000000000
102503  50.874  10.332  -32.360 0.0000000000
102504  49.867  10.452  -32.542 0.0000000000
102505  49.017  10.587  -32.658 0.0000000000
102514  48.275  10.720  -32.931 0.0000000000
102515  47.528  10.781  -33.350 0.0000000000
102528  46.728  10.810  -33.889 0.0000000000
102529  46.219  10.382  -34.535 0.0000000000
102542  46.350  11.162  -34.567 0.0000000000
102543  46.025  10.726  -35.371 0.0000000000
103565  58.322  12.094  -23.785 0.0000000000
103566  57.335  11.941  -23.479 0.0000000000
103567  56.411  12.052  -23.510 0.0000000000
103568  55.906  12.248  -23.642 0.0000000000
103577  59.514  12.040  -24.994 0.0000000000
103578  58.683  11.594  -24.520 0.0000000000
103579  57.762  11.313  -24.106 0.0000000000
103580  56.726  11.249  -23.866 0.0000000000
103581  55.621  11.653  -24.037 0.0000000000
103582  54.739  11.656  -24.722 0.0000000000
103588  63.172  11.927  -25.383 0.0000000000
103589  60.620  12.150  -26.370 0.0000000000
103590  59.836  11.661  -25.879 0.0000000000
103591  59.073  11.162  -25.337 0.0000000000
103592  54.284  11.589  -25.332 0.0000000000
103593  53.876  11.519  -25.887 0.0000000000
103601  63.065  12.046  -26.129 0.0000000000
103602  62.625  11.998  -26.968 0.0000000000
103603  62.167  12.233  -27.210 0.0000000000
103604  60.919  11.682  -27.230 0.0000000000
103605  60.167  11.302  -26.784 0.0000000000
103606  53.586  11.482  -26.572 0.0000000000
103611  62.500  11.305  -27.552 0.0000000000
103612  62.086  11.587  -27.823 0.0000000000
103613  61.301  11.240  -28.007 0.0000000000
103614  53.195  11.175  -27.345 0.0000000000
103615  52.992  10.674  -27.635 0.0000000000
103622  61.790  11.116  -28.447 0.0000000000
103623  61.359  10.837  -28.618 0.0000000000
103624  53.190  11.763  -28.078 0.0000000000
103625  52.776  10.916  -28.249 0.0000000000
103636  53.051  11.786  -28.932 0.0000000000
103637  52.695  11.023  -29.355 0.0000000000
103653  53.046  11.816  -29.897 0.0000000000
103654  52.678  11.088  -30.348 0.0000000000
103673  53.089  11.819  -30.725 0.0000000000
103674  52.651  11.299  -31.392 0.0000000000
103675  52.181  10.946  -31.998 0.0000000000
103693  52.420  11.586  -32.109 0.0000000000
103694  51.704  11.333  -32.439 0.0000000000
103695  50.657  11.378  -32.748 0.0000000000
103696  49.704  11.234  -32.836 0.0000000000
103697  48.971  11.246  -32.945 0.0000000000
103707  50.181  11.835  -33.052 0.0000000000
103708  49.476  11.873  -33.177 0.0000000000
103709  48.404  11.702  -33.392 0.0000000000
103710  47.459  11.478  -33.696 0.0000000000
103719  47.793  12.124  -33.852 0.0000000000
103720  46.985  11.897  -34.238 0.0000000000
103738  46.356  11.893  -35.061 0.0000000000
103739  46.005  11.790  -35.989 0.0000000000
104794  58.864  13.290  -22.882 0.0000000000
104795  58.351  13.153  -22.738 0.0000000000
104796  57.543  13.071  -22.668 0.0000000000
104803  62.334  13.103  -23.843 0.0000000000
104805  59.748  13.354  -23.799 0.0000000000
104806  59.071  12.961  -23.443 0.0000000000
104807  57.924  12.587  -23.116 0.0000000000
104808  56.890  12.697  -23.011 0.0000000000
104809  56.102  12.720  -23.373 0.0000000000
104814  62.968  12.499  -24.829 0.0000000000
104815  62.623  12.756  -24.504 0.0000000000
104817  60.795  13.686  -24.941 0.0000000000
104818  60.063  13.065  -24.533 0.0000000000
104819  59.139  12.335  -24.240 0.0000000000
104820  55.552  12.649  -23.807 0.0000000000
104821  54.959  12.531  -24.391 0.0000000000
104827  63.088  12.561  -25.090 0.0000000000
104828  62.912  13.184  -25.305 0.0000000000
104829  61.876  13.479  -26.147 0.0000000000
104830  61.185  13.201  -25.796 0.0000000000
104831  60.255  12.437  -25.521 0.0000000000
104832  54.411  12.491  -25.184 0.0000000000
104833  54.038  12.140  -25.701 0.0000000000
104843  63.074  12.593  -25.639 0.0000000000
104844  62.741  12.970  -26.115 0.0000000000
104845  62.058  12.964  -26.634 0.0000000000
104846  61.371  12.423  -26.864 0.0000000000
104847  54.095  12.797  -25.951 0.0000000000
104848  53.786  12.227  -26.332 0.0000000000
104854  61.888  12.264  -27.260 0.0000000000
104855  61.556  11.843  -27.454 0.0000000000
104856  53.951  12.907  -26.677 0.0000000000
104857  53.569  12.371  -27.367 0.0000000000
104863  53.425  12.496  -28.510 0.0000000000
104875  53.422  12.531  -29.477 0.0000000000
104892  53.429  12.538  -30.421 0.0000000000
104910  53.263  12.498  -31.376 0.0000000000
104911  52.838  12.088  -31.946 0.0000000000
104930  53.120  12.793  -32.115 0.0000000000
104931  52.392  12.409  -32.481 0.0000000000
104932  51.428  12.320  -32.907 0.0000000000
104933  50.723  12.151  -33.076 0.0000000000
104949  50.980  12.691  -33.204 0.0000000000
104950  50.242  12.592  -33.311 0.0000000000
104951  49.277  12.635  -33.547 0.0000000000
104952  48.457  12.696  -33.862 0.0000000000
104964  47.731  12.763  -34.287 0.0000000000
104965  47.002  12.793  -34.841 0.0000000000
104980  46.466  12.827  -35.668 0.0000000000
104981  46.304  12.644  -36.441 0.0000000000
105974  61.382  14.426  -15.759 0.0000000000
105984  61.590  14.225  -16.114 0.0000000000
105985  60.964  13.793  -16.156 0.0000000000
105993  62.525  14.285  -17.203 0.0000000000
105994  61.962  14.055  -16.979 0.0000000000
105995  61.127  13.398  -17.131 0.0000000000
106004  62.577  14.211  -17.693 0.0000000000
106005  61.963  13.668  -17.996 0.0000000000
106006  61.036  13.026  -18.311 0.0000000000
106013  62.566  14.157  -18.751 0.0000000000
106014  61.944  13.486  -19.154 0.0000000000
106015  61.148  12.845  -19.480 0.0000000000
106019  62.548  14.119  -19.969 0.0000000000
106020  61.796  13.376  -20.408 0.0000000000
106027  62.472  14.163  -21.176 0.0000000000
106028  61.904  13.432  -21.665 0.0000000000
106029  58.642  13.997  -21.988 0.0000000000
106030  58.307  13.996  -21.979 0.0000000000
106039  62.507  14.084  -22.351 0.0000000000
106040  61.930  13.232  -22.832 0.0000000000
106041  59.436  13.840  -22.654 0.0000000000
106042  58.900  13.716  -22.384 0.0000000000
106043  57.771  13.650  -22.248 0.0000000000
106044  56.881  13.505  -22.555 0.0000000000
106051  62.433  13.787  -23.598 0.0000000000
106052  62.182  13.193  -23.498 0.0000000000
106053  60.387  14.124  -23.640 0.0000000000
106054  59.798  13.817  -23.255 0.0000000000
106055  59.166  13.419  -22.976 0.0000000000
106056  56.259  13.415  -23.035 0.0000000000
106057  55.724  13.401  -23.511 0.0000000000
106063  62.658  13.872  -24.672 0.0000000000
106064  60.567  14.014  -24.187 0.0000000000
106065  60.050  13.577  -23.950 0.0000000000
106066  55.188  13.444  -24.173 0.0000000000
106067  54.700  13.341  -24.903 0.0000000000
106077  62.514  13.847  -25.528 0.0000000000
106078  61.981  13.971  -25.788 0.0000000000
106079  61.395  14.195  -25.074 0.0000000000
106080  54.430  13.340  -25.588 0.0000000000
106089  62.348  13.537  -26.063 0.0000000000
106090  62.130  13.517  -26.177 0.0000000000
106091  54.291  13.516  -26.380 0.0000000000
106096  54.091  13.540  -27.395 0.0000000000
106097  53.734  13.141  -28.157 0.0000000000
106102  54.158  13.836  -28.506 0.0000000000
106103  53.788  13.215  -29.034 0.0000000000
106113  54.270  13.892  -29.513 0.0000000000
106114  53.820  13.255  -29.984 0.0000000000
106129  54.305  13.906  -30.459 0.0000000000
106130  53.812  13.317  -30.922 0.0000000000
106145  54.223  14.027  -31.257 0.0000000000
106146  53.738  13.670  -31.911 0.0000000000
106163  52.950  13.489  -32.546 0.0000000000
106164  51.947  13.392  -33.032 0.0000000000
106165  51.370  12.963  -33.165 0.0000000000
106190  51.559  13.925  -33.266 0.0000000000
106191  50.986  13.499  -33.339 0.0000000000
106192  49.905  13.529  -33.590 0.0000000000
106193  49.069  13.462  -33.913 0.0000000000
106194  48.414  13.475  -34.276 0.0000000000
106210  47.731  13.590  -34.734 0.0000000000
106211  47.098  13.640  -35.373 0.0000000000
106220  46.656  13.716  -36.013 0.0000000000
106221  46.439  13.190  -36.194 0.0000000000
106229  46.637  14.021  -36.331 0.0000000000
106230  46.470  13.586  -36.696 0.0000000000
107280  62.688  15.219  -16.219 0.0000000000
107281  62.545  15.065  -16.090 0.0000000000
107282  61.976  14.710  -15.925 0.0000000000
107283  61.146  14.663  -15.534 0.0000000000
107293  62.828  15.203  -16.377 0.0000000000
107294  62.664  14.767  -16.465 0.0000000000
107295  62.258  14.378  -16.611 0.0000000000
107303  63.181  15.105  -16.807 0.0000000000
107304  62.861  14.535  -17.148 0.0000000000
107305  62.435  14.303  -16.987 0.0000000000
107313  63.295  15.100  -17.388 0.0000000000
107314  63.052  14.786  -18.139 0.0000000000
107320  62.797  14.738  -19.456 0.0000000000
107325  62.781  14.719  -20.717 0.0000000000
107326  60.782  15.176  -21.118 0.0000000000
107327  60.318  15.102  -21.060 0.0000000000
107328  59.477  14.975  -21.097 0.0000000000
107332  62.775  14.734  -21.845 0.0000000000
107333  61.572  15.215  -22.075 0.0000000000
107334  61.054  15.098  -21.653 0.0000000000
107335  59.952  14.667  -21.682 0.0000000000
107336  58.786  14.377  -21.680 0.0000000000
107337  57.588  14.471  -21.909 0.0000000000
107338  56.815  14.677  -22.266 0.0000000000
107342  62.702  14.754  -22.910 0.0000000000
107343  61.510  15.052  -22.587 0.0000000000
107344  60.516  14.627  -22.437 0.0000000000
107345  59.577  14.142  -22.369 0.0000000000
107346  59.097  14.024  -22.082 0.0000000000
107347  57.000  14.114  -22.270 0.0000000000
107348  56.237  14.404  -22.816 0.0000000000
107349  55.880  14.711  -23.284 0.0000000000
107355  62.379  14.619  -23.832 0.0000000000
107356  61.923  14.990  -23.610 0.0000000000
107357  60.794  14.491  -23.402 0.0000000000
107358  60.167  14.274  -22.876 0.0000000000
107359  55.903  13.888  -23.225 0.0000000000
107360  55.593  14.355  -23.717 0.0000000000
107368  62.376  14.427  -24.928 0.0000000000
107369  62.028  14.702  -24.516 0.0000000000
107370  61.455  14.564  -24.319 0.0000000000
107371  54.964  14.351  -24.993 0.0000000000
107372  54.653  13.780  -25.328 0.0000000000
107381  62.231  14.266  -25.389 0.0000000000
107382  62.006  14.495  -25.169 0.0000000000
107383  61.760  14.584  -24.832 0.0000000000
107384  54.848  14.767  -26.120 0.0000000000
107385  54.582  14.049  -25.860 0.0000000000
107396  54.851  14.872  -26.666 0.0000000000
107397  54.602  14.395  -26.830 0.0000000000
107403  54.489  14.449  -27.903 0.0000000000
107408  55.074  15.114  -29.759 0.0000000000
107409  54.729  14.618  -29.009 0.0000000000
107417  55.042  15.183  -30.531 0.0000000000
107418  54.720  14.527  -30.041 0.0000000000
107433  54.866  15.293  -31.277 0.0000000000
107434  54.652  14.585  -30.936 0.0000000000
107448  54.694  15.456  -31.676 0.0000000000
107449  54.320  14.800  -31.915 0.0000000000
107450  53.888  14.319  -32.121 0.0000000000
107463  53.865  15.125  -32.377 0.0000000000
107464  53.512  14.528  -32.479 0.0000000000
107465  52.595  14.306  -32.902 0.0000000000
107486  51.923  14.357  -33.210 0.0000000000
107487  51.265  14.468  -33.361 0.0000000000
107488  50.415  14.475  -33.569 0.0000000000
107489  49.355  14.495  -33.960 0.0000000000
107490  48.852  13.966  -34.183 0.0000000000
107508  48.870  15.022  -34.219 0.0000000000
107509  48.423  14.463  -34.462 0.0000000000
107510  47.589  14.477  -35.055 0.0000000000
107516  46.942  14.550  -35.750 0.0000000000
107517  46.733  14.998  -36.029 0.0000000000
107524  46.705  14.217  -36.133 0.0000000000
107525  46.603  14.589  -36.446 0.0000000000
107532  46.466  14.383  -37.360 0.0000000000
108520  62.521  15.569  -16.043 0.0000000000
108521  62.335  15.620  -15.882 0.0000000000
108522  62.067  15.670  -15.735 0.0000000000
108526  62.653  15.462  -16.190 0.0000000000
108527  62.231  15.289  -15.822 0.0000000000
108528  61.720  15.363  -15.640 0.0000000000
108537  63.060  15.799  -16.589 0.0000000000
108548  63.342  15.743  -17.097 0.0000000000
108557  63.203  15.648  -17.690 0.0000000000
108558  62.493  15.521  -18.683 0.0000000000
108559  61.568  16.159  -18.926 0.0000000000
108560  60.965  16.429  -18.952 0.0000000000
108567  62.559  15.154  -20.211 0.0000000000
108568  61.792  15.562  -19.829 0.0000000000
108569  60.649  15.995  -19.568 0.0000000000
108570  59.883  16.091  -19.793 0.0000000000
108574  62.633  15.124  -21.375 0.0000000000
108575  62.043  15.348  -20.919 0.0000000000
108576  61.005  15.360  -20.693 0.0000000000
108577  59.746  15.616  -20.387 0.0000000000
108578  58.737  15.368  -20.942 0.0000000000
108582  62.624  15.086  -22.357 0.0000000000
108583  62.011  15.309  -21.924 0.0000000000
108584  61.597  15.290  -21.308 0.0000000000
108585  57.843  15.287  -21.457 0.0000000000
108586  56.914  15.432  -22.114 0.0000000000
108587  56.505  15.007  -22.480 0.0000000000
108591  62.640  15.084  -22.975 0.0000000000
108592  62.313  15.203  -22.837 0.0000000000
108593  56.636  15.926  -22.545 0.0000000000
108594  56.260  15.519  -22.954 0.0000000000
108595  55.971  14.952  -23.103 0.0000000000
108601  62.669  14.984  -23.246 0.0000000000
108602  62.494  15.055  -23.303 0.0000000000
108603  56.021  15.810  -23.957 0.0000000000
108604  55.837  15.140  -23.566 0.0000000000
108613  55.920  15.904  -24.461 0.0000000000
108614  55.614  15.383  -24.522 0.0000000000
108621  55.300  15.358  -25.663 0.0000000000
108629  55.132  15.371  -26.807 0.0000000000
108630  54.854  14.913  -26.928 0.0000000000
108636  55.176  15.628  -27.929 0.0000000000
108637  54.851  14.978  -27.437 0.0000000000
108643  55.318  15.530  -29.050 0.0000000000
108644  54.904  15.048  -28.265 0.0000000000
108654  55.512  15.742  -30.141 0.0000000000
108670  55.415  15.838  -31.008 0.0000000000
108684  55.007  15.924  -31.570 0.0000000000
108685  54.554  15.824  -31.954 0.0000000000
108698  54.012  15.707  -32.303 0.0000000000
108699  53.395  15.547  -32.597 0.0000000000
108700  52.789  15.193  -32.903 0.0000000000
108721  52.274  14.917  -33.141 0.0000000000
108722  51.689  15.167  -33.261 0.0000000000
108723  50.887  15.382  -33.429 0.0000000000
108724  49.980  15.467  -33.720 0.0000000000
108750  49.148  15.575  -33.987 0.0000000000
108751  48.448  15.557  -34.403 0.0000000000
108752  47.930  15.148  -34.758 0.0000000000
108766  47.859  15.778  -34.745 0.0000000000
108767  47.345  15.476  -35.250 0.0000000000
108768  46.862  15.286  -35.750 0.0000000000
108777  46.860  15.844  -35.662 0.0000000000
108778  46.614  15.562  -36.215 0.0000000000
108784  46.444  15.388  -37.083 0.0000000000
108794  46.548  15.192  -38.206 0.0000000000
108806  46.712  15.816  -38.661 0.0000000000
109686  62.477  15.819  -16.023 0.0000000000
109687  62.242  15.973  -15.880 0.0000000000
109688  62.023  15.987  -15.757 0.0000000000
109694  62.768  16.127  -16.274 0.0000000000
109695  61.675  15.998  -15.727 0.0000000000
109701  63.091  16.566  -16.518 0.0000000000
109710  63.342  16.572  -16.809 0.0000000000
109717  63.340  16.543  -17.199 0.0000000000
109718  62.846  16.517  -17.600 0.0000000000
109719  62.112  16.697  -18.137 0.0000000000
109720  61.290  17.037  -18.611 0.0000000000
109728  60.565  16.862  -19.082 0.0000000000
109729  59.950  16.673  -19.533 0.0000000000
109735  59.416  16.480  -20.043 0.0000000000
109736  58.795  16.268  -20.544 0.0000000000
109741  58.085  16.181  -21.134 0.0000000000
109742  57.399  16.253  -21.780 0.0000000000
109746  56.930  16.347  -22.390 0.0000000000
109747  56.626  16.337  -22.903 0.0000000000
109753  56.404  16.398  -23.642 0.0000000000
109760  56.164  16.468  -24.663 0.0000000000
109761  55.870  15.947  -24.724 0.0000000000
109768  56.079  16.824  -25.815 0.0000000000
109769  55.758  16.032  -25.275 0.0000000000
109776  56.121  16.894  -26.945 0.0000000000
109777  55.615  16.153  -26.314 0.0000000000
109782  56.139  17.027  -28.077 0.0000000000
109783  55.589  16.270  -27.439 0.0000000000
109788  56.298  17.036  -29.192 0.0000000000
109789  55.704  16.330  -28.570 0.0000000000
109797  56.412  17.066  -30.208 0.0000000000
109798  55.921  16.356  -29.667 0.0000000000
109813  56.445  17.128  -30.746 0.0000000000
109814  56.070  16.598  -30.770 0.0000000000
109826  55.527  16.591  -31.508 0.0000000000
109827  54.924  16.569  -31.972 0.0000000000
109838  54.240  16.544  -32.232 0.0000000000
109839  53.460  16.478  -32.465 0.0000000000
109840  52.488  16.320  -32.753 0.0000000000
109841  51.839  16.822  -32.849 0.0000000000
109856  52.147  15.567  -33.015 0.0000000000
109857  51.454  16.294  -33.106 0.0000000000
109858  50.410  16.399  -33.470 0.0000000000
109859  49.523  16.456  -33.757 0.0000000000
109884  48.733  16.472  -34.107 0.0000000000
109885  48.056  16.448  -34.546 0.0000000000
109908  47.568  16.272  -34.946 0.0000000000
109909  47.112  16.431  -35.373 0.0000000000
109926  46.607  16.460  -35.922 0.0000000000
109927  46.475  16.349  -36.716 0.0000000000
109943  46.422  16.239  -37.567 0.0000000000
109954  46.529  16.315  -38.307 0.0000000000
109968  46.834  16.402  -38.944 0.0000000000
110866  62.506  16.241  -16.099 0.0000000000
110867  62.358  16.435  -16.044 0.0000000000
110868  62.122  16.460  -15.959 0.0000000000
110875  62.879  16.902  -16.306 0.0000000000
110876  62.584  17.165  -16.213 0.0000000000
110877  61.921  16.901  -16.125 0.0000000000
110884  63.425  17.365  -16.551 0.0000000000
110893  63.660  17.439  -16.902 0.0000000000
110901  63.429  17.538  -17.329 0.0000000000
110902  62.775  17.668  -17.756 0.0000000000
110903  61.967  17.760  -18.231 0.0000000000
110904  61.402  17.899  -18.644 0.0000000000
110913  60.822  17.784  -18.980 0.0000000000
110914  60.187  17.625  -19.486 0.0000000000
110920  59.535  17.389  -19.971 0.0000000000
110921  58.937  17.187  -20.432 0.0000000000
110928  58.359  17.171  -21.045 0.0000000000
110929  57.776  16.941  -21.607 0.0000000000
110935  58.059  17.733  -21.873 0.0000000000
110936  57.357  17.252  -22.511 0.0000000000
110937  56.932  16.730  -22.759 0.0000000000
110943  57.174  17.719  -23.630 0.0000000000
110944  56.837  16.959  -23.261 0.0000000000
110950  57.051  18.004  -24.625 0.0000000000
110951  56.670  17.212  -24.175 0.0000000000
110957  57.024  18.123  -25.188 0.0000000000
110958  56.656  17.583  -25.301 0.0000000000
110964  56.560  17.564  -26.454 0.0000000000
110969  56.607  17.631  -27.542 0.0000000000
110974  57.257  18.230  -29.507 0.0000000000
110975  56.799  17.799  -28.711 0.0000000000
110981  57.225  18.247  -30.300 0.0000000000
110982  56.786  17.692  -29.826 0.0000000000
110997  57.232  18.200  -30.785 0.0000000000
110998  56.887  17.682  -30.884 0.0000000000
110999  56.436  17.176  -31.013 0.0000000000
111014  56.604  18.037  -31.341 0.0000000000
111015  56.108  17.494  -31.444 0.0000000000
111016  55.242  17.353  -31.858 0.0000000000
111027  54.551  17.340  -32.089 0.0000000000
111028  53.718  17.409  -32.252 0.0000000000
111029  52.765  17.379  -32.459 0.0000000000
111030  51.997  17.349  -32.685 0.0000000000
111045  51.415  17.343  -32.888 0.0000000000
111046  50.701  17.372  -33.210 0.0000000000
111047  49.839  17.407  -33.543 0.0000000000
111069  49.036  17.424  -33.913 0.0000000000
111070  48.288  17.391  -34.377 0.0000000000
111095  47.516  17.214  -34.945 0.0000000000
111096  46.863  17.286  -35.625 0.0000000000
111118  46.505  17.239  -36.355 0.0000000000
111119  46.389  17.155  -37.178 0.0000000000
111137  46.387  16.989  -37.874 0.0000000000
111150  46.575  17.217  -38.485 0.0000000000
111164  46.944  17.314  -39.252 0.0000000000
112107  64.011  18.801  -16.149 0.0000000000
112108  63.507  18.237  -16.284 0.0000000000
112109  62.619  18.024  -16.254 0.0000000000
112110  61.784  17.857  -16.374 0.0000000000
112118  64.168  18.902  -16.364 0.0000000000
112119  63.971  18.242  -16.628 0.0000000000
112130  64.393  19.028  -16.941 0.0000000000
112131  64.028  18.337  -17.176 0.0000000000
112142  64.293  19.129  -17.567 0.0000000000
112143  63.683  18.652  -17.886 0.0000000000
112144  62.773  18.631  -18.435 0.0000000000
112145  61.927  18.480  -18.744 0.0000000000
112146  61.323  18.401  -19.065 0.0000000000
112159  62.531  18.990  -19.087 0.0000000000
112160  61.905  18.930  -19.445 0.0000000000
112161  60.878  18.732  -19.811 0.0000000000
112162  59.939  18.236  -20.102 0.0000000000
112171  60.345  18.872  -20.935 0.0000000000
112172  59.346  18.081  -20.739 0.0000000000
112173  58.795  17.651  -20.877 0.0000000000
112180  60.324  19.198  -21.613 0.0000000000
112181  59.584  18.854  -21.740 0.0000000000
112182  58.726  18.084  -21.413 0.0000000000
112190  59.346  19.016  -22.356 0.0000000000
112191  58.651  18.623  -22.482 0.0000000000
112192  57.897  18.017  -22.468 0.0000000000
112199  58.357  18.916  -23.658 0.0000000000
112200  57.780  18.226  -23.129 0.0000000000
112207  58.164  19.072  -24.709 0.0000000000
112208  57.640  18.461  -24.180 0.0000000000
112214  58.078  19.112  -25.287 0.0000000000
112215  57.543  18.637  -25.385 0.0000000000
112216  57.012  18.161  -25.479 0.0000000000
112221  58.200  19.223  -27.195 0.0000000000
112222  57.552  18.723  -26.594 0.0000000000
112223  56.987  18.197  -26.046 0.0000000000
112228  58.324  19.177  -28.248 0.0000000000
112229  57.656  18.673  -27.651 0.0000000000
112230  57.027  18.211  -27.054 0.0000000000
112235  58.307  19.217  -29.219 0.0000000000
112236  57.646  18.563  -28.752 0.0000000000
112237  57.107  18.218  -27.959 0.0000000000
112243  58.200  19.312  -29.704 0.0000000000
112244  57.813  18.879  -29.839 0.0000000000
112251  57.481  18.751  -30.738 0.0000000000
112252  57.204  18.276  -31.033 0.0000000000
112272  57.365  19.071  -31.091 0.0000000000
112273  56.991  18.616  -31.244 0.0000000000
112274  56.220  18.536  -31.521 0.0000000000
112275  55.221  18.408  -31.690 0.0000000000
112276  54.586  18.918  -31.673 0.0000000000
112293  54.796  17.842  -31.855 0.0000000000
112294  54.152  18.371  -31.861 0.0000000000
112295  52.994  18.376  -32.125 0.0000000000
112296  51.911  18.399  -32.504 0.0000000000
112297  51.301  18.945  -32.662 0.0000000000
112316  51.557  17.861  -32.692 0.0000000000
112317  50.966  18.391  -32.833 0.0000000000
112318  50.087  18.394  -33.340 0.0000000000
112335  49.334  18.400  -33.783 0.0000000000
112336  48.634  18.390  -34.270 0.0000000000
112358  47.876  18.345  -34.766 0.0000000000
112359  47.237  18.233  -35.480 0.0000000000
112382  46.725  18.020  -36.065 0.0000000000
112383  46.493  18.074  -36.797 0.0000000000
112406  46.325  17.978  -37.767 0.0000000000
112419  46.503  18.234  -38.768 0.0000000000
112434  46.957  18.303  -39.834 0.0000000000
112453  47.144  18.975  -40.524 0.0000000000
113454  64.002  19.157  -16.170 0.0000000000
113455  63.248  19.059  -16.250 0.0000000000
113456  62.274  18.767  -16.381 0.0000000000
113461  64.354  19.762  -16.766 0.0000000000
113462  63.828  19.917  -16.390 0.0000000000
113463  62.756  19.969  -16.727 0.0000000000
113470  64.541  19.761  -17.517 0.0000000000
113471  62.558  20.586  -17.290 0.0000000000
113478  64.423  19.721  -18.457 0.0000000000
113479  63.617  19.297  -18.855 0.0000000000
113480  63.006  19.203  -19.022 0.0000000000
113490  64.561  20.192  -19.142 0.0000000000
113491  64.223  19.909  -19.385 0.0000000000
113492  63.090  19.736  -19.819 0.0000000000
113493  61.794  19.313  -20.156 0.0000000000
113494  61.282  19.143  -20.200 0.0000000000
113505  63.224  20.239  -20.686 0.0000000000
113506  62.388  20.036  -20.971 0.0000000000
113507  61.292  19.307  -20.661 0.0000000000
113515  62.218  20.239  -21.686 0.0000000000
113516  61.163  19.790  -21.811 0.0000000000
113517  60.243  19.323  -21.931 0.0000000000
113524  60.867  20.247  -22.966 0.0000000000
113525  59.951  19.469  -22.555 0.0000000000
113526  59.262  19.118  -22.647 0.0000000000
113532  60.806  20.475  -23.557 0.0000000000
113533  60.051  20.128  -23.769 0.0000000000
113534  59.176  19.327  -23.225 0.0000000000
113541  59.596  20.214  -25.005 0.0000000000
113542  58.964  19.561  -24.305 0.0000000000
113549  59.466  20.200  -26.128 0.0000000000
113550  58.622  19.557  -25.485 0.0000000000
113551  58.057  19.147  -25.582 0.0000000000
113557  59.383  20.347  -27.174 0.0000000000
113558  58.756  19.736  -26.663 0.0000000000
113559  58.076  19.218  -26.161 0.0000000000
113565  59.374  20.379  -28.136 0.0000000000
113566  58.853  19.781  -27.730 0.0000000000
113571  59.326  20.422  -28.665 0.0000000000
113572  58.950  19.916  -28.818 0.0000000000
113579  58.561  19.742  -29.794 0.0000000000
113580  58.153  19.368  -29.937 0.0000000000
113592  58.450  19.993  -30.310 0.0000000000
113593  58.065  19.493  -30.349 0.0000000000
113618  57.656  19.549  -30.925 0.0000000000
113619  57.156  19.528  -31.240 0.0000000000
113620  56.501  19.438  -31.455 0.0000000000
113621  55.682  19.412  -31.571 0.0000000000
113622  54.855  19.481  -31.572 0.0000000000
113640  54.101  19.482  -31.634 0.0000000000
113641  53.229  19.401  -31.798 0.0000000000
113642  52.281  19.441  -32.186 0.0000000000
113643  51.499  19.507  -32.559 0.0000000000
113662  50.884  19.490  -32.847 0.0000000000
113663  50.270  19.412  -33.252 0.0000000000
113680  49.593  19.376  -33.703 0.0000000000
113681  49.008  19.349  -34.234 0.0000000000
113698  48.344  19.345  -34.720 0.0000000000
113699  47.665  19.293  -35.358 0.0000000000
113713  46.996  19.100  -36.328 0.0000000000
113714  46.503  18.828  -37.196 0.0000000000
113733  46.752  19.596  -37.175 0.0000000000
113734  46.386  19.260  -38.007 0.0000000000
113753  46.430  19.334  -39.111 0.0000000000
113768  46.637  19.548  -40.026 0.0000000000
113785  46.871  19.826  -40.899 0.0000000000
113793  47.452  19.856  -41.549 0.0000000000
113794  46.954  20.320  -41.431 0.0000000000
114838  64.422  20.206  -16.987 0.0000000000
114839  64.247  20.360  -16.890 0.0000000000
114840  63.695  20.518  -16.851 0.0000000000
114848  64.478  20.405  -17.416 0.0000000000
114849  64.104  20.962  -17.428 0.0000000000
114850  63.224  20.954  -17.333 0.0000000000
114851  62.574  20.892  -17.759 0.0000000000
114858  64.652  20.367  -18.111 0.0000000000
114859  63.705  21.385  -17.922 0.0000000000
114860  63.081  21.462  -18.089 0.0000000000
114861  62.172  21.191  -18.497 0.0000000000
114868  64.653  20.571  -18.929 0.0000000000
114869  64.541  20.524  -19.558 0.0000000000
114870  64.172  20.354  -19.967 0.0000000000
114871  61.701  21.416  -19.205 0.0000000000
114880  64.606  20.971  -19.507 0.0000000000
114881  64.481  21.041  -20.091 0.0000000000
114882  63.871  20.629  -20.606 0.0000000000
114883  63.302  20.563  -21.107 0.0000000000
114895  64.071  21.360  -20.556 0.0000000000
114896  63.626  21.276  -21.211 0.0000000000
114897  62.953  20.659  -21.742 0.0000000000
114898  62.242  20.440  -22.105 0.0000000000
114907  63.228  21.489  -22.035 0.0000000000
114908  62.750  20.937  -22.489 0.0000000000
114909  61.871  20.560  -22.703 0.0000000000
114917  62.926  21.585  -22.708 0.0000000000
114918  62.398  21.239  -23.206 0.0000000000
114919  61.479  20.797  -23.525 0.0000000000
114920  60.836  20.666  -23.979 0.0000000000
114927  61.951  21.369  -23.800 0.0000000000
114928  61.355  21.150  -24.369 0.0000000000
114929  60.520  20.668  -24.687 0.0000000000
114936  60.976  21.160  -25.239 0.0000000000
114937  60.281  20.646  -25.677 0.0000000000
114943  60.743  21.183  -26.155 0.0000000000
114944  60.055  20.769  -26.637 0.0000000000
114949  60.378  21.298  -26.902 0.0000000000
114950  59.988  20.946  -27.647 0.0000000000
114958  59.627  20.899  -28.610 0.0000000000
114959  59.304  20.510  -29.001 0.0000000000
114972  59.400  20.973  -29.291 0.0000000000
114973  59.084  20.415  -29.514 0.0000000000
114991  59.191  20.967  -29.803 0.0000000000
114992  58.768  20.569  -30.187 0.0000000000
114993  58.148  20.324  -30.709 0.0000000000
115019  57.481  20.338  -31.146 0.0000000000
115020  56.803  20.338  -31.403 0.0000000000
115021  56.023  20.344  -31.488 0.0000000000
115022  55.181  20.369  -31.468 0.0000000000
115023  54.341  20.402  -31.550 0.0000000000
115038  53.489  20.421  -31.719 0.0000000000
115039  52.603  20.462  -32.039 0.0000000000
115040  51.676  20.560  -32.495 0.0000000000
115041  51.047  20.221  -32.790 0.0000000000
115052  50.909  21.085  -32.974 0.0000000000
115053  50.453  20.447  -33.278 0.0000000000
115054  49.843  20.323  -33.735 0.0000000000
115063  49.337  20.257  -34.232 0.0000000000
115064  48.814  20.249  -34.678 0.0000000000
115078  48.265  20.246  -35.261 0.0000000000
115079  47.648  20.219  -35.936 0.0000000000
115095  47.277  20.310  -36.802 0.0000000000
115109  46.840  20.349  -37.617 0.0000000000
115110  46.583  20.273  -38.481 0.0000000000
115129  46.568  20.387  -39.370 0.0000000000
115143  46.575  20.563  -40.237 0.0000000000
115154  46.651  20.743  -41.026 0.0000000000
115163  47.235  20.405  -41.915 0.0000000000
115164  46.799  20.837  -41.723 0.0000000000
115174  47.493  20.662  -42.448 0.0000000000
115175  47.041  20.800  -42.132 0.0000000000
116226  64.543  20.651  -17.962 0.0000000000
116227  64.418  20.855  -17.913 0.0000000000
116237  64.544  20.848  -18.394 0.0000000000
116238  64.221  21.296  -18.353 0.0000000000
116239  63.695  21.734  -18.605 0.0000000000
116240  63.066  21.804  -18.787 0.0000000000
116251  64.517  21.174  -19.037 0.0000000000
116252  64.176  21.647  -19.206 0.0000000000
116253  63.616  22.026  -19.394 0.0000000000
116254  62.629  21.932  -19.467 0.0000000000
116255  61.748  21.705  -19.814 0.0000000000
116260  64.454  21.377  -19.626 0.0000000000
116261  64.197  21.807  -20.043 0.0000000000
116262  63.446  22.194  -20.251 0.0000000000
116263  62.426  22.180  -20.427 0.0000000000
116272  63.807  21.813  -20.697 0.0000000000
116273  63.225  22.192  -21.341 0.0000000000
116274  62.029  22.330  -21.303 0.0000000000
116286  63.022  22.168  -22.409 0.0000000000
116298  62.704  22.096  -23.352 0.0000000000
116299  62.316  21.661  -23.656 0.0000000000
116307  62.465  22.345  -23.792 0.0000000000
116308  62.093  21.956  -24.386 0.0000000000
116309  61.468  21.526  -24.894 0.0000000000
116316  61.840  22.279  -25.139 0.0000000000
116317  61.404  21.852  -25.568 0.0000000000
116332  60.825  21.818  -26.596 0.0000000000
116345  60.406  21.744  -27.435 0.0000000000
116346  59.991  21.664  -28.264 0.0000000000
116360  59.632  21.624  -29.029 0.0000000000
116376  59.313  21.586  -29.630 0.0000000000
116402  58.937  21.485  -30.131 0.0000000000
116403  58.422  21.327  -30.616 0.0000000000
116404  57.812  21.208  -31.044 0.0000000000
116434  57.141  21.206  -31.317 0.0000000000
116435  56.375  21.271  -31.414 0.0000000000
116436  55.522  21.320  -31.430 0.0000000000
116437  54.654  21.346  -31.509 0.0000000000
116438  53.816  21.369  -31.686 0.0000000000
116460  52.980  21.429  -31.979 0.0000000000
116461  52.170  21.503  -32.409 0.0000000000
116462  51.441  21.661  -32.835 0.0000000000
116477  50.968  21.851  -33.306 0.0000000000
116478  50.406  21.578  -33.739 0.0000000000
116479  50.063  20.943  -33.780 0.0000000000
116490  50.130  21.901  -34.264 0.0000000000
116491  49.665  21.346  -34.421 0.0000000000
116492  49.194  20.795  -34.641 0.0000000000
116504  49.377  21.674  -34.925 0.0000000000
116505  48.955  21.278  -35.191 0.0000000000
116506  48.216  20.945  -35.741 0.0000000000
116519  48.545  21.628  -36.081 0.0000000000
116520  47.865  21.106  -36.408 0.0000000000
116529  48.212  21.841  -36.727 0.0000000000
116530  47.527  21.418  -37.348 0.0000000000
116531  46.939  21.028  -38.054 0.0000000000
116545  47.255  21.748  -38.201 0.0000000000
116546  46.889  21.125  -38.762 0.0000000000
116562  47.066  21.915  -38.846 0.0000000000
116563  46.738  21.455  -39.566 0.0000000000
116573  46.594  21.473  -40.472 0.0000000000
116581  46.573  21.535  -41.336 0.0000000000
116594  47.843  21.077  -43.157 0.0000000000
116595  46.894  21.410  -42.363 0.0000000000
116607  47.869  21.699  -43.684 0.0000000000
117628  62.515  22.603  -22.109 0.0000000000
117629  61.566  22.569  -22.077 0.0000000000
117630  60.901  22.329  -22.125 0.0000000000
117637  62.603  22.681  -22.868 0.0000000000
117638  61.897  23.124  -22.747 0.0000000000
117639  60.622  22.694  -22.781 0.0000000000
117640  59.739  22.422  -23.052 0.0000000000
117649  62.547  22.643  -23.415 0.0000000000
117650  62.229  23.121  -23.394 0.0000000000
117651  60.441  23.051  -23.294 0.0000000000
117652  59.553  22.842  -23.626 0.0000000000
117664  62.554  22.479  -23.607 0.0000000000
117665  62.336  22.857  -24.054 0.0000000000
117666  59.271  23.447  -24.277 0.0000000000
117676  61.994  22.754  -24.935 0.0000000000
117677  61.643  22.673  -25.600 0.0000000000
117691  61.191  22.542  -26.307 0.0000000000
117699  60.732  22.481  -27.070 0.0000000000
117700  60.244  22.509  -27.883 0.0000000000
117709  59.816  22.458  -28.766 0.0000000000
117726  59.460  22.336  -29.458 0.0000000000
117752  59.086  22.295  -29.945 0.0000000000
117753  58.616  22.305  -30.457 0.0000000000
117754  58.001  22.183  -30.931 0.0000000000
117782  57.435  21.963  -31.197 0.0000000000
117783  56.778  22.177  -31.351 0.0000000000
117784  55.905  22.292  -31.392 0.0000000000
117785  54.978  22.345  -31.518 0.0000000000
117786  54.133  22.290  -31.686 0.0000000000
117795  53.400  22.323  -31.958 0.0000000000
117796  52.590  22.449  -32.387 0.0000000000
117797  51.816  22.429  -32.800 0.0000000000
117804  51.310  22.438  -33.266 0.0000000000
117805  50.848  22.439  -33.723 0.0000000000
117812  50.449  22.466  -34.255 0.0000000000
117813  49.983  22.182  -34.577 0.0000000000
117823  50.198  22.772  -34.789 0.0000000000
117824  49.571  22.320  -35.195 0.0000000000
117825  49.064  22.078  -35.820 0.0000000000
117836  49.342  22.675  -36.025 0.0000000000
117837  48.821  22.473  -36.524 0.0000000000
117847  48.258  22.506  -37.298 0.0000000000
117848  47.694  22.269  -37.819 0.0000000000
117860  48.072  22.873  -37.950 0.0000000000
117861  47.565  22.595  -38.496 0.0000000000
117879  47.119  22.538  -39.335 0.0000000000
117880  46.747  22.148  -39.991 0.0000000000
117894  46.888  22.838  -39.970 0.0000000000
117895  46.581  22.435  -40.682 0.0000000000
117905  46.524  22.417  -41.687 0.0000000000
117918  47.238  21.786  -43.226 0.0000000000
117919  46.678  22.572  -42.789 0.0000000000
117930  48.443  22.042  -44.197 0.0000000000
117931  47.349  22.454  -43.892 0.0000000000
117932  46.748  23.127  -43.466 0.0000000000
117943  48.215  22.745  -44.589 0.0000000000
117944  47.482  23.112  -44.456 0.0000000000
118891  61.195  23.237  -23.159 0.0000000000
118892  60.781  23.136  -23.197 0.0000000000
118898  61.578  23.581  -23.540 0.0000000000
118899  60.696  23.533  -23.608 0.0000000000
118900  59.890  23.800  -24.198 0.0000000000
118909  61.955  23.728  -24.047 0.0000000000
118910  59.206  23.996  -24.782 0.0000000000
118911  58.728  23.673  -25.028 0.0000000000
118923  61.805  23.689  -24.933 0.0000000000
118924  61.745  23.178  -25.397 0.0000000000
118925  59.097  24.515  -25.038 0.0000000000
118926  58.740  24.270  -25.340 0.0000000000
118934  61.472  24.247  -25.398 0.0000000000
118935  61.231  23.669  -26.039 0.0000000000
118936  60.691  24.148  -26.680 0.0000000000
118942  60.951  23.014  -26.700 0.0000000000
118943  60.509  23.514  -27.230 0.0000000000
118950  59.913  23.422  -28.337 0.0000000000
118963  59.443  23.393  -29.378 0.0000000000
118964  59.131  23.939  -29.844 0.0000000000
118991  59.239  22.822  -29.770 0.0000000000
118992  58.915  23.354  -30.178 0.0000000000
118993  58.142  23.263  -30.733 0.0000000000
119013  57.328  23.072  -31.169 0.0000000000
119014  56.356  23.272  -31.359 0.0000000000
119015  55.396  23.368  -31.519 0.0000000000
119016  54.291  23.442  -31.831 0.0000000000
119017  53.757  22.886  -31.927 0.0000000000
119024  53.801  24.022  -32.205 0.0000000000
119025  53.250  23.465  -32.329 0.0000000000
119026  52.049  23.476  -33.035 0.0000000000
119027  51.589  22.919  -33.197 0.0000000000
119034  51.689  23.849  -33.683 0.0000000000
119035  51.288  23.273  -33.766 0.0000000000
119036  50.837  22.905  -34.087 0.0000000000
119043  51.259  23.794  -34.355 0.0000000000
119044  50.797  23.397  -34.584 0.0000000000
119052  50.245  23.408  -35.360 0.0000000000
119053  49.697  23.138  -35.852 0.0000000000
119062  49.953  23.815  -36.086 0.0000000000
119063  49.364  23.455  -36.596 0.0000000000
119064  48.827  23.132  -37.071 0.0000000000
119071  49.076  23.725  -37.266 0.0000000000
119072  48.615  23.462  -37.718 0.0000000000
119081  48.179  23.486  -38.460 0.0000000000
119082  47.619  23.218  -38.981 0.0000000000
119099  47.954  23.833  -39.112 0.0000000000
119100  47.407  23.486  -39.645 0.0000000000
119119  46.938  23.460  -40.394 0.0000000000
119120  46.565  23.142  -41.092 0.0000000000
119131  46.832  23.799  -41.030 0.0000000000
119132  46.537  23.498  -41.836 0.0000000000
119144  46.477  23.644  -42.827 0.0000000000
119157  46.933  23.221  -44.087 0.0000000000
119158  46.473  23.851  -43.746 0.0000000000
119168  47.967  23.398  -45.004 0.0000000000
119169  47.018  23.852  -44.692 0.0000000000
119170  46.457  24.240  -44.268 0.0000000000
119182  47.697  24.046  -45.318 0.0000000000
119183  47.212  24.236  -45.159 0.0000000000
120061  61.149  23.963  -23.843 0.0000000000
120062  60.687  24.391  -24.231 0.0000000000
120063  59.894  24.592  -24.582 0.0000000000
120069  61.376  24.164  -24.106 0.0000000000
120070  61.083  24.811  -24.478 0.0000000000
120071  59.395  24.736  -24.857 0.0000000000
120082  61.493  24.342  -24.583 0.0000000000
120083  61.286  25.128  -24.888 0.0000000000
120084  59.106  25.008  -25.085 0.0000000000
120085  58.697  25.166  -25.470 0.0000000000
120092  61.542  24.542  -25.072 0.0000000000
120093  61.195  25.031  -25.624 0.0000000000
120094  60.769  24.817  -26.364 0.0000000000
120095  58.370  25.348  -25.894 0.0000000000
120098  60.358  24.709  -27.052 0.0000000000
120103  59.929  24.451  -27.840 0.0000000000
120116  59.564  24.417  -28.717 0.0000000000
120117  59.207  24.545  -29.484 0.0000000000
120145  58.856  24.507  -30.095 0.0000000000
120146  58.347  24.372  -30.598 0.0000000000
120173  57.639  24.316  -31.049 0.0000000000
120174  56.803  24.329  -31.391 0.0000000000
120175  55.890  24.357  -31.558 0.0000000000
120176  54.982  24.447  -31.753 0.0000000000
120192  54.189  24.605  -32.179 0.0000000000
120193  53.507  24.547  -32.554 0.0000000000
120194  52.752  24.483  -32.990 0.0000000000
120203  51.978  24.592  -33.835 0.0000000000
120204  51.528  23.999  -34.124 0.0000000000
120212  51.818  25.123  -34.447 0.0000000000
120213  51.321  24.543  -34.867 0.0000000000
120214  50.782  23.938  -35.174 0.0000000000
120222  51.083  24.919  -35.592 0.0000000000
120223  50.642  24.466  -35.809 0.0000000000
120232  49.852  24.566  -36.872 0.0000000000
120233  49.367  24.068  -37.133 0.0000000000
120243  49.678  24.958  -37.554 0.0000000000
120244  49.196  24.489  -37.837 0.0000000000
120245  48.643  23.987  -38.180 0.0000000000
120254  49.070  24.895  -38.494 0.0000000000
120255  48.586  24.469  -38.747 0.0000000000
120266  47.905  24.481  -39.748 0.0000000000
120267  47.399  23.954  -40.071 0.0000000000
120281  47.743  24.863  -40.358 0.0000000000
120282  47.353  24.326  -40.559 0.0000000000
120295  46.901  24.477  -41.371 0.0000000000
120296  46.478  24.432  -42.186 0.0000000000
120311  46.286  24.523  -42.965 0.0000000000
120326  46.192  24.739  -43.786 0.0000000000
120341  46.934  24.347  -45.076 0.0000000000
120342  46.408  24.693  -44.787 0.0000000000
120360  47.164  24.733  -45.595 0.0000000000
120361  46.483  25.075  -45.332 0.0000000000
121199  60.735  24.984  -24.497 0.0000000000
121200  60.383  25.024  -24.571 0.0000000000
121208  60.650  25.494  -24.730 0.0000000000
121209  59.823  25.433  -24.811 0.0000000000
121218  60.875  25.787  -25.203 0.0000000000
121219  59.218  25.749  -25.200 0.0000000000
121220  58.816  25.992  -25.541 0.0000000000
121226  60.679  25.935  -25.760 0.0000000000
121227  60.747  25.570  -26.122 0.0000000000
121228  58.425  26.243  -25.984 0.0000000000
121229  58.169  26.667  -26.340 0.0000000000
121232  60.550  26.103  -26.186 0.0000000000
121233  60.432  25.780  -26.632 0.0000000000
121234  58.099  25.949  -26.515 0.0000000000
121235  57.834  26.285  -26.984 0.0000000000
121238  59.977  25.656  -27.462 0.0000000000
121239  59.578  25.978  -28.001 0.0000000000
121249  59.580  25.194  -28.165 0.0000000000
121250  59.251  25.608  -28.783 0.0000000000
121267  58.794  25.444  -29.668 0.0000000000
121268  58.404  25.371  -30.258 0.0000000000
121292  57.874  25.414  -30.784 0.0000000000
121293  57.186  25.433  -31.299 0.0000000000
121294  56.262  25.497  -31.624 0.0000000000
121295  55.495  25.176  -31.788 0.0000000000
121320  55.574  25.924  -31.979 0.0000000000
121321  54.795  25.579  -32.226 0.0000000000
121322  53.838  25.514  -32.698 0.0000000000
121323  53.236  25.168  -32.986 0.0000000000
121339  53.365  25.785  -33.211 0.0000000000
121340  52.764  25.486  -33.547 0.0000000000
121349  52.281  25.570  -34.273 0.0000000000
121350  51.887  25.683  -34.937 0.0000000000
121358  51.349  25.578  -35.759 0.0000000000
121359  50.964  25.114  -35.917 0.0000000000
121366  51.158  26.001  -36.305 0.0000000000
121367  50.738  25.514  -36.508 0.0000000000
121370  50.061  25.606  -37.627 0.0000000000
121371  49.604  25.150  -37.897 0.0000000000
121374  49.912  26.058  -38.236 0.0000000000
121375  49.401  25.574  -38.533 0.0000000000
121376  48.956  25.096  -38.793 0.0000000000
121382  49.134  25.982  -39.195 0.0000000000
121383  48.704  25.448  -39.386 0.0000000000
121390  48.094  25.368  -40.217 0.0000000000
121391  47.543  25.265  -40.918 0.0000000000
121398  46.794  25.497  -41.868 0.0000000000
121399  46.384  25.009  -42.447 0.0000000000
121408  46.639  26.097  -42.302 0.0000000000
121409  46.247  25.612  -42.876 0.0000000000
121419  45.868  25.724  -44.098 0.0000000000
121429  46.034  25.461  -45.072 0.0000000000
122220  60.440  26.073  -25.031 0.0000000000
122221  60.221  25.927  -24.875 0.0000000000
122228  60.373  26.321  -25.492 0.0000000000
122229  59.848  26.331  -25.185 0.0000000000
122230  59.282  26.293  -25.397 0.0000000000
122237  60.444  26.586  -26.023 0.0000000000
122238  60.022  27.089  -25.709 0.0000000000
122239  59.237  26.938  -25.643 0.0000000000
122240  58.559  27.339  -25.944 0.0000000000
122245  60.384  26.411  -26.381 0.0000000000
122246  60.021  26.970  -26.701 0.0000000000
122247  59.573  27.703  -27.085 0.0000000000
122248  58.049  27.414  -26.463 0.0000000000
122253  59.756  26.429  -27.537 0.0000000000
122254  59.360  26.988  -27.880 0.0000000000
122255  57.541  27.259  -27.140 0.0000000000
122256  56.904  27.152  -27.744 0.0000000000
122261  58.675  26.714  -29.234 0.0000000000
122262  58.277  27.243  -29.673 0.0000000000
122273  58.452  25.998  -29.871 0.0000000000
122274  58.103  26.536  -30.212 0.0000000000
122291  57.487  26.473  -30.951 0.0000000000
122292  56.799  26.557  -31.447 0.0000000000
122293  56.023  26.672  -31.854 0.0000000000
122314  55.245  26.701  -32.323 0.0000000000
122315  54.268  26.643  -32.947 0.0000000000
122316  53.685  26.144  -33.128 0.0000000000
122337  53.950  27.147  -33.485 0.0000000000
122338  53.278  26.641  -33.700 0.0000000000
122339  52.680  26.065  -34.054 0.0000000000
122347  52.939  27.121  -34.314 0.0000000000
122348  52.430  26.576  -34.728 0.0000000000
122349  52.098  26.157  -35.049 0.0000000000
122355  52.029  27.052  -35.635 0.0000000000
122356  51.889  26.281  -35.419 0.0000000000
122361  51.840  27.321  -36.108 0.0000000000
122362  51.477  26.729  -36.365 0.0000000000
122363  51.036  26.210  -36.584 0.0000000000
122366  51.213  27.112  -37.004 0.0000000000
122367  50.808  26.589  -37.204 0.0000000000
122370  50.251  26.559  -38.066 0.0000000000
122371  49.778  26.571  -38.605 0.0000000000
122374  49.365  26.524  -39.140 0.0000000000
122375  48.948  26.420  -39.651 0.0000000000
122380  48.487  26.184  -40.182 0.0000000000
122381  48.013  25.974  -40.669 0.0000000000
122387  48.194  26.660  -40.715 0.0000000000
122388  47.599  26.407  -41.280 0.0000000000
122396  46.955  26.611  -41.940 0.0000000000
122397  46.510  26.684  -42.533 0.0000000000
122406  46.046  26.696  -43.302 0.0000000000
123239  59.624  27.579  -25.726 0.0000000000
123240  59.227  28.036  -25.791 0.0000000000
123241  58.485  28.231  -26.104 0.0000000000
123244  59.874  27.815  -25.943 0.0000000000
123245  59.516  28.229  -26.491 0.0000000000
123246  57.822  28.345  -26.696 0.0000000000
123247  57.356  28.751  -27.168 0.0000000000
123251  59.231  28.247  -27.371 0.0000000000
123252  57.292  28.015  -27.265 0.0000000000
123253  56.746  28.283  -27.734 0.0000000000
123254  55.987  28.077  -28.444 0.0000000000
123257  58.778  27.945  -28.287 0.0000000000
123258  58.359  27.902  -29.141 0.0000000000
123269  57.959  27.811  -29.917 0.0000000000
123270  57.576  28.031  -30.448 0.0000000000
123287  57.649  27.288  -30.546 0.0000000000
123288  57.193  27.627  -31.008 0.0000000000
123289  56.508  27.658  -31.605 0.0000000000
123305  55.786  27.706  -32.156 0.0000000000
123306  55.011  27.712  -32.724 0.0000000000
123333  54.373  27.729  -33.381 0.0000000000
123334  53.809  27.639  -33.852 0.0000000000
123342  53.345  27.603  -34.278 0.0000000000
123343  52.883  27.608  -34.724 0.0000000000
123347  52.495  27.623  -35.280 0.0000000000
123351  52.155  27.815  -35.959 0.0000000000
123352  51.771  27.703  -36.489 0.0000000000
123355  51.460  27.616  -36.974 0.0000000000
123356  51.081  27.556  -37.438 0.0000000000
123359  50.585  27.474  -38.014 0.0000000000
123360  50.100  27.191  -38.504 0.0000000000
123363  50.237  27.855  -38.658 0.0000000000
123364  49.708  27.504  -39.196 0.0000000000
123365  49.206  27.098  -39.647 0.0000000000
123369  49.272  27.753  -39.908 0.0000000000
123370  48.722  27.292  -40.323 0.0000000000
123376  48.046  27.451  -41.103 0.0000000000
123377  47.431  27.427  -41.694 0.0000000000
123384  46.932  27.493  -42.233 0.0000000000
123385  46.514  27.550  -42.821 0.0000000000
124242  58.974  28.647  -26.202 0.0000000000
124243  58.480  28.687  -26.585 0.0000000000
124248  58.893  28.893  -26.835 0.0000000000
124249  57.976  29.231  -27.244 0.0000000000
124250  57.129  29.353  -27.532 0.0000000000
124255  58.614  28.847  -27.671 0.0000000000
124256  58.169  29.402  -28.111 0.0000000000
124257  56.475  29.199  -28.117 0.0000000000
124258  55.816  28.982  -28.738 0.0000000000
124263  58.385  28.663  -28.439 0.0000000000
124264  58.000  28.899  -29.114 0.0000000000
124270  57.692  28.731  -29.993 0.0000000000
124271  57.359  28.702  -30.559 0.0000000000
124284  56.922  28.710  -31.180 0.0000000000
124285  56.306  28.712  -31.836 0.0000000000
124298  55.632  28.820  -32.533 0.0000000000
124299  54.939  28.665  -33.192 0.0000000000
124327  54.185  28.674  -34.010 0.0000000000
124328  53.698  28.105  -34.249 0.0000000000
124341  53.931  29.082  -34.568 0.0000000000
124342  53.430  28.569  -34.825 0.0000000000
124343  52.841  28.116  -35.075 0.0000000000
124353  53.238  29.011  -35.402 0.0000000000
124354  52.764  28.580  -35.625 0.0000000000
124360  52.150  28.619  -36.654 0.0000000000
124361  51.698  28.120  -36.917 0.0000000000
124364  51.943  29.099  -37.213 0.0000000000
124365  51.434  28.576  -37.529 0.0000000000
124366  50.908  28.053  -37.809 0.0000000000
124370  51.125  29.058  -38.147 0.0000000000
124371  50.711  28.572  -38.374 0.0000000000
124374  50.125  28.547  -39.188 0.0000000000
124375  49.558  28.525  -39.847 0.0000000000
124378  49.043  28.400  -40.409 0.0000000000
124379  48.520  28.365  -40.955 0.0000000000
124382  47.825  28.520  -41.758 0.0000000000
124383  47.299  28.018  -42.046 0.0000000000
124386  47.632  29.079  -42.289 0.0000000000
124387  47.073  28.566  -42.617 0.0000000000
125208  57.664  29.742  -27.911 0.0000000000
125209  57.455  29.672  -27.684 0.0000000000
125214  57.662  29.808  -28.634 0.0000000000
125215  57.019  30.127  -28.235 0.0000000000
125216  56.244  29.942  -28.532 0.0000000000
125221  57.581  29.555  -29.564 0.0000000000
125222  57.287  30.384  -29.235 0.0000000000
125223  55.659  29.852  -29.230 0.0000000000
125229  57.484  29.234  -30.143 0.0000000000
125230  57.182  29.815  -30.368 0.0000000000
125231  55.566  30.363  -29.646 0.0000000000
125242  56.692  29.694  -31.360 0.0000000000
125243  56.247  29.720  -32.064 0.0000000000
125254  55.849  29.951  -32.812 0.0000000000
125255  55.392  29.299  -33.025 0.0000000000
125274  55.702  30.350  -33.206 0.0000000000
125275  55.146  29.794  -33.547 0.0000000000
125287  54.357  29.817  -34.604 0.0000000000
125288  53.830  29.285  -34.867 0.0000000000
125300  54.201  30.284  -35.164 0.0000000000
125301  53.627  29.727  -35.445 0.0000000000
125302  53.125  29.228  -35.677 0.0000000000
125312  53.365  30.157  -36.033 0.0000000000
125313  52.918  29.623  -36.237 0.0000000000
125316  52.334  29.634  -37.043 0.0000000000
125317  51.835  29.631  -37.563 0.0000000000
125320  51.399  29.568  -38.076 0.0000000000
125321  50.960  29.560  -38.554 0.0000000000
125324  50.472  29.467  -39.106 0.0000000000
125325  49.927  29.456  -39.762 0.0000000000
125329  49.332  29.497  -40.596 0.0000000000
125330  48.905  28.941  -40.853 0.0000000000
125334  49.104  30.063  -41.124 0.0000000000
125335  48.661  29.519  -41.391 0.0000000000
125339  48.046  29.611  -42.152 0.0000000000
126272  56.503  30.395  -28.683 0.0000000000
126273  56.161  30.499  -28.881 0.0000000000
126279  56.567  30.793  -29.162 0.0000000000
126280  55.925  30.854  -29.396 0.0000000000
126286  56.894  30.953  -29.902 0.0000000000
126287  55.536  30.785  -30.023 0.0000000000
126295  56.629  30.711  -30.884 0.0000000000
126296  56.492  30.391  -31.592 0.0000000000
126308  56.425  30.972  -31.492 0.0000000000
126309  56.307  30.777  -32.087 0.0000000000
126328  56.047  31.029  -32.891 0.0000000000
126329  55.619  30.680  -33.472 0.0000000000
126351  55.778  31.376  -33.466 0.0000000000
126352  55.257  30.929  -34.118 0.0000000000
126368  54.687  30.903  -35.008 0.0000000000
126369  54.144  30.772  -35.543 0.0000000000
126382  53.695  30.706  -35.991 0.0000000000
126383  53.295  30.621  -36.452 0.0000000000
126390  52.795  30.500  -36.938 0.0000000000
126391  52.278  30.473  -37.494 0.0000000000
126395  51.766  30.471  -38.067 0.0000000000
126396  51.289  30.186  -38.503 0.0000000000
126399  51.475  30.856  -38.639 0.0000000000
126400  50.889  30.526  -39.120 0.0000000000
126401  50.317  30.164  -39.611 0.0000000000
126404  50.460  30.865  -39.784 0.0000000000
126405  49.960  30.514  -40.273 0.0000000000
126408  49.474  30.602  -40.993 0.0000000000
126409  49.028  30.613  -41.531 0.0000000000
127333  56.408  31.228  -29.776 0.0000000000
127334  56.247  31.168  -29.575 0.0000000000
127339  56.340  31.347  -30.454 0.0000000000
127340  55.930  31.528  -30.096 0.0000000000
127341  55.487  31.264  -30.425 0.0000000000
127345  56.350  31.459  -31.258 0.0000000000
127346  56.025  32.181  -31.178 0.0000000000
127347  55.259  31.843  -31.017 0.0000000000
127356  56.389  31.335  -31.697 0.0000000000
127357  56.346  31.919  -32.007 0.0000000000
127375  56.142  32.135  -32.993 0.0000000000
127398  55.691  32.127  -33.791 0.0000000000
127399  55.246  31.987  -34.666 0.0000000000
127417  54.594  31.897  -35.612 0.0000000000
127418  54.058  31.264  -35.937 0.0000000000
127429  54.434  32.455  -36.112 0.0000000000
127430  53.813  31.768  -36.540 0.0000000000
127431  53.169  31.116  -36.858 0.0000000000
127436  53.521  32.260  -37.184 0.0000000000
127437  52.855  31.622  -37.507 0.0000000000
127438  52.202  31.037  -37.845 0.0000000000
127441  52.569  32.060  -38.151 0.0000000000
127442  52.090  31.564  -38.383 0.0000000000
127445  51.463  31.548  -39.112 0.0000000000
127446  50.903  31.558  -39.679 0.0000000000
127449  50.419  31.538  -40.266 0.0000000000
127450  49.911  31.498  -40.834 0.0000000000
128328  56.025  33.086  -31.478 0.0000000000
128329  55.705  32.897  -31.321 0.0000000000
128339  56.263  32.861  -31.737 0.0000000000
128340  55.058  32.870  -31.607 0.0000000000
128353  56.276  33.000  -32.441 0.0000000000
128354  54.414  32.793  -32.397 0.0000000000
128355  53.997  32.970  -33.188 0.0000000000
128368  56.032  33.131  -33.332 0.0000000000
128369  55.691  33.097  -34.208 0.0000000000
128370  53.550  32.963  -33.879 0.0000000000
128382  55.306  33.060  -35.045 0.0000000000
128389  54.828  33.162  -35.755 0.0000000000
128390  54.385  33.077  -36.405 0.0000000000
128396  53.866  32.970  -36.968 0.0000000000
128397  53.407  32.814  -37.539 0.0000000000
128401  52.896  32.741  -38.115 0.0000000000
128402  52.435  32.392  -38.508 0.0000000000
128406  52.603  33.053  -38.669 0.0000000000
128407  52.041  32.625  -39.122 0.0000000000
128408  51.396  32.244  -39.601 0.0000000000
128412  51.599  32.957  -39.751 0.0000000000
128413  50.994  32.593  -40.235 0.0000000000
128414  50.381  32.224  -40.729 0.0000000000
129195  55.893  33.390  -31.539 0.0000000000
129196  55.660  33.345  -31.656 0.0000000000
129209  56.029  33.548  -31.967 0.0000000000
129210  55.312  33.623  -32.227 0.0000000000
129224  56.125  33.851  -32.864 0.0000000000
129225  54.746  33.775  -32.968 0.0000000000
129226  54.240  33.892  -33.709 0.0000000000
129237  56.010  34.111  -33.848 0.0000000000
129238  55.652  33.888  -34.563 0.0000000000
129239  53.690  33.906  -34.482 0.0000000000
129240  53.188  33.472  -35.009 0.0000000000
129247  55.658  34.499  -34.512 0.0000000000
129248  55.310  34.218  -35.202 0.0000000000
129249  53.462  34.212  -35.156 0.0000000000
129254  54.751  34.158  -36.053 0.0000000000
129255  54.360  33.988  -36.800 0.0000000000
129260  53.850  33.893  -37.418 0.0000000000
129261  53.366  33.502  -37.899 0.0000000000
129265  53.571  34.246  -37.939 0.0000000000
129266  53.069  33.846  -38.426 0.0000000000
129269  52.531  33.747  -39.040 0.0000000000
129270  52.058  33.684  -39.602 0.0000000000
130106  55.751  34.026  -32.604 0.0000000000
130107  55.338  34.218  -32.884 0.0000000000
130119  55.664  34.368  -33.290 0.0000000000
130120  54.967  34.701  -33.576 0.0000000000
130121  54.393  34.609  -34.294 0.0000000000
130128  55.489  34.746  -34.126 0.0000000000
130129  54.820  35.215  -34.729 0.0000000000
130130  54.027  34.914  -35.053 0.0000000000
130136  55.385  34.941  -34.836 0.0000000000
130137  54.944  35.112  -35.610 0.0000000000
130138  53.436  34.794  -35.681 0.0000000000
130145  54.552  35.003  -36.604 0.0000000000
130146  54.309  34.663  -37.157 0.0000000000
130155  54.342  35.234  -37.195 0.0000000000
130156  54.017  34.948  -37.643 0.0000000000
131148  54.453  35.360  -35.537 0.0000000000
131149  54.342  35.312  -35.323 0.0000000000
131153  54.321  35.529  -36.277 0.0000000000
