#!ascii label  , from subject colin27_FS vox2ras=TkReg
624
130686  54.465  36.001  9.256 0.0000000000
130687  53.633  35.685  9.440 0.0000000000
130688  52.605  35.510  9.635 0.0000000000
130689  51.572  35.535  9.822 0.0000000000
130690  50.598  35.755  9.980 0.0000000000
130691  49.997  35.907  9.691 0.0000000000
130703  54.775  36.177  8.554 0.0000000000
130704  53.867  35.740  8.513 0.0000000000
130705  52.824  35.486  8.654 0.0000000000
130706  51.779  35.405  8.832 0.0000000000
130707  50.839  35.528  9.031 0.0000000000
130708  50.089  35.775  9.112 0.0000000000
130718  54.992  36.285  7.977 0.0000000000
130719  54.261  36.058  7.539 0.0000000000
130720  53.087  35.622  7.678 0.0000000000
130721  52.032  35.401  7.853 0.0000000000
130722  50.993  35.499  8.013 0.0000000000
130723  50.326  35.678  8.430 0.0000000000
130724  47.586  36.101  8.291 0.0000000000
130731  59.212  35.682  5.616 0.0000000000
130735  54.012  36.289  6.632 0.0000000000
130736  53.322  35.885  6.809 0.0000000000
130737  52.244  35.609  6.832 0.0000000000
130738  51.421  35.546  7.241 0.0000000000
130748  59.356  35.647  4.952 0.0000000000
130749  58.861  35.440  5.150 0.0000000000
130753  53.990  36.482  6.193 0.0000000000
130754  53.532  36.241  6.159 0.0000000000
130755  52.790  35.866  6.150 0.0000000000
130764  59.576  35.603  4.119 0.0000000000
130765  58.997  35.393  4.227 0.0000000000
130766  58.114  35.325  4.394 0.0000000000
130777  59.900  35.487  3.227 0.0000000000
130778  59.236  35.316  3.304 0.0000000000
130779  58.301  35.304  3.403 0.0000000000
130780  57.176  35.249  3.526 0.0000000000
130796  60.135  35.467  2.259 0.0000000000
130797  59.534  35.243  2.376 0.0000000000
130798  58.560  35.280  2.454 0.0000000000
130799  57.394  35.315  2.521 0.0000000000
130800  56.190  35.305  2.608 0.0000000000
130821  60.313  35.455  1.272 0.0000000000
130822  59.827  35.194  1.440 0.0000000000
130823  58.864  35.308  1.515 0.0000000000
130824  57.673  35.355  1.547 0.0000000000
130825  56.459  35.397  1.594 0.0000000000
130826  55.262  35.377  1.661 0.0000000000
130836  60.632  35.449  0.090 0.0000000000
130837  60.470  35.488  0.338 0.0000000000
130838  60.038  35.171  0.584 0.0000000000
130839  59.195  35.326  0.585 0.0000000000
130840  58.027  35.397  0.589 0.0000000000
130841  56.819  35.521  0.605 0.0000000000
130842  55.619  35.573  0.634 0.0000000000
130843  54.441  35.527  0.681 0.0000000000
130847  60.605  35.468  -0.052 0.0000000000
130848  60.502  35.472  -0.132 0.0000000000
130849  60.184  35.315  -0.211 0.0000000000
130850  59.518  35.336  -0.274 0.0000000000
130851  58.456  35.414  -0.336 0.0000000000
130852  57.277  35.550  -0.373 0.0000000000
130853  56.093  35.687  -0.387 0.0000000000
130854  54.922  35.749  -0.380 0.0000000000
130855  53.730  35.671  -0.364 0.0000000000
130859  60.461  35.625  -0.445 0.0000000000
130860  60.233  35.505  -0.737 0.0000000000
130861  59.794  35.351  -1.017 0.0000000000
130862  58.938  35.433  -1.192 0.0000000000
130863  57.839  35.545  -1.312 0.0000000000
130864  56.678  35.665  -1.385 0.0000000000
130865  55.540  35.795  -1.426 0.0000000000
130866  54.405  35.851  -1.454 0.0000000000
130867  53.259  35.767  -1.511 0.0000000000
130868  52.225  35.544  -1.705 0.0000000000
130871  60.353  35.782  -1.286 0.0000000000
130872  60.055  35.538  -1.661 0.0000000000
130873  59.442  35.441  -1.974 0.0000000000
130874  58.483  35.522  -2.197 0.0000000000
130875  57.374  35.633  -2.344 0.0000000000
130876  56.259  35.752  -2.435 0.0000000000
130877  55.166  35.870  -2.500 0.0000000000
130878  54.087  35.864  -2.571 0.0000000000
130879  53.049  35.733  -2.684 0.0000000000
130880  52.082  35.499  -2.840 0.0000000000
130884  60.334  35.856  -2.243 0.0000000000
130885  59.966  35.576  -2.662 0.0000000000
130886  59.189  35.511  -3.021 0.0000000000
130887  58.151  35.575  -3.259 0.0000000000
130888  57.068  35.660  -3.414 0.0000000000
130889  56.003  35.793  -3.517 0.0000000000
130890  54.958  35.865  -3.611 0.0000000000
130891  53.939  35.811  -3.710 0.0000000000
130892  52.960  35.647  -3.822 0.0000000000
130893  52.015  35.467  -3.967 0.0000000000
130894  51.098  35.275  -4.181 0.0000000000
130896  60.429  35.876  -3.147 0.0000000000
130897  59.989  35.632  -3.815 0.0000000000
130898  58.966  35.492  -4.086 0.0000000000
130899  57.922  35.458  -4.317 0.0000000000
130900  56.886  35.606  -4.471 0.0000000000
130901  55.881  35.722  -4.609 0.0000000000
130902  54.893  35.727  -4.736 0.0000000000
130903  53.917  35.653  -4.851 0.0000000000
130904  52.954  35.577  -4.955 0.0000000000
130905  52.012  35.459  -5.080 0.0000000000
130906  51.059  35.325  -5.270 0.0000000000
130907  50.530  35.208  -5.676 0.0000000000
130908  43.907  35.710  -5.286 0.0000000000
130909  43.427  35.735  -5.154 0.0000000000
130910  42.445  35.751  -4.921 0.0000000000
130911  41.425  35.702  -4.729 0.0000000000
130922  59.650  35.592  -4.709 0.0000000000
130923  58.825  35.499  -5.144 0.0000000000
130924  57.743  35.412  -5.277 0.0000000000
130925  56.801  35.533  -5.454 0.0000000000
130926  55.867  35.604  -5.641 0.0000000000
130927  54.920  35.587  -5.830 0.0000000000
130928  53.944  35.494  -5.949 0.0000000000
130929  52.985  35.448  -6.024 0.0000000000
130930  52.066  35.430  -6.154 0.0000000000
130931  51.245  35.330  -6.348 0.0000000000
130932  50.441  35.183  -6.473 0.0000000000
130933  45.812  35.772  -6.350 0.0000000000
130934  45.305  35.626  -6.241 0.0000000000
130944  58.389  35.542  -5.789 0.0000000000
130945  57.668  35.526  -6.017 0.0000000000
130946  56.793  35.596  -6.222 0.0000000000
130947  55.908  35.593  -6.494 0.0000000000
130948  54.935  35.550  -6.839 0.0000000000
130949  53.891  35.482  -6.880 0.0000000000
130950  52.991  35.511  -7.003 0.0000000000
130951  52.119  35.461  -7.188 0.0000000000
130952  51.283  35.374  -7.374 0.0000000000
130953  50.452  35.225  -7.591 0.0000000000
130954  46.615  35.937  -7.446 0.0000000000
130955  46.024  35.722  -6.922 0.0000000000
130960  54.456  35.728  -7.371 0.0000000000
130961  53.772  35.764  -7.553 0.0000000000
130962  52.942  35.768  -7.916 0.0000000000
130963  52.065  35.695  -8.118 0.0000000000
130964  51.270  35.588  -8.394 0.0000000000
130965  50.432  35.446  -8.689 0.0000000000
130966  46.428  35.791  -7.967 0.0000000000
130973  52.563  35.965  -8.558 0.0000000000
130974  51.990  35.936  -8.914 0.0000000000
130975  51.134  35.968  -9.293 0.0000000000
130976  50.218  35.653  -9.614 0.0000000000
130984  50.469  36.164  -9.675 0.0000000000
131726  56.416  36.935  8.861 0.0000000000
131727  55.558  36.587  8.388 0.0000000000
131728  49.507  36.032  9.391 0.0000000000
131729  48.778  36.218  8.913 0.0000000000
131730  48.050  36.318  8.532 0.0000000000
131741  56.999  37.357  8.390 0.0000000000
131742  56.307  37.093  7.830 0.0000000000
131743  55.295  36.597  7.440 0.0000000000
131744  54.662  36.447  6.865 0.0000000000
131745  50.333  35.707  7.876 0.0000000000
131746  49.648  35.977  8.167 0.0000000000
131747  48.670  36.418  7.887 0.0000000000
131748  47.780  36.414  7.732 0.0000000000
131757  59.293  35.847  6.136 0.0000000000
131759  55.932  37.096  7.036 0.0000000000
131760  55.260  36.906  6.538 0.0000000000
131761  54.460  36.617  6.297 0.0000000000
131762  51.462  35.698  6.666 0.0000000000
131763  50.595  35.776  6.992 0.0000000000
131764  49.433  36.367  6.864 0.0000000000
131765  48.508  36.678  7.028 0.0000000000
131773  59.469  35.911  5.628 0.0000000000
131774  54.852  36.945  5.944 0.0000000000
131775  54.074  36.729  5.693 0.0000000000
131776  53.076  36.318  5.570 0.0000000000
131777  51.766  36.058  5.775 0.0000000000
131778  50.405  36.395  5.897 0.0000000000
131779  49.625  36.787  5.924 0.0000000000
131788  59.691  35.979  4.933 0.0000000000
131789  53.563  36.826  5.117 0.0000000000
131790  52.768  36.698  4.931 0.0000000000
131791  51.918  36.769  4.788 0.0000000000
131799  59.940  36.004  4.077 0.0000000000
131809  60.212  35.984  3.135 0.0000000000
131824  60.487  35.972  2.139 0.0000000000
131835  60.622  35.645  0.245 0.0000000000
131836  60.505  35.933  0.924 0.0000000000
131843  60.648  35.736  -0.003 0.0000000000
131844  60.259  36.379  0.148 0.0000000000
131846  60.400  36.271  -0.795 0.0000000000
131847  60.039  36.684  -0.406 0.0000000000
131849  60.427  36.289  -1.805 0.0000000000
131852  60.609  36.352  -2.802 0.0000000000
131853  38.319  37.067  -3.752 0.0000000000
131854  37.891  36.876  -3.690 0.0000000000
131855  37.126  36.776  -3.617 0.0000000000
131856  36.301  36.724  -3.592 0.0000000000
131857  35.531  36.744  -3.564 0.0000000000
131860  61.173  36.841  -4.592 0.0000000000
131861  60.870  36.307  -4.116 0.0000000000
131862  60.339  35.828  -4.744 0.0000000000
131863  47.181  36.902  -5.263 0.0000000000
131864  46.623  36.786  -5.249 0.0000000000
131865  45.564  36.545  -5.105 0.0000000000
131866  44.309  36.141  -4.996 0.0000000000
131867  43.215  36.433  -4.743 0.0000000000
131868  42.173  36.469  -4.580 0.0000000000
131869  41.111  36.445  -4.428 0.0000000000
131870  39.959  36.419  -4.235 0.0000000000
131871  38.627  36.524  -3.943 0.0000000000
131872  37.504  36.165  -3.853 0.0000000000
131873  36.593  36.053  -3.788 0.0000000000
131874  35.746  36.040  -3.745 0.0000000000
131880  61.206  36.733  -5.100 0.0000000000
131881  60.812  36.256  -5.302 0.0000000000
131882  59.925  35.908  -5.490 0.0000000000
131883  59.095  35.802  -5.815 0.0000000000
131884  48.971  37.136  -6.181 0.0000000000
131885  48.436  36.910  -6.126 0.0000000000
131886  47.366  36.605  -5.861 0.0000000000
131887  46.122  36.037  -6.015 0.0000000000
131888  44.962  35.851  -5.527 0.0000000000
131889  44.413  35.754  -5.413 0.0000000000
131893  61.236  36.745  -5.825 0.0000000000
131894  60.681  36.562  -6.123 0.0000000000
131895  59.700  36.420  -6.083 0.0000000000
131896  58.605  35.980  -6.216 0.0000000000
131897  57.655  35.896  -6.423 0.0000000000
131898  56.820  35.904  -6.661 0.0000000000
131899  55.953  35.939  -6.955 0.0000000000
131900  55.114  36.015  -7.372 0.0000000000
131901  49.978  37.204  -7.309 0.0000000000
131902  49.257  37.050  -6.966 0.0000000000
131903  48.148  36.621  -7.014 0.0000000000
131904  46.933  36.186  -6.976 0.0000000000
131905  46.365  35.940  -6.594 0.0000000000
131908  54.358  36.060  -7.698 0.0000000000
131909  53.693  36.110  -7.946 0.0000000000
131910  53.006  36.268  -8.291 0.0000000000
131911  50.941  37.188  -8.648 0.0000000000
131912  50.191  37.078  -8.193 0.0000000000
131913  48.983  36.779  -8.161 0.0000000000
131914  47.880  36.466  -8.091 0.0000000000
131915  47.040  36.147  -8.031 0.0000000000
131918  52.427  36.384  -8.779 0.0000000000
131919  51.832  36.485  -9.067 0.0000000000
131920  50.927  36.772  -9.239 0.0000000000
131921  49.727  36.712  -9.250 0.0000000000
131922  48.631  36.550  -9.216 0.0000000000
131923  47.566  36.359  -9.091 0.0000000000
131924  46.837  36.075  -8.672 0.0000000000
131927  50.078  36.379  -9.769 0.0000000000
132632  58.362  37.280  7.665 0.0000000000
132633  57.354  37.542  7.556 0.0000000000
132634  56.589  37.449  7.071 0.0000000000
132640  59.359  36.161  6.257 0.0000000000
132641  58.982  36.754  6.717 0.0000000000
132642  58.251  37.540  6.701 0.0000000000
132643  57.253  37.721  6.509 0.0000000000
132644  56.204  37.438  6.311 0.0000000000
132645  55.470  37.231  5.909 0.0000000000
132646  49.036  36.857  6.357 0.0000000000
132653  59.398  36.424  5.724 0.0000000000
132654  59.031  37.220  5.796 0.0000000000
132655  58.172  37.899  5.670 0.0000000000
132656  57.015  37.884  5.567 0.0000000000
132657  56.020  37.611  5.457 0.0000000000
132658  55.039  37.287  5.314 0.0000000000
132659  54.241  37.124  5.015 0.0000000000
132660  51.144  36.769  5.166 0.0000000000
132661  50.340  37.250  5.202 0.0000000000
132671  59.629  36.660  4.915 0.0000000000
132672  59.157  37.552  4.798 0.0000000000
132673  58.371  38.029  4.867 0.0000000000
132674  56.591  37.936  4.968 0.0000000000
132675  55.847  37.812  4.657 0.0000000000
132676  54.827  37.553  4.558 0.0000000000
132677  53.745  37.333  4.492 0.0000000000
132678  52.662  37.313  4.263 0.0000000000
132679  51.477  37.507  4.332 0.0000000000
132690  59.819  36.721  3.968 0.0000000000
132691  59.351  37.445  3.768 0.0000000000
132692  55.451  37.895  4.063 0.0000000000
132693  54.667  37.864  3.872 0.0000000000
132694  53.624  37.886  3.731 0.0000000000
132695  52.581  37.899  3.561 0.0000000000
132696  51.806  38.185  3.553 0.0000000000
132704  59.937  36.685  2.989 0.0000000000
132705  59.333  37.453  2.853 0.0000000000
132718  59.996  36.741  1.990 0.0000000000
132719  59.105  37.497  1.909 0.0000000000
132720  58.495  37.800  1.543 0.0000000000
132728  59.791  36.792  1.014 0.0000000000
132729  59.061  37.417  0.915 0.0000000000
132730  58.302  37.819  0.869 0.0000000000
132739  59.646  36.981  0.101 0.0000000000
132740  58.896  37.494  -0.041 0.0000000000
132741  58.123  37.810  0.141 0.0000000000
132747  60.259  36.665  -1.470 0.0000000000
132748  59.697  37.171  -1.064 0.0000000000
132749  58.957  37.583  -0.771 0.0000000000
132751  60.338  37.070  -2.170 0.0000000000
132752  59.854  37.462  -1.857 0.0000000000
132755  60.743  37.038  -3.239 0.0000000000
132756  38.120  37.278  -3.717 0.0000000000
132757  37.701  37.530  -3.701 0.0000000000
132758  36.849  37.383  -3.566 0.0000000000
132759  36.108  37.397  -3.533 0.0000000000
132763  61.313  37.262  -4.882 0.0000000000
132764  61.011  37.210  -4.151 0.0000000000
132765  49.763  37.932  -5.013 0.0000000000
132766  49.307  37.887  -5.009 0.0000000000
132767  48.422  37.751  -4.969 0.0000000000
132768  47.351  37.430  -4.931 0.0000000000
132769  46.252  37.403  -4.751 0.0000000000
132770  45.148  37.269  -4.645 0.0000000000
132771  44.040  37.248  -4.598 0.0000000000
132772  42.968  37.281  -4.531 0.0000000000
132773  41.921  37.268  -4.467 0.0000000000
132774  40.863  37.302  -4.357 0.0000000000
132775  39.744  37.428  -4.173 0.0000000000
132776  38.616  37.600  -3.940 0.0000000000
132777  38.153  37.999  -3.904 0.0000000000
132782  61.429  37.273  -5.586 0.0000000000
132783  59.341  37.316  -6.424 0.0000000000
132784  58.660  37.050  -6.343 0.0000000000
132785  57.782  37.066  -6.179 0.0000000000
132786  56.777  37.135  -6.157 0.0000000000
132787  55.653  37.225  -6.206 0.0000000000
132788  54.497  37.298  -6.293 0.0000000000
132789  53.464  37.443  -6.397 0.0000000000
132790  52.507  37.538  -6.336 0.0000000000
132791  51.586  37.572  -6.142 0.0000000000
132792  50.686  37.615  -5.893 0.0000000000
132793  49.800  37.655  -5.515 0.0000000000
132794  48.874  37.387  -5.591 0.0000000000
132795  47.973  37.130  -5.401 0.0000000000
132796  47.455  36.973  -5.297 0.0000000000
132800  61.253  37.480  -6.562 0.0000000000
132801  60.472  37.378  -6.685 0.0000000000
132802  59.324  36.900  -6.371 0.0000000000
132803  58.364  36.412  -6.337 0.0000000000
132804  57.680  36.408  -6.439 0.0000000000
132805  56.822  36.435  -6.586 0.0000000000
132806  55.847  36.504  -6.803 0.0000000000
132807  54.639  36.594  -7.269 0.0000000000
132808  53.654  37.023  -7.367 0.0000000000
132809  52.702  37.225  -7.364 0.0000000000
132810  51.807  37.321  -7.182 0.0000000000
132811  50.942  37.322  -6.865 0.0000000000
132812  50.050  37.355  -6.583 0.0000000000
132813  49.382  37.276  -6.135 0.0000000000
132816  61.160  37.830  -7.229 0.0000000000
132817  61.020  37.624  -7.113 0.0000000000
132818  54.095  36.301  -7.753 0.0000000000
132819  53.647  36.484  -7.869 0.0000000000
132820  52.728  36.814  -8.329 0.0000000000
132821  51.971  37.208  -8.193 0.0000000000
132822  51.111  37.287  -7.965 0.0000000000
132823  50.448  37.258  -7.413 0.0000000000
132826  52.272  36.702  -8.896 0.0000000000
132827  51.927  36.969  -8.922 0.0000000000
132828  51.409  37.153  -8.703 0.0000000000
133505  57.738  38.099  5.089 0.0000000000
133506  57.218  38.108  4.868 0.0000000000
133514  58.725  37.919  4.297 0.0000000000
133515  57.909  38.171  4.378 0.0000000000
133516  56.882  38.175  4.274 0.0000000000
133517  56.140  38.120  3.964 0.0000000000
133532  58.635  37.967  3.614 0.0000000000
133533  57.738  38.245  3.548 0.0000000000
133534  56.802  38.292  3.425 0.0000000000
133535  55.718  38.286  3.387 0.0000000000
133536  54.626  38.386  3.176 0.0000000000
133537  53.566  38.439  3.024 0.0000000000
133538  52.568  38.562  2.990 0.0000000000
133550  58.490  37.987  2.807 0.0000000000
133551  57.629  38.253  2.727 0.0000000000
133552  56.693  38.375  2.581 0.0000000000
133553  55.649  38.507  2.446 0.0000000000
133554  54.582  38.687  2.305 0.0000000000
133555  53.491  38.898  2.207 0.0000000000
133568  58.292  37.989  2.163 0.0000000000
133569  57.661  38.142  1.773 0.0000000000
133570  56.625  38.388  1.628 0.0000000000
133571  55.604  38.666  1.487 0.0000000000
133572  54.551  38.991  1.368 0.0000000000
133573  53.733  39.309  1.527 0.0000000000
133577  57.495  38.134  0.783 0.0000000000
133578  56.582  38.476  0.614 0.0000000000
133579  55.570  38.884  0.472 0.0000000000
133580  54.750  39.245  0.584 0.0000000000
133587  58.472  37.787  -0.507 0.0000000000
133588  57.628  38.219  -0.402 0.0000000000
133589  56.551  38.724  -0.316 0.0000000000
133590  55.842  39.144  -0.384 0.0000000000
133598  59.568  37.679  -1.686 0.0000000000
133599  58.825  38.031  -1.395 0.0000000000
133600  57.938  38.614  -1.333 0.0000000000
133605  60.436  37.520  -2.797 0.0000000000
133606  59.840  38.026  -2.381 0.0000000000
133607  59.050  38.679  -2.212 0.0000000000
133610  60.564  37.891  -3.435 0.0000000000
133611  60.068  38.619  -3.180 0.0000000000
133612  37.236  37.840  -3.661 0.0000000000
133619  61.367  37.649  -5.198 0.0000000000
133620  61.043  38.061  -4.571 0.0000000000
133621  55.039  38.549  -5.093 0.0000000000
133622  54.691  38.531  -5.065 0.0000000000
133623  53.894  38.497  -4.971 0.0000000000
133624  52.967  38.511  -4.892 0.0000000000
133625  52.038  38.581  -4.895 0.0000000000
133626  51.092  38.566  -4.830 0.0000000000
133627  50.040  38.407  -4.822 0.0000000000
133628  49.071  38.475  -4.740 0.0000000000
133629  48.058  38.396  -4.697 0.0000000000
133630  46.991  38.288  -4.622 0.0000000000
133631  45.923  38.206  -4.579 0.0000000000
133632  44.874  38.166  -4.561 0.0000000000
133633  43.795  38.217  -4.638 0.0000000000
133634  42.714  38.064  -4.625 0.0000000000
133635  41.739  38.079  -4.615 0.0000000000
133636  40.730  38.194  -4.549 0.0000000000
133637  39.658  38.479  -4.538 0.0000000000
133638  38.608  38.362  -4.283 0.0000000000
133647  61.410  38.115  -5.658 0.0000000000
133648  61.018  38.588  -5.056 0.0000000000
133649  59.230  37.531  -6.415 0.0000000000
133650  58.822  37.902  -6.233 0.0000000000
133651  57.732  37.863  -5.812 0.0000000000
133652  56.686  37.976  -5.531 0.0000000000
133653  55.360  38.251  -5.332 0.0000000000
133654  54.194  37.918  -5.508 0.0000000000
133655  53.210  37.917  -5.517 0.0000000000
133656  52.267  37.960  -5.434 0.0000000000
133657  51.353  37.980  -5.291 0.0000000000
133658  50.494  37.968  -5.131 0.0000000000
133659  50.017  37.949  -5.037 0.0000000000
133660  43.323  38.733  -4.786 0.0000000000
133661  42.592  38.800  -4.899 0.0000000000
133662  41.652  38.841  -4.954 0.0000000000
133663  40.742  38.950  -4.908 0.0000000000
133669  61.424  38.270  -6.518 0.0000000000
133670  60.510  37.739  -7.076 0.0000000000
133671  59.944  37.876  -6.828 0.0000000000
133672  59.376  38.293  -6.649 0.0000000000
133675  61.286  38.343  -7.378 0.0000000000
133676  60.823  38.013  -7.566 0.0000000000
133677  60.395  38.170  -7.431 0.0000000000
133680  61.321  38.557  -7.965 0.0000000000
133681  61.240  38.380  -7.919 0.0000000000
134445  57.240  38.785  -1.018 0.0000000000
134446  56.538  39.266  -1.046 0.0000000000
134455  58.430  38.842  -1.860 0.0000000000
134456  57.633  39.441  -1.740 0.0000000000
134466  59.493  39.023  -2.793 0.0000000000
134467  58.668  39.490  -2.455 0.0000000000
134468  58.035  40.145  -2.416 0.0000000000
134473  60.432  38.624  -3.828 0.0000000000
134474  59.919  39.363  -3.548 0.0000000000
134477  60.518  39.054  -4.487 0.0000000000
134478  60.007  39.817  -4.158 0.0000000000
134479  55.072  38.784  -5.002 0.0000000000
134480  54.611  39.137  -4.858 0.0000000000
134481  53.687  39.168  -4.724 0.0000000000
134482  52.787  39.234  -4.718 0.0000000000
134483  51.842  39.270  -4.728 0.0000000000
134484  50.858  39.244  -4.718 0.0000000000
134485  49.861  39.217  -4.695 0.0000000000
134486  48.861  39.215  -4.664 0.0000000000
134487  47.794  39.241  -4.683 0.0000000000
134488  46.691  39.053  -4.621 0.0000000000
134489  45.704  39.009  -4.644 0.0000000000
134490  44.743  38.995  -4.714 0.0000000000
134491  43.998  39.030  -4.843 0.0000000000
134502  61.361  38.607  -6.105 0.0000000000
134503  60.945  39.087  -5.536 0.0000000000
134504  58.315  38.398  -6.078 0.0000000000
134505  57.698  38.748  -5.828 0.0000000000
134506  56.602  38.976  -5.359 0.0000000000
134507  55.588  39.327  -5.150 0.0000000000
134508  54.969  39.795  -5.085 0.0000000000
134509  47.306  39.712  -4.863 0.0000000000
134510  46.543  39.747  -4.966 0.0000000000
134511  45.577  39.698  -5.075 0.0000000000
134512  44.632  39.598  -5.191 0.0000000000
134513  43.594  39.423  -5.246 0.0000000000
134514  42.577  39.530  -5.447 0.0000000000
134515  41.554  39.444  -5.405 0.0000000000
134528  61.278  38.983  -6.619 0.0000000000
134529  60.962  39.510  -6.076 0.0000000000
134530  59.656  38.413  -7.000 0.0000000000
134531  58.981  38.897  -6.620 0.0000000000
134532  58.022  39.342  -6.264 0.0000000000
134542  61.397  38.965  -7.352 0.0000000000
134543  60.802  38.330  -8.066 0.0000000000
134544  60.223  38.646  -7.749 0.0000000000
134545  59.458  39.100  -7.427 0.0000000000
134549  61.422  38.855  -7.861 0.0000000000
134550  61.166  38.734  -8.388 0.0000000000
134551  60.624  39.053  -9.047 0.0000000000
134557  61.094  39.366  -9.200 0.0000000000
134558  60.784  39.500  -9.500 0.0000000000
135349  59.269  39.768  -3.047 0.0000000000
135350  58.681  40.487  -2.932 0.0000000000
135359  59.449  40.321  -3.608 0.0000000000
135360  58.928  41.040  -3.446 0.0000000000
135364  60.352  39.722  -4.810 0.0000000000
135365  59.858  40.494  -4.503 0.0000000000
135366  54.291  39.700  -4.914 0.0000000000
135367  53.582  39.856  -4.862 0.0000000000
135368  52.654  39.932  -4.814 0.0000000000
135369  51.691  39.968  -4.799 0.0000000000
135370  50.707  39.961  -4.836 0.0000000000
135371  49.725  39.941  -4.891 0.0000000000
135372  48.767  39.944  -4.931 0.0000000000
135373  48.008  40.000  -4.982 0.0000000000
135376  60.484  40.037  -5.517 0.0000000000
135377  60.011  40.859  -5.209 0.0000000000
135378  57.356  39.433  -5.842 0.0000000000
135379  56.640  39.824  -5.671 0.0000000000
135380  55.710  40.193  -5.509 0.0000000000
135381  54.586  40.358  -5.390 0.0000000000
135382  53.486  40.435  -5.283 0.0000000000
135383  52.545  40.528  -5.244 0.0000000000
135384  51.579  40.573  -5.250 0.0000000000
135385  50.601  40.577  -5.294 0.0000000000
135386  49.627  40.567  -5.343 0.0000000000
135387  48.667  40.541  -5.380 0.0000000000
135388  47.576  40.407  -5.338 0.0000000000
135389  46.501  40.461  -5.548 0.0000000000
135390  45.432  40.281  -5.572 0.0000000000
135391  44.502  40.169  -5.693 0.0000000000
135392  43.590  40.110  -5.834 0.0000000000
135403  61.299  39.292  -7.075 0.0000000000
135404  60.951  39.841  -6.663 0.0000000000
135405  58.392  39.495  -6.692 0.0000000000
135406  57.698  39.915  -6.501 0.0000000000
135407  56.640  40.453  -6.444 0.0000000000
135408  55.599  40.731  -6.103 0.0000000000
135409  54.855  40.914  -6.074 0.0000000000
135429  61.357  39.389  -7.497 0.0000000000
135430  61.171  40.078  -7.623 0.0000000000
135431  59.632  39.199  -7.835 0.0000000000
135432  58.849  39.632  -7.487 0.0000000000
135433  57.732  40.470  -7.608 0.0000000000
135434  56.822  40.751  -7.234 0.0000000000
135445  61.411  39.375  -8.079 0.0000000000
135446  61.256  39.969  -8.647 0.0000000000
135447  59.831  39.436  -8.494 0.0000000000
135448  58.924  40.289  -8.752 0.0000000000
135449  58.105  40.567  -8.417 0.0000000000
135454  60.913  40.102  -9.618 0.0000000000
135455  60.166  39.778  -9.742 0.0000000000
135456  59.294  40.394  -10.093 0.0000000000
135459  60.489  40.417  -10.188 0.0000000000
135460  59.969  40.489  -10.735 0.0000000000
135461  59.350  40.579  -10.985 0.0000000000
135465  59.531  40.694  -11.177 0.0000000000
135466  59.348  40.720  -11.300 0.0000000000
136219  59.303  41.051  -3.927 0.0000000000
136225  59.394  41.468  -4.600 0.0000000000
136228  60.361  40.626  -5.958 0.0000000000
136229  59.776  41.457  -5.740 0.0000000000
136230  54.150  40.821  -5.784 0.0000000000
136231  53.409  40.985  -5.797 0.0000000000
136232  52.465  41.100  -5.773 0.0000000000
136233  51.490  41.137  -5.793 0.0000000000
136234  50.511  41.149  -5.828 0.0000000000
136235  49.529  41.149  -5.856 0.0000000000
136236  48.529  41.121  -5.875 0.0000000000
136237  47.547  41.088  -5.948 0.0000000000
136240  60.494  40.801  -6.785 0.0000000000
136241  59.864  41.729  -6.870 0.0000000000
136242  56.202  40.865  -6.815 0.0000000000
136243  55.495  41.126  -6.776 0.0000000000
136244  54.418  41.281  -6.522 0.0000000000
136245  53.353  41.403  -6.503 0.0000000000
136246  52.376  41.505  -6.472 0.0000000000
136247  51.403  41.555  -6.479 0.0000000000
136248  50.423  41.560  -6.509 0.0000000000
136249  49.435  41.566  -6.530 0.0000000000
136266  60.702  40.992  -7.833 0.0000000000
136267  60.031  41.908  -7.938 0.0000000000
136268  57.122  40.791  -7.743 0.0000000000
136269  56.465  41.106  -7.618 0.0000000000
136270  55.413  41.638  -7.648 0.0000000000
136271  54.212  41.748  -7.287 0.0000000000
136272  53.229  41.806  -7.216 0.0000000000
136273  52.274  41.891  -7.198 0.0000000000
136297  60.659  41.233  -8.999 0.0000000000
136298  60.142  42.028  -8.622 0.0000000000
136299  58.255  40.620  -8.784 0.0000000000
136300  57.541  40.857  -8.502 0.0000000000
136301  56.579  41.395  -8.725 0.0000000000
136302  55.581  41.953  -8.933 0.0000000000
136315  60.756  40.953  -9.994 0.0000000000
136316  58.416  40.676  -9.423 0.0000000000
136317  57.660  41.112  -9.691 0.0000000000
136318  56.704  41.575  -9.965 0.0000000000
136327  60.446  40.895  -10.597 0.0000000000
136328  60.180  40.945  -11.033 0.0000000000
136329  58.628  40.728  -10.516 0.0000000000
136330  57.803  41.252  -10.892 0.0000000000
136341  59.751  40.895  -11.285 0.0000000000
136342  58.991  40.897  -11.629 0.0000000000
137203  59.152  42.153  -5.069 0.0000000000
137206  59.204  42.441  -5.905 0.0000000000
137209  59.286  42.864  -7.003 0.0000000000
137212  59.676  42.607  -8.199 0.0000000000
137213  54.814  42.054  -8.034 0.0000000000
137214  53.996  42.082  -7.947 0.0000000000
137234  60.527  41.505  -9.682 0.0000000000
137235  60.083  42.241  -9.304 0.0000000000
137236  54.641  42.195  -8.606 0.0000000000
137262  60.344  41.548  -10.314 0.0000000000
137263  59.671  42.310  -10.314 0.0000000000
137264  59.123  42.666  -10.506 0.0000000000
137288  60.279  41.206  -10.814 0.0000000000
137289  59.804  41.512  -11.095 0.0000000000
137290  59.204  42.358  -11.175 0.0000000000
137315  59.450  41.261  -11.517 0.0000000000
137316  58.984  41.903  -12.106 0.0000000000
138311  59.249  43.040  -8.624 0.0000000000
138316  59.279  42.794  -9.555 0.0000000000
138327  59.218  42.703  -10.088 0.0000000000
