#!ascii label  , from subject colin27_FS vox2ras=TkReg
1044
62602  42.641  -18.487  1.427 0.0000000000
62603  41.767  -18.403  1.299 0.0000000000
62604  40.839  -18.324  1.135 0.0000000000
62605  40.291  -18.291  0.766 0.0000000000
62614  55.843  -18.879  0.002 0.0000000000
62615  55.072  -18.401  0.215 0.0000000000
62616  53.941  -18.474  0.451 0.0000000000
62617  52.907  -18.418  0.585 0.0000000000
62618  51.935  -18.449  0.712 0.0000000000
62619  50.885  -18.702  0.964 0.0000000000
62620  49.711  -18.542  0.850 0.0000000000
62621  48.769  -18.502  0.780 0.0000000000
62622  47.918  -18.391  0.784 0.0000000000
62623  47.081  -18.269  0.774 0.0000000000
62624  46.253  -18.193  0.768 0.0000000000
62625  45.381  -18.219  0.645 0.0000000000
62626  44.363  -18.412  0.760 0.0000000000
62627  43.476  -18.508  0.658 0.0000000000
62628  42.598  -18.537  0.527 0.0000000000
62629  41.706  -18.554  0.390 0.0000000000
62630  40.866  -18.545  0.239 0.0000000000
62631  40.073  -18.409  0.168 0.0000000000
62642  56.010  -18.177  -0.182 0.0000000000
62643  55.272  -17.722  0.049 0.0000000000
62644  44.968  -18.206  0.040 0.0000000000
62645  44.255  -18.391  -0.082 0.0000000000
62646  43.423  -18.534  -0.242 0.0000000000
62647  42.540  -18.619  -0.392 0.0000000000
62648  41.638  -18.651  -0.517 0.0000000000
62649  40.730  -18.616  -0.611 0.0000000000
62650  39.763  -18.443  -0.661 0.0000000000
62651  39.082  -18.222  -0.922 0.0000000000
62658  44.998  -18.201  -0.721 0.0000000000
62659  44.226  -18.423  -0.962 0.0000000000
62660  43.378  -18.564  -1.177 0.0000000000
62661  42.458  -18.639  -1.318 0.0000000000
62662  41.528  -18.636  -1.425 0.0000000000
62663  40.580  -18.578  -1.510 0.0000000000
62664  39.625  -18.405  -1.622 0.0000000000
62665  38.857  -18.105  -1.400 0.0000000000
62673  44.925  -18.226  -1.499 0.0000000000
62674  44.270  -18.411  -1.977 0.0000000000
62675  43.271  -18.520  -2.102 0.0000000000
62676  42.346  -18.550  -2.232 0.0000000000
62677  41.401  -18.522  -2.321 0.0000000000
62678  40.479  -18.440  -2.388 0.0000000000
62679  39.673  -18.309  -2.490 0.0000000000
62687  43.923  -18.377  -2.736 0.0000000000
62688  43.171  -18.346  -3.052 0.0000000000
62689  42.182  -18.418  -3.080 0.0000000000
62690  41.245  -18.304  -3.213 0.0000000000
62691  40.326  -18.257  -3.122 0.0000000000
62692  39.614  -18.157  -3.137 0.0000000000
62698  42.772  -18.292  -3.702 0.0000000000
62699  42.069  -18.284  -3.886 0.0000000000
62700  41.366  -18.158  -3.993 0.0000000000
64020  40.201  -18.111  1.195 0.0000000000
64021  39.592  -17.886  0.987 0.0000000000
64022  38.744  -17.210  1.182 0.0000000000
64027  54.796  -17.477  0.122 0.0000000000
64028  54.098  -17.576  0.227 0.0000000000
64029  53.134  -17.651  0.238 0.0000000000
64030  52.147  -17.717  0.279 0.0000000000
64031  51.152  -17.833  0.360 0.0000000000
64032  50.144  -17.900  0.408 0.0000000000
64033  49.184  -17.905  0.381 0.0000000000
64034  48.430  -17.956  0.430 0.0000000000
64035  47.741  -17.801  0.324 0.0000000000
64036  46.924  -17.749  0.264 0.0000000000
64037  46.208  -17.828  0.198 0.0000000000
64038  39.434  -18.120  0.112 0.0000000000
64039  38.854  -17.638  0.291 0.0000000000
64048  57.292  -17.160  -0.613 0.0000000000
64049  56.246  -17.173  -0.326 0.0000000000
64050  55.227  -17.089  -0.055 0.0000000000
64051  54.229  -16.972  -0.136 0.0000000000
64052  53.307  -17.047  -0.222 0.0000000000
64053  52.344  -17.117  -0.244 0.0000000000
64054  51.368  -17.217  -0.206 0.0000000000
64055  50.407  -17.294  -0.106 0.0000000000
64056  49.511  -17.346  -0.028 0.0000000000
64057  48.542  -17.357  -0.105 0.0000000000
64058  47.571  -17.391  -0.247 0.0000000000
64059  46.737  -17.514  -0.381 0.0000000000
64060  45.783  -17.855  -0.395 0.0000000000
64061  39.068  -18.044  -0.348 0.0000000000
64062  38.458  -17.574  -0.705 0.0000000000
64063  37.942  -17.152  -1.312 0.0000000000
64068  48.073  -17.102  -0.643 0.0000000000
64069  47.448  -17.136  -0.961 0.0000000000
64070  46.538  -17.513  -1.184 0.0000000000
64071  45.665  -17.892  -1.388 0.0000000000
64072  39.069  -18.187  -1.998 0.0000000000
64073  38.440  -17.689  -1.827 0.0000000000
64074  37.829  -17.068  -2.059 0.0000000000
64079  47.259  -17.267  -1.836 0.0000000000
64080  46.339  -17.607  -2.126 0.0000000000
64081  45.324  -17.995  -2.350 0.0000000000
64082  44.607  -18.188  -2.828 0.0000000000
64083  38.973  -18.031  -2.648 0.0000000000
64084  38.308  -17.472  -2.783 0.0000000000
64085  37.770  -16.839  -2.849 0.0000000000
64089  47.083  -17.342  -2.813 0.0000000000
64090  46.105  -17.641  -3.113 0.0000000000
64091  45.175  -17.895  -3.389 0.0000000000
64092  44.184  -18.119  -3.556 0.0000000000
64093  43.420  -18.180  -3.888 0.0000000000
64094  40.783  -18.145  -3.713 0.0000000000
64095  40.075  -18.032  -3.762 0.0000000000
64096  39.055  -17.803  -3.603 0.0000000000
64097  38.148  -17.036  -3.730 0.0000000000
64098  37.708  -16.630  -3.343 0.0000000000
64101  46.846  -17.460  -3.880 0.0000000000
64102  45.829  -17.656  -4.084 0.0000000000
64103  44.859  -17.742  -4.286 0.0000000000
64104  43.913  -17.843  -4.459 0.0000000000
64105  42.880  -17.989  -4.483 0.0000000000
64106  41.850  -17.955  -4.608 0.0000000000
64107  40.825  -17.841  -4.431 0.0000000000
64108  39.785  -17.652  -4.446 0.0000000000
64109  38.871  -17.347  -4.467 0.0000000000
64110  38.328  -16.866  -4.592 0.0000000000
64113  46.410  -17.403  -4.738 0.0000000000
64114  45.494  -17.466  -4.997 0.0000000000
64115  44.493  -17.488  -5.161 0.0000000000
64116  43.478  -17.530  -5.257 0.0000000000
64117  42.446  -17.560  -5.314 0.0000000000
64118  41.403  -17.498  -5.262 0.0000000000
64119  40.387  -17.402  -5.182 0.0000000000
64120  39.441  -17.239  -5.140 0.0000000000
64121  38.694  -16.921  -5.083 0.0000000000
64122  38.310  -16.702  -5.030 0.0000000000
65381  38.246  -16.751  0.302 0.0000000000
65390  57.524  -16.431  -0.919 0.0000000000
65391  56.402  -16.612  -0.792 0.0000000000
65392  55.382  -16.620  -0.654 0.0000000000
65393  54.405  -16.667  -0.679 0.0000000000
65394  53.456  -16.718  -0.786 0.0000000000
65395  52.507  -16.675  -0.822 0.0000000000
65396  51.539  -16.699  -0.786 0.0000000000
65397  50.575  -16.817  -0.698 0.0000000000
65398  49.681  -16.937  -0.539 0.0000000000
65399  49.120  -17.092  -0.394 0.0000000000
65400  37.925  -16.627  -0.722 0.0000000000
65401  37.740  -16.490  -1.493 0.0000000000
65406  57.790  -15.979  -1.593 0.0000000000
65407  56.561  -16.401  -1.454 0.0000000000
65408  55.494  -16.466  -1.353 0.0000000000
65409  54.519  -16.561  -1.365 0.0000000000
65410  53.581  -16.648  -1.469 0.0000000000
65411  52.647  -16.615  -1.556 0.0000000000
65412  51.697  -16.523  -1.549 0.0000000000
65413  50.716  -16.597  -1.459 0.0000000000
65414  49.734  -16.656  -1.246 0.0000000000
65415  48.754  -16.851  -0.883 0.0000000000
65416  48.069  -16.934  -0.992 0.0000000000
65417  37.598  -16.328  -2.239 0.0000000000
65422  58.069  -16.118  -2.914 0.0000000000
65423  57.587  -16.223  -2.558 0.0000000000
65424  56.656  -16.417  -2.303 0.0000000000
65425  55.604  -16.526  -2.184 0.0000000000
65426  54.615  -16.589  -2.162 0.0000000000
65427  53.690  -16.643  -2.235 0.0000000000
65428  52.780  -16.575  -2.342 0.0000000000
65429  51.853  -16.428  -2.386 0.0000000000
65430  50.861  -16.497  -2.336 0.0000000000
65431  49.843  -16.580  -2.147 0.0000000000
65432  48.879  -16.743  -1.837 0.0000000000
65433  48.058  -16.931  -1.489 0.0000000000
65434  37.498  -16.230  -3.000 0.0000000000
65439  58.437  -16.123  -3.473 0.0000000000
65440  57.634  -16.366  -3.415 0.0000000000
65441  56.769  -16.552  -3.260 0.0000000000
65442  55.748  -16.625  -3.151 0.0000000000
65443  54.739  -16.555  -3.071 0.0000000000
65444  53.831  -16.522  -3.048 0.0000000000
65445  52.968  -16.429  -3.135 0.0000000000
65446  52.060  -16.248  -3.251 0.0000000000
65447  51.035  -16.316  -3.294 0.0000000000
65448  49.953  -16.521  -3.144 0.0000000000
65449  48.919  -16.757  -2.836 0.0000000000
65450  48.010  -16.982  -2.389 0.0000000000
65451  37.923  -16.611  -4.343 0.0000000000
65452  37.534  -16.351  -3.824 0.0000000000
65457  57.960  -16.320  -4.207 0.0000000000
65458  57.040  -16.484  -4.156 0.0000000000
65459  56.046  -16.577  -4.101 0.0000000000
65460  54.921  -16.477  -4.150 0.0000000000
65461  54.034  -16.392  -3.879 0.0000000000
65462  53.256  -16.194  -3.879 0.0000000000
65463  52.428  -15.993  -4.000 0.0000000000
65464  51.336  -15.915  -4.387 0.0000000000
65465  50.107  -16.336  -4.236 0.0000000000
65466  48.936  -16.768  -3.979 0.0000000000
65467  47.910  -17.098  -3.477 0.0000000000
65468  38.006  -16.553  -4.898 0.0000000000
65469  37.602  -16.260  -4.673 0.0000000000
65474  58.348  -16.137  -4.919 0.0000000000
65475  57.460  -16.252  -4.950 0.0000000000
65476  56.471  -16.271  -4.907 0.0000000000
65477  55.544  -16.247  -4.834 0.0000000000
65478  51.093  -15.702  -5.141 0.0000000000
65479  50.288  -15.928  -5.407 0.0000000000
65480  49.037  -16.506  -5.158 0.0000000000
65481  47.561  -17.000  -4.922 0.0000000000
65482  46.220  -17.089  -5.642 0.0000000000
65483  45.101  -17.085  -5.910 0.0000000000
65484  44.028  -17.147  -6.006 0.0000000000
65485  42.989  -17.080  -6.045 0.0000000000
65486  41.933  -17.120  -6.075 0.0000000000
65487  40.877  -17.045  -5.923 0.0000000000
65488  39.887  -16.971  -5.810 0.0000000000
65489  39.047  -16.739  -5.635 0.0000000000
65490  38.247  -16.380  -5.504 0.0000000000
65491  37.804  -16.280  -5.146 0.0000000000
65496  49.854  -15.737  -6.288 0.0000000000
65497  49.157  -16.151  -6.185 0.0000000000
65498  48.045  -16.461  -6.097 0.0000000000
65499  46.901  -16.612  -6.247 0.0000000000
65500  45.755  -16.383  -6.723 0.0000000000
65501  44.530  -16.602  -6.689 0.0000000000
65502  43.510  -16.629  -6.675 0.0000000000
65503  42.461  -16.401  -6.852 0.0000000000
65504  41.304  -16.536  -6.620 0.0000000000
65505  40.268  -16.545  -6.459 0.0000000000
65506  39.309  -16.410  -6.194 0.0000000000
65507  38.732  -16.339  -5.938 0.0000000000
65518  45.531  -15.748  -7.316 0.0000000000
65519  44.853  -15.946  -7.325 0.0000000000
65520  43.866  -16.144  -7.289 0.0000000000
65521  43.186  -16.230  -7.121 0.0000000000
66768  37.795  -15.956  -1.061 0.0000000000
66777  58.140  -15.850  -2.197 0.0000000000
66779  37.709  -15.761  -1.704 0.0000000000
66788  58.093  -15.987  -2.557 0.0000000000
66789  37.904  -15.102  -1.835 0.0000000000
66790  37.530  -15.499  -2.447 0.0000000000
66799  37.280  -15.605  -3.354 0.0000000000
66807  54.243  -16.177  -4.482 0.0000000000
66808  53.698  -15.947  -4.565 0.0000000000
66809  52.943  -15.647  -4.583 0.0000000000
66810  52.166  -15.545  -4.795 0.0000000000
66811  51.565  -15.558  -5.107 0.0000000000
66812  37.180  -15.713  -4.296 0.0000000000
66822  58.022  -15.883  -5.614 0.0000000000
66823  57.005  -15.840  -5.617 0.0000000000
66824  55.921  -15.785  -5.525 0.0000000000
66825  54.607  -15.770  -5.256 0.0000000000
66826  53.541  -15.399  -5.202 0.0000000000
66827  52.789  -15.199  -5.282 0.0000000000
66828  52.035  -15.199  -5.561 0.0000000000
66829  51.160  -15.446  -5.711 0.0000000000
66830  50.479  -15.538  -6.158 0.0000000000
66831  37.977  -16.040  -5.816 0.0000000000
66832  37.522  -15.785  -5.407 0.0000000000
66840  58.743  -15.471  -6.215 0.0000000000
66841  57.691  -15.377  -6.271 0.0000000000
66842  56.609  -15.220  -6.187 0.0000000000
66843  55.520  -15.098  -6.038 0.0000000000
66844  54.687  -14.973  -6.012 0.0000000000
66845  51.626  -15.040  -6.103 0.0000000000
66846  50.917  -15.018  -6.562 0.0000000000
66847  50.041  -15.298  -6.752 0.0000000000
66848  49.204  -15.515  -6.830 0.0000000000
66849  48.256  -15.763  -6.848 0.0000000000
66850  47.235  -15.948  -6.836 0.0000000000
66851  46.538  -16.112  -6.838 0.0000000000
66852  42.225  -15.813  -7.281 0.0000000000
66853  41.594  -15.921  -7.171 0.0000000000
66854  40.629  -16.014  -7.075 0.0000000000
66855  39.587  -15.975  -6.842 0.0000000000
66856  38.349  -15.767  -6.341 0.0000000000
66857  37.506  -15.246  -6.140 0.0000000000
66866  50.771  -14.722  -7.084 0.0000000000
66867  50.269  -14.789  -7.187 0.0000000000
66868  49.407  -14.879  -7.310 0.0000000000
66869  48.456  -14.981  -7.347 0.0000000000
66870  47.437  -15.114  -7.325 0.0000000000
66871  46.275  -15.410  -7.352 0.0000000000
66872  45.188  -15.160  -7.673 0.0000000000
66873  44.134  -15.293  -7.742 0.0000000000
66874  42.934  -15.589  -7.534 0.0000000000
66875  41.917  -15.335  -7.542 0.0000000000
66876  40.997  -15.376  -7.525 0.0000000000
66877  40.007  -15.429  -7.431 0.0000000000
66878  39.058  -15.377  -7.190 0.0000000000
68225  37.786  -14.701  -2.172 0.0000000000
68226  37.344  -14.891  -2.853 0.0000000000
68234  37.020  -14.925  -3.732 0.0000000000
68235  36.758  -14.550  -4.189 0.0000000000
68243  36.892  -15.058  -4.686 0.0000000000
68244  36.641  -14.411  -4.783 0.0000000000
68253  54.059  -15.093  -5.738 0.0000000000
68254  53.451  -14.901  -5.824 0.0000000000
68255  52.764  -14.832  -5.957 0.0000000000
68256  52.184  -14.833  -6.147 0.0000000000
68257  36.991  -14.774  -5.559 0.0000000000
68258  36.613  -14.146  -5.351 0.0000000000
68266  59.602  -14.993  -6.789 0.0000000000
68267  58.474  -14.970  -6.956 0.0000000000
68268  57.387  -14.683  -6.821 0.0000000000
68269  56.288  -14.342  -6.568 0.0000000000
68270  55.242  -14.336  -6.332 0.0000000000
68271  54.283  -14.409  -6.232 0.0000000000
68272  53.475  -14.321  -6.356 0.0000000000
68273  52.685  -14.368  -6.586 0.0000000000
68274  51.773  -14.622  -6.655 0.0000000000
68275  51.160  -14.624  -7.040 0.0000000000
68276  37.771  -15.091  -6.615 0.0000000000
68277  37.276  -14.571  -6.475 0.0000000000
68285  60.524  -14.476  -7.460 0.0000000000
68286  59.313  -14.549  -7.577 0.0000000000
68287  58.194  -14.256  -7.631 0.0000000000
68288  57.105  -13.944  -7.309 0.0000000000
68289  56.371  -13.606  -7.001 0.0000000000
68290  52.240  -14.210  -7.083 0.0000000000
68291  51.560  -14.210  -7.355 0.0000000000
68292  50.678  -14.281  -7.521 0.0000000000
68293  49.706  -14.229  -7.685 0.0000000000
68294  48.733  -14.191  -7.722 0.0000000000
68295  47.745  -14.197  -7.638 0.0000000000
68296  46.743  -14.297  -7.643 0.0000000000
68297  45.726  -14.307  -7.823 0.0000000000
68298  44.547  -14.172  -8.119 0.0000000000
68299  43.394  -14.573  -8.010 0.0000000000
68300  42.364  -14.691  -7.916 0.0000000000
68301  41.391  -14.738  -7.917 0.0000000000
68302  40.408  -14.809  -7.890 0.0000000000
68303  39.356  -14.851  -7.762 0.0000000000
68304  38.090  -14.685  -7.320 0.0000000000
68305  37.279  -14.107  -7.066 0.0000000000
68318  59.951  -14.221  -8.106 0.0000000000
68319  59.137  -14.048  -8.264 0.0000000000
68320  58.376  -13.688  -8.277 0.0000000000
68321  44.203  -13.549  -8.312 0.0000000000
68322  43.669  -13.763  -8.323 0.0000000000
68323  42.767  -13.956  -8.294 0.0000000000
68324  41.812  -14.085  -8.290 0.0000000000
68325  40.834  -14.209  -8.337 0.0000000000
68326  39.802  -14.277  -8.293 0.0000000000
68327  38.804  -14.294  -8.126 0.0000000000
69675  37.541  -14.465  -2.454 0.0000000000
69676  37.043  -14.365  -2.918 0.0000000000
69677  36.219  -13.913  -2.763 0.0000000000
69678  35.316  -13.291  -2.366 0.0000000000
69686  36.756  -14.478  -3.708 0.0000000000
69687  36.384  -14.057  -3.949 0.0000000000
69688  35.514  -13.356  -3.517 0.0000000000
69695  36.334  -13.919  -4.874 0.0000000000
69696  35.827  -13.414  -4.594 0.0000000000
69703  36.788  -14.162  -5.904 0.0000000000
69704  36.281  -13.530  -5.599 0.0000000000
69705  35.668  -12.867  -5.172 0.0000000000
69711  55.750  -13.756  -6.641 0.0000000000
69712  55.032  -13.632  -6.638 0.0000000000
69713  54.226  -13.715  -6.666 0.0000000000
69714  53.494  -13.684  -6.938 0.0000000000
69715  52.778  -13.873  -7.137 0.0000000000
69716  36.805  -13.810  -6.490 0.0000000000
69717  36.331  -13.100  -6.475 0.0000000000
69724  61.541  -14.066  -7.948 0.0000000000
69725  60.680  -14.077  -8.252 0.0000000000
69726  57.689  -13.592  -7.918 0.0000000000
69727  56.877  -13.028  -7.718 0.0000000000
69728  55.806  -13.089  -7.010 0.0000000000
69729  55.197  -13.105  -6.930 0.0000000000
69730  53.110  -13.274  -7.500 0.0000000000
69731  52.213  -13.589  -7.628 0.0000000000
69732  51.116  -13.447  -7.976 0.0000000000
69733  50.057  -13.537  -7.998 0.0000000000
69734  49.084  -13.487  -8.076 0.0000000000
69735  48.063  -13.235  -7.940 0.0000000000
69736  47.122  -13.375  -7.735 0.0000000000
69737  46.216  -13.437  -7.859 0.0000000000
69738  45.351  -13.423  -8.097 0.0000000000
69739  44.633  -13.232  -8.285 0.0000000000
69740  37.509  -13.958  -7.499 0.0000000000
69741  36.890  -13.344  -7.369 0.0000000000
69742  36.356  -12.774  -6.963 0.0000000000
69757  62.300  -13.655  -8.563 0.0000000000
69758  61.231  -13.697  -8.781 0.0000000000
69759  60.075  -13.721  -8.821 0.0000000000
69760  58.959  -13.452  -8.882 0.0000000000
69761  57.930  -12.951  -8.611 0.0000000000
69762  57.308  -12.546  -8.255 0.0000000000
69763  50.315  -12.853  -8.271 0.0000000000
69764  49.464  -12.791  -8.291 0.0000000000
69765  48.575  -12.715  -8.190 0.0000000000
69766  48.094  -12.665  -8.076 0.0000000000
69767  43.973  -13.121  -8.450 0.0000000000
69768  43.166  -13.290  -8.605 0.0000000000
69769  42.243  -13.450  -8.644 0.0000000000
69770  41.282  -13.615  -8.748 0.0000000000
69771  40.239  -13.658  -8.736 0.0000000000
69772  39.106  -13.658  -8.627 0.0000000000
69773  37.837  -13.595  -8.123 0.0000000000
69774  37.152  -13.072  -7.984 0.0000000000
69783  62.941  -13.363  -9.414 0.0000000000
69784  61.881  -13.415  -9.423 0.0000000000
69785  60.811  -13.277  -9.643 0.0000000000
69786  59.699  -13.035  -9.641 0.0000000000
69787  58.671  -12.827  -9.348 0.0000000000
69788  58.198  -12.595  -9.137 0.0000000000
69796  63.068  -13.188  -9.918 0.0000000000
69797  60.258  -12.821  -10.083 0.0000000000
69798  59.919  -12.692  -10.076 0.0000000000
70974  34.804  -12.787  -2.269 0.0000000000
70980  34.783  -12.527  -2.953 0.0000000000
70981  34.554  -11.684  -2.627 0.0000000000
70986  35.197  -12.439  -4.255 0.0000000000
70991  35.875  -12.779  -5.857 0.0000000000
70992  35.380  -12.058  -5.451 0.0000000000
70997  54.795  -13.221  -6.913 0.0000000000
70998  54.323  -13.118  -7.119 0.0000000000
70999  53.789  -13.009  -7.380 0.0000000000
71000  35.870  -12.225  -6.501 0.0000000000
71001  35.552  -11.636  -6.026 0.0000000000
71007  56.915  -12.079  -7.992 0.0000000000
71008  56.207  -12.217  -7.428 0.0000000000
71009  55.180  -12.496  -7.221 0.0000000000
71010  54.350  -12.397  -7.514 0.0000000000
71011  53.561  -12.432  -7.886 0.0000000000
71012  52.671  -12.808  -8.055 0.0000000000
71013  51.855  -12.924  -8.172 0.0000000000
71014  47.846  -12.649  -8.023 0.0000000000
71015  47.417  -12.646  -7.952 0.0000000000
71016  46.603  -12.663  -7.936 0.0000000000
71017  45.806  -12.722  -8.093 0.0000000000
71018  45.150  -12.782  -8.244 0.0000000000
71019  36.853  -12.817  -7.850 0.0000000000
71020  36.415  -12.323  -7.447 0.0000000000
71031  57.955  -12.448  -9.020 0.0000000000
71032  57.517  -12.059  -8.739 0.0000000000
71033  52.952  -12.065  -8.324 0.0000000000
71034  52.134  -12.150  -8.395 0.0000000000
71035  51.060  -12.317  -8.433 0.0000000000
71036  49.928  -12.076  -8.509 0.0000000000
71037  48.930  -11.992  -8.353 0.0000000000
71038  47.938  -12.106  -8.151 0.0000000000
71039  46.988  -11.987  -8.167 0.0000000000
71040  46.155  -11.996  -8.146 0.0000000000
71041  45.396  -12.169  -8.345 0.0000000000
71042  44.587  -12.512  -8.528 0.0000000000
71043  43.641  -12.594  -8.868 0.0000000000
71044  42.705  -12.911  -9.028 0.0000000000
71045  41.764  -13.064  -9.186 0.0000000000
71046  40.720  -13.167  -9.307 0.0000000000
71047  39.607  -12.999  -9.152 0.0000000000
71048  38.407  -12.842  -8.928 0.0000000000
71049  37.148  -12.328  -8.402 0.0000000000
71050  36.514  -11.818  -7.872 0.0000000000
71057  62.833  -13.193  -9.951 0.0000000000
71058  62.358  -13.175  -9.995 0.0000000000
71059  61.575  -13.136  -10.052 0.0000000000
71060  59.688  -12.630  -10.050 0.0000000000
71061  59.184  -12.494  -9.947 0.0000000000
71062  58.230  -12.051  -9.558 0.0000000000
71063  57.713  -11.652  -9.151 0.0000000000
71064  43.049  -12.439  -9.345 0.0000000000
71065  42.280  -12.530  -9.534 0.0000000000
71066  41.263  -12.569  -9.906 0.0000000000
71067  40.103  -12.578  -9.837 0.0000000000
71068  38.985  -12.180  -9.706 0.0000000000
71069  37.923  -12.009  -9.254 0.0000000000
71070  37.451  -11.724  -8.883 0.0000000000
71076  62.957  -12.938  -10.412 0.0000000000
71077  61.900  -12.830  -10.601 0.0000000000
71078  60.904  -12.739  -10.458 0.0000000000
71079  59.924  -12.261  -10.543 0.0000000000
71080  58.956  -11.908  -10.349 0.0000000000
71081  58.512  -11.615  -10.089 0.0000000000
71082  40.488  -12.135  -10.395 0.0000000000
71083  39.642  -11.925  -10.261 0.0000000000
71084  39.124  -11.798  -10.139 0.0000000000
71093  62.332  -12.397  -11.317 0.0000000000
71094  61.268  -12.294  -11.179 0.0000000000
71095  60.606  -12.253  -10.917 0.0000000000
72264  34.821  -11.399  -3.374 0.0000000000
72268  35.209  -11.189  -4.481 0.0000000000
72270  35.531  -11.062  -5.516 0.0000000000
72272  35.964  -11.762  -6.992 0.0000000000
72273  35.752  -11.182  -6.521 0.0000000000
72281  57.133  -11.251  -8.217 0.0000000000
72282  56.575  -11.304  -7.717 0.0000000000
72283  55.817  -11.383  -7.457 0.0000000000
72284  54.927  -11.434  -7.639 0.0000000000
72285  54.203  -11.779  -7.909 0.0000000000
72286  36.159  -11.263  -7.341 0.0000000000
72287  35.993  -10.878  -6.932 0.0000000000
72294  57.489  -11.166  -8.816 0.0000000000
72295  54.388  -11.100  -8.058 0.0000000000
72296  53.616  -11.386  -8.308 0.0000000000
72297  52.626  -11.295  -8.511 0.0000000000
72298  51.604  -11.295  -8.573 0.0000000000
72299  50.515  -11.243  -8.585 0.0000000000
72300  49.429  -11.151  -8.517 0.0000000000
72301  48.369  -11.136  -8.424 0.0000000000
72302  47.370  -11.232  -8.402 0.0000000000
72303  46.526  -11.365  -8.436 0.0000000000
72304  45.762  -11.417  -8.598 0.0000000000
72305  44.977  -11.777  -8.717 0.0000000000
72306  44.325  -12.074  -8.962 0.0000000000
72307  37.148  -11.235  -8.631 0.0000000000
72308  36.627  -11.231  -8.063 0.0000000000
72312  58.201  -11.201  -9.929 0.0000000000
72313  57.801  -11.196  -9.400 0.0000000000
72314  45.301  -11.285  -9.025 0.0000000000
72315  44.643  -11.522  -9.340 0.0000000000
72316  43.715  -12.000  -9.487 0.0000000000
72317  42.815  -12.058  -9.840 0.0000000000
72318  42.037  -12.124  -10.094 0.0000000000
72319  38.848  -11.690  -10.070 0.0000000000
72320  38.332  -11.336  -9.847 0.0000000000
72321  37.608  -11.229  -9.210 0.0000000000
72328  59.933  -11.753  -10.946 0.0000000000
72329  59.513  -11.360  -10.896 0.0000000000
72330  58.701  -11.180  -10.434 0.0000000000
72331  44.078  -11.503  -9.950 0.0000000000
72332  43.316  -11.640  -10.181 0.0000000000
72333  42.457  -11.598  -10.575 0.0000000000
72334  41.320  -11.796  -10.690 0.0000000000
72335  40.166  -11.324  -10.872 0.0000000000
72336  39.077  -11.272  -10.414 0.0000000000
72337  38.545  -10.886  -10.226 0.0000000000
72345  62.827  -11.755  -12.018 0.0000000000
72346  61.641  -11.451  -11.899 0.0000000000
72347  60.388  -11.544  -11.300 0.0000000000
72348  59.856  -11.023  -11.296 0.0000000000
72349  41.818  -11.196  -11.188 0.0000000000
72350  40.961  -11.058  -11.305 0.0000000000
72351  40.443  -10.845  -11.226 0.0000000000
72358  62.668  -11.126  -12.463 0.0000000000
72359  62.273  -11.260  -12.232 0.0000000000
73655  36.065  -10.374  -5.793 0.0000000000
73664  36.740  -9.828  -6.139 0.0000000000
73665  36.237  -10.552  -6.619 0.0000000000
73673  57.465  -10.431  -8.339 0.0000000000
73674  57.055  -10.444  -7.825 0.0000000000
73675  56.379  -10.454  -7.622 0.0000000000
73676  55.605  -10.463  -7.622 0.0000000000
73677  37.313  -10.036  -7.830 0.0000000000
73678  36.749  -10.318  -7.238 0.0000000000
73679  36.239  -10.730  -7.053 0.0000000000
73680  58.166  -10.032  -9.431 0.0000000000
73681  57.786  -10.366  -8.991 0.0000000000
73682  54.871  -10.418  -7.921 0.0000000000
73683  54.123  -10.393  -8.286 0.0000000000
73684  53.220  -10.399  -8.537 0.0000000000
73685  52.202  -10.361  -8.606 0.0000000000
73686  51.143  -10.320  -8.609 0.0000000000
73687  50.057  -10.267  -8.617 0.0000000000
73688  48.943  -10.219  -8.601 0.0000000000
73689  47.750  -10.202  -8.624 0.0000000000
73690  46.766  -10.706  -8.684 0.0000000000
73691  46.206  -10.970  -8.657 0.0000000000
73692  38.037  -10.040  -9.180 0.0000000000
73693  37.542  -10.294  -8.650 0.0000000000
73694  37.006  -10.583  -8.127 0.0000000000
73695  58.411  -10.358  -10.066 0.0000000000
73696  58.021  -10.627  -9.591 0.0000000000
73697  47.522  -9.771  -8.946 0.0000000000
73698  46.964  -9.996  -8.968 0.0000000000
73699  45.902  -10.618  -9.221 0.0000000000
73700  45.199  -11.117  -9.406 0.0000000000
73701  38.307  -10.392  -9.845 0.0000000000
73702  37.872  -10.649  -9.425 0.0000000000
73705  59.572  -10.462  -11.114 0.0000000000
73706  59.010  -10.429  -10.665 0.0000000000
73707  45.666  -10.329  -10.145 0.0000000000
73708  44.838  -10.907  -10.109 0.0000000000
73709  43.726  -11.175  -10.634 0.0000000000
73710  43.086  -11.378  -10.708 0.0000000000
73711  40.104  -10.623  -11.172 0.0000000000
73712  39.489  -10.456  -10.891 0.0000000000
73713  38.801  -10.403  -10.399 0.0000000000
73715  61.431  -10.748  -12.192 0.0000000000
73716  60.823  -10.561  -11.934 0.0000000000
73717  60.116  -10.545  -11.466 0.0000000000
73718  45.706  -10.043  -10.632 0.0000000000
73719  45.174  -10.247  -10.868 0.0000000000
73720  44.105  -10.428  -11.374 0.0000000000
73721  42.808  -10.895  -11.389 0.0000000000
73722  41.561  -10.410  -11.748 0.0000000000
73723  40.545  -10.304  -11.463 0.0000000000
73724  39.923  -10.101  -11.246 0.0000000000
73729  62.867  -10.552  -12.870 0.0000000000
73730  61.999  -10.657  -12.465 0.0000000000
73731  61.326  -10.235  -12.339 0.0000000000
73732  43.823  -9.991  -12.002 0.0000000000
73733  43.266  -10.108  -12.060 0.0000000000
73734  42.386  -10.100  -12.137 0.0000000000
75101  58.177  -9.297  -8.231 0.0000000000
75102  57.645  -9.613  -7.954 0.0000000000
75103  56.990  -9.606  -7.646 0.0000000000
75104  56.211  -9.582  -7.660 0.0000000000
75105  55.419  -9.595  -7.837 0.0000000000
75106  38.240  -9.186  -7.531 0.0000000000
75107  37.661  -9.531  -7.154 0.0000000000
75108  37.300  -9.599  -6.550 0.0000000000
75109  58.275  -9.493  -8.836 0.0000000000
75110  57.848  -9.816  -8.440 0.0000000000
75111  54.675  -9.556  -8.138 0.0000000000
75112  53.828  -9.472  -8.409 0.0000000000
75113  52.849  -9.438  -8.605 0.0000000000
75114  51.823  -9.412  -8.652 0.0000000000
75115  50.782  -9.378  -8.707 0.0000000000
75116  49.700  -9.346  -8.741 0.0000000000
75117  48.539  -9.343  -8.941 0.0000000000
75118  47.833  -9.640  -8.932 0.0000000000
75119  38.745  -9.078  -8.995 0.0000000000
75120  38.273  -9.379  -8.449 0.0000000000
75121  37.756  -9.618  -7.935 0.0000000000
75124  59.018  -9.168  -10.033 0.0000000000
75125  58.602  -9.447  -9.590 0.0000000000
75126  48.381  -9.011  -9.380 0.0000000000
75127  47.662  -9.380  -9.519 0.0000000000
75128  46.621  -9.918  -9.629 0.0000000000
75129  46.106  -10.187  -9.805 0.0000000000
75130  38.891  -9.291  -9.695 0.0000000000
75131  38.449  -9.647  -9.380 0.0000000000
75135  59.936  -9.190  -11.099 0.0000000000
75136  59.404  -9.494  -10.637 0.0000000000
75137  58.843  -9.749  -10.244 0.0000000000
75138  47.412  -9.116  -10.478 0.0000000000
75139  46.930  -9.515  -10.179 0.0000000000
75140  46.217  -9.853  -10.357 0.0000000000
75141  39.613  -9.292  -10.791 0.0000000000
75142  39.197  -9.560  -10.429 0.0000000000
75143  38.646  -9.823  -10.017 0.0000000000
75146  60.307  -9.703  -11.617 0.0000000000
75147  59.828  -9.873  -11.235 0.0000000000
75148  47.348  -8.961  -11.016 0.0000000000
75149  46.775  -9.292  -11.093 0.0000000000
75150  45.781  -9.720  -11.248 0.0000000000
75151  44.887  -9.850  -11.700 0.0000000000
75152  44.219  -9.851  -12.013 0.0000000000
75153  40.897  -9.613  -11.776 0.0000000000
75154  40.075  -9.327  -11.299 0.0000000000
75155  39.597  -9.744  -11.009 0.0000000000
75158  62.247  -10.118  -12.831 0.0000000000
75159  61.659  -9.660  -12.671 0.0000000000
75160  60.874  -9.448  -12.152 0.0000000000
75161  46.194  -9.201  -11.867 0.0000000000
75162  45.453  -9.316  -12.197 0.0000000000
75163  44.569  -9.375  -12.415 0.0000000000
75164  43.700  -9.460  -12.432 0.0000000000
75165  42.743  -9.355  -12.483 0.0000000000
75166  41.686  -9.279  -12.219 0.0000000000
75171  62.530  -9.562  -13.199 0.0000000000
75172  61.760  -8.972  -12.847 0.0000000000
76508  58.207  -8.923  -7.909 0.0000000000
76509  57.670  -8.839  -7.700 0.0000000000
76510  56.873  -8.754  -7.625 0.0000000000
76511  55.955  -8.700  -7.838 0.0000000000
76512  55.201  -8.939  -8.038 0.0000000000
76518  60.030  -7.847  -8.665 0.0000000000
76519  59.651  -8.097  -8.594 0.0000000000
76520  58.774  -8.622  -8.358 0.0000000000
76521  55.376  -8.348  -8.096 0.0000000000
76522  54.579  -8.578  -8.288 0.0000000000
76523  53.530  -8.522  -8.545 0.0000000000
76524  52.524  -8.523  -8.720 0.0000000000
76525  51.552  -8.556  -8.867 0.0000000000
76526  50.570  -8.492  -9.068 0.0000000000
76527  49.517  -8.640  -9.162 0.0000000000
76528  48.842  -8.715  -9.354 0.0000000000
76530  39.088  -8.575  -8.101 0.0000000000
76531  38.578  -8.921  -7.797 0.0000000000
76535  60.012  -8.028  -9.089 0.0000000000
76536  59.247  -8.677  -9.354 0.0000000000
76537  58.700  -9.022  -9.013 0.0000000000
76538  50.220  -8.011  -9.554 0.0000000000
76539  49.441  -8.221  -9.825 0.0000000000
76540  48.522  -8.612  -9.864 0.0000000000
76541  47.960  -8.800  -10.270 0.0000000000
76542  39.771  -8.038  -8.793 0.0000000000
76543  39.232  -8.746  -9.294 0.0000000000
76546  59.933  -8.469  -10.256 0.0000000000
76547  59.359  -8.882  -10.100 0.0000000000
76548  49.099  -8.163  -10.375 0.0000000000
76549  48.526  -8.341  -10.776 0.0000000000
76550  47.793  -8.689  -10.934 0.0000000000
76551  39.763  -8.622  -10.221 0.0000000000
76552  39.260  -9.047  -9.924 0.0000000000
76554  60.877  -8.111  -11.665 0.0000000000
76555  60.541  -8.637  -11.489 0.0000000000
76556  48.146  -8.242  -11.596 0.0000000000
76557  47.371  -8.656  -11.588 0.0000000000
76558  46.726  -8.849  -11.949 0.0000000000
76559  40.810  -8.660  -11.695 0.0000000000
76560  40.273  -8.483  -11.082 0.0000000000
76562  61.640  -8.034  -12.580 0.0000000000
76563  61.243  -8.513  -12.319 0.0000000000
76564  60.810  -8.843  -12.037 0.0000000000
76565  47.716  -8.135  -12.181 0.0000000000
76566  47.044  -8.318  -12.374 0.0000000000
76567  46.101  -8.522  -12.684 0.0000000000
76568  45.016  -8.716  -12.882 0.0000000000
76569  44.096  -8.736  -12.934 0.0000000000
76570  43.216  -8.645  -12.853 0.0000000000
76571  42.308  -8.301  -12.616 0.0000000000
76572  41.459  -8.278  -12.146 0.0000000000
76574  62.997  -8.690  -13.715 0.0000000000
76575  61.965  -8.462  -12.994 0.0000000000
76576  61.648  -8.645  -12.727 0.0000000000
76587  45.359  -8.082  -13.366 0.0000000000
76588  44.500  -8.051  -13.417 0.0000000000
76589  43.621  -8.007  -13.306 0.0000000000
76590  42.888  -7.919  -13.105 0.0000000000
76591  42.550  -7.757  -12.859 0.0000000000
77921  58.921  -7.929  -7.794 0.0000000000
77922  58.571  -8.198  -7.767 0.0000000000
77923  57.654  -8.049  -7.567 0.0000000000
77924  56.697  -7.853  -7.736 0.0000000000
77925  55.884  -7.957  -7.991 0.0000000000
77933  62.060  -6.567  -8.668 0.0000000000
77934  61.615  -6.737  -8.659 0.0000000000
77935  60.387  -7.476  -8.571 0.0000000000
77936  59.261  -7.936  -7.986 0.0000000000
77937  58.898  -8.260  -7.957 0.0000000000
77938  56.184  -7.382  -8.185 0.0000000000
77939  55.259  -7.666  -8.332 0.0000000000
77940  54.238  -7.698  -8.584 0.0000000000
77941  53.228  -7.567  -8.809 0.0000000000
77942  52.260  -7.804  -9.035 0.0000000000
77943  51.471  -7.869  -9.255 0.0000000000
77944  50.906  -7.801  -9.477 0.0000000000
77952  62.098  -6.702  -8.822 0.0000000000
77953  61.497  -7.179  -9.022 0.0000000000
77954  60.666  -7.624  -9.549 0.0000000000
77955  52.734  -7.158  -9.201 0.0000000000
77956  52.107  -7.262  -9.421 0.0000000000
77957  51.482  -7.336  -9.670 0.0000000000
77958  50.863  -7.386  -9.975 0.0000000000
77959  50.138  -7.646  -10.051 0.0000000000
77961  40.429  -7.603  -9.449 0.0000000000
77966  62.110  -6.854  -9.275 0.0000000000
77967  61.537  -7.201  -10.016 0.0000000000
77968  60.724  -7.834  -10.653 0.0000000000
77969  50.554  -7.202  -10.577 0.0000000000
77970  49.759  -7.639  -10.589 0.0000000000
77971  49.196  -7.871  -10.940 0.0000000000
77972  41.008  -7.141  -10.095 0.0000000000
77973  40.534  -7.926  -10.584 0.0000000000
77978  61.240  -7.566  -11.350 0.0000000000
77979  60.778  -7.980  -11.301 0.0000000000
77980  50.270  -7.114  -11.106 0.0000000000
77981  49.669  -7.326  -11.483 0.0000000000
77982  48.875  -7.786  -11.561 0.0000000000
77983  41.153  -7.634  -11.346 0.0000000000
77984  40.666  -8.161  -11.212 0.0000000000
77986  61.950  -7.630  -12.670 0.0000000000
77987  61.576  -7.624  -12.187 0.0000000000
77988  49.202  -7.243  -12.119 0.0000000000
77989  48.392  -7.501  -12.439 0.0000000000
77990  47.482  -7.703  -12.757 0.0000000000
77991  46.779  -7.882  -12.982 0.0000000000
77992  42.298  -7.449  -12.613 0.0000000000
77993  41.787  -7.598  -12.202 0.0000000000
77996  62.417  -7.699  -13.291 0.0000000000
78004  47.848  -7.112  -13.152 0.0000000000
78005  47.093  -7.224  -13.394 0.0000000000
78006  46.104  -7.497  -13.549 0.0000000000
78007  45.011  -7.295  -13.796 0.0000000000
78008  43.979  -7.212  -13.668 0.0000000000
78009  43.207  -7.286  -13.303 0.0000000000
78010  42.667  -7.313  -13.004 0.0000000000
79302  58.930  -7.713  -7.835 0.0000000000
79303  58.437  -7.515  -7.778 0.0000000000
79304  57.565  -7.307  -7.809 0.0000000000
79305  56.870  -7.155  -8.002 0.0000000000
79314  62.684  -6.261  -8.749 0.0000000000
79315  62.331  -6.387  -8.725 0.0000000000
79316  61.690  -6.370  -8.615 0.0000000000
79317  60.808  -6.663  -8.482 0.0000000000
79318  59.466  -7.056  -8.027 0.0000000000
79319  58.307  -6.814  -8.050 0.0000000000
79320  57.375  -6.710  -8.276 0.0000000000
79321  56.582  -6.815  -8.428 0.0000000000
79322  55.752  -6.905  -8.580 0.0000000000
79323  54.833  -6.964  -8.705 0.0000000000
79324  54.043  -7.052  -8.930 0.0000000000
79336  62.899  -6.227  -8.893 0.0000000000
79337  62.629  -6.582  -9.057 0.0000000000
79338  56.964  -6.437  -8.685 0.0000000000
79339  56.312  -6.411  -8.932 0.0000000000
79340  55.386  -6.415  -9.104 0.0000000000
79341  54.461  -6.488  -9.247 0.0000000000
79342  53.487  -6.665  -9.388 0.0000000000
79343  52.715  -6.768  -9.658 0.0000000000
79344  52.075  -6.829  -9.892 0.0000000000
79345  51.528  -6.950  -10.094 0.0000000000
79355  63.275  -6.259  -9.446 0.0000000000
79356  62.541  -6.679  -9.933 0.0000000000
79357  61.917  -6.944  -10.802 0.0000000000
79358  53.207  -6.389  -9.924 0.0000000000
79359  52.721  -6.412  -10.214 0.0000000000
79360  52.030  -6.511  -10.511 0.0000000000
79361  51.259  -6.803  -10.543 0.0000000000
79362  42.172  -6.063  -10.096 0.0000000000
79363  41.625  -6.707  -10.688 0.0000000000
79371  63.398  -6.190  -10.440 0.0000000000
79372  62.541  -6.574  -11.165 0.0000000000
79373  61.883  -7.071  -11.722 0.0000000000
79374  51.677  -6.388  -10.988 0.0000000000
79375  50.993  -6.546  -11.286 0.0000000000
79376  50.313  -6.778  -11.661 0.0000000000
79377  42.230  -6.245  -11.263 0.0000000000
79378  41.825  -6.933  -11.758 0.0000000000
79386  63.197  -6.000  -11.811 0.0000000000
79387  62.411  -6.884  -12.506 0.0000000000
79388  61.931  -7.272  -12.280 0.0000000000
79389  50.712  -6.273  -12.099 0.0000000000
79390  49.859  -6.559  -12.358 0.0000000000
79391  49.056  -6.821  -12.616 0.0000000000
79392  42.919  -6.058  -12.705 0.0000000000
79393  42.524  -6.587  -12.470 0.0000000000
79394  42.092  -7.136  -12.283 0.0000000000
79402  62.746  -7.116  -13.340 0.0000000000
79407  49.303  -6.261  -12.978 0.0000000000
79408  48.540  -6.552  -13.212 0.0000000000
79409  47.640  -6.396  -13.736 0.0000000000
79410  46.649  -6.600  -13.968 0.0000000000
79411  45.654  -6.547  -14.121 0.0000000000
79412  44.532  -6.150  -14.044 0.0000000000
79413  43.324  -6.332  -13.273 0.0000000000
79414  42.879  -6.870  -13.100 0.0000000000
79429  47.090  -5.900  -14.219 0.0000000000
79430  46.296  -5.836  -14.340 0.0000000000
79431  45.426  -5.676  -14.313 0.0000000000
79432  44.926  -5.507  -14.221 0.0000000000
80609  62.759  -6.064  -8.744 0.0000000000
80610  62.139  -6.003  -8.583 0.0000000000
80611  61.246  -6.085  -8.693 0.0000000000
80612  60.127  -6.236  -8.639 0.0000000000
80613  58.962  -6.322  -8.572 0.0000000000
80614  57.932  -6.324  -8.630 0.0000000000
80615  57.369  -6.364  -8.686 0.0000000000
80626  63.459  -5.628  -9.321 0.0000000000
80627  62.639  -5.565  -9.006 0.0000000000
80628  61.726  -5.574  -8.997 0.0000000000
80629  60.626  -5.570  -9.262 0.0000000000
80630  59.469  -5.731  -9.194 0.0000000000
80631  58.344  -5.801  -9.216 0.0000000000
80632  57.152  -5.964  -9.192 0.0000000000
80633  55.986  -5.881  -9.502 0.0000000000
80634  54.976  -5.888  -9.627 0.0000000000
80635  54.077  -6.064  -9.784 0.0000000000
80636  53.572  -6.229  -9.882 0.0000000000
80648  60.432  -5.233  -9.803 0.0000000000
80649  59.840  -5.240  -9.887 0.0000000000
80650  58.781  -5.230  -9.956 0.0000000000
80651  57.680  -5.270  -9.960 0.0000000000
80652  56.577  -5.326  -10.027 0.0000000000
80653  55.518  -5.340  -10.140 0.0000000000
80654  54.526  -5.493  -10.278 0.0000000000
80655  53.506  -5.825  -10.416 0.0000000000
80656  52.716  -5.996  -10.769 0.0000000000
80657  52.207  -6.107  -11.058 0.0000000000
80658  43.134  -5.176  -10.664 0.0000000000
80659  42.734  -5.571  -10.679 0.0000000000
80669  53.172  -5.553  -11.038 0.0000000000
80670  52.660  -5.588  -11.398 0.0000000000
80671  51.877  -5.923  -11.548 0.0000000000
80672  51.339  -6.006  -11.972 0.0000000000
80673  43.175  -5.253  -11.287 0.0000000000
80674  42.737  -5.810  -11.778 0.0000000000
80684  52.405  -5.388  -11.938 0.0000000000
80685  51.855  -5.453  -12.249 0.0000000000
80686  51.096  -5.596  -12.525 0.0000000000
80687  50.469  -5.896  -12.616 0.0000000000
80688  43.245  -5.459  -12.431 0.0000000000
80689  42.822  -5.964  -12.380 0.0000000000
80700  50.673  -5.391  -12.935 0.0000000000
80701  49.964  -5.628  -13.084 0.0000000000
80702  49.048  -5.669  -13.497 0.0000000000
80703  48.347  -5.872  -13.735 0.0000000000
80704  44.651  -5.250  -13.987 0.0000000000
80705  44.046  -5.267  -13.367 0.0000000000
80725  48.628  -5.319  -13.914 0.0000000000
80726  47.892  -5.373  -14.164 0.0000000000
80727  46.967  -5.139  -14.430 0.0000000000
80728  46.068  -5.023  -14.455 0.0000000000
80729  45.230  -4.924  -14.261 0.0000000000
81951  63.281  -4.809  -9.536 0.0000000000
81952  62.193  -5.059  -9.475 0.0000000000
81953  61.245  -5.176  -9.621 0.0000000000
81954  60.720  -5.220  -9.743 0.0000000000
81966  62.472  -4.433  -10.033 0.0000000000
81967  61.560  -4.666  -10.119 0.0000000000
81968  60.450  -4.716  -10.349 0.0000000000
81969  59.170  -4.532  -10.593 0.0000000000
81970  58.083  -4.488  -10.630 0.0000000000
81971  57.066  -4.695  -10.589 0.0000000000
81972  56.041  -4.722  -10.648 0.0000000000
81973  55.039  -4.845  -10.829 0.0000000000
81974  54.099  -5.145  -10.976 0.0000000000
81975  53.552  -5.379  -11.009 0.0000000000
81987  60.003  -4.197  -10.910 0.0000000000
81988  59.712  -4.334  -10.768 0.0000000000
81989  57.884  -4.132  -10.921 0.0000000000
81990  57.453  -4.158  -11.010 0.0000000000
81991  56.536  -4.184  -11.154 0.0000000000
81992  55.566  -4.190  -11.329 0.0000000000
81993  54.518  -4.316  -11.664 0.0000000000
81994  53.425  -4.996  -11.597 0.0000000000
81995  52.821  -5.179  -11.881 0.0000000000
82006  54.357  -3.939  -12.154 0.0000000000
82007  53.828  -4.172  -12.258 0.0000000000
82008  52.697  -4.628  -12.505 0.0000000000
82009  51.605  -5.006  -12.870 0.0000000000
82010  51.042  -5.175  -12.961 0.0000000000
82012  43.933  -4.710  -12.559 0.0000000000
82020  52.541  -4.109  -13.026 0.0000000000
82021  51.976  -4.283  -13.208 0.0000000000
82022  50.799  -4.636  -13.433 0.0000000000
82023  49.629  -4.982  -13.719 0.0000000000
82024  49.038  -5.135  -13.866 0.0000000000
82025  45.365  -4.000  -14.009 0.0000000000
82026  44.786  -4.425  -13.622 0.0000000000
82027  44.275  -4.648  -13.110 0.0000000000
82045  50.641  -4.077  -13.871 0.0000000000
82046  50.069  -4.221  -14.039 0.0000000000
82047  48.914  -4.579  -14.280 0.0000000000
82048  47.773  -4.388  -14.548 0.0000000000
82049  46.783  -4.267  -14.541 0.0000000000
82050  45.859  -4.235  -14.299 0.0000000000
82051  45.273  -4.395  -14.116 0.0000000000
83349  61.735  -4.040  -10.661 0.0000000000
83350  61.102  -4.322  -10.606 0.0000000000
83351  58.739  -4.107  -10.944 0.0000000000
83352  58.511  -4.222  -10.837 0.0000000000
83363  61.784  -3.267  -11.286 0.0000000000
83364  60.627  -3.767  -11.203 0.0000000000
83365  59.289  -3.844  -11.197 0.0000000000
83366  58.080  -3.810  -11.156 0.0000000000
83367  56.981  -3.623  -11.467 0.0000000000
83368  56.067  -3.596  -11.627 0.0000000000
83369  55.190  -3.528  -12.015 0.0000000000
83370  54.631  -3.805  -12.102 0.0000000000
83381  54.933  -3.036  -12.404 0.0000000000
83382  54.383  -3.435  -12.437 0.0000000000
83383  53.428  -3.533  -12.867 0.0000000000
83384  52.839  -3.954  -12.954 0.0000000000
83395  53.138  -3.036  -13.300 0.0000000000
83396  52.549  -3.521  -13.335 0.0000000000
83397  51.509  -3.613  -13.734 0.0000000000
83398  50.932  -3.960  -13.810 0.0000000000
83413  51.314  -3.268  -14.033 0.0000000000
83414  50.780  -3.490  -14.151 0.0000000000
83415  49.691  -3.508  -14.532 0.0000000000
83416  48.608  -3.498  -14.685 0.0000000000
83417  47.583  -3.408  -14.620 0.0000000000
83418  46.604  -3.375  -14.294 0.0000000000
83419  45.839  -3.612  -14.041 0.0000000000
84771  60.947  -2.372  -11.888 0.0000000000
84772  59.674  -2.841  -11.856 0.0000000000
84773  58.488  -2.975  -11.828 0.0000000000
84774  57.379  -3.003  -11.877 0.0000000000
84775  56.396  -3.056  -11.951 0.0000000000
84776  55.798  -3.195  -11.992 0.0000000000
84787  60.572  -1.588  -12.180 0.0000000000
84788  59.915  -1.818  -12.201 0.0000000000
84789  58.870  -2.025  -12.282 0.0000000000
84790  57.753  -2.146  -12.299 0.0000000000
84791  56.642  -2.293  -12.329 0.0000000000
84792  55.559  -2.663  -12.382 0.0000000000
84793  54.611  -2.586  -12.803 0.0000000000
84794  54.056  -3.004  -12.829 0.0000000000
84805  54.365  -2.280  -13.119 0.0000000000
84806  53.789  -2.534  -13.215 0.0000000000
84807  52.729  -2.590  -13.727 0.0000000000
84808  52.131  -3.113  -13.763 0.0000000000
84820  52.442  -2.224  -14.172 0.0000000000
84821  51.670  -2.710  -14.220 0.0000000000
84822  50.438  -2.518  -14.743 0.0000000000
84823  49.359  -2.642  -14.826 0.0000000000
84841  50.346  -1.944  -15.000 0.0000000000
84842  49.885  -1.960  -15.036 0.0000000000
86265  60.241  -0.994  -12.333 0.0000000000
86266  59.294  -1.064  -12.477 0.0000000000
86267  58.210  -1.169  -12.549 0.0000000000
86268  57.053  -1.340  -12.624 0.0000000000
86269  55.827  -1.600  -12.843 0.0000000000
86270  55.169  -2.139  -12.841 0.0000000000
86280  55.455  -1.149  -13.285 0.0000000000
86281  54.677  -1.683  -13.294 0.0000000000
86282  53.334  -1.649  -13.872 0.0000000000
86283  52.743  -1.986  -14.059 0.0000000000
86293  53.071  -1.164  -14.284 0.0000000000
86294  52.387  -1.513  -14.526 0.0000000000
86295  51.202  -1.886  -14.859 0.0000000000
86296  50.609  -1.929  -14.962 0.0000000000
86308  52.125  -0.965  -15.001 0.0000000000
86309  51.533  -1.102  -15.134 0.0000000000
87783  59.811  -0.171  -12.469 0.0000000000
87784  58.814  -0.215  -12.630 0.0000000000
87785  57.655  -0.274  -12.950 0.0000000000
87786  56.435  -0.728  -13.101 0.0000000000
87787  55.809  -0.959  -13.249 0.0000000000
87798  57.484  0.231  -13.239 0.0000000000
87799  56.863  0.070  -13.361 0.0000000000
87800  55.513  -0.284  -13.716 0.0000000000
87801  54.083  -0.899  -14.019 0.0000000000
87802  53.401  -1.064  -14.205 0.0000000000
87814  55.011  0.195  -14.275 0.0000000000
87815  54.403  -0.144  -14.355 0.0000000000
87816  53.173  -0.509  -14.688 0.0000000000
87817  52.432  -0.819  -14.871 0.0000000000
89410  59.523  0.655  -12.670 0.0000000000
89411  58.597  0.592  -12.990 0.0000000000
89412  57.903  0.420  -13.192 0.0000000000
89428  58.198  0.911  -13.253 0.0000000000
89429  57.555  0.753  -13.481 0.0000000000
89430  56.645  0.700  -13.866 0.0000000000
89431  55.965  0.559  -14.063 0.0000000000
89446  56.255  1.073  -14.308 0.0000000000
89447  55.478  0.739  -14.480 0.0000000000
89448  54.678  0.441  -14.698 0.0000000000
89449  53.963  0.202  -14.876 0.0000000000
90747  59.402  1.481  -13.042 0.0000000000
90748  58.696  1.255  -13.223 0.0000000000
90762  58.985  1.823  -13.368 0.0000000000
90763  58.285  1.536  -13.524 0.0000000000
90764  57.506  1.522  -13.920 0.0000000000
90765  56.860  1.336  -14.231 0.0000000000
90776  57.214  1.815  -14.358 0.0000000000
90777  56.629  1.738  -14.605 0.0000000000
90778  55.992  1.416  -14.691 0.0000000000
91965  59.633  2.500  -13.333 0.0000000000
91966  58.847  2.438  -13.677 0.0000000000
91967  58.206  2.101  -13.888 0.0000000000
91977  58.487  2.668  -14.050 0.0000000000
91978  57.851  2.399  -14.366 0.0000000000
91979  57.196  2.205  -14.651 0.0000000000
91990  57.496  2.667  -14.864 0.0000000000
93153  59.440  3.472  -13.755 0.0000000000
93154  58.848  3.007  -13.951 0.0000000000
93166  59.246  3.972  -14.099 0.0000000000
93167  58.606  3.446  -14.458 0.0000000000
93168  57.924  2.959  -14.768 0.0000000000
93178  58.374  3.869  -15.045 0.0000000000
94344  59.271  4.420  -14.420 0.0000000000
94345  58.783  4.366  -14.875 0.0000000000
