#!ascii label  , from subject colin27_FS vox2ras=TkReg
1443
105496  26.841  13.656  29.097 0.0000000000
105497  26.021  13.663  28.910 0.0000000000
105498  25.076  13.637  28.859 0.0000000000
106787  27.695  14.246  30.015 0.0000000000
106788  22.923  15.202  30.213 0.0000000000
106807  27.337  14.062  29.568 0.0000000000
106808  26.624  14.310  29.187 0.0000000000
106809  25.705  14.333  28.851 0.0000000000
106810  24.644  14.609  28.955 0.0000000000
106811  23.339  14.756  29.657 0.0000000000
106827  26.260  14.830  28.883 0.0000000000
106828  25.609  15.071  28.707 0.0000000000
106829  24.936  15.440  28.726 0.0000000000
108060  29.171  14.945  31.947 0.0000000000
108069  28.664  14.937  31.299 0.0000000000
108070  28.257  14.650  30.635 0.0000000000
108071  27.847  14.535  30.227 0.0000000000
108072  23.199  15.642  30.117 0.0000000000
108073  22.931  15.695  30.661 0.0000000000
108082  28.591  15.327  30.488 0.0000000000
108083  28.044  15.106  30.111 0.0000000000
108084  27.455  14.769  29.605 0.0000000000
108085  26.872  14.955  28.993 0.0000000000
108086  24.170  15.601  29.152 0.0000000000
108087  23.580  15.954  29.751 0.0000000000
108095  28.672  15.593  29.756 0.0000000000
108096  28.250  15.493  29.254 0.0000000000
108097  27.554  15.486  28.674 0.0000000000
108098  26.545  15.486  28.419 0.0000000000
108099  25.607  15.775  28.370 0.0000000000
108100  24.807  16.175  28.676 0.0000000000
108106  27.317  15.865  28.046 0.0000000000
108107  26.864  16.068  27.825 0.0000000000
109198  31.807  16.140  35.839 0.0000000000
109210  31.572  16.001  35.374 0.0000000000
109220  31.068  15.955  34.540 0.0000000000
109228  30.692  16.173  33.755 0.0000000000
109238  30.459  16.192  33.083 0.0000000000
109239  29.901  15.772  32.605 0.0000000000
109240  29.418  15.400  32.140 0.0000000000
109250  29.626  15.913  31.857 0.0000000000
109251  29.202  15.521  31.581 0.0000000000
109252  23.422  16.702  31.580 0.0000000000
109253  23.018  16.136  31.143 0.0000000000
109262  29.680  16.236  31.150 0.0000000000
109263  29.108  15.764  30.830 0.0000000000
109264  23.849  16.936  30.187 0.0000000000
109265  23.516  16.526  30.501 0.0000000000
109266  23.143  16.117  30.766 0.0000000000
109273  29.796  16.440  30.266 0.0000000000
109274  29.189  15.993  29.964 0.0000000000
109275  24.018  16.673  29.585 0.0000000000
109276  23.673  16.400  29.916 0.0000000000
109282  29.787  16.599  29.480 0.0000000000
109283  29.209  16.221  28.965 0.0000000000
109284  28.451  16.041  28.458 0.0000000000
109285  27.922  16.047  28.048 0.0000000000
109286  26.244  16.093  28.006 0.0000000000
109287  25.611  16.585  28.105 0.0000000000
109288  24.785  17.007  28.685 0.0000000000
109295  29.058  16.571  28.207 0.0000000000
109296  28.509  16.597  27.805 0.0000000000
109297  27.603  16.524  27.574 0.0000000000
109298  26.594  16.719  27.543 0.0000000000
109299  25.917  17.164  27.642 0.0000000000
110352  33.010  17.007  36.733 0.0000000000
110353  32.444  16.599  36.139 0.0000000000
110354  31.988  16.415  35.920 0.0000000000
110368  32.734  17.341  35.943 0.0000000000
110369  32.159  16.961  35.728 0.0000000000
110370  31.824  16.537  35.508 0.0000000000
110371  25.250  17.995  35.977 0.0000000000
110384  32.620  17.419  35.316 0.0000000000
110385  32.198  17.248  34.916 0.0000000000
110386  31.604  16.623  34.773 0.0000000000
110387  25.223  18.090  35.234 0.0000000000
110388  24.724  17.623  34.746 0.0000000000
110398  32.012  17.364  34.033 0.0000000000
110399  31.383  16.707  33.918 0.0000000000
110400  25.107  18.112  34.581 0.0000000000
110401  24.621  17.708  33.852 0.0000000000
110402  24.066  17.282  32.977 0.0000000000
110409  31.785  17.410  33.348 0.0000000000
110410  31.246  16.949  32.894 0.0000000000
110411  30.608  16.533  32.420 0.0000000000
110412  24.580  17.845  32.795 0.0000000000
110413  23.959  17.296  32.139 0.0000000000
110421  31.202  17.215  31.825 0.0000000000
110422  30.361  16.552  31.623 0.0000000000
110423  24.346  17.770  31.790 0.0000000000
110424  23.838  17.194  31.216 0.0000000000
110431  31.102  17.429  30.888 0.0000000000
110432  30.463  16.847  30.591 0.0000000000
110433  24.056  17.417  30.604 0.0000000000
110434  23.817  17.084  30.763 0.0000000000
110440  30.955  17.567  30.146 0.0000000000
110441  30.491  17.224  29.624 0.0000000000
110442  24.319  17.568  29.529 0.0000000000
110447  30.060  17.179  28.696 0.0000000000
110448  29.538  16.902  28.312 0.0000000000
110449  25.336  17.251  28.089 0.0000000000
110450  24.715  17.715  28.496 0.0000000000
110457  29.841  17.321  28.107 0.0000000000
110458  29.338  17.266  27.730 0.0000000000
110459  28.450  17.389  27.179 0.0000000000
110460  27.432  17.286  27.010 0.0000000000
110461  26.491  17.578  27.044 0.0000000000
110462  25.512  17.762  27.546 0.0000000000
110463  24.830  18.163  27.866 0.0000000000
110471  28.031  17.863  26.712 0.0000000000
110472  27.345  18.047  26.626 0.0000000000
110473  26.674  18.279  26.641 0.0000000000
111514  26.055  18.828  39.026 0.0000000000
111530  34.351  17.894  37.845 0.0000000000
111532  25.481  18.425  37.286 0.0000000000
111541  34.259  18.356  37.076 0.0000000000
111542  33.761  17.611  37.059 0.0000000000
111543  25.376  18.420  36.488 0.0000000000
111554  33.981  18.334  36.585 0.0000000000
111555  33.521  17.972  36.147 0.0000000000
111556  25.405  18.591  35.833 0.0000000000
111568  33.288  18.068  35.150 0.0000000000
111569  32.810  17.801  34.750 0.0000000000
111570  25.301  18.665  34.994 0.0000000000
111571  25.127  18.859  34.475 0.0000000000
111585  33.185  18.383  34.406 0.0000000000
111586  32.707  18.161  34.055 0.0000000000
111587  25.084  18.415  34.288 0.0000000000
111588  24.842  18.569  33.693 0.0000000000
111599  32.461  18.203  33.120 0.0000000000
111600  31.945  17.756  32.715 0.0000000000
111601  24.493  18.506  32.604 0.0000000000
111602  24.201  18.738  32.169 0.0000000000
111612  32.377  18.425  32.184 0.0000000000
111613  31.804  17.830  32.064 0.0000000000
111614  24.333  18.249  31.516 0.0000000000
111615  23.940  18.656  31.444 0.0000000000
111616  23.443  18.765  31.108 0.0000000000
111624  32.185  18.406  31.660 0.0000000000
111625  31.775  18.274  31.172 0.0000000000
111626  24.290  18.159  30.516 0.0000000000
111627  23.867  18.507  30.449 0.0000000000
111628  23.195  18.730  30.425 0.0000000000
111633  31.481  18.376  30.111 0.0000000000
111634  31.030  18.014  29.597 0.0000000000
111635  24.257  18.152  29.535 0.0000000000
111636  23.712  18.490  29.548 0.0000000000
111637  22.955  18.741  29.558 0.0000000000
111641  31.248  18.689  29.358 0.0000000000
111642  30.806  18.214  28.821 0.0000000000
111643  24.233  18.270  28.610 0.0000000000
111644  23.514  18.649  28.591 0.0000000000
111645  22.756  18.903  28.845 0.0000000000
111650  30.213  18.039  27.856 0.0000000000
111651  29.359  18.311  27.130 0.0000000000
111652  28.615  18.182  26.775 0.0000000000
111653  26.026  18.158  26.885 0.0000000000
111654  25.306  18.517  27.103 0.0000000000
111655  24.324  18.638  27.678 0.0000000000
111656  23.577  18.943  27.760 0.0000000000
111664  28.905  18.811  26.670 0.0000000000
111665  28.139  18.676  26.499 0.0000000000
111666  27.233  18.846  26.399 0.0000000000
111667  26.228  18.895  26.500 0.0000000000
111668  25.447  19.189  26.646 0.0000000000
112742  26.263  20.017  43.609 0.0000000000
112753  26.106  19.701  42.807 0.0000000000
112754  25.426  19.809  42.322 0.0000000000
112768  26.438  19.147  41.788 0.0000000000
112769  25.666  19.466  41.699 0.0000000000
112783  25.985  19.015  40.868 0.0000000000
112784  25.212  19.387  40.685 0.0000000000
112785  24.570  19.535  40.238 0.0000000000
112799  25.859  19.012  39.764 0.0000000000
112800  25.106  19.262  39.570 0.0000000000
112801  24.263  19.522  39.477 0.0000000000
112802  23.610  19.688  39.142 0.0000000000
112810  25.660  19.068  38.821 0.0000000000
112811  24.984  19.266  38.606 0.0000000000
112812  24.237  19.434  38.451 0.0000000000
112813  23.369  19.644  38.438 0.0000000000
112818  34.937  19.051  38.316 0.0000000000
112819  25.476  18.982  37.868 0.0000000000
112820  24.887  19.246  37.606 0.0000000000
112821  24.093  19.374  37.506 0.0000000000
112822  23.081  19.600  37.476 0.0000000000
112823  22.361  19.729  37.104 0.0000000000
112828  34.689  19.120  37.396 0.0000000000
112829  25.351  18.941  36.745 0.0000000000
112830  24.792  19.258  36.600 0.0000000000
112831  23.986  19.375  36.498 0.0000000000
112832  23.083  19.541  36.382 0.0000000000
112833  22.119  19.682  36.343 0.0000000000
112839  34.436  19.158  36.528 0.0000000000
112840  34.031  18.770  36.095 0.0000000000
112841  25.302  19.120  35.773 0.0000000000
112842  24.726  19.317  35.629 0.0000000000
112843  23.926  19.419  35.469 0.0000000000
112844  22.956  19.509  35.387 0.0000000000
112845  21.852  19.670  35.316 0.0000000000
112846  21.142  19.839  34.856 0.0000000000
112855  34.271  19.417  35.880 0.0000000000
112856  33.964  19.066  35.371 0.0000000000
112857  25.152  19.127  35.044 0.0000000000
112858  24.698  19.239  34.568 0.0000000000
112859  23.822  19.412  34.451 0.0000000000
112860  22.852  19.463  34.370 0.0000000000
112861  21.890  19.583  34.207 0.0000000000
112862  20.973  19.852  34.029 0.0000000000
112874  33.630  19.240  34.383 0.0000000000
112875  33.265  18.886  33.923 0.0000000000
112876  24.437  19.141  33.553 0.0000000000
112877  23.684  19.315  33.490 0.0000000000
112878  22.774  19.344  33.369 0.0000000000
112879  21.795  19.435  33.223 0.0000000000
112880  20.851  19.676  32.985 0.0000000000
112891  33.449  19.561  33.697 0.0000000000
112892  33.175  19.201  33.269 0.0000000000
112893  24.204  19.053  32.823 0.0000000000
112894  23.613  19.075  32.490 0.0000000000
112895  22.657  19.163  32.419 0.0000000000
112896  21.719  19.319  32.207 0.0000000000
112897  20.849  19.608  31.940 0.0000000000
112910  32.883  19.373  32.358 0.0000000000
112911  23.307  18.939  31.775 0.0000000000
112912  22.630  19.025  31.373 0.0000000000
112913  21.635  19.307  31.201 0.0000000000
112914  20.810  19.616  30.972 0.0000000000
112927  32.491  19.268  31.369 0.0000000000
112928  32.054  19.386  30.381 0.0000000000
112929  22.340  18.982  30.395 0.0000000000
112930  21.485  19.309  30.245 0.0000000000
112931  20.701  19.661  30.067 0.0000000000
112941  31.569  19.486  29.526 0.0000000000
112942  22.165  19.061  29.468 0.0000000000
112943  21.376  19.481  29.309 0.0000000000
112944  20.628  19.978  29.255 0.0000000000
112949  31.126  19.362  28.835 0.0000000000
112950  30.686  19.242  28.144 0.0000000000
112951  22.989  18.984  28.177 0.0000000000
112952  22.190  19.316  28.443 0.0000000000
112953  21.229  19.870  28.399 0.0000000000
112954  20.620  20.371  28.654 0.0000000000
112959  30.081  19.274  27.427 0.0000000000
112960  29.403  19.446  26.896 0.0000000000
112961  24.808  19.049  26.978 0.0000000000
112962  24.113  19.314  27.190 0.0000000000
112963  23.043  19.549  27.426 0.0000000000
112964  21.961  19.857  27.652 0.0000000000
112965  21.369  20.280  27.740 0.0000000000
112973  28.698  19.555  26.565 0.0000000000
112974  27.920  19.587  26.364 0.0000000000
112975  26.989  19.727  26.244 0.0000000000
112976  25.969  19.805  26.328 0.0000000000
112977  24.934  19.796  26.632 0.0000000000
112978  23.957  20.016  26.781 0.0000000000
112979  23.231  20.239  26.812 0.0000000000
114128  25.565  20.662  43.746 0.0000000000
114140  25.847  20.221  43.470 0.0000000000
114141  25.140  20.346  42.983 0.0000000000
114142  24.405  20.623  42.379 0.0000000000
114155  24.845  19.893  41.821 0.0000000000
114156  23.992  20.505  41.577 0.0000000000
114157  23.331  20.700  41.145 0.0000000000
114170  24.464  19.800  40.976 0.0000000000
114171  23.833  19.995  40.552 0.0000000000
114172  22.975  20.518  40.463 0.0000000000
114178  35.343  20.558  39.487 0.0000000000
114179  23.459  19.915  39.846 0.0000000000
114180  22.722  20.231  39.469 0.0000000000
114181  22.046  20.540  39.121 0.0000000000
114186  35.102  20.288  38.855 0.0000000000
114187  22.487  20.008  38.498 0.0000000000
114188  21.711  20.522  38.439 0.0000000000
114192  34.788  20.324  37.843 0.0000000000
114193  22.180  19.945  37.819 0.0000000000
114194  21.463  20.265  37.375 0.0000000000
114195  20.867  20.608  36.937 0.0000000000
114200  34.632  20.215  36.894 0.0000000000
114201  21.251  20.095  36.327 0.0000000000
114202  20.611  20.652  36.194 0.0000000000
114206  34.458  20.192  36.046 0.0000000000
114207  34.200  20.608  35.541 0.0000000000
114208  20.967  20.076  35.579 0.0000000000
114209  20.395  20.565  35.005 0.0000000000
114212  34.311  19.935  35.471 0.0000000000
114213  34.037  20.422  34.813 0.0000000000
114214  20.151  20.542  33.720 0.0000000000
114215  19.720  21.066  33.512 0.0000000000
114222  33.519  20.526  33.759 0.0000000000
114223  33.219  21.098  33.390 0.0000000000
114224  20.195  20.165  32.567 0.0000000000
114225  19.737  20.848  32.940 0.0000000000
114234  33.411  19.970  33.340 0.0000000000
114235  33.147  20.589  32.886 0.0000000000
114236  20.184  20.035  31.596 0.0000000000
114237  19.770  20.681  32.071 0.0000000000
114247  32.694  20.718  31.672 0.0000000000
114248  20.189  20.062  30.712 0.0000000000
114249  19.755  20.592  31.209 0.0000000000
114260  32.232  20.523  30.737 0.0000000000
114261  31.725  20.527  29.892 0.0000000000
114262  20.200  20.256  29.952 0.0000000000
114263  19.846  20.614  30.445 0.0000000000
114276  31.097  20.552  28.971 0.0000000000
114277  30.582  21.101  28.697 0.0000000000
114278  20.104  20.780  29.304 0.0000000000
114279  19.948  20.672  29.942 0.0000000000
114289  30.828  19.952  28.466 0.0000000000
114290  30.260  20.574  27.984 0.0000000000
114291  29.556  21.198  27.734 0.0000000000
114292  20.880  20.498  28.043 0.0000000000
114293  20.478  20.944  28.369 0.0000000000
114297  29.777  20.018  27.258 0.0000000000
114298  29.063  20.665  27.007 0.0000000000
114299  28.307  21.151  26.871 0.0000000000
114300  22.482  20.266  27.054 0.0000000000
114301  21.747  20.483  27.280 0.0000000000
114302  21.135  20.894  27.462 0.0000000000
114303  20.757  20.946  27.861 0.0000000000
114312  28.426  20.122  26.528 0.0000000000
114313  27.838  20.618  26.495 0.0000000000
114314  26.656  20.632  26.411 0.0000000000
114315  25.635  20.657  26.449 0.0000000000
114316  24.673  20.699  26.519 0.0000000000
114317  23.785  20.772  26.521 0.0000000000
114318  22.910  20.826  26.558 0.0000000000
114319  22.053  20.887  26.806 0.0000000000
114320  21.563  20.919  27.115 0.0000000000
115533  24.383  21.236  43.093 0.0000000000
115534  23.834  21.297  42.413 0.0000000000
115546  23.310  21.346  41.778 0.0000000000
115547  22.731  21.390  41.156 0.0000000000
115555  36.507  21.497  40.260 0.0000000000
115556  35.639  21.395  39.878 0.0000000000
115557  35.022  21.983  39.693 0.0000000000
115558  22.105  21.318  40.272 0.0000000000
115559  21.665  21.899  39.962 0.0000000000
115562  37.491  21.848  39.799 0.0000000000
115563  36.989  21.803  40.157 0.0000000000
115564  35.447  20.967  39.651 0.0000000000
115565  34.927  21.564  39.330 0.0000000000
115566  22.043  20.818  39.612 0.0000000000
115567  21.543  21.375  39.340 0.0000000000
115571  37.779  21.848  38.842 0.0000000000
115572  34.338  21.788  38.304 0.0000000000
115573  33.679  22.509  38.064 0.0000000000
115574  20.988  21.356  38.132 0.0000000000
115575  20.695  21.894  37.742 0.0000000000
115578  37.867  21.888  37.842 0.0000000000
115579  34.321  21.313  37.289 0.0000000000
115580  33.752  22.235  37.559 0.0000000000
115581  20.894  20.877  37.439 0.0000000000
115582  20.578  21.431  37.100 0.0000000000
115585  37.719  21.620  36.700 0.0000000000
115586  34.257  21.046  36.391 0.0000000000
115587  33.790  21.959  36.674 0.0000000000
115588  20.220  21.482  35.949 0.0000000000
115590  37.531  21.780  35.529 0.0000000000
115591  34.215  20.866  35.880 0.0000000000
115592  33.866  21.551  35.589 0.0000000000
115593  19.905  21.569  34.965 0.0000000000
115594  19.762  21.910  34.571 0.0000000000
115596  37.437  21.975  34.685 0.0000000000
115597  33.327  21.795  34.304 0.0000000000
115598  32.653  22.378  33.970 0.0000000000
115599  19.925  20.982  34.477 0.0000000000
115600  19.731  21.507  34.063 0.0000000000
115602  37.284  21.792  33.769 0.0000000000
115603  33.243  21.336  33.680 0.0000000000
115604  32.817  21.826  33.376 0.0000000000
115605  19.672  21.570  33.211 0.0000000000
115611  37.050  21.719  32.534 0.0000000000
115613  32.533  21.745  32.386 0.0000000000
115614  19.649  21.461  32.411 0.0000000000
115621  37.054  22.140  32.070 0.0000000000
115623  31.993  21.879  31.501 0.0000000000
115624  31.438  22.177  31.219 0.0000000000
115625  19.618  21.315  31.590 0.0000000000
115633  32.179  21.267  31.054 0.0000000000
115634  31.410  21.710  30.508 0.0000000000
115635  30.662  22.174  30.161 0.0000000000
115636  19.809  21.853  30.405 0.0000000000
115637  19.607  21.215  30.802 0.0000000000
115648  31.275  21.212  29.618 0.0000000000
115649  30.479  21.771  29.364 0.0000000000
115650  29.740  22.217  29.136 0.0000000000
115651  19.910  21.598  29.645 0.0000000000
115652  19.774  21.110  30.072 0.0000000000
115665  30.264  21.353  28.596 0.0000000000
115666  29.590  21.825  28.445 0.0000000000
115667  28.765  22.084  28.027 0.0000000000
115668  20.151  21.667  28.822 0.0000000000
115679  29.099  21.563  27.671 0.0000000000
115680  28.306  21.747  27.395 0.0000000000
115681  27.467  21.904  27.144 0.0000000000
115682  26.916  21.944  26.855 0.0000000000
115683  21.021  21.289  27.335 0.0000000000
115684  20.702  21.565  27.690 0.0000000000
115694  27.846  21.410  26.849 0.0000000000
115695  27.181  21.372  26.671 0.0000000000
115696  26.282  21.531  26.599 0.0000000000
115697  25.301  21.456  26.430 0.0000000000
115698  24.380  21.509  26.232 0.0000000000
115699  23.484  21.379  26.177 0.0000000000
115700  22.419  21.600  26.162 0.0000000000
115701  21.323  21.475  26.931 0.0000000000
115702  20.912  21.904  27.126 0.0000000000
115708  23.931  21.780  25.938 0.0000000000
115709  23.401  21.921  25.757 0.0000000000
115710  22.756  22.179  25.664 0.0000000000
116930  23.228  22.707  42.500 0.0000000000
116940  23.380  21.990  42.353 0.0000000000
116941  22.796  22.345  41.855 0.0000000000
116948  36.315  21.964  40.002 0.0000000000
116949  35.934  22.014  39.873 0.0000000000
116950  35.275  22.179  39.726 0.0000000000
116951  22.261  22.379  41.030 0.0000000000
116952  21.793  22.480  40.338 0.0000000000
116959  37.128  22.142  39.602 0.0000000000
116960  36.547  22.229  39.635 0.0000000000
116961  35.438  22.602  39.430 0.0000000000
116962  34.645  22.708  39.238 0.0000000000
116963  33.875  23.180  38.895 0.0000000000
116964  21.481  22.473  39.680 0.0000000000
116967  37.232  22.195  39.224 0.0000000000
116968  36.801  22.540  38.875 0.0000000000
116969  34.287  22.524  38.861 0.0000000000
116970  33.497  23.021  38.409 0.0000000000
116971  32.797  23.411  37.934 0.0000000000
116972  21.094  22.389  38.924 0.0000000000
116973  20.793  22.424  38.136 0.0000000000
116975  37.379  22.348  38.382 0.0000000000
116976  36.878  22.822  38.133 0.0000000000
116977  33.234  22.894  37.769 0.0000000000
116978  32.670  23.356  37.310 0.0000000000
116979  20.620  22.394  37.443 0.0000000000
116982  37.308  22.595  37.291 0.0000000000
116983  36.784  23.005  37.559 0.0000000000
116984  33.212  22.762  37.018 0.0000000000
116985  32.599  23.279  36.503 0.0000000000
116986  20.374  22.380  36.604 0.0000000000
116989  37.374  22.416  36.223 0.0000000000
116990  33.233  22.622  36.106 0.0000000000
116991  32.501  23.151  35.628 0.0000000000
116992  20.145  22.483  35.548 0.0000000000
116993  19.895  22.238  34.850 0.0000000000
116996  37.275  22.540  35.257 0.0000000000
116997  33.142  22.541  35.208 0.0000000000
116998  32.297  22.936  34.600 0.0000000000
116999  31.552  23.255  34.066 0.0000000000
117000  20.195  22.845  34.732 0.0000000000
117001  19.851  22.318  34.297 0.0000000000
117005  37.289  22.631  34.290 0.0000000000
117006  32.091  22.732  33.704 0.0000000000
117007  31.268  23.208  33.340 0.0000000000
117008  30.707  23.324  32.817 0.0000000000
117009  20.236  22.941  33.939 0.0000000000
117010  19.808  22.299  33.562 0.0000000000
117014  37.321  22.621  33.293 0.0000000000
117015  32.008  22.548  32.911 0.0000000000
117016  31.266  22.894  32.543 0.0000000000
117017  30.644  23.125  32.178 0.0000000000
117018  20.221  22.968  33.104 0.0000000000
117019  19.799  22.257  32.727 0.0000000000
117022  37.290  22.688  32.336 0.0000000000
117023  37.051  22.402  31.762 0.0000000000
117024  31.852  22.404  32.202 0.0000000000
117025  31.260  22.586  31.748 0.0000000000
117026  30.541  22.840  31.501 0.0000000000
117027  30.008  23.048  31.218 0.0000000000
117028  20.149  22.947  32.197 0.0000000000
117029  19.751  22.122  31.859 0.0000000000
117032  37.207  22.922  31.683 0.0000000000
117033  36.791  22.533  31.099 0.0000000000
117034  31.045  22.432  31.127 0.0000000000
117035  30.495  22.560  30.737 0.0000000000
117036  29.640  22.940  30.558 0.0000000000
117037  29.141  23.098  30.034 0.0000000000
117038  20.052  22.707  31.082 0.0000000000
117039  19.699  21.863  31.144 0.0000000000
117043  30.178  22.459  30.090 0.0000000000
117044  29.599  22.596  29.683 0.0000000000
117045  28.858  22.920  29.481 0.0000000000
117046  20.138  22.532  29.745 0.0000000000
117052  29.266  22.493  29.081 0.0000000000
117053  28.566  22.647  28.684 0.0000000000
117054  27.915  22.815  28.263 0.0000000000
117055  20.428  22.569  28.490 0.0000000000
117066  28.213  22.389  28.021 0.0000000000
117067  27.617  22.526  27.674 0.0000000000
117068  27.097  22.482  27.101 0.0000000000
117069  21.137  22.672  26.795 0.0000000000
117070  20.886  22.594  27.270 0.0000000000
117080  26.547  22.352  26.709 0.0000000000
117081  25.796  22.261  26.352 0.0000000000
117082  25.044  22.019  26.122 0.0000000000
117083  22.238  22.231  25.855 0.0000000000
117084  21.481  22.485  26.364 0.0000000000
117085  21.086  22.094  26.865 0.0000000000
117091  25.321  22.498  25.824 0.0000000000
117092  24.389  22.352  25.576 0.0000000000
117093  23.351  22.483  25.293 0.0000000000
117094  22.395  22.823  25.458 0.0000000000
117095  21.682  23.246  25.830 0.0000000000
117105  23.937  22.879  24.952 0.0000000000
117106  23.224  23.145  24.843 0.0000000000
117107  22.611  23.519  24.998 0.0000000000
118209  22.851  23.415  42.175 0.0000000000
118214  22.499  23.350  41.476 0.0000000000
118220  22.067  23.449  40.702 0.0000000000
118221  21.686  23.367  39.960 0.0000000000
118229  36.333  22.643  39.068 0.0000000000
118230  35.746  22.915  39.005 0.0000000000
118231  34.625  23.614  38.868 0.0000000000
118232  33.732  23.857  38.827 0.0000000000
118233  32.948  24.148  38.647 0.0000000000
118234  21.407  23.297  39.306 0.0000000000
118242  36.230  22.930  38.590 0.0000000000
118243  35.299  23.663  38.397 0.0000000000
118244  34.556  24.092  38.592 0.0000000000
118245  33.349  23.673  38.632 0.0000000000
118246  32.587  23.971  38.287 0.0000000000
118247  31.936  24.315  37.743 0.0000000000
118248  21.128  23.421  38.454 0.0000000000
118249  20.803  23.062  37.784 0.0000000000
118254  36.273  23.253  37.893 0.0000000000
118255  35.706  23.750  37.598 0.0000000000
118256  32.237  23.843  37.585 0.0000000000
118257  31.680  24.265  37.124 0.0000000000
118258  21.134  23.766  37.594 0.0000000000
118259  20.700  23.159  37.103 0.0000000000
118263  37.091  22.853  36.572 0.0000000000
118264  36.447  23.380  36.828 0.0000000000
118265  35.727  23.862  37.048 0.0000000000
118266  32.058  23.789  36.830 0.0000000000
118267  31.380  24.154  36.315 0.0000000000
118268  30.951  24.260  35.725 0.0000000000
118269  21.104  23.885  36.775 0.0000000000
118270  20.579  23.281  36.230 0.0000000000
118275  36.963  23.012  35.914 0.0000000000
118276  36.534  23.582  35.727 0.0000000000
118277  31.926  23.676  36.027 0.0000000000
118278  31.286  23.869  35.554 0.0000000000
118279  30.839  24.166  35.081 0.0000000000
118280  21.079  24.058  35.896 0.0000000000
118281  20.583  23.435  35.301 0.0000000000
118287  36.855  23.407  34.837 0.0000000000
118288  36.493  23.904  35.144 0.0000000000
118289  31.830  23.499  35.307 0.0000000000
118290  31.302  23.649  34.702 0.0000000000
118291  30.640  24.030  34.283 0.0000000000
118292  21.129  24.171  34.957 0.0000000000
118293  20.675  23.548  34.408 0.0000000000
118299  37.208  23.409  33.835 0.0000000000
118300  30.988  23.607  33.963 0.0000000000
118301  30.407  23.761  33.383 0.0000000000
118302  29.925  23.897  32.854 0.0000000000
118303  21.128  24.248  34.018 0.0000000000
118304  20.718  23.600  33.534 0.0000000000
118309  37.518  23.514  32.939 0.0000000000
118310  30.196  23.548  32.572 0.0000000000
118311  29.795  23.821  32.207 0.0000000000
118312  21.166  24.224  33.124 0.0000000000
118313  20.666  23.647  32.682 0.0000000000
118318  37.536  23.556  32.041 0.0000000000
118319  30.077  23.338  31.849 0.0000000000
118320  29.573  23.606  31.297 0.0000000000
118321  20.996  24.210  32.435 0.0000000000
118322  20.629  23.762  31.746 0.0000000000
118326  37.211  23.465  31.170 0.0000000000
118327  36.786  23.044  30.491 0.0000000000
118328  29.180  23.595  30.434 0.0000000000
118329  28.815  23.539  29.791 0.0000000000
118330  20.518  23.589  30.541 0.0000000000
118334  36.961  23.633  30.398 0.0000000000
118335  36.656  23.162  29.650 0.0000000000
118336  28.419  23.468  29.161 0.0000000000
118337  20.472  23.483  29.347 0.0000000000
118343  28.064  23.395  28.513 0.0000000000
118344  27.657  23.310  27.929 0.0000000000
118345  20.610  23.459  28.242 0.0000000000
118351  27.260  23.263  27.200 0.0000000000
118352  26.825  22.899  26.822 0.0000000000
118353  21.134  22.976  26.827 0.0000000000
118354  20.886  23.614  27.288 0.0000000000
118359  26.927  23.403  26.558 0.0000000000
118360  26.394  22.977  26.310 0.0000000000
118361  25.835  22.837  25.883 0.0000000000
118362  21.221  23.504  26.425 0.0000000000
118363  20.911  24.133  26.760 0.0000000000
118368  26.140  23.355  25.671 0.0000000000
118369  25.374  23.213  25.273 0.0000000000
118370  24.558  23.105  24.960 0.0000000000
118371  22.031  23.636  25.357 0.0000000000
118372  21.473  23.928  25.779 0.0000000000
118381  24.871  23.649  24.736 0.0000000000
118382  24.051  23.661  24.629 0.0000000000
118383  23.120  23.970  24.669 0.0000000000
118384  22.325  24.153  24.913 0.0000000000
119399  22.722  23.965  41.761 0.0000000000
119404  22.967  24.984  41.444 0.0000000000
119405  22.579  24.444  41.163 0.0000000000
119412  22.061  24.482  39.924 0.0000000000
119413  21.653  23.855  39.584 0.0000000000
119421  34.178  24.414  38.635 0.0000000000
119422  33.645  24.825  38.604 0.0000000000
119423  33.054  24.801  38.685 0.0000000000
119424  22.054  24.999  38.794 0.0000000000
119425  21.583  24.155  39.058 0.0000000000
119434  35.006  24.167  37.856 0.0000000000
119435  34.297  24.756  38.241 0.0000000000
119436  33.976  24.952  38.512 0.0000000000
119437  32.501  24.780  38.495 0.0000000000
119438  31.933  24.750  38.095 0.0000000000
119439  22.021  25.123  38.224 0.0000000000
119440  21.606  24.574  38.094 0.0000000000
119451  35.275  24.224  37.293 0.0000000000
119452  34.678  24.752  37.552 0.0000000000
119453  31.433  24.736  37.454 0.0000000000
119454  21.486  24.403  37.261 0.0000000000
119462  36.160  23.808  36.120 0.0000000000
119463  35.507  24.341  36.440 0.0000000000
119464  35.006  24.641  37.074 0.0000000000
119465  31.181  24.638  36.730 0.0000000000
119466  30.926  24.580  36.119 0.0000000000
119467  21.577  24.612  36.511 0.0000000000
119472  36.152  24.159  35.543 0.0000000000
119473  35.656  24.847  35.359 0.0000000000
119474  30.722  24.618  35.467 0.0000000000
119475  21.560  24.836  35.580 0.0000000000
119480  36.927  23.927  34.149 0.0000000000
119481  36.400  24.565  34.503 0.0000000000
119482  35.774  25.144  34.809 0.0000000000
119483  30.551  24.597  34.677 0.0000000000
119484  21.422  24.954  34.605 0.0000000000
119486  37.239  24.434  33.497 0.0000000000
119487  36.758  24.955  33.701 0.0000000000
119488  30.302  24.505  33.730 0.0000000000
119489  30.038  24.204  33.175 0.0000000000
119490  21.413  24.921  33.595 0.0000000000
119492  38.236  25.056  32.292 0.0000000000
119493  37.830  24.533  32.483 0.0000000000
119494  30.060  24.595  33.113 0.0000000000
119495  29.864  24.323  32.642 0.0000000000
119496  21.303  24.824  32.645 0.0000000000
119497  21.022  24.973  32.061 0.0000000000
119500  38.288  24.838  32.015 0.0000000000
119501  37.766  24.353  31.594 0.0000000000
119502  29.668  24.302  31.779 0.0000000000
119503  20.925  24.499  32.048 0.0000000000
119504  20.738  24.574  31.298 0.0000000000
119507  37.401  24.200  30.783 0.0000000000
119508  29.380  24.363  30.694 0.0000000000
119509  28.907  24.054  30.068 0.0000000000
119510  20.603  24.348  30.065 0.0000000000
119514  36.983  24.178  29.787 0.0000000000
119515  36.668  23.611  29.052 0.0000000000
119516  29.215  24.588  29.642 0.0000000000
119517  28.644  24.120  29.434 0.0000000000
119518  20.436  24.218  29.004 0.0000000000
119519  20.215  24.520  28.592 0.0000000000
119523  36.871  24.092  28.437 0.0000000000
119525  28.934  24.612  28.971 0.0000000000
119526  28.469  24.274  28.528 0.0000000000
119527  28.012  23.871  28.021 0.0000000000
119528  20.538  24.162  28.084 0.0000000000
119529  20.113  24.636  27.973 0.0000000000
119532  37.228  24.342  27.423 0.0000000000
119533  28.250  24.528  27.603 0.0000000000
119534  27.726  23.959  27.396 0.0000000000
119535  20.521  24.367  27.304 0.0000000000
119536  20.051  24.843  27.220 0.0000000000
119540  27.916  24.621  26.975 0.0000000000
119541  27.355  24.219  26.488 0.0000000000
119542  26.690  23.748  25.944 0.0000000000
119543  21.052  24.225  26.202 0.0000000000
119544  20.432  24.775  26.427 0.0000000000
119545  19.937  25.070  26.750 0.0000000000
119551  26.830  24.539  25.696 0.0000000000
119552  26.154  24.179  25.123 0.0000000000
119553  25.404  23.982  24.754 0.0000000000
119554  21.734  24.256  25.293 0.0000000000
119555  21.067  24.754  25.567 0.0000000000
119556  20.528  25.040  25.835 0.0000000000
119563  25.541  24.587  24.685 0.0000000000
119564  24.778  24.457  24.512 0.0000000000
119565  23.737  24.648  24.452 0.0000000000
119566  22.744  24.807  24.565 0.0000000000
119567  21.770  24.870  24.902 0.0000000000
119568  21.269  25.102  25.136 0.0000000000
119591  39.272  25.011  21.091 0.0000000000
119607  39.325  24.886  20.537 0.0000000000
120586  22.888  25.146  41.116 0.0000000000
120595  23.291  26.161  40.144 0.0000000000
120596  22.775  25.330  40.511 0.0000000000
120607  33.328  25.877  38.656 0.0000000000
120608  32.949  25.633  38.848 0.0000000000
120609  23.246  26.349  39.546 0.0000000000
120610  22.732  25.800  39.335 0.0000000000
120620  33.986  25.941  38.146 0.0000000000
120621  33.683  25.668  38.457 0.0000000000
120622  32.522  25.518  38.669 0.0000000000
120623  31.978  25.405  38.415 0.0000000000
120624  22.448  25.663  38.068 0.0000000000
120625  22.000  25.150  37.923 0.0000000000
120636  34.267  25.662  37.759 0.0000000000
120637  31.527  25.366  37.810 0.0000000000
120638  22.511  25.914  36.971 0.0000000000
120639  21.953  25.123  37.300 0.0000000000
120645  35.099  25.524  36.005 0.0000000000
120646  34.684  25.378  36.959 0.0000000000
120647  31.179  25.324  36.800 0.0000000000
120648  30.925  24.874  36.431 0.0000000000
120649  22.275  26.151  36.149 0.0000000000
120650  22.023  25.397  36.284 0.0000000000
120653  35.478  25.694  35.170 0.0000000000
120654  31.045  25.578  35.794 0.0000000000
120655  30.792  25.010  35.985 0.0000000000
120656  22.120  26.336  35.732 0.0000000000
120657  21.907  25.790  35.306 0.0000000000
120660  36.472  25.571  33.839 0.0000000000
120661  35.882  25.642  34.464 0.0000000000
120662  30.899  25.623  34.848 0.0000000000
120663  30.578  25.109  35.200 0.0000000000
120664  21.379  25.631  34.256 0.0000000000
120667  37.779  25.285  32.929 0.0000000000
120668  37.206  25.477  33.393 0.0000000000
120669  30.878  25.644  33.929 0.0000000000
120670  30.500  25.129  34.260 0.0000000000
120671  21.097  25.606  33.159 0.0000000000
120672  20.554  25.886  32.928 0.0000000000
120675  39.162  25.747  31.748 0.0000000000
120676  38.705  25.500  32.155 0.0000000000
120677  38.217  25.346  32.504 0.0000000000
120678  31.001  25.737  33.294 0.0000000000
120679  30.419  25.255  33.053 0.0000000000
120680  30.028  24.727  32.807 0.0000000000
120681  21.042  25.257  32.457 0.0000000000
120682  20.413  25.588  32.057 0.0000000000
120683  19.718  26.069  31.694 0.0000000000
120685  39.043  25.776  31.109 0.0000000000
120686  38.353  25.180  31.369 0.0000000000
120687  37.808  24.656  31.102 0.0000000000
120688  30.404  25.332  31.928 0.0000000000
120689  30.000  24.795  32.286 0.0000000000
120690  20.304  25.164  30.662 0.0000000000
120691  19.746  25.774  31.074 0.0000000000
120693  38.941  25.974  30.709 0.0000000000
120694  38.344  25.688  30.430 0.0000000000
120695  37.680  24.896  30.532 0.0000000000
120696  30.546  25.604  30.922 0.0000000000
120697  29.941  24.948  31.294 0.0000000000
120698  20.173  24.834  29.596 0.0000000000
120699  19.435  25.577  30.003 0.0000000000
120700  18.773  25.931  29.662 0.0000000000
120702  38.061  25.800  29.775 0.0000000000
120703  37.482  25.266  29.450 0.0000000000
120704  30.556  25.972  30.275 0.0000000000
120705  30.021  25.373  29.980 0.0000000000
120706  20.152  24.623  29.019 0.0000000000
120707  19.727  25.001  28.790 0.0000000000
120708  18.919  25.587  29.008 0.0000000000
120710  37.275  25.110  28.135 0.0000000000
120711  29.348  25.418  28.715 0.0000000000
120712  28.933  24.880  28.484 0.0000000000
120713  19.625  25.076  27.765 0.0000000000
120714  19.117  25.352  28.198 0.0000000000
120716  37.308  25.008  27.246 0.0000000000
120717  29.178  25.853  28.067 0.0000000000
120718  28.828  25.390  27.787 0.0000000000
120719  19.643  25.166  27.061 0.0000000000
120720  19.051  25.460  27.288 0.0000000000
120723  38.051  25.294  25.882 0.0000000000
120724  37.607  25.174  26.616 0.0000000000
120725  28.298  25.287  26.998 0.0000000000
120726  27.735  25.234  26.492 0.0000000000
120727  20.223  25.174  25.969 0.0000000000
120728  19.617  25.488  26.292 0.0000000000
120729  18.896  25.763  26.670 0.0000000000
120735  38.372  25.420  25.008 0.0000000000
120736  27.216  25.257  25.908 0.0000000000
120737  26.432  25.361  25.247 0.0000000000
120738  25.785  25.607  24.849 0.0000000000
120739  21.028  25.254  25.276 0.0000000000
120740  20.461  25.563  25.461 0.0000000000
120741  19.786  25.851  25.643 0.0000000000
120745  38.684  25.456  24.050 0.0000000000
120746  25.897  25.015  24.807 0.0000000000
120747  25.281  25.304  24.576 0.0000000000
120748  24.344  25.419  24.462 0.0000000000
120749  23.302  25.612  24.494 0.0000000000
120750  22.261  25.669  24.658 0.0000000000
120751  21.292  25.621  24.959 0.0000000000
120752  20.833  25.939  25.036 0.0000000000
120759  39.705  25.913  22.974 0.0000000000
120760  39.215  25.497  23.051 0.0000000000
120767  40.610  26.099  22.089 0.0000000000
120768  39.996  25.831  22.270 0.0000000000
120769  39.313  25.177  21.947 0.0000000000
120774  41.522  26.105  21.148 0.0000000000
120775  40.864  25.970  21.386 0.0000000000
120776  39.864  25.344  21.093 0.0000000000
120777  39.274  25.062  21.381 0.0000000000
120784  41.534  25.969  20.646 0.0000000000
120785  40.823  25.613  20.336 0.0000000000
120786  40.127  25.085  19.953 0.0000000000
121674  33.100  26.523  38.849 0.0000000000
121675  32.624  26.294  38.796 0.0000000000
121676  23.660  26.869  39.620 0.0000000000
121677  23.275  26.519  39.147 0.0000000000
121683  33.869  26.722  38.485 0.0000000000
121684  33.487  26.639  38.676 0.0000000000
121685  32.096  26.074  38.635 0.0000000000
121686  31.735  25.979  38.211 0.0000000000
121687  23.570  27.057  38.833 0.0000000000
121688  23.086  26.478  38.505 0.0000000000
121695  34.213  26.702  38.100 0.0000000000
121696  31.595  26.043  37.494 0.0000000000
121697  23.427  27.064  38.185 0.0000000000
121698  22.968  26.684  37.591 0.0000000000
121707  34.857  26.505  36.656 0.0000000000
121708  34.497  26.510  37.461 0.0000000000
121709  32.010  26.959  36.410 0.0000000000
121710  31.644  26.339  36.527 0.0000000000
121711  22.584  26.741  36.680 0.0000000000
121715  35.318  26.562  35.791 0.0000000000
121716  32.013  26.794  35.842 0.0000000000
121717  31.454  26.187  35.404 0.0000000000
121718  22.227  26.744  36.029 0.0000000000
121719  21.901  26.651  35.512 0.0000000000
121722  36.304  26.490  34.258 0.0000000000
121723  35.716  26.529  34.931 0.0000000000
121724  32.108  26.663  34.932 0.0000000000
121725  31.394  26.143  34.446 0.0000000000
121726  21.427  26.460  34.813 0.0000000000
121727  20.842  26.597  34.409 0.0000000000
121730  41.601  27.357  32.941 0.0000000000
121731  41.366  27.260  32.818 0.0000000000
121732  39.699  27.152  32.893 0.0000000000
121733  39.031  26.880  32.883 0.0000000000
121734  37.984  26.324  33.063 0.0000000000
121735  37.043  26.434  33.651 0.0000000000
121736  32.090  26.607  33.937 0.0000000000
121737  31.404  26.105  33.565 0.0000000000
121738  21.073  26.099  34.057 0.0000000000
121739  20.466  26.335  33.642 0.0000000000
121740  19.844  26.592  33.226 0.0000000000
121744  41.619  27.216  32.656 0.0000000000
121745  40.957  26.947  32.481 0.0000000000
121746  39.761  26.551  32.385 0.0000000000
121747  38.684  26.017  32.630 0.0000000000
121748  38.172  25.725  32.752 0.0000000000
121749  31.950  26.493  33.157 0.0000000000
121750  31.408  26.133  32.549 0.0000000000
121751  30.775  25.626  32.295 0.0000000000
121752  20.150  26.181  32.845 0.0000000000
121753  19.374  26.636  32.365 0.0000000000
121754  18.738  27.090  32.044 0.0000000000
121758  41.457  26.892  31.881 0.0000000000
121759  40.364  26.525  31.741 0.0000000000
121760  39.629  26.105  31.569 0.0000000000
121761  31.563  26.724  31.376 0.0000000000
121762  31.017  25.903  31.588 0.0000000000
121763  19.219  26.277  31.294 0.0000000000
121764  18.722  26.770  31.491 0.0000000000
121767  41.165  27.027  31.229 0.0000000000
121768  40.580  26.748  31.192 0.0000000000
121769  39.539  26.349  30.733 0.0000000000
121770  38.827  26.106  30.439 0.0000000000
121771  31.474  27.132  30.787 0.0000000000
121772  31.094  26.548  30.522 0.0000000000
121773  19.223  26.004  30.706 0.0000000000
121774  18.481  26.474  30.396 0.0000000000
121775  17.718  27.103  30.079 0.0000000000
121778  39.230  26.646  30.076 0.0000000000
121779  38.553  26.332  29.727 0.0000000000
121780  37.933  25.853  29.444 0.0000000000
121781  30.510  26.507  29.711 0.0000000000
121782  29.937  26.440  28.936 0.0000000000
121783  18.300  26.170  29.173 0.0000000000
121784  17.699  26.835  29.399 0.0000000000
121787  38.225  26.614  28.381 0.0000000000
121788  37.748  25.901  28.791 0.0000000000
121789  29.230  26.605  28.117 0.0000000000
121790  28.760  27.177  27.818 0.0000000000
121791  18.379  25.829  28.080 0.0000000000
121792  17.719  26.542  28.407 0.0000000000
121795  38.212  26.621  27.103 0.0000000000
121796  37.607  25.834  27.535 0.0000000000
121797  29.033  26.110  27.768 0.0000000000
121798  28.544  26.673  27.362 0.0000000000
121799  27.920  26.971  26.904 0.0000000000
121800  18.399  25.984  27.020 0.0000000000
121801  17.799  26.468  27.407 0.0000000000
121806  38.367  26.262  25.898 0.0000000000
121807  37.882  25.874  26.585 0.0000000000
121808  28.522  25.900  27.080 0.0000000000
121809  27.894  26.276  26.559 0.0000000000
121810  27.244  26.884  26.403 0.0000000000
121811  19.381  26.124  25.750 0.0000000000
121812  18.702  26.330  26.187 0.0000000000
121813  18.032  26.550  26.666 0.0000000000
121818  39.392  26.605  24.441 0.0000000000
121819  38.802  26.314  24.833 0.0000000000
121820  27.491  25.800  26.162 0.0000000000
121821  26.900  26.407  25.872 0.0000000000
121822  25.680  26.395  25.159 0.0000000000
121823  24.554  26.846  25.104 0.0000000000
121824  23.588  27.096  25.164 0.0000000000
121825  22.967  27.307  25.290 0.0000000000
121826  20.592  26.349  25.090 0.0000000000
121827  19.869  26.437  25.326 0.0000000000
121828  19.112  26.712  25.538 0.0000000000
121831  40.351  26.682  23.544 0.0000000000
121832  39.780  26.573  23.847 0.0000000000
121833  39.178  26.115  23.937 0.0000000000
121834  25.440  25.861  24.764 0.0000000000
121835  24.905  26.072  24.677 0.0000000000
121836  23.925  26.324  24.697 0.0000000000
121837  22.756  26.685  24.863 0.0000000000
121838  21.754  26.386  24.813 0.0000000000
121839  21.091  26.310  24.927 0.0000000000
121842  42.404  26.710  22.370 0.0000000000
121843  41.706  26.662  22.694 0.0000000000
121844  40.816  26.573  23.018 0.0000000000
121845  40.075  26.291  23.087 0.0000000000
121846  39.563  26.083  23.396 0.0000000000
121852  42.789  26.686  21.697 0.0000000000
121853  41.985  26.370  21.957 0.0000000000
121854  41.142  26.300  22.175 0.0000000000
121855  40.509  26.235  22.530 0.0000000000
121863  42.098  26.251  21.124 0.0000000000
121864  41.529  26.212  21.546 0.0000000000
122642  33.969  27.996  39.018 0.0000000000
122643  33.420  27.399  38.835 0.0000000000
122644  32.895  27.105  38.842 0.0000000000
122654  35.146  28.053  38.208 0.0000000000
122655  34.422  27.738  38.572 0.0000000000
122656  33.805  27.355  38.754 0.0000000000
122657  32.304  26.786  38.529 0.0000000000
122658  31.942  26.360  38.414 0.0000000000
122659  23.603  27.678  38.474 0.0000000000
122667  35.357  27.816  37.619 0.0000000000
122668  34.740  27.380  37.937 0.0000000000
122669  32.179  27.213  37.913 0.0000000000
122670  31.820  26.553  38.064 0.0000000000
122671  23.279  27.561  37.844 0.0000000000
122672  22.811  27.486  37.193 0.0000000000
122681  36.276  27.879  36.136 0.0000000000
122682  35.569  27.538  36.665 0.0000000000
122683  34.964  27.193  37.302 0.0000000000
122684  32.120  27.252  36.996 0.0000000000
122685  31.799  26.708  37.427 0.0000000000
122686  22.146  27.481  36.433 0.0000000000
122687  21.661  27.849  36.303 0.0000000000
122690  37.360  28.076  34.941 0.0000000000
122691  36.681  27.842  35.379 0.0000000000
122692  35.881  27.330  35.588 0.0000000000
122693  32.817  27.760  35.914 0.0000000000
122694  32.415  27.397  36.250 0.0000000000
122695  21.974  27.095  35.844 0.0000000000
122696  21.324  27.414  35.592 0.0000000000
122697  20.598  27.807  35.403 0.0000000000
122700  41.684  27.834  33.356 0.0000000000
122701  41.081  27.891  33.657 0.0000000000
122702  40.123  28.084  33.955 0.0000000000
122703  39.038  28.182  34.123 0.0000000000
122704  37.934  28.013  34.273 0.0000000000
122705  36.964  27.401  34.345 0.0000000000
122706  36.232  27.182  34.841 0.0000000000
122707  33.084  27.921  35.319 0.0000000000
122708  32.580  27.293  35.469 0.0000000000
122709  20.975  26.929  34.859 0.0000000000
122710  20.230  27.335  34.606 0.0000000000
122711  19.174  27.951  34.314 0.0000000000
122712  18.773  28.354  34.152 0.0000000000
122715  42.576  27.709  32.837 0.0000000000
122716  42.000  27.582  33.052 0.0000000000
122717  41.291  27.441  33.103 0.0000000000
122718  40.367  27.428  33.149 0.0000000000
122719  39.508  27.531  33.406 0.0000000000
122720  38.524  27.426  33.465 0.0000000000
122721  37.649  27.191  33.647 0.0000000000
122722  33.242  28.146  34.747 0.0000000000
122723  32.821  27.526  34.398 0.0000000000
122724  19.945  26.811  33.762 0.0000000000
122725  19.332  27.221  33.452 0.0000000000
122726  18.686  28.001  33.701 0.0000000000
122729  43.543  27.815  32.091 0.0000000000
122730  42.908  27.685  32.374 0.0000000000
122731  42.174  27.367  32.492 0.0000000000
122732  41.129  27.210  32.821 0.0000000000
122733  40.740  27.162  32.772 0.0000000000
122734  32.554  27.324  33.078 0.0000000000
122735  32.109  26.725  32.659 0.0000000000
122736  19.053  27.130  32.841 0.0000000000
122737  18.467  27.612  32.688 0.0000000000
122738  17.811  28.215  32.413 0.0000000000
122742  44.485  28.320  31.157 0.0000000000
122743  43.916  27.903  31.510 0.0000000000
122744  42.986  27.669  31.641 0.0000000000
122745  42.331  27.311  31.915 0.0000000000
122746  32.601  27.876  32.401 0.0000000000
122747  32.210  27.344  31.968 0.0000000000
122748  18.317  27.332  31.653 0.0000000000
122749  17.808  27.950  31.833 0.0000000000
122753  44.720  28.434  30.814 0.0000000000
122754  44.230  28.233  30.566 0.0000000000
122755  43.158  27.901  30.722 0.0000000000
122756  41.898  27.390  30.948 0.0000000000
122757  40.746  27.098  30.670 0.0000000000
122758  40.177  26.767  30.662 0.0000000000
122759  31.708  27.690  31.033 0.0000000000
122760  31.215  27.736  30.406 0.0000000000
122761  18.285  26.986  31.109 0.0000000000
122762  17.713  27.496  30.825 0.0000000000
122766  44.100  28.347  29.898 0.0000000000
122767  43.488  28.203  29.875 0.0000000000
122768  42.260  28.067  29.472 0.0000000000
122769  40.906  27.631  29.744 0.0000000000
122770  39.787  27.056  29.991 0.0000000000
122771  39.120  26.796  29.747 0.0000000000
122772  30.689  27.554  29.824 0.0000000000
122773  30.088  27.518  29.206 0.0000000000
122774  17.111  27.734  29.636 0.0000000000
122775  16.700  28.353  29.203 0.0000000000
122779  41.912  28.292  28.511 0.0000000000
122780  41.080  28.126  28.278 0.0000000000
122781  39.876  27.622  28.785 0.0000000000
122782  38.996  27.075  29.132 0.0000000000
122783  29.422  27.559  28.632 0.0000000000
122784  28.767  27.645  28.210 0.0000000000
122785  17.198  27.278  28.588 0.0000000000
122786  16.732  28.057  28.614 0.0000000000
122790  40.811  28.170  26.935 0.0000000000
122791  39.915  27.797  27.425 0.0000000000
122792  38.952  27.276  27.887 0.0000000000
122793  28.257  27.706  27.761 0.0000000000
122794  27.554  27.706  27.210 0.0000000000
122795  26.763  28.166  27.240 0.0000000000
122796  17.311  26.993  27.736 0.0000000000
122797  16.872  27.682  27.702 0.0000000000
122801  41.691  28.128  25.800 0.0000000000
122802  41.230  28.012  26.011 0.0000000000
122803  40.170  27.730  26.170 0.0000000000
122804  39.028  27.228  26.430 0.0000000000
122805  27.477  27.128  26.691 0.0000000000
122806  26.574  27.668  26.606 0.0000000000
122807  25.365  27.900  26.361 0.0000000000
122808  24.400  28.041  26.270 0.0000000000
122809  23.531  28.114  26.219 0.0000000000
122810  22.860  28.171  26.090 0.0000000000
122811  18.084  26.866  26.225 0.0000000000
122812  17.406  27.315  26.615 0.0000000000
122816  42.504  28.113  24.933 0.0000000000
122817  41.933  28.054  25.255 0.0000000000
122818  40.796  27.632  25.151 0.0000000000
122819  39.592  27.102  25.126 0.0000000000
122820  38.904  26.748  25.575 0.0000000000
122821  25.946  27.195  25.879 0.0000000000
122822  25.022  27.366  25.694 0.0000000000
122823  24.058  27.561  25.654 0.0000000000
122824  23.209  27.659  25.673 0.0000000000
122825  22.350  27.714  25.503 0.0000000000
122826  21.393  27.611  25.164 0.0000000000
122827  20.519  27.228  25.055 0.0000000000
122828  19.420  27.428  25.103 0.0000000000
122829  18.327  27.395  25.538 0.0000000000
122833  44.560  27.921  23.983 0.0000000000
122834  44.082  27.857  24.052 0.0000000000
122835  42.880  27.848  24.393 0.0000000000
122836  41.647  27.454  24.264 0.0000000000
122837  40.454  27.084  24.154 0.0000000000
122838  39.768  26.869  24.397 0.0000000000
122839  21.888  27.077  25.024 0.0000000000
122840  21.244  26.893  24.956 0.0000000000
122841  20.860  26.693  24.992 0.0000000000
122842  18.834  27.949  24.922 0.0000000000
122846  45.217  28.053  23.402 0.0000000000
122847  44.813  27.891  23.578 0.0000000000
122848  43.819  27.547  23.332 0.0000000000
122849  42.562  27.104  23.147 0.0000000000
122850  41.305  26.972  23.471 0.0000000000
122851  40.713  26.840  23.553 0.0000000000
122853  45.185  27.997  23.122 0.0000000000
122854  44.704  27.702  22.646 0.0000000000
122855  43.675  27.152  22.177 0.0000000000
122856  42.883  26.882  22.343 0.0000000000
123621  34.006  28.551  39.039 0.0000000000
123622  33.589  28.188  38.888 0.0000000000
123623  33.199  27.641  38.834 0.0000000000
123632  35.959  29.023  38.269 0.0000000000
123633  35.306  28.705  38.603 0.0000000000
123634  34.471  28.619  38.894 0.0000000000
123635  33.469  28.488  38.592 0.0000000000
123636  32.896  27.773  38.505 0.0000000000
123638  23.326  28.507  38.292 0.0000000000
123645  37.180  29.520  37.439 0.0000000000
123646  36.657  29.272  37.773 0.0000000000
123647  35.816  28.521  37.859 0.0000000000
123648  33.211  28.540  37.997 0.0000000000
123649  32.752  27.852  37.595 0.0000000000
123650  23.426  28.111  38.175 0.0000000000
123651  22.955  28.320  37.804 0.0000000000
123652  22.346  28.637  37.491 0.0000000000
123660  38.344  29.476  36.429 0.0000000000
123661  37.631  29.385  36.833 0.0000000000
123662  36.528  28.414  36.864 0.0000000000
123663  35.826  28.094  37.310 0.0000000000
123664  33.205  28.576  37.193 0.0000000000
123665  32.776  27.860  36.759 0.0000000000
123666  22.446  28.067  37.140 0.0000000000
123667  21.799  28.424  36.875 0.0000000000
123668  21.154  28.734  36.586 0.0000000000
123671  39.298  29.241  35.577 0.0000000000
123672  38.707  29.204  35.934 0.0000000000
123673  37.516  28.483  35.804 0.0000000000
123674  36.747  28.184  36.069 0.0000000000
123675  33.253  28.416  36.153 0.0000000000
123676  32.820  27.830  36.281 0.0000000000
123677  21.335  28.161  36.270 0.0000000000
123678  20.657  28.450  35.981 0.0000000000
123679  19.963  28.757  35.668 0.0000000000
123682  42.224  28.415  33.450 0.0000000000
123683  41.815  28.351  33.614 0.0000000000
123684  40.806  28.641  34.245 0.0000000000
123685  39.595  28.932  34.988 0.0000000000
123686  38.437  28.585  35.013 0.0000000000
123687  37.821  28.315  35.017 0.0000000000
123688  33.529  28.655  35.112 0.0000000000
123689  20.185  28.143  35.364 0.0000000000
123690  19.514  28.496  35.076 0.0000000000
123691  18.879  28.735  34.544 0.0000000000
123694  43.124  28.369  32.943 0.0000000000
123695  42.614  28.260  33.205 0.0000000000
123696  42.050  27.987  33.308 0.0000000000
123697  33.427  28.589  34.171 0.0000000000
123698  33.081  28.104  33.523 0.0000000000
123699  18.457  28.819  33.976 0.0000000000
123700  17.989  28.990  33.573 0.0000000000
123703  44.007  28.379  32.282 0.0000000000
123704  43.522  28.268  32.548 0.0000000000
123705  42.965  27.921  32.805 0.0000000000
123706  33.364  28.825  33.341 0.0000000000
123707  32.952  28.497  32.693 0.0000000000
123708  18.233  28.386  33.403 0.0000000000
123709  17.700  28.662  32.974 0.0000000000
123712  44.274  28.360  31.868 0.0000000000
123713  43.953  27.954  32.099 0.0000000000
123714  32.451  28.508  31.985 0.0000000000
123715  31.951  28.551  31.335 0.0000000000
123716  17.342  28.747  32.123 0.0000000000
123717  16.930  29.082  31.538 0.0000000000
123721  45.733  29.192  30.598 0.0000000000
123722  45.143  28.750  30.860 0.0000000000
123723  44.877  28.554  30.409 0.0000000000
123724  31.190  28.800  30.751 0.0000000000
123725  30.415  28.684  30.168 0.0000000000
123726  29.608  28.914  29.893 0.0000000000
123727  17.248  28.414  31.271 0.0000000000
123728  16.731  29.044  30.808 0.0000000000
123732  46.243  29.180  29.995 0.0000000000
123733  45.560  28.707  29.848 0.0000000000
123734  44.706  28.538  29.679 0.0000000000
123735  43.938  28.453  29.282 0.0000000000
123736  43.167  28.356  29.083 0.0000000000
123737  30.055  28.299  29.599 0.0000000000
123738  29.186  28.590  29.277 0.0000000000
123739  28.102  28.852  29.103 0.0000000000
123740  27.446  28.944  28.924 0.0000000000
123741  17.025  28.264  30.479 0.0000000000
123742  16.627  28.837  29.771 0.0000000000
123746  46.438  28.886  29.011 0.0000000000
123747  45.553  28.676  28.826 0.0000000000
123748  44.597  28.591  28.580 0.0000000000
123749  43.635  28.564  28.362 0.0000000000
123750  42.602  28.478  28.290 0.0000000000
123751  41.846  28.419  27.906 0.0000000000
123752  28.736  28.279  28.675 0.0000000000
123753  28.026  28.439  28.396 0.0000000000
123754  27.053  28.821  28.493 0.0000000000
123755  26.092  28.965  28.377 0.0000000000
123756  25.100  29.136  28.236 0.0000000000
123757  24.369  29.227  28.057 0.0000000000
123763  46.369  28.827  27.929 0.0000000000
123764  45.392  28.652  27.724 0.0000000000
123765  44.349  28.587  27.508 0.0000000000
123766  43.312  28.577  27.340 0.0000000000
123767  42.345  28.510  27.181 0.0000000000
123768  41.522  28.377  27.168 0.0000000000
123769  27.578  28.291  27.893 0.0000000000
123770  26.856  28.488  27.762 0.0000000000
123771  25.968  28.538  27.547 0.0000000000
123772  24.897  28.758  27.614 0.0000000000
123773  23.986  28.991  27.600 0.0000000000
123774  23.210  28.977  27.344 0.0000000000
123775  22.712  28.981  26.985 0.0000000000
123781  46.210  28.703  26.839 0.0000000000
123782  45.159  28.583  26.620 0.0000000000
123783  44.084  28.504  26.434 0.0000000000
123784  43.026  28.466  26.274 0.0000000000
123785  41.977  28.285  26.112 0.0000000000
123786  41.358  28.233  26.557 0.0000000000
123787  25.502  28.338  26.986 0.0000000000
123788  24.639  28.449  26.964 0.0000000000
123789  23.760  28.543  26.873 0.0000000000
123790  23.033  28.597  26.668 0.0000000000
123791  22.412  28.656  26.218 0.0000000000
123798  45.968  28.634  25.742 0.0000000000
123799  44.917  28.434  25.522 0.0000000000
123800  43.833  28.332  25.402 0.0000000000
123801  42.757  28.245  25.240 0.0000000000
123802  42.200  28.222  25.537 0.0000000000
123803  21.657  28.393  25.458 0.0000000000
123804  20.844  28.171  25.103 0.0000000000
123805  20.052  28.236  24.921 0.0000000000
123806  19.331  28.207  24.819 0.0000000000
123812  45.717  28.462  24.688 0.0000000000
123813  44.699  28.130  24.346 0.0000000000
123814  43.554  28.111  24.675 0.0000000000
123815  43.051  28.119  24.733 0.0000000000
123822  46.287  28.686  24.189 0.0000000000
123823  45.530  28.303  23.578 0.0000000000
123824  45.072  28.044  23.819 0.0000000000
123827  45.289  28.263  22.554 0.0000000000
124606  33.875  28.724  39.012 0.0000000000
124607  33.760  28.744  38.836 0.0000000000
124616  35.929  29.623  38.480 0.0000000000
124617  34.983  29.471  38.788 0.0000000000
124618  34.156  29.159  38.855 0.0000000000
124619  33.698  29.151  38.447 0.0000000000
124630  37.288  29.903  37.652 0.0000000000
124631  36.679  29.955  38.190 0.0000000000
124632  33.540  29.339  37.691 0.0000000000
124633  22.580  29.032  37.960 0.0000000000
124634  21.902  29.455  37.641 0.0000000000
124635  21.170  29.834  37.319 0.0000000000
124643  39.226  30.132  36.094 0.0000000000
124644  38.675  29.857  36.411 0.0000000000
124645  37.958  30.123  37.128 0.0000000000
124646  33.615  29.452  36.769 0.0000000000
124647  21.337  29.185  37.033 0.0000000000
124648  20.624  29.541  36.705 0.0000000000
124649  19.932  29.907  36.318 0.0000000000
124652  40.040  29.938  35.247 0.0000000000
124653  39.488  29.665  35.647 0.0000000000
124654  38.998  29.547  36.067 0.0000000000
124655  33.810  29.538  35.693 0.0000000000
124656  20.105  29.229  36.099 0.0000000000
124657  19.451  29.592  35.684 0.0000000000
124658  18.836  29.935  35.224 0.0000000000
124660  42.183  28.707  33.568 0.0000000000
124661  41.563  29.311  34.054 0.0000000000
124662  40.298  29.525  34.827 0.0000000000
124663  39.823  29.359  35.201 0.0000000000
124664  33.764  29.599  34.558 0.0000000000
124665  19.004  29.262  35.048 0.0000000000
124666  18.503  29.645  34.584 0.0000000000
124668  43.123  28.693  33.012 0.0000000000
124669  42.515  29.368  33.394 0.0000000000
124670  41.897  29.757  33.762 0.0000000000
124671  33.532  29.563  33.641 0.0000000000
124672  18.054  29.615  33.937 0.0000000000
124673  17.665  29.583  33.430 0.0000000000
124675  44.046  28.669  32.288 0.0000000000
124676  43.477  29.349  32.601 0.0000000000
124677  42.832  29.792  32.957 0.0000000000
124678  33.154  29.568  32.917 0.0000000000
124679  32.399  29.606  32.246 0.0000000000
124680  31.694  29.877  31.824 0.0000000000
124681  17.223  29.665  32.712 0.0000000000
124684  44.432  29.258  31.734 0.0000000000
124685  43.877  29.715  32.067 0.0000000000
124686  32.021  29.256  31.677 0.0000000000
124687  31.268  29.606  31.360 0.0000000000
124688  30.339  29.976  31.261 0.0000000000
124689  29.711  30.002  31.078 0.0000000000
124690  16.961  29.476  31.999 0.0000000000
124695  45.212  29.417  30.843 0.0000000000
124696  30.799  29.490  31.003 0.0000000000
124697  30.329  29.474  30.752 0.0000000000
124698  29.391  29.597  30.547 0.0000000000
124699  28.290  29.744  30.498 0.0000000000
124700  27.267  29.826  30.380 0.0000000000
124701  26.441  29.968  30.206 0.0000000000
124707  28.924  29.266  29.981 0.0000000000
124708  28.125  29.265  29.822 0.0000000000
124709  27.045  29.362  29.577 0.0000000000
124710  25.830  29.894  29.731 0.0000000000
124711  24.834  30.138  29.391 0.0000000000
124712  24.418  30.244  29.003 0.0000000000
124718  26.975  29.117  29.029 0.0000000000
124719  26.364  29.285  29.062 0.0000000000
124720  25.335  29.540  28.959 0.0000000000
124721  24.181  29.767  28.579 0.0000000000
124722  23.615  29.879  28.278 0.0000000000
124728  23.942  29.421  28.073 0.0000000000
124729  23.465  29.568  27.920 0.0000000000
124730  22.980  29.431  27.376 0.0000000000
125583  36.222  30.638  38.328 0.0000000000
125584  35.409  30.415  38.534 0.0000000000
125585  34.532  30.227  38.372 0.0000000000
125586  34.076  29.606  38.475 0.0000000000
125597  37.428  30.888  37.372 0.0000000000
125598  36.830  30.548  37.904 0.0000000000
125599  34.158  30.729  37.705 0.0000000000
125600  33.912  29.915  38.085 0.0000000000
125601  21.338  30.502  37.817 0.0000000000
125602  20.685  30.549  37.312 0.0000000000
125611  39.469  30.368  35.831 0.0000000000
125612  39.007  30.718  36.100 0.0000000000
125613  38.217  30.787  36.661 0.0000000000
125614  34.040  30.895  37.105 0.0000000000
125615  33.856  30.173  37.327 0.0000000000
125616  20.094  30.587  36.764 0.0000000000
125617  19.523  30.641  36.191 0.0000000000
125621  40.301  30.143  34.943 0.0000000000
125622  39.917  30.480  35.346 0.0000000000
125623  39.489  30.852  35.665 0.0000000000
125624  34.042  31.186  36.807 0.0000000000
125625  33.957  30.635  36.385 0.0000000000
125626  18.988  30.629  35.598 0.0000000000
125627  18.487  30.619  35.007 0.0000000000
125630  41.560  30.035  33.995 0.0000000000
125631  40.863  30.222  34.396 0.0000000000
125632  40.316  30.551  34.779 0.0000000000
125633  33.892  30.673  35.079 0.0000000000
125634  17.921  30.566  34.278 0.0000000000
125635  17.574  31.074  33.977 0.0000000000
125637  42.452  30.124  33.148 0.0000000000
125638  41.844  30.268  33.568 0.0000000000
125639  41.328  30.462  33.955 0.0000000000
125640  33.449  30.688  33.837 0.0000000000
125641  32.844  31.188  33.493 0.0000000000
125642  17.757  30.080  33.790 0.0000000000
125643  17.411  30.567  33.477 0.0000000000
125649  33.269  30.143  33.282 0.0000000000
125650  32.636  30.699  32.923 0.0000000000
125651  31.412  30.672  32.213 0.0000000000
125652  30.167  31.107  32.249 0.0000000000
125653  29.446  31.344  32.339 0.0000000000
125665  31.266  30.169  31.747 0.0000000000
125666  30.630  30.428  31.712 0.0000000000
125667  29.282  30.723  31.720 0.0000000000
125668  27.933  30.802  31.640 0.0000000000
125669  26.914  30.939  31.569 0.0000000000
125670  26.180  31.271  31.455 0.0000000000
125671  25.928  31.485  31.379 0.0000000000
125682  29.235  30.158  31.112 0.0000000000
125683  28.594  30.237  31.098 0.0000000000
125684  27.527  30.324  31.046 0.0000000000
125685  26.358  30.557  30.824 0.0000000000
125686  25.754  31.180  31.030 0.0000000000
125697  25.953  30.307  30.265 0.0000000000
125698  25.352  30.680  30.212 0.0000000000
126629  36.171  31.147  38.227 0.0000000000
126630  35.756  31.319  38.314 0.0000000000
126631  34.995  31.214  38.325 0.0000000000
126640  37.181  31.634  37.293 0.0000000000
126641  36.505  31.512  37.829 0.0000000000
126642  35.750  32.163  37.970 0.0000000000
126643  34.538  31.375  37.875 0.0000000000
126654  38.474  31.420  36.171 0.0000000000
126655  37.707  31.769  36.715 0.0000000000
126656  34.217  31.723  37.104 0.0000000000
126657  33.894  32.123  36.376 0.0000000000
126658  20.256  31.275  37.218 0.0000000000
126659  19.678  31.610  36.716 0.0000000000
126662  39.676  31.038  35.339 0.0000000000
126663  39.170  31.552  35.491 0.0000000000
126664  34.006  31.476  36.489 0.0000000000
126665  33.766  31.710  35.671 0.0000000000
126666  19.131  31.506  35.963 0.0000000000
126667  18.654  31.474  35.396 0.0000000000
126670  40.495  30.722  34.470 0.0000000000
126671  39.974  31.110  34.732 0.0000000000
126673  33.267  31.728  34.594 0.0000000000
126674  32.586  32.039  34.142 0.0000000000
126675  18.180  31.463  34.835 0.0000000000
126676  17.735  31.539  34.333 0.0000000000
126679  41.357  30.656  33.727 0.0000000000
126680  40.806  30.905  34.003 0.0000000000
126684  32.924  31.524  33.864 0.0000000000
126685  32.151  31.744  33.546 0.0000000000
126686  30.995  32.071  33.301 0.0000000000
126687  30.207  32.181  33.075 0.0000000000
126692  41.366  30.836  33.413 0.0000000000
126698  31.589  31.406  32.880 0.0000000000
126699  30.658  31.565  32.727 0.0000000000
126700  29.697  31.810  32.750 0.0000000000
126701  28.757  31.684  32.553 0.0000000000
126702  27.711  31.850  32.423 0.0000000000
126703  26.942  31.867  32.203 0.0000000000
126704  26.478  31.899  32.094 0.0000000000
126716  28.164  31.302  32.098 0.0000000000
126717  27.322  31.385  32.020 0.0000000000
126718  26.588  31.554  31.879 0.0000000000
126719  26.103  31.778  31.687 0.0000000000
126720  25.873  31.546  31.200 0.0000000000
126730  26.026  31.889  31.054 0.0000000000
126731  25.652  31.442  30.576 0.0000000000
127674  35.148  32.011  38.066 0.0000000000
127675  34.788  31.791  37.979 0.0000000000
127686  36.910  32.313  37.082 0.0000000000
127687  36.057  32.917  37.363 0.0000000000
127688  35.217  32.907  37.726 0.0000000000
127689  34.452  32.576  37.503 0.0000000000
127690  33.841  33.234  37.214 0.0000000000
127704  34.173  32.365  37.177 0.0000000000
127705  33.805  32.762  36.837 0.0000000000
127706  19.139  32.578  36.185 0.0000000000
127707  18.766  33.063  35.827 0.0000000000
127713  33.265  32.803  35.781 0.0000000000
127714  32.639  33.213  35.426 0.0000000000
127715  18.827  32.037  35.692 0.0000000000
127716  18.349  32.536  35.256 0.0000000000
127723  33.242  32.313  35.162 0.0000000000
127724  32.406  32.832  34.736 0.0000000000
127725  31.005  33.321  34.497 0.0000000000
127726  30.303  33.563  34.360 0.0000000000
127727  17.976  32.014  34.685 0.0000000000
127735  32.144  32.314  34.064 0.0000000000
127736  31.455  32.588  33.917 0.0000000000
127737  30.098  32.993  33.585 0.0000000000
127738  28.916  33.011  33.329 0.0000000000
127739  28.448  32.990  33.175 0.0000000000
127747  29.752  32.385  33.083 0.0000000000
127748  29.172  32.415  33.060 0.0000000000
127749  28.229  32.537  32.858 0.0000000000
127750  27.289  32.330  32.313 0.0000000000
127751  26.751  32.066  32.180 0.0000000000
127757  27.023  32.502  31.930 0.0000000000
127758  26.563  32.159  32.026 0.0000000000
127766  26.440  32.204  31.543 0.0000000000
127776  26.489  32.219  30.911 0.0000000000
128623  33.825  33.703  37.463 0.0000000000
128635  33.241  33.790  36.872 0.0000000000
128645  33.253  33.311  36.355 0.0000000000
128646  32.511  33.655  35.940 0.0000000000
128657  32.291  33.369  35.332 0.0000000000
128658  31.656  33.641  35.255 0.0000000000
128681  27.819  32.729  32.638 0.0000000000
