#!ascii label  , from subject colin27_FS vox2ras=TkReg
2184
608  17.242  -82.290  -24.596 0.0000000000
613  16.979  -81.826  -25.648 0.0000000000
614  17.068  -82.278  -25.764 0.0000000000
618  16.698  -81.609  -26.007 0.0000000000
619  16.565  -81.572  -26.310 0.0000000000
620  15.759  -81.316  -26.660 0.0000000000
624  16.645  -81.608  -26.679 0.0000000000
625  15.861  -81.387  -27.110 0.0000000000
843  18.834  -81.359  -21.642 0.0000000000
849  18.709  -81.043  -22.765 0.0000000000
850  18.242  -81.805  -22.524 0.0000000000
855  18.438  -80.851  -23.154 0.0000000000
856  18.175  -81.187  -23.462 0.0000000000
857  17.800  -82.022  -23.204 0.0000000000
862  17.607  -80.967  -24.138 0.0000000000
863  17.541  -81.671  -24.172 0.0000000000
868  17.232  -80.994  -24.642 0.0000000000
869  16.878  -81.306  -25.251 0.0000000000
870  15.899  -80.979  -25.807 0.0000000000
871  15.171  -80.962  -26.111 0.0000000000
876  16.455  -81.453  -25.949 0.0000000000
877  15.768  -81.252  -26.309 0.0000000000
878  14.893  -81.085  -26.719 0.0000000000
879  14.020  -81.054  -27.202 0.0000000000
887  14.722  -81.000  -27.559 0.0000000000
888  13.980  -80.930  -27.612 0.0000000000
897  14.052  -80.822  -28.048 0.0000000000
1133  19.077  -80.609  -21.286 0.0000000000
1140  18.865  -80.361  -22.141 0.0000000000
1150  18.323  -80.313  -23.089 0.0000000000
1151  17.720  -80.482  -23.755 0.0000000000
1152  14.993  -79.935  -23.709 0.0000000000
1153  14.183  -80.129  -23.951 0.0000000000
1154  13.580  -80.060  -24.417 0.0000000000
1163  17.129  -80.562  -24.316 0.0000000000
1164  16.348  -80.321  -24.496 0.0000000000
1165  15.227  -80.240  -24.525 0.0000000000
1166  14.203  -80.242  -24.819 0.0000000000
1167  13.505  -80.058  -24.960 0.0000000000
1168  13.114  -79.893  -24.931 0.0000000000
1177  17.025  -80.784  -24.570 0.0000000000
1178  16.791  -80.765  -24.785 0.0000000000
1179  16.045  -80.620  -25.152 0.0000000000
1180  14.985  -80.562  -25.486 0.0000000000
1181  13.972  -80.385  -25.589 0.0000000000
1182  13.170  -80.024  -25.582 0.0000000000
1191  14.499  -80.781  -26.093 0.0000000000
1192  13.747  -80.614  -26.502 0.0000000000
1193  12.879  -79.878  -26.684 0.0000000000
1202  13.408  -80.530  -27.542 0.0000000000
1203  12.940  -79.786  -27.572 0.0000000000
1213  13.659  -80.014  -28.459 0.0000000000
1214  13.111  -79.991  -27.994 0.0000000000
1465  18.961  -79.662  -21.174 0.0000000000
1472  18.218  -79.305  -22.407 0.0000000000
1473  17.008  -79.024  -22.733 0.0000000000
1474  15.916  -78.937  -22.781 0.0000000000
1475  14.946  -78.885  -22.873 0.0000000000
1476  14.388  -78.857  -22.878 0.0000000000
1484  18.103  -79.765  -23.017 0.0000000000
1485  17.576  -79.744  -23.372 0.0000000000
1486  16.460  -79.501  -23.370 0.0000000000
1487  15.415  -79.430  -23.318 0.0000000000
1488  14.291  -79.303  -23.307 0.0000000000
1489  13.207  -79.481  -23.919 0.0000000000
1490  12.482  -78.909  -24.195 0.0000000000
1491  12.365  -78.571  -24.382 0.0000000000
1498  17.322  -80.216  -23.872 0.0000000000
1499  16.825  -80.019  -23.941 0.0000000000
1500  15.897  -79.942  -23.888 0.0000000000
1501  13.175  -79.871  -24.567 0.0000000000
1502  12.851  -79.410  -24.808 0.0000000000
1503  12.473  -78.804  -24.590 0.0000000000
1513  12.836  -79.289  -25.746 0.0000000000
1523  12.726  -79.043  -26.480 0.0000000000
1533  12.757  -79.016  -27.325 0.0000000000
1542  13.533  -79.148  -28.765 0.0000000000
1543  13.037  -79.291  -28.172 0.0000000000
1791  18.923  -78.884  -20.252 0.0000000000
1804  18.393  -78.563  -21.201 0.0000000000
1805  17.749  -78.093  -21.557 0.0000000000
1806  17.102  -77.871  -21.800 0.0000000000
1812  17.997  -78.598  -21.864 0.0000000000
1813  17.441  -78.478  -22.160 0.0000000000
1814  16.391  -78.112  -22.288 0.0000000000
1815  15.333  -78.226  -22.561 0.0000000000
1816  14.375  -78.326  -22.661 0.0000000000
1817  13.718  -78.313  -22.772 0.0000000000
1823  14.003  -78.745  -22.884 0.0000000000
1824  13.416  -78.639  -23.186 0.0000000000
1825  12.737  -78.407  -23.708 0.0000000000
1826  12.300  -78.167  -24.160 0.0000000000
1833  12.549  -78.777  -25.142 0.0000000000
1834  12.342  -78.220  -24.713 0.0000000000
1842  16.248  -77.798  -26.042 0.0000000000
1843  15.956  -78.102  -26.066 0.0000000000
1844  15.467  -77.996  -26.134 0.0000000000
1845  12.678  -78.570  -25.886 0.0000000000
1846  12.461  -78.181  -25.359 0.0000000000
1856  16.359  -78.061  -26.450 0.0000000000
1857  15.718  -78.317  -26.660 0.0000000000
1858  14.950  -78.127  -26.621 0.0000000000
1859  12.812  -78.359  -26.691 0.0000000000
1867  17.090  -78.080  -28.005 0.0000000000
1868  16.425  -78.272  -27.418 0.0000000000
1869  15.305  -78.302  -27.443 0.0000000000
1870  14.571  -78.042  -27.432 0.0000000000
1871  13.229  -78.045  -27.969 0.0000000000
1872  12.956  -78.203  -27.436 0.0000000000
1876  17.914  -77.834  -28.877 0.0000000000
1877  17.282  -77.959  -28.664 0.0000000000
1878  16.551  -78.118  -28.545 0.0000000000
1879  15.522  -78.097  -28.536 0.0000000000
1880  14.916  -78.160  -27.995 0.0000000000
1881  13.472  -78.487  -28.589 0.0000000000
1882  12.965  -78.552  -27.957 0.0000000000
1886  17.879  -77.740  -29.356 0.0000000000
1887  17.492  -77.849  -29.208 0.0000000000
1888  16.883  -77.842  -29.283 0.0000000000
1889  16.186  -77.827  -29.255 0.0000000000
1890  13.852  -78.680  -29.280 0.0000000000
2170  18.583  -77.606  -18.932 0.0000000000
2184  18.499  -77.653  -20.075 0.0000000000
2185  17.980  -77.187  -20.632 0.0000000000
2197  18.011  -77.773  -20.946 0.0000000000
2198  17.445  -77.295  -21.279 0.0000000000
2199  16.530  -77.249  -21.749 0.0000000000
2200  15.881  -77.099  -21.947 0.0000000000
2206  16.122  -77.489  -22.111 0.0000000000
2207  15.616  -77.555  -22.234 0.0000000000
2208  14.720  -77.552  -22.318 0.0000000000
2209  13.614  -77.519  -22.595 0.0000000000
2210  12.680  -76.953  -22.954 0.0000000000
2211  12.255  -76.662  -23.252 0.0000000000
2216  13.370  -78.128  -22.849 0.0000000000
2217  12.933  -77.870  -23.090 0.0000000000
2218  12.329  -77.254  -23.647 0.0000000000
2226  12.125  -77.260  -24.457 0.0000000000
2235  17.265  -76.932  -26.255 0.0000000000
2236  16.709  -77.340  -26.146 0.0000000000
2237  15.911  -77.551  -25.749 0.0000000000
2238  15.114  -77.464  -26.061 0.0000000000
2239  12.749  -77.687  -25.969 0.0000000000
2240  12.367  -77.514  -25.171 0.0000000000
2249  17.267  -77.287  -26.652 0.0000000000
2250  16.847  -77.830  -26.813 0.0000000000
2251  14.363  -77.528  -26.603 0.0000000000
2252  13.807  -77.428  -26.791 0.0000000000
2253  13.247  -77.594  -26.847 0.0000000000
2260  18.700  -77.044  -28.143 0.0000000000
2261  18.139  -77.109  -27.753 0.0000000000
2262  17.289  -77.694  -27.351 0.0000000000
2263  16.860  -77.970  -27.172 0.0000000000
2264  14.078  -77.788  -27.548 0.0000000000
2265  13.567  -77.844  -27.504 0.0000000000
2266  13.224  -77.946  -27.449 0.0000000000
2274  21.169  -76.846  -28.947 0.0000000000
2275  20.332  -77.019  -28.858 0.0000000000
2276  19.279  -77.177  -28.599 0.0000000000
2277  18.393  -77.460  -28.489 0.0000000000
2278  17.691  -77.710  -28.170 0.0000000000
2279  15.077  -77.778  -29.019 0.0000000000
2280  14.612  -77.939  -28.387 0.0000000000
2281  13.895  -77.900  -28.450 0.0000000000
2293  19.830  -77.397  -29.615 0.0000000000
2294  18.562  -77.595  -29.504 0.0000000000
2295  17.502  -77.523  -29.852 0.0000000000
2296  16.545  -77.329  -29.915 0.0000000000
2297  15.655  -77.504  -29.640 0.0000000000
2298  14.794  -77.789  -29.396 0.0000000000
2299  13.965  -78.028  -29.490 0.0000000000
2635  18.283  -76.947  -18.516 0.0000000000
2649  18.251  -76.822  -19.310 0.0000000000
2650  18.011  -76.280  -19.554 0.0000000000
2663  18.303  -77.065  -19.807 0.0000000000
2664  18.096  -76.739  -20.026 0.0000000000
2673  17.569  -76.549  -20.655 0.0000000000
2674  16.863  -76.491  -21.178 0.0000000000
2675  15.889  -76.373  -21.487 0.0000000000
2676  14.877  -75.986  -21.682 0.0000000000
2677  14.041  -75.799  -21.891 0.0000000000
2685  15.198  -76.890  -21.943 0.0000000000
2686  14.251  -76.662  -22.095 0.0000000000
2687  13.226  -76.046  -22.449 0.0000000000
2688  12.311  -76.112  -22.987 0.0000000000
2689  11.977  -76.261  -23.493 0.0000000000
2701  11.820  -76.448  -24.048 0.0000000000
2714  17.292  -75.848  -24.949 0.0000000000
2715  16.629  -76.214  -25.059 0.0000000000
2716  16.055  -76.441  -25.220 0.0000000000
2717  11.912  -76.359  -24.589 0.0000000000
2729  19.531  -75.875  -26.037 0.0000000000
2730  18.956  -75.947  -26.007 0.0000000000
2731  17.585  -76.393  -25.715 0.0000000000
2732  16.402  -76.818  -25.539 0.0000000000
2733  15.555  -76.707  -25.601 0.0000000000
2734  14.781  -76.742  -26.094 0.0000000000
2735  12.589  -76.943  -25.621 0.0000000000
2736  12.208  -76.665  -25.102 0.0000000000
2745  20.257  -76.058  -26.750 0.0000000000
2746  19.717  -76.095  -26.487 0.0000000000
2747  18.437  -76.504  -26.647 0.0000000000
2748  17.641  -76.791  -26.470 0.0000000000
2749  14.245  -76.643  -26.423 0.0000000000
2750  13.759  -76.558  -26.554 0.0000000000
2751  13.118  -76.570  -26.253 0.0000000000
2757  21.176  -76.121  -27.698 0.0000000000
2758  20.343  -76.228  -27.312 0.0000000000
2759  19.090  -76.617  -27.577 0.0000000000
2760  18.346  -76.761  -27.266 0.0000000000
2761  17.787  -76.938  -27.057 0.0000000000
2766  22.473  -76.096  -28.793 0.0000000000
2767  21.746  -76.308  -28.476 0.0000000000
2768  20.798  -76.541  -28.227 0.0000000000
2769  19.955  -76.669  -28.140 0.0000000000
3075  17.139  -74.463  -17.174 0.0000000000
3076  16.974  -74.632  -16.995 0.0000000000
3088  17.702  -76.133  -17.852 0.0000000000
3089  17.312  -75.216  -17.469 0.0000000000
3090  16.605  -74.974  -17.226 0.0000000000
3093  12.702  -75.410  -17.515 0.0000000000
3103  18.029  -76.326  -18.281 0.0000000000
3104  17.771  -75.652  -18.111 0.0000000000
3109  12.891  -75.463  -17.981 0.0000000000
3120  18.166  -76.475  -18.732 0.0000000000
3121  17.950  -75.843  -18.917 0.0000000000
3125  13.129  -75.143  -18.529 0.0000000000
3133  17.662  -75.752  -19.961 0.0000000000
3134  17.037  -75.190  -20.476 0.0000000000
3135  16.300  -74.908  -20.606 0.0000000000
3143  17.151  -75.915  -20.675 0.0000000000
3144  16.437  -75.690  -20.872 0.0000000000
3145  15.455  -75.136  -21.002 0.0000000000
3146  14.391  -75.066  -21.467 0.0000000000
3147  13.562  -75.121  -21.888 0.0000000000
3157  12.995  -75.001  -22.195 0.0000000000
3158  12.449  -75.157  -22.673 0.0000000000
3159  11.879  -75.344  -23.289 0.0000000000
3168  11.661  -75.568  -23.925 0.0000000000
3174  19.272  -75.112  -24.875 0.0000000000
3175  18.468  -75.209  -24.627 0.0000000000
3176  17.615  -75.269  -24.556 0.0000000000
3177  16.756  -75.452  -24.689 0.0000000000
3178  15.842  -75.806  -25.089 0.0000000000
3179  11.671  -75.804  -24.418 0.0000000000
3183  21.091  -74.866  -25.998 0.0000000000
3184  20.796  -75.124  -25.906 0.0000000000
3185  19.873  -75.504  -25.709 0.0000000000
3186  18.670  -75.602  -25.337 0.0000000000
3187  17.905  -75.629  -25.057 0.0000000000
3188  15.109  -75.884  -25.933 0.0000000000
3189  14.645  -76.187  -26.296 0.0000000000
3190  12.559  -76.215  -25.725 0.0000000000
3191  11.991  -75.580  -25.288 0.0000000000
3195  21.298  -75.138  -26.388 0.0000000000
3196  20.599  -75.699  -26.579 0.0000000000
3197  20.108  -75.817  -26.206 0.0000000000
3198  15.086  -75.219  -26.239 0.0000000000
3199  14.516  -75.551  -26.651 0.0000000000
3200  13.718  -75.639  -26.810 0.0000000000
3201  12.848  -75.343  -26.488 0.0000000000
3202  12.121  -74.720  -26.128 0.0000000000
3206  22.189  -75.151  -27.964 0.0000000000
3207  21.683  -75.428  -27.512 0.0000000000
3208  21.021  -75.915  -27.212 0.0000000000
3209  14.161  -74.956  -27.233 0.0000000000
3210  13.613  -74.896  -27.316 0.0000000000
3211  13.057  -74.616  -27.272 0.0000000000
3214  22.299  -75.438  -28.462 0.0000000000
3215  22.096  -75.824  -28.274 0.0000000000
3220  22.884  -75.663  -29.527 0.0000000000
3594  11.864  -73.972  -15.446 0.0000000000
3606  16.979  -74.110  -16.952 0.0000000000
3607  16.572  -74.281  -17.001 0.0000000000
3608  16.265  -74.024  -17.063 0.0000000000
3611  11.720  -74.361  -15.961 0.0000000000
3622  17.257  -74.077  -17.421 0.0000000000
3623  16.504  -74.540  -17.050 0.0000000000
3624  16.270  -74.342  -17.175 0.0000000000
3625  12.372  -75.195  -17.190 0.0000000000
3626  11.445  -74.772  -17.095 0.0000000000
3627  10.766  -74.417  -17.811 0.0000000000
3633  17.631  -74.706  -18.278 0.0000000000
3634  15.822  -74.330  -17.705 0.0000000000
3636  12.319  -75.087  -18.010 0.0000000000
3637  11.471  -74.501  -18.343 0.0000000000
3638  10.381  -74.154  -18.683 0.0000000000
3639  9.499  -73.822  -19.128 0.0000000000
3640  9.065  -73.655  -19.413 0.0000000000
3652  17.631  -74.858  -19.265 0.0000000000
3653  17.295  -74.255  -19.565 0.0000000000
3655  13.585  -74.569  -18.937 0.0000000000
3656  12.505  -74.368  -18.927 0.0000000000
3657  11.371  -73.892  -19.402 0.0000000000
3658  10.050  -73.416  -19.548 0.0000000000
3659  9.316  -73.748  -19.651 0.0000000000
3660  8.980  -73.735  -19.632 0.0000000000
3667  17.338  -74.846  -19.911 0.0000000000
3668  16.773  -74.315  -20.149 0.0000000000
3669  15.761  -74.176  -20.576 0.0000000000
3670  15.347  -73.636  -20.698 0.0000000000
3671  9.807  -73.232  -20.152 0.0000000000
3672  9.442  -73.458  -20.063 0.0000000000
3673  9.083  -73.558  -19.760 0.0000000000
3680  15.349  -74.490  -20.840 0.0000000000
3681  14.897  -74.097  -21.021 0.0000000000
3682  13.707  -74.074  -21.654 0.0000000000
3683  13.179  -73.567  -21.801 0.0000000000
3690  13.203  -74.577  -21.928 0.0000000000
3691  12.707  -74.006  -22.189 0.0000000000
3692  11.891  -74.282  -22.976 0.0000000000
3698  19.923  -73.916  -24.086 0.0000000000
3699  19.511  -74.109  -23.733 0.0000000000
3700  18.690  -74.272  -23.461 0.0000000000
3701  17.868  -74.251  -23.543 0.0000000000
3702  11.512  -74.421  -23.856 0.0000000000
3703  11.232  -73.999  -24.530 0.0000000000
3707  20.495  -74.177  -25.138 0.0000000000
3708  20.076  -74.458  -24.776 0.0000000000
3709  19.109  -74.742  -24.133 0.0000000000
3710  18.163  -74.786  -23.999 0.0000000000
3711  17.161  -74.627  -24.112 0.0000000000
3712  16.186  -74.787  -24.639 0.0000000000
3713  11.545  -74.840  -24.605 0.0000000000
3714  11.220  -73.894  -25.159 0.0000000000
3717  21.182  -74.757  -26.190 0.0000000000
3718  20.796  -74.477  -25.796 0.0000000000
3719  20.456  -74.887  -25.501 0.0000000000
3720  15.406  -74.859  -25.534 0.0000000000
3721  11.660  -74.414  -25.522 0.0000000000
3722  11.162  -73.783  -25.802 0.0000000000
3734  21.374  -74.634  -26.714 0.0000000000
3735  20.957  -74.182  -26.534 0.0000000000
3736  15.037  -74.539  -26.486 0.0000000000
3737  14.603  -74.503  -27.256 0.0000000000
3738  12.440  -74.363  -26.946 0.0000000000
3739  11.576  -73.860  -26.522 0.0000000000
3740  11.033  -73.500  -26.156 0.0000000000
3753  22.085  -74.883  -27.860 0.0000000000
3754  21.617  -74.690  -27.690 0.0000000000
3755  20.726  -74.308  -27.437 0.0000000000
3756  19.636  -74.304  -27.915 0.0000000000
3757  18.974  -74.270  -27.934 0.0000000000
3758  14.076  -74.314  -27.779 0.0000000000
3759  13.471  -74.266  -27.738 0.0000000000
3760  12.786  -74.082  -27.730 0.0000000000
3761  11.990  -73.697  -27.697 0.0000000000
3772  22.276  -74.989  -28.299 0.0000000000
3773  21.969  -74.728  -28.425 0.0000000000
3774  21.186  -74.558  -28.536 0.0000000000
3775  20.064  -74.467  -28.725 0.0000000000
3776  18.857  -74.344  -28.793 0.0000000000
3777  14.007  -74.008  -27.926 0.0000000000
3778  13.777  -73.903  -28.045 0.0000000000
3779  13.211  -73.788  -28.222 0.0000000000
3780  12.560  -73.652  -28.272 0.0000000000
3790  22.426  -74.999  -29.043 0.0000000000
3791  21.748  -74.694  -29.406 0.0000000000
3792  20.658  -74.503  -29.685 0.0000000000
3793  19.537  -74.178  -29.869 0.0000000000
3794  18.915  -74.049  -29.549 0.0000000000
3804  22.610  -75.036  -30.274 0.0000000000
3805  21.390  -74.460  -30.497 0.0000000000
3806  20.270  -74.208  -30.773 0.0000000000
3807  19.722  -74.017  -30.591 0.0000000000
3817  22.175  -74.264  -31.384 0.0000000000
3818  20.988  -74.038  -31.201 0.0000000000
3819  20.487  -74.042  -31.147 0.0000000000
4194  11.979  -73.213  -14.841 0.0000000000
4209  12.055  -73.714  -15.115 0.0000000000
4210  11.254  -73.314  -15.489 0.0000000000
4211  10.553  -72.869  -15.745 0.0000000000
4222  16.898  -73.580  -17.126 0.0000000000
4223  16.550  -73.736  -17.062 0.0000000000
4224  16.333  -73.858  -17.009 0.0000000000
4225  10.970  -74.122  -16.415 0.0000000000
4226  10.202  -73.246  -16.299 0.0000000000
4227  9.550  -72.882  -16.666 0.0000000000
4231  16.970  -73.034  -17.652 0.0000000000
4232  16.427  -73.068  -17.292 0.0000000000
4233  15.839  -73.460  -17.280 0.0000000000
4234  14.974  -73.011  -18.004 0.0000000000
4235  14.457  -72.975  -18.396 0.0000000000
4236  10.949  -74.420  -16.844 0.0000000000
4237  10.471  -74.197  -17.044 0.0000000000
4238  9.466  -73.339  -17.367 0.0000000000
4239  8.833  -73.242  -18.209 0.0000000000
4246  17.346  -73.574  -18.142 0.0000000000
4247  15.360  -73.742  -17.999 0.0000000000
4248  14.639  -73.689  -18.540 0.0000000000
4249  13.944  -73.031  -18.872 0.0000000000
4250  13.188  -72.828  -19.135 0.0000000000
4251  10.061  -74.117  -17.825 0.0000000000
4252  9.472  -73.792  -18.332 0.0000000000
4253  8.815  -73.461  -18.893 0.0000000000
4254  8.132  -73.006  -19.082 0.0000000000
4269  17.497  -73.935  -18.925 0.0000000000
4270  16.933  -73.452  -19.492 0.0000000000
4271  16.275  -72.929  -19.749 0.0000000000
4272  14.014  -73.930  -19.062 0.0000000000
4273  13.281  -73.687  -19.148 0.0000000000
4274  12.436  -73.191  -19.387 0.0000000000
4275  11.623  -72.792  -19.789 0.0000000000
4276  10.905  -73.307  -19.988 0.0000000000
4277  8.676  -73.292  -19.507 0.0000000000
4278  8.076  -72.655  -19.431 0.0000000000
4287  16.338  -73.576  -20.107 0.0000000000
4288  15.691  -73.154  -20.336 0.0000000000
4289  15.034  -73.082  -20.798 0.0000000000
4290  11.024  -72.659  -20.217 0.0000000000
4291  10.299  -72.854  -20.311 0.0000000000
4292  9.571  -72.594  -20.493 0.0000000000
4293  9.009  -72.875  -20.047 0.0000000000
4294  8.384  -72.522  -19.854 0.0000000000
4300  14.256  -72.995  -21.249 0.0000000000
4301  13.486  -73.067  -21.607 0.0000000000
4302  12.922  -73.054  -21.891 0.0000000000
4303  9.378  -71.889  -20.824 0.0000000000
4304  9.113  -71.948  -20.586 0.0000000000
4305  8.687  -72.036  -20.278 0.0000000000
4308  19.082  -72.796  -22.821 0.0000000000
4309  18.389  -73.021  -22.552 0.0000000000
4310  17.520  -73.122  -22.700 0.0000000000
4311  17.009  -73.105  -23.015 0.0000000000
4312  12.461  -72.939  -22.241 0.0000000000
4313  11.967  -73.190  -22.706 0.0000000000
4317  19.542  -73.354  -23.657 0.0000000000
4318  19.028  -73.629  -23.009 0.0000000000
4319  18.135  -73.721  -23.010 0.0000000000
4320  17.137  -73.704  -23.405 0.0000000000
4321  16.338  -73.474  -23.784 0.0000000000
4322  11.466  -73.347  -23.474 0.0000000000
4323  11.012  -73.377  -24.234 0.0000000000
4335  20.425  -74.021  -24.849 0.0000000000
4336  20.061  -73.687  -24.557 0.0000000000
4337  16.466  -74.093  -24.065 0.0000000000
4338  15.660  -73.756  -24.589 0.0000000000
4339  15.077  -73.211  -25.095 0.0000000000
4340  10.852  -73.422  -24.907 0.0000000000
4354  20.430  -73.875  -25.291 0.0000000000
4355  19.686  -73.400  -25.341 0.0000000000
4356  18.793  -73.130  -25.695 0.0000000000
4357  15.068  -73.907  -25.831 0.0000000000
4358  14.784  -72.995  -25.780 0.0000000000
4359  10.560  -73.220  -25.772 0.0000000000
4360  10.047  -72.804  -26.060 0.0000000000
4375  20.243  -73.899  -26.400 0.0000000000
4376  19.044  -73.647  -26.458 0.0000000000
4377  17.967  -73.086  -26.531 0.0000000000
4378  17.379  -72.840  -26.984 0.0000000000
4379  15.046  -74.036  -26.427 0.0000000000
4380  14.822  -73.628  -26.790 0.0000000000
4381  11.361  -73.329  -27.353 0.0000000000
4382  10.867  -73.149  -26.742 0.0000000000
4383  10.181  -72.770  -26.655 0.0000000000
4390  20.035  -74.161  -27.234 0.0000000000
4391  19.354  -74.057  -27.288 0.0000000000
4392  18.364  -73.854  -27.738 0.0000000000
4393  17.579  -73.059  -27.552 0.0000000000
4394  14.340  -73.753  -27.726 0.0000000000
4395  11.447  -73.201  -28.012 0.0000000000
4396  10.852  -72.823  -27.719 0.0000000000
4397  10.519  -72.787  -27.169 0.0000000000
4400  18.197  -73.948  -28.702 0.0000000000
4401  17.861  -73.332  -28.524 0.0000000000
4402  13.993  -73.784  -28.069 0.0000000000
4403  13.638  -73.435  -28.527 0.0000000000
4404  12.907  -73.350  -28.724 0.0000000000
4405  11.975  -73.089  -28.703 0.0000000000
4406  11.222  -72.833  -28.377 0.0000000000
4409  19.045  -73.875  -29.822 0.0000000000
4410  18.446  -73.606  -29.486 0.0000000000
4411  17.960  -73.178  -29.031 0.0000000000
4412  13.273  -73.038  -29.029 0.0000000000
4413  12.635  -72.918  -29.196 0.0000000000
4414  12.169  -72.764  -29.291 0.0000000000
4417  19.837  -73.952  -30.861 0.0000000000
4418  19.442  -73.585  -30.411 0.0000000000
4419  18.871  -73.282  -30.000 0.0000000000
4422  21.748  -73.478  -31.738 0.0000000000
4423  20.390  -73.616  -31.148 0.0000000000
4424  19.880  -73.252  -30.886 0.0000000000
4430  22.122  -72.843  -32.130 0.0000000000
4737  12.449  -72.401  -14.358 0.0000000000
4750  12.363  -72.893  -14.467 0.0000000000
4751  11.648  -72.474  -14.817 0.0000000000
4752  10.944  -72.147  -15.099 0.0000000000
4766  11.105  -72.580  -15.189 0.0000000000
4767  10.711  -72.492  -15.464 0.0000000000
4777  10.158  -72.442  -15.822 0.0000000000
4778  9.698  -72.377  -16.317 0.0000000000
4783  16.710  -72.615  -17.863 0.0000000000
4784  16.349  -72.391  -17.713 0.0000000000
4785  15.749  -72.340  -17.543 0.0000000000
4786  15.047  -72.273  -17.681 0.0000000000
4787  14.259  -72.241  -18.195 0.0000000000
4788  9.239  -72.307  -17.020 0.0000000000
4789  8.447  -72.324  -17.991 0.0000000000
4790  7.965  -71.711  -18.473 0.0000000000
4796  16.917  -72.809  -18.173 0.0000000000
4797  16.529  -72.279  -18.090 0.0000000000
4798  13.428  -72.101  -18.662 0.0000000000
4799  12.765  -72.151  -19.140 0.0000000000
4800  8.250  -72.907  -18.594 0.0000000000
4801  7.596  -71.900  -19.048 0.0000000000
4802  7.547  -71.121  -19.613 0.0000000000
4816  17.127  -73.183  -18.716 0.0000000000
4817  16.428  -72.427  -18.870 0.0000000000
4818  15.624  -72.306  -19.691 0.0000000000
4819  14.992  -71.961  -20.048 0.0000000000
4820  12.225  -72.291  -19.498 0.0000000000
4821  11.902  -71.928  -19.719 0.0000000000
4822  7.919  -72.078  -19.693 0.0000000000
4823  7.729  -71.277  -19.923 0.0000000000
4833  15.193  -72.527  -20.332 0.0000000000
4834  14.554  -72.166  -20.664 0.0000000000
4835  14.025  -71.883  -20.939 0.0000000000
4836  11.422  -71.971  -20.129 0.0000000000
4837  10.748  -71.981  -20.538 0.0000000000
4838  10.091  -72.054  -20.954 0.0000000000
4839  8.238  -71.604  -20.151 0.0000000000
4840  8.129  -70.546  -20.511 0.0000000000
4841  8.190  -69.751  -20.865 0.0000000000
4847  14.138  -72.316  -21.070 0.0000000000
4848  13.674  -72.243  -21.291 0.0000000000
4849  13.144  -72.444  -21.631 0.0000000000
4850  9.618  -71.642  -20.998 0.0000000000
4851  9.357  -70.881  -21.013 0.0000000000
4852  8.748  -70.810  -20.723 0.0000000000
4853  8.343  -69.882  -21.031 0.0000000000
4854  8.226  -69.448  -21.179 0.0000000000
4861  18.912  -72.065  -22.766 0.0000000000
4862  18.462  -72.166  -22.425 0.0000000000
4863  17.730  -72.320  -22.256 0.0000000000
4864  16.821  -72.379  -22.876 0.0000000000
4865  16.226  -72.014  -23.259 0.0000000000
4866  12.600  -72.258  -21.878 0.0000000000
4867  12.027  -72.201  -22.392 0.0000000000
4868  9.050  -70.163  -21.382 0.0000000000
4869  8.784  -69.620  -21.724 0.0000000000
4870  8.279  -69.198  -21.599 0.0000000000
4871  8.181  -69.106  -21.361 0.0000000000
4882  19.262  -72.331  -23.407 0.0000000000
4883  19.110  -71.902  -23.562 0.0000000000
4884  16.644  -73.071  -23.339 0.0000000000
4885  15.975  -72.636  -23.729 0.0000000000
4886  11.469  -72.302  -23.076 0.0000000000
4887  10.907  -72.428  -23.842 0.0000000000
4888  8.506  -69.409  -22.398 0.0000000000
4889  8.385  -69.130  -22.103 0.0000000000
4904  19.572  -72.900  -24.316 0.0000000000
4905  18.966  -72.046  -24.257 0.0000000000
4906  15.337  -72.784  -24.494 0.0000000000
4907  14.923  -72.443  -24.985 0.0000000000
4908  10.384  -72.483  -24.840 0.0000000000
4909  9.981  -72.064  -25.504 0.0000000000
4919  19.065  -72.836  -24.940 0.0000000000
4920  18.275  -72.417  -25.439 0.0000000000
4921  17.662  -72.121  -25.922 0.0000000000
4922  14.696  -72.166  -25.587 0.0000000000
4923  10.079  -72.622  -25.663 0.0000000000
4924  9.948  -72.203  -26.221 0.0000000000
4932  17.780  -72.515  -26.122 0.0000000000
4933  17.293  -72.338  -26.577 0.0000000000
4934  16.799  -72.085  -27.092 0.0000000000
4935  14.570  -72.401  -26.462 0.0000000000
4936  9.893  -72.147  -27.014 0.0000000000
4939  17.106  -72.527  -27.310 0.0000000000
4940  16.883  -72.106  -27.559 0.0000000000
4941  14.295  -72.705  -27.699 0.0000000000
4942  13.972  -72.162  -28.224 0.0000000000
4943  10.618  -72.483  -27.932 0.0000000000
4944  10.315  -72.347  -27.596 0.0000000000
4946  17.771  -72.298  -28.517 0.0000000000
4947  17.282  -72.393  -28.044 0.0000000000
4948  16.858  -71.945  -27.780 0.0000000000
4949  14.073  -73.318  -28.248 0.0000000000
4950  13.897  -72.652  -28.838 0.0000000000
4951  11.296  -72.572  -28.857 0.0000000000
4952  10.626  -72.257  -28.456 0.0000000000
4953  10.036  -71.920  -28.177 0.0000000000
4956  18.740  -72.647  -29.649 0.0000000000
4957  18.151  -72.757  -29.195 0.0000000000
4958  17.838  -72.850  -28.659 0.0000000000
4959  13.060  -72.481  -29.298 0.0000000000
4960  12.383  -72.391  -29.505 0.0000000000
4961  11.707  -72.373  -29.370 0.0000000000
4962  11.026  -72.164  -29.207 0.0000000000
4965  19.828  -72.708  -30.603 0.0000000000
4966  19.197  -72.872  -30.226 0.0000000000
4967  18.527  -73.046  -29.854 0.0000000000
4970  22.082  -72.180  -31.875 0.0000000000
4971  21.302  -72.687  -31.602 0.0000000000
4972  20.264  -72.802  -31.027 0.0000000000
4973  19.697  -73.053  -30.693 0.0000000000
4979  22.082  -72.516  -31.996 0.0000000000
5272  13.685  -72.248  -13.124 0.0000000000
5273  13.392  -72.052  -13.736 0.0000000000
5291  13.214  -72.427  -13.395 0.0000000000
5292  12.874  -72.129  -13.968 0.0000000000
5306  12.275  -71.851  -14.637 0.0000000000
5307  11.377  -71.632  -15.100 0.0000000000
5323  10.489  -71.587  -15.714 0.0000000000
5324  10.137  -70.929  -16.095 0.0000000000
5338  9.878  -71.920  -15.985 0.0000000000
5339  9.709  -71.298  -16.585 0.0000000000
5344  16.192  -72.005  -17.955 0.0000000000
5345  15.663  -71.629  -17.926 0.0000000000
5346  15.081  -71.529  -17.747 0.0000000000
5347  14.388  -71.415  -17.863 0.0000000000
5348  8.941  -71.386  -17.549 0.0000000000
5349  8.244  -71.197  -18.288 0.0000000000
5350  7.818  -71.268  -18.692 0.0000000000
5357  16.072  -71.922  -18.275 0.0000000000
5358  15.579  -71.492  -18.487 0.0000000000
5359  13.623  -71.352  -18.229 0.0000000000
5360  12.919  -71.369  -18.704 0.0000000000
5361  7.872  -70.674  -18.699 0.0000000000
5362  7.596  -70.633  -19.023 0.0000000000
5363  7.607  -70.420  -19.540 0.0000000000
5364  7.774  -69.889  -19.837 0.0000000000
5376  15.920  -71.890  -18.611 0.0000000000
5377  15.660  -71.738  -19.013 0.0000000000
5378  15.100  -71.467  -19.545 0.0000000000
5379  12.347  -71.459  -19.294 0.0000000000
5380  11.791  -71.279  -19.806 0.0000000000
5381  7.639  -70.591  -19.904 0.0000000000
5382  7.845  -70.036  -20.142 0.0000000000
5390  14.586  -71.347  -20.094 0.0000000000
5391  14.095  -71.352  -20.553 0.0000000000
5392  11.241  -71.149  -20.392 0.0000000000
5393  10.393  -71.006  -20.952 0.0000000000
5394  9.866  -71.352  -21.091 0.0000000000
5395  7.843  -70.492  -20.238 0.0000000000
5396  8.018  -69.778  -20.572 0.0000000000
5400  18.105  -70.873  -21.689 0.0000000000
5401  17.562  -70.810  -21.601 0.0000000000
5402  17.174  -70.724  -21.559 0.0000000000
5403  13.595  -71.445  -20.947 0.0000000000
5404  12.993  -71.635  -21.372 0.0000000000
5405  10.249  -70.542  -21.470 0.0000000000
5406  9.696  -70.498  -21.483 0.0000000000
5407  9.378  -70.407  -21.402 0.0000000000
5408  8.002  -69.267  -21.073 0.0000000000
5417  19.041  -71.758  -22.994 0.0000000000
5418  18.561  -71.181  -22.383 0.0000000000
5419  17.989  -71.537  -21.828 0.0000000000
5420  17.049  -71.329  -21.952 0.0000000000
5421  16.263  -71.375  -22.883 0.0000000000
5422  12.163  -71.327  -21.830 0.0000000000
5423  11.523  -71.363  -22.610 0.0000000000
5424  9.531  -69.884  -22.219 0.0000000000
5425  9.352  -69.825  -21.901 0.0000000000
5426  9.145  -69.662  -21.775 0.0000000000
5427  8.145  -68.843  -22.329 0.0000000000
5428  8.047  -68.841  -21.985 0.0000000000
5438  19.094  -71.862  -23.310 0.0000000000
5439  18.771  -71.392  -23.390 0.0000000000
5440  15.850  -71.655  -23.558 0.0000000000
5441  10.949  -71.449  -23.378 0.0000000000
5442  10.457  -71.616  -24.130 0.0000000000
5443  8.862  -69.642  -23.140 0.0000000000
5444  8.827  -69.317  -22.624 0.0000000000
5445  8.468  -69.041  -22.931 0.0000000000
5446  8.014  -68.842  -23.276 0.0000000000
5456  18.380  -71.253  -24.182 0.0000000000
5457  17.967  -71.117  -24.854 0.0000000000
5458  15.356  -71.808  -24.272 0.0000000000
5459  14.858  -71.586  -24.984 0.0000000000
5460  10.193  -71.720  -24.602 0.0000000000
5461  9.965  -71.597  -25.005 0.0000000000
5462  8.831  -69.587  -23.557 0.0000000000
5463  8.544  -69.450  -23.773 0.0000000000
5464  7.999  -69.116  -24.083 0.0000000000
5465  7.953  -69.034  -24.110 0.0000000000
5476  18.301  -71.689  -24.832 0.0000000000
5477  17.779  -71.624  -25.426 0.0000000000
5478  14.484  -71.387  -25.815 0.0000000000
5479  9.599  -71.380  -25.767 0.0000000000
5480  9.239  -70.988  -25.803 0.0000000000
5487  17.260  -71.623  -26.029 0.0000000000
5488  16.815  -71.634  -26.600 0.0000000000
5489  14.199  -71.515  -27.004 0.0000000000
5490  13.851  -70.927  -27.335 0.0000000000
5491  9.445  -71.632  -26.752 0.0000000000
5492  9.070  -71.050  -26.291 0.0000000000
5502  14.115  -71.964  -27.754 0.0000000000
5503  13.782  -71.443  -27.945 0.0000000000
5504  9.547  -71.736  -27.743 0.0000000000
5505  8.866  -71.040  -27.369 0.0000000000
5516  13.692  -71.901  -28.674 0.0000000000
5517  10.582  -71.695  -29.186 0.0000000000
5518  9.716  -71.314  -28.861 0.0000000000
5519  9.074  -71.231  -28.202 0.0000000000
5532  13.347  -71.926  -29.213 0.0000000000
5533  12.750  -71.768  -29.708 0.0000000000
5534  11.996  -71.775  -29.879 0.0000000000
5535  11.139  -71.509  -29.771 0.0000000000
5536  10.384  -71.128  -29.583 0.0000000000
5548  20.310  -72.068  -30.693 0.0000000000
5549  19.730  -72.506  -30.276 0.0000000000
5550  12.268  -71.233  -30.035 0.0000000000
5551  11.700  -71.058  -30.177 0.0000000000
5552  11.157  -70.725  -30.146 0.0000000000
5563  21.306  -72.026  -31.352 0.0000000000
5564  20.728  -72.345  -31.260 0.0000000000
5859  14.776  -70.969  -11.855 0.0000000000
5865  14.818  -70.822  -12.737 0.0000000000
5866  14.341  -71.542  -13.205 0.0000000000
5867  13.796  -71.922  -13.699 0.0000000000
5883  14.115  -71.360  -14.206 0.0000000000
5884  13.418  -71.553  -14.443 0.0000000000
5901  12.223  -71.146  -15.323 0.0000000000
5902  11.265  -70.869  -15.685 0.0000000000
5916  10.620  -70.621  -16.091 0.0000000000
5917  10.109  -70.407  -16.434 0.0000000000
5929  9.795  -70.210  -16.988 0.0000000000
5937  15.083  -71.130  -17.903 0.0000000000
5938  14.577  -70.913  -17.961 0.0000000000
5939  13.913  -70.823  -18.085 0.0000000000
5940  9.306  -70.521  -17.450 0.0000000000
5941  8.778  -70.487  -18.026 0.0000000000
5954  14.975  -70.918  -18.385 0.0000000000
5955  14.055  -70.536  -18.560 0.0000000000
5956  13.205  -70.762  -18.682 0.0000000000
5957  12.610  -70.963  -18.933 0.0000000000
5958  8.257  -70.169  -18.570 0.0000000000
5959  7.844  -69.812  -18.987 0.0000000000
5960  7.802  -69.460  -19.433 0.0000000000
5961  7.781  -69.031  -19.911 0.0000000000
5962  7.646  -68.367  -20.055 0.0000000000
5973  15.192  -71.144  -18.961 0.0000000000
5974  14.419  -70.722  -19.444 0.0000000000
5975  13.322  -70.485  -19.444 0.0000000000
5976  12.364  -70.792  -19.575 0.0000000000
5977  11.742  -70.897  -20.044 0.0000000000
5978  7.903  -69.267  -20.284 0.0000000000
5979  7.768  -68.615  -20.396 0.0000000000
5985  14.206  -70.886  -20.170 0.0000000000
5986  13.512  -70.771  -20.387 0.0000000000
5987  12.534  -70.634  -20.334 0.0000000000
5988  11.667  -70.733  -20.526 0.0000000000
5989  11.016  -70.717  -20.778 0.0000000000
5990  7.933  -69.011  -20.960 0.0000000000
5991  7.552  -68.906  -20.823 0.0000000000
6001  18.260  -70.442  -21.791 0.0000000000
6002  17.794  -70.232  -21.468 0.0000000000
6003  17.168  -70.155  -21.319 0.0000000000
6004  16.650  -69.943  -21.540 0.0000000000
6005  13.179  -71.108  -20.955 0.0000000000
6006  12.599  -70.890  -21.072 0.0000000000
6007  11.860  -70.611  -21.143 0.0000000000
6008  10.912  -70.422  -21.406 0.0000000000
6009  10.214  -70.237  -21.920 0.0000000000
6010  7.907  -68.764  -21.482 0.0000000000
6011  7.631  -68.404  -21.288 0.0000000000
6023  18.458  -70.133  -22.128 0.0000000000
6024  16.843  -70.534  -21.620 0.0000000000
6025  16.280  -70.333  -22.236 0.0000000000
6026  12.016  -70.785  -21.507 0.0000000000
6027  11.473  -70.623  -22.026 0.0000000000
6028  10.576  -70.281  -22.548 0.0000000000
6029  9.885  -69.905  -22.715 0.0000000000
6030  9.377  -69.668  -22.922 0.0000000000
6031  7.412  -68.296  -22.711 0.0000000000
6032  7.581  -68.403  -22.177 0.0000000000
6033  7.335  -68.043  -21.907 0.0000000000
6042  18.454  -70.109  -23.063 0.0000000000
6043  18.112  -69.705  -23.694 0.0000000000
6044  15.469  -70.426  -23.675 0.0000000000
6045  14.956  -69.878  -24.367 0.0000000000
6046  11.015  -70.734  -22.887 0.0000000000
6047  10.300  -70.553  -23.631 0.0000000000
6048  9.558  -70.050  -23.690 0.0000000000
6049  9.208  -69.892  -23.507 0.0000000000
6050  7.218  -68.201  -22.915 0.0000000000
6051  7.481  -68.478  -23.079 0.0000000000
6060  18.427  -70.777  -23.708 0.0000000000
6061  17.995  -70.340  -24.260 0.0000000000
6062  15.174  -71.091  -24.497 0.0000000000
6063  14.824  -70.581  -24.917 0.0000000000
6064  10.123  -71.211  -24.463 0.0000000000
6065  9.622  -70.738  -24.811 0.0000000000
6066  8.896  -69.934  -24.463 0.0000000000
6067  8.309  -69.532  -24.734 0.0000000000
6068  7.957  -69.201  -24.693 0.0000000000
6069  7.630  -68.787  -24.269 0.0000000000
6084  17.293  -70.710  -25.527 0.0000000000
6086  14.418  -70.525  -25.702 0.0000000000
6087  14.243  -70.403  -26.117 0.0000000000
6088  9.344  -70.926  -25.508 0.0000000000
6089  9.067  -70.530  -25.608 0.0000000000
6090  8.508  -69.918  -25.582 0.0000000000
6091  8.012  -69.424  -25.571 0.0000000000
6092  7.721  -69.028  -25.149 0.0000000000
6112  16.939  -71.215  -26.139 0.0000000000
6113  16.655  -70.814  -26.489 0.0000000000
6114  14.266  -70.859  -26.257 0.0000000000
6115  14.000  -70.475  -26.704 0.0000000000
6116  8.685  -70.407  -26.461 0.0000000000
6117  8.250  -69.778  -26.425 0.0000000000
6118  7.895  -69.309  -26.394 0.0000000000
6139  13.465  -70.263  -27.734 0.0000000000
6140  13.057  -69.772  -28.261 0.0000000000
6141  8.355  -70.209  -27.336 0.0000000000
6142  8.015  -69.510  -27.180 0.0000000000
6143  7.806  -69.154  -26.890 0.0000000000
6166  13.340  -71.165  -28.860 0.0000000000
6167  12.917  -70.237  -28.867 0.0000000000
6168  9.229  -70.602  -29.347 0.0000000000
6169  8.654  -70.340  -28.654 0.0000000000
6170  8.053  -69.854  -27.948 0.0000000000
6190  13.083  -71.458  -29.440 0.0000000000
6191  12.720  -70.900  -29.669 0.0000000000
6192  10.670  -70.738  -30.000 0.0000000000
6193  9.823  -70.319  -30.009 0.0000000000
6194  8.971  -70.153  -29.655 0.0000000000
6209  12.072  -70.587  -30.207 0.0000000000
6210  11.465  -70.362  -30.307 0.0000000000
6211  10.704  -70.143  -30.449 0.0000000000
6212  10.137  -69.774  -30.596 0.0000000000
6557  15.017  -69.746  -10.147 0.0000000000
6565  15.455  -69.703  -11.138 0.0000000000
6566  14.934  -70.301  -10.955 0.0000000000
6574  15.674  -69.540  -11.876 0.0000000000
6575  15.309  -70.120  -12.459 0.0000000000
6576  14.790  -70.641  -13.419 0.0000000000
6592  15.032  -69.970  -13.988 0.0000000000
6593  14.269  -70.686  -14.605 0.0000000000
6594  13.067  -70.427  -15.351 0.0000000000
6608  12.033  -70.149  -16.004 0.0000000000
6609  11.207  -70.219  -16.148 0.0000000000
6621  11.493  -69.705  -16.452 0.0000000000
6622  10.772  -69.803  -16.750 0.0000000000
6623  10.191  -69.978  -16.811 0.0000000000
6638  10.610  -69.315  -17.229 0.0000000000
6639  10.150  -69.506  -17.211 0.0000000000
6652  9.532  -69.675  -17.728 0.0000000000
6653  9.123  -70.046  -17.901 0.0000000000
6654  7.478  -67.817  -19.224 0.0000000000
6655  7.037  -67.653  -19.218 0.0000000000
6664  9.398  -69.108  -18.135 0.0000000000
6665  8.901  -69.467  -18.393 0.0000000000
6666  8.231  -69.112  -18.947 0.0000000000
6667  7.944  -68.546  -19.341 0.0000000000
6668  7.693  -68.031  -19.534 0.0000000000
6669  7.225  -67.854  -20.022 0.0000000000
6672  7.375  -67.956  -20.233 0.0000000000
6677  17.304  -69.065  -21.040 0.0000000000
6678  17.080  -69.078  -20.946 0.0000000000
6679  7.389  -68.101  -20.768 0.0000000000
6690  18.100  -69.711  -21.631 0.0000000000
6691  17.390  -69.281  -21.201 0.0000000000
6692  16.802  -69.319  -21.142 0.0000000000
6693  16.197  -69.287  -21.768 0.0000000000
6694  7.038  -67.822  -21.407 0.0000000000
6708  18.260  -69.254  -22.167 0.0000000000
6709  18.200  -68.805  -22.607 0.0000000000
6710  15.527  -69.338  -22.637 0.0000000000
6711  15.016  -68.931  -23.008 0.0000000000
6712  10.242  -70.068  -23.114 0.0000000000
6713  10.105  -69.883  -23.225 0.0000000000
6714  7.304  -68.104  -22.600 0.0000000000
6715  7.154  -67.968  -22.441 0.0000000000
6716  6.657  -67.784  -22.318 0.0000000000
6729  18.286  -69.305  -22.759 0.0000000000
6730  18.093  -69.089  -23.293 0.0000000000
6731  15.174  -69.418  -23.285 0.0000000000
6732  14.589  -69.040  -23.791 0.0000000000
6733  13.963  -68.605  -24.123 0.0000000000
6734  10.113  -70.130  -23.364 0.0000000000
6735  9.840  -70.037  -23.388 0.0000000000
6736  7.064  -68.003  -22.821 0.0000000000
6737  6.932  -68.133  -23.050 0.0000000000
6738  6.394  -67.869  -23.149 0.0000000000
6751  17.791  -69.312  -24.177 0.0000000000
6752  14.500  -69.702  -24.852 0.0000000000
6753  13.808  -68.924  -24.822 0.0000000000
6754  13.216  -68.712  -25.234 0.0000000000
6755  6.839  -68.151  -24.153 0.0000000000
6756  6.552  -67.957  -23.568 0.0000000000
6769  17.498  -69.738  -24.927 0.0000000000
6771  14.515  -70.131  -25.336 0.0000000000
6772  14.123  -69.814  -25.778 0.0000000000
6773  13.396  -69.122  -25.790 0.0000000000
6774  7.623  -68.979  -25.839 0.0000000000
6775  7.310  -68.528  -25.186 0.0000000000
6787  13.546  -69.702  -26.631 0.0000000000
6788  12.929  -69.089  -26.627 0.0000000000
6789  12.348  -68.865  -27.126 0.0000000000
6790  7.555  -68.888  -26.598 0.0000000000
6791  7.199  -68.353  -26.137 0.0000000000
6799  13.254  -69.559  -27.167 0.0000000000
6800  12.879  -69.359  -27.660 0.0000000000
6801  12.135  -68.898  -27.995 0.0000000000
6802  7.841  -69.448  -27.838 0.0000000000
6803  7.468  -68.988  -27.535 0.0000000000
6813  12.550  -69.503  -28.639 0.0000000000
6814  11.907  -69.041  -29.102 0.0000000000
6815  8.200  -69.830  -29.087 0.0000000000
6816  7.813  -69.341  -28.756 0.0000000000
6817  7.100  -68.595  -28.460 0.0000000000
6826  12.198  -69.848  -29.796 0.0000000000
6827  11.475  -69.205  -29.961 0.0000000000
6828  9.055  -69.659  -30.229 0.0000000000
6829  8.351  -69.533  -29.740 0.0000000000
6830  7.582  -68.876  -30.018 0.0000000000
6843  11.797  -70.104  -30.331 0.0000000000
6844  11.240  -69.647  -30.418 0.0000000000
6845  10.394  -69.407  -30.794 0.0000000000
6846  9.555  -69.334  -30.767 0.0000000000
6847  8.569  -69.086  -30.688 0.0000000000
6848  8.007  -69.016  -30.476 0.0000000000
7167  15.052  -69.310  -9.421 0.0000000000
7179  15.997  -68.662  -10.617 0.0000000000
7180  15.593  -69.150  -10.235 0.0000000000
7186  16.130  -68.474  -11.148 0.0000000000
7187  15.876  -69.078  -11.344 0.0000000000
7193  16.151  -68.613  -11.865 0.0000000000
7194  15.862  -69.136  -12.618 0.0000000000
7195  15.501  -69.515  -13.471 0.0000000000
7206  15.712  -68.986  -13.704 0.0000000000
7207  15.216  -69.131  -14.350 0.0000000000
7208  14.465  -69.458  -15.049 0.0000000000
7209  13.681  -69.790  -15.401 0.0000000000
7222  13.787  -69.052  -15.639 0.0000000000
7223  12.985  -69.366  -16.009 0.0000000000
7229  12.067  -69.068  -16.621 0.0000000000
7230  11.416  -69.255  -16.879 0.0000000000
7235  11.585  -68.646  -17.114 0.0000000000
7236  10.948  -68.806  -17.306 0.0000000000
7237  10.404  -68.961  -17.432 0.0000000000
7243  10.436  -68.461  -17.658 0.0000000000
7244  9.899  -68.754  -17.872 0.0000000000
7245  7.546  -67.251  -18.840 0.0000000000
7246  7.323  -67.197  -18.913 0.0000000000
7247  7.275  -67.057  -19.064 0.0000000000
7248  6.942  -66.656  -19.111 0.0000000000
7250  9.268  -68.519  -18.477 0.0000000000
7251  8.548  -68.338  -18.870 0.0000000000
7252  8.046  -68.001  -19.103 0.0000000000
7253  7.702  -67.830  -19.002 0.0000000000
7254  7.219  -67.559  -19.669 0.0000000000
7255  6.968  -67.258  -19.650 0.0000000000
7257  6.806  -67.522  -20.333 0.0000000000
7261  17.087  -68.776  -20.955 0.0000000000
7262  16.821  -68.941  -21.006 0.0000000000
7263  6.744  -67.641  -20.939 0.0000000000
7273  17.907  -68.943  -21.632 0.0000000000
7274  17.313  -68.341  -21.317 0.0000000000
7275  16.489  -68.476  -21.348 0.0000000000
7276  15.342  -68.332  -22.080 0.0000000000
7278  6.300  -67.569  -21.505 0.0000000000
7289  18.105  -68.829  -21.887 0.0000000000
7290  18.031  -68.327  -21.985 0.0000000000
7291  15.136  -68.687  -22.608 0.0000000000
7292  14.506  -68.332  -22.660 0.0000000000
7295  5.864  -67.534  -22.132 0.0000000000
7305  14.135  -68.422  -23.226 0.0000000000
7306  13.768  -68.313  -23.591 0.0000000000
7308  5.770  -67.653  -22.889 0.0000000000
7317  13.514  -68.411  -24.186 0.0000000000
7318  12.920  -68.325  -24.654 0.0000000000
7320  6.146  -67.706  -24.653 0.0000000000
7321  5.883  -67.720  -23.885 0.0000000000
7330  12.685  -68.615  -25.634 0.0000000000
7333  6.508  -67.870  -25.481 0.0000000000
7341  12.245  -68.661  -26.405 0.0000000000
7344  7.143  -68.404  -26.965 0.0000000000
7345  6.410  -67.843  -26.817 0.0000000000
7353  11.392  -68.520  -28.419 0.0000000000
7355  6.735  -68.120  -27.798 0.0000000000
7366  11.253  -68.677  -29.503 0.0000000000
7368  7.070  -68.453  -29.365 0.0000000000
7369  6.483  -67.951  -28.786 0.0000000000
7383  11.104  -68.840  -30.191 0.0000000000
7384  10.743  -68.410  -30.054 0.0000000000
7385  7.000  -68.100  -30.225 0.0000000000
7386  6.555  -67.896  -29.643 0.0000000000
7401  11.129  -69.143  -30.374 0.0000000000
7402  10.734  -68.871  -30.636 0.0000000000
7403  9.957  -68.606  -31.046 0.0000000000
7404  8.952  -68.396  -31.122 0.0000000000
7405  7.809  -68.250  -30.824 0.0000000000
7776  16.469  -67.224  -10.033 0.0000000000
7777  16.041  -67.664  -9.244 0.0000000000
7778  15.501  -68.666  -9.281 0.0000000000
7789  16.610  -67.211  -10.885 0.0000000000
7790  16.224  -67.957  -10.472 0.0000000000
7791  15.931  -68.467  -9.939 0.0000000000
7799  16.673  -67.206  -11.940 0.0000000000
7800  16.370  -67.955  -11.504 0.0000000000
7808  16.507  -67.029  -12.907 0.0000000000
7809  16.334  -68.122  -12.810 0.0000000000
7810  15.991  -68.689  -13.418 0.0000000000
7816  16.449  -66.791  -13.555 0.0000000000
7817  16.323  -67.428  -13.717 0.0000000000
7818  15.610  -68.110  -14.331 0.0000000000
7819  14.708  -68.599  -15.049 0.0000000000
7820  14.246  -68.847  -15.423 0.0000000000
7835  15.203  -67.554  -15.062 0.0000000000
7836  14.835  -67.845  -15.280 0.0000000000
7837  14.207  -68.242  -15.913 0.0000000000
7838  13.516  -68.656  -16.199 0.0000000000
7844  13.618  -67.993  -16.514 0.0000000000
7845  12.956  -68.290  -16.760 0.0000000000
7848  11.995  -67.896  -17.178 0.0000000000
7849  11.290  -68.080  -17.307 0.0000000000
7850  6.509  -65.945  -17.772 0.0000000000
7851  6.427  -66.017  -18.051 0.0000000000
7858  11.357  -67.433  -17.525 0.0000000000
7859  10.723  -67.764  -17.767 0.0000000000
7860  10.200  -68.060  -17.935 0.0000000000
7861  7.359  -66.738  -18.358 0.0000000000
7862  7.093  -66.765  -18.240 0.0000000000
7863  6.848  -66.473  -18.037 0.0000000000
7864  6.637  -66.248  -18.445 0.0000000000
7865  6.426  -66.086  -18.605 0.0000000000
7867  10.220  -67.622  -18.082 0.0000000000
7868  9.757  -67.758  -18.340 0.0000000000
7869  8.953  -67.563  -18.747 0.0000000000
7870  8.039  -67.130  -18.833 0.0000000000
7871  6.679  -66.385  -19.117 0.0000000000
7872  6.192  -65.997  -19.048 0.0000000000
7875  6.287  -66.693  -19.761 0.0000000000
7876  5.781  -66.059  -19.481 0.0000000000
7880  5.977  -67.187  -20.705 0.0000000000
7895  5.391  -67.273  -21.532 0.0000000000
7911  5.058  -67.244  -22.396 0.0000000000
7926  4.887  -67.140  -23.454 0.0000000000
7940  5.691  -67.498  -24.583 0.0000000000
7941  5.036  -67.166  -24.616 0.0000000000
7953  5.704  -67.349  -25.208 0.0000000000
7954  4.917  -66.939  -25.743 0.0000000000
7965  5.648  -67.332  -26.236 0.0000000000
8029  10.296  -68.191  -30.630 0.0000000000
8482  16.445  -66.072  -9.412 0.0000000000
8483  16.303  -66.502  -8.605 0.0000000000
8493  16.564  -66.411  -10.217 0.0000000000
8494  16.409  -66.771  -9.485 0.0000000000
8504  16.690  -66.407  -11.286 0.0000000000
8513  16.673  -66.350  -12.297 0.0000000000
8521  16.574  -66.304  -13.181 0.0000000000
8526  16.466  -66.371  -13.861 0.0000000000
8527  16.346  -66.832  -14.071 0.0000000000
8528  16.053  -67.252  -14.402 0.0000000000
8543  16.344  -66.459  -14.213 0.0000000000
8544  16.135  -66.602  -14.556 0.0000000000
8545  15.546  -66.961  -15.003 0.0000000000
8546  14.989  -67.180  -15.503 0.0000000000
8547  14.559  -67.399  -15.914 0.0000000000
8552  15.201  -66.577  -15.611 0.0000000000
8553  14.655  -66.562  -15.998 0.0000000000
8554  13.801  -66.956  -16.493 0.0000000000
8555  13.339  -67.552  -16.809 0.0000000000
8557  13.379  -66.366  -16.901 0.0000000000
8558  12.865  -66.898  -17.157 0.0000000000
8559  7.084  -65.925  -17.537 0.0000000000
8560  7.011  -65.886  -17.222 0.0000000000
8561  6.610  -65.796  -17.500 0.0000000000
8562  6.306  -65.582  -17.613 0.0000000000
8563  6.008  -65.096  -17.677 0.0000000000
8570  11.778  -66.721  -17.488 0.0000000000
8571  10.977  -66.711  -17.898 0.0000000000
8572  8.964  -66.326  -18.406 0.0000000000
8573  8.439  -66.183  -18.235 0.0000000000
8574  7.655  -66.253  -18.077 0.0000000000
8575  7.123  -66.329  -17.852 0.0000000000
8576  6.921  -66.237  -17.789 0.0000000000
8577  6.193  -65.889  -18.064 0.0000000000
8578  6.193  -65.548  -18.172 0.0000000000
8581  10.188  -66.940  -18.277 0.0000000000
8582  9.375  -66.820  -18.534 0.0000000000
8583  8.647  -66.733  -18.628 0.0000000000
8584  8.149  -66.537  -18.485 0.0000000000
8585  5.869  -65.405  -18.994 0.0000000000
8588  5.354  -66.522  -20.085 0.0000000000
8589  5.118  -65.578  -19.703 0.0000000000
8592  4.917  -66.826  -20.879 0.0000000000
8593  4.619  -66.105  -20.558 0.0000000000
8605  4.574  -66.542  -21.725 0.0000000000
8606  4.512  -66.326  -21.139 0.0000000000
8621  4.388  -66.477  -22.689 0.0000000000
8622  3.863  -66.089  -23.176 0.0000000000
8638  4.230  -66.480  -23.485 0.0000000000
8639  3.733  -66.077  -23.873 0.0000000000
8654  4.291  -66.591  -24.210 0.0000000000
8655  3.753  -66.121  -24.587 0.0000000000
8668  4.175  -66.448  -25.235 0.0000000000
8669  3.544  -65.850  -25.157 0.0000000000
9212  16.147  -65.555  -8.009 0.0000000000
9225  16.339  -65.714  -9.423 0.0000000000
9226  16.262  -65.479  -9.081 0.0000000000
9239  16.351  -65.597  -9.819 0.0000000000
9240  16.159  -65.186  -9.563 0.0000000000
9252  16.479  -65.640  -10.747 0.0000000000
9253  16.207  -65.179  -10.721 0.0000000000
9261  16.529  -65.682  -11.728 0.0000000000
9262  16.190  -65.147  -11.259 0.0000000000
9268  16.476  -65.556  -12.772 0.0000000000
9269  16.190  -65.130  -12.081 0.0000000000
9277  16.473  -65.782  -13.658 0.0000000000
9291  16.323  -66.018  -14.340 0.0000000000
9292  15.826  -65.971  -14.993 0.0000000000
9293  15.489  -66.311  -15.398 0.0000000000
9296  15.584  -65.445  -15.194 0.0000000000
9297  15.189  -65.717  -15.673 0.0000000000
9298  14.125  -65.534  -16.445 0.0000000000
9299  13.601  -66.091  -16.727 0.0000000000
9300  6.448  -64.937  -16.891 0.0000000000
9301  6.388  -64.691  -17.008 0.0000000000
9302  6.244  -64.431  -17.299 0.0000000000
9303  6.113  -64.242  -17.507 0.0000000000
9305  13.536  -64.731  -16.840 0.0000000000
9306  13.122  -65.560  -17.049 0.0000000000
9307  12.137  -65.741  -17.348 0.0000000000
9308  7.578  -65.059  -17.280 0.0000000000
9309  7.009  -65.338  -17.134 0.0000000000
9310  6.633  -65.408  -16.992 0.0000000000
9311  6.324  -65.270  -17.142 0.0000000000
9312  6.146  -64.951  -17.317 0.0000000000
9313  5.974  -64.569  -17.713 0.0000000000
9319  11.289  -65.727  -17.755 0.0000000000
9320  10.235  -65.731  -18.134 0.0000000000
9321  9.098  -65.689  -18.171 0.0000000000
9322  8.129  -65.468  -17.809 0.0000000000
9323  7.449  -65.619  -17.544 0.0000000000
9324  5.784  -64.703  -18.455 0.0000000000
9331  9.642  -66.283  -18.290 0.0000000000
9332  9.272  -66.282  -18.333 0.0000000000
9333  5.429  -64.378  -19.221 0.0000000000
9334  5.460  -64.676  -19.178 0.0000000000
9337  5.190  -64.396  -19.371 0.0000000000
9338  4.769  -64.749  -19.617 0.0000000000
9340  4.225  -65.267  -20.291 0.0000000000
9353  4.263  -66.150  -21.734 0.0000000000
9354  4.041  -65.763  -21.453 0.0000000000
9370  4.206  -66.141  -22.024 0.0000000000
9371  3.827  -65.761  -22.508 0.0000000000
9385  3.423  -65.429  -23.352 0.0000000000
9397  3.237  -65.408  -24.461 0.0000000000
9953  15.987  -64.774  -7.702 0.0000000000
9954  15.739  -64.312  -8.311 0.0000000000
9966  15.949  -64.758  -8.559 0.0000000000
9967  15.593  -64.265  -8.916 0.0000000000
9978  16.108  -65.058  -9.945 0.0000000000
9979  15.842  -64.663  -9.508 0.0000000000
9980  15.456  -64.142  -9.473 0.0000000000
9991  16.223  -65.231  -10.348 0.0000000000
9992  15.858  -64.715  -10.609 0.0000000000
9993  15.386  -64.122  -10.183 0.0000000000
10001  15.732  -64.596  -11.778 0.0000000000
10002  15.123  -63.941  -11.343 0.0000000000
10012  16.252  -65.210  -13.512 0.0000000000
10013  15.947  -64.675  -12.922 0.0000000000
10014  15.121  -64.016  -12.585 0.0000000000
10023  16.192  -65.401  -14.157 0.0000000000
10024  15.899  -64.740  -14.010 0.0000000000
10025  15.188  -64.152  -13.733 0.0000000000
10035  16.064  -65.621  -14.563 0.0000000000
10036  15.810  -65.187  -14.748 0.0000000000
10037  15.279  -64.404  -14.799 0.0000000000
10038  5.989  -63.332  -17.023 0.0000000000
10039  6.151  -63.560  -17.151 0.0000000000
10043  15.437  -64.996  -15.319 0.0000000000
10044  14.866  -64.506  -15.799 0.0000000000
10045  14.001  -64.200  -16.458 0.0000000000
10046  6.984  -63.814  -16.291 0.0000000000
10047  6.696  -64.156  -16.653 0.0000000000
10048  6.424  -63.828  -16.960 0.0000000000
10049  6.147  -63.856  -17.381 0.0000000000
10050  5.959  -63.896  -17.680 0.0000000000
10052  13.386  -63.991  -16.917 0.0000000000
10053  12.919  -64.411  -17.140 0.0000000000
10054  12.310  -64.736  -17.352 0.0000000000
10055  8.633  -63.892  -17.373 0.0000000000
10056  8.198  -64.488  -17.420 0.0000000000
10057  7.194  -64.177  -16.828 0.0000000000
10058  6.678  -64.862  -16.811 0.0000000000
10059  5.879  -63.992  -17.936 0.0000000000
10062  11.642  -64.913  -17.573 0.0000000000
10063  10.784  -64.677  -17.776 0.0000000000
10064  9.407  -64.382  -17.807 0.0000000000
10065  8.680  -64.978  -17.867 0.0000000000
10066  5.713  -63.977  -18.248 0.0000000000
10074  5.503  -64.230  -19.046 0.0000000000
10075  5.407  -64.031  -18.927 0.0000000000
10080  5.313  -64.164  -19.218 0.0000000000
10081  4.763  -64.134  -19.366 0.0000000000
10084  3.991  -64.428  -19.918 0.0000000000
10097  3.592  -64.597  -20.926 0.0000000000
10115  3.141  -64.622  -22.331 0.0000000000
10130  2.854  -64.537  -23.763 0.0000000000
10753  19.121  -62.600  -6.108 0.0000000000
10754  18.570  -62.912  -6.415 0.0000000000
10755  16.457  -63.795  -6.716 0.0000000000
10768  19.656  -62.511  -8.373 0.0000000000
10769  19.273  -62.711  -8.131 0.0000000000
10770  18.759  -62.791  -8.021 0.0000000000
10771  16.385  -63.662  -7.604 0.0000000000
10772  15.911  -63.995  -7.760 0.0000000000
10773  15.573  -63.983  -8.615 0.0000000000
10787  19.814  -62.600  -8.954 0.0000000000
10788  19.562  -62.818  -8.797 0.0000000000
10789  19.092  -62.911  -8.764 0.0000000000
10790  16.345  -63.598  -8.085 0.0000000000
10791  16.147  -63.734  -8.024 0.0000000000
10792  15.466  -63.975  -9.163 0.0000000000
10805  19.762  -62.763  -9.353 0.0000000000
10806  19.458  -62.926  -9.446 0.0000000000
10807  18.951  -62.949  -9.569 0.0000000000
10808  15.401  -63.794  -9.775 0.0000000000
10821  19.749  -62.730  -10.025 0.0000000000
10822  19.372  -62.901  -10.232 0.0000000000
10823  18.853  -62.874  -10.391 0.0000000000
10824  15.060  -63.529  -10.616 0.0000000000
10834  19.692  -62.682  -10.814 0.0000000000
10835  19.276  -62.779  -11.011 0.0000000000
10836  18.749  -62.699  -11.140 0.0000000000
10837  14.692  -63.150  -11.547 0.0000000000
10838  14.383  -62.654  -12.397 0.0000000000
10839  13.852  -62.203  -12.917 0.0000000000
10848  19.588  -62.559  -11.448 0.0000000000
10849  19.134  -62.493  -11.753 0.0000000000
10850  18.670  -62.517  -11.650 0.0000000000
10851  14.625  -63.285  -12.386 0.0000000000
10852  14.074  -62.665  -13.086 0.0000000000
10853  13.434  -61.944  -13.547 0.0000000000
10861  14.394  -63.314  -13.511 0.0000000000
10862  13.688  -62.524  -13.789 0.0000000000
10863  13.358  -61.952  -14.043 0.0000000000
10869  14.617  -63.621  -14.602 0.0000000000
10870  13.786  -62.657  -14.607 0.0000000000
10871  13.486  -62.226  -14.221 0.0000000000
10872  6.513  -62.682  -16.064 0.0000000000
10873  6.162  -62.891  -16.518 0.0000000000
10874  5.894  -62.913  -17.027 0.0000000000
10875  5.644  -62.599  -17.238 0.0000000000
10880  14.804  -63.908  -15.258 0.0000000000
10881  14.113  -63.394  -15.661 0.0000000000
10882  7.643  -62.917  -16.254 0.0000000000
10883  7.117  -63.269  -16.160 0.0000000000
10884  6.792  -63.350  -16.133 0.0000000000
10885  6.511  -63.408  -16.407 0.0000000000
10886  5.997  -63.428  -17.276 0.0000000000
10887  5.659  -63.160  -17.473 0.0000000000
10890  13.458  -63.306  -16.549 0.0000000000
10891  12.693  -63.421  -17.170 0.0000000000
10892  12.406  -64.071  -17.334 0.0000000000
10893  9.823  -62.913  -17.371 0.0000000000
10894  8.990  -63.295  -17.226 0.0000000000
10895  8.025  -63.525  -16.896 0.0000000000
10896  7.447  -63.440  -16.511 0.0000000000
10897  5.460  -63.385  -18.000 0.0000000000
10901  12.161  -63.083  -17.392 0.0000000000
10902  11.671  -63.738  -17.495 0.0000000000
10903  10.371  -63.653  -17.617 0.0000000000
10904  9.655  -63.537  -17.512 0.0000000000
10905  5.038  -63.434  -18.567 0.0000000000
10915  4.633  -63.661  -19.004 0.0000000000
10923  3.907  -63.718  -19.449 0.0000000000
10925  3.340  -63.804  -20.288 0.0000000000
10942  2.825  -63.743  -21.243 0.0000000000
10943  2.493  -63.150  -21.575 0.0000000000
10967  2.563  -63.485  -22.166 0.0000000000
10968  2.354  -62.913  -21.999 0.0000000000
10983  2.494  -63.380  -23.322 0.0000000000
11656  19.450  -62.098  -5.795 0.0000000000
11657  18.451  -62.836  -6.129 0.0000000000
11658  17.485  -63.054  -6.170 0.0000000000
11659  16.884  -63.413  -6.021 0.0000000000
11670  19.682  -62.062  -8.152 0.0000000000
11671  19.495  -62.085  -6.083 0.0000000000
11672  17.900  -63.036  -6.970 0.0000000000
11673  17.398  -63.140  -7.087 0.0000000000
11674  16.803  -63.311  -6.942 0.0000000000
11675  15.866  -63.719  -8.529 0.0000000000
11676  15.721  -63.834  -8.479 0.0000000000
11689  19.824  -62.204  -8.798 0.0000000000
11690  18.387  -62.841  -8.839 0.0000000000
11691  17.012  -63.200  -8.181 0.0000000000
11692  16.660  -63.430  -8.014 0.0000000000
11693  16.087  -63.573  -8.621 0.0000000000
11694  15.676  -63.708  -9.156 0.0000000000
11709  19.895  -62.348  -9.639 0.0000000000
11710  18.435  -62.846  -9.775 0.0000000000
11711  16.544  -62.925  -9.281 0.0000000000
11712  16.310  -62.974  -9.412 0.0000000000
11713  15.735  -63.092  -9.799 0.0000000000
11714  15.376  -63.323  -10.153 0.0000000000
11728  19.912  -62.340  -10.609 0.0000000000
11729  18.223  -62.681  -10.484 0.0000000000
11730  16.193  -62.474  -10.206 0.0000000000
11731  16.416  -62.553  -10.253 0.0000000000
11732  15.297  -62.837  -10.502 0.0000000000
11733  14.850  -62.822  -10.991 0.0000000000
11747  19.833  -62.358  -11.308 0.0000000000
11748  18.205  -62.455  -11.310 0.0000000000
11749  17.710  -62.110  -11.630 0.0000000000
11750  14.627  -62.570  -11.889 0.0000000000
11751  14.107  -62.058  -12.491 0.0000000000
11752  13.347  -61.554  -13.118 0.0000000000
11753  12.547  -61.062  -13.291 0.0000000000
11754  12.054  -60.742  -13.365 0.0000000000
11766  19.652  -62.112  -12.048 0.0000000000
11767  19.202  -62.153  -12.373 0.0000000000
11768  18.493  -62.143  -12.194 0.0000000000
11769  17.858  -61.916  -12.231 0.0000000000
11770  12.704  -61.283  -13.683 0.0000000000
11771  12.107  -60.791  -13.719 0.0000000000
11772  11.689  -60.557  -13.559 0.0000000000
11779  19.719  -61.744  -12.595 0.0000000000
11780  19.460  -61.825  -12.739 0.0000000000
11781  18.985  -61.867  -12.785 0.0000000000
11782  12.838  -61.425  -14.093 0.0000000000
11783  12.145  -60.811  -14.153 0.0000000000
11784  11.564  -60.510  -13.847 0.0000000000
11788  13.363  -62.102  -15.056 0.0000000000
11789  13.072  -61.666  -14.611 0.0000000000
11790  12.267  -60.915  -14.356 0.0000000000
11791  11.621  -60.524  -14.175 0.0000000000
11792  6.811  -61.742  -15.583 0.0000000000
11793  6.526  -61.848  -15.627 0.0000000000
11794  6.126  -61.998  -15.917 0.0000000000
11795  5.863  -61.972  -16.383 0.0000000000
11796  5.604  -61.966  -16.918 0.0000000000
11803  13.436  -62.470  -15.606 0.0000000000
11804  12.948  -61.705  -15.470 0.0000000000
11805  7.681  -62.077  -16.151 0.0000000000
11806  7.150  -62.317  -15.956 0.0000000000
11807  6.816  -62.536  -15.902 0.0000000000
11808  5.381  -62.144  -17.396 0.0000000000
11817  13.461  -62.835  -16.131 0.0000000000
11818  12.700  -62.265  -16.572 0.0000000000
11819  11.908  -61.986  -16.836 0.0000000000
11820  10.057  -61.991  -17.180 0.0000000000
11821  9.102  -62.283  -16.966 0.0000000000
11822  8.270  -62.621  -16.640 0.0000000000
11823  5.107  -62.444  -17.819 0.0000000000
11831  12.362  -62.786  -17.141 0.0000000000
11832  11.808  -62.491  -17.225 0.0000000000
11833  10.792  -62.726  -17.525 0.0000000000
11834  4.678  -62.698  -18.281 0.0000000000
11843  3.975  -63.004  -18.868 0.0000000000
11853  3.301  -63.030  -19.781 0.0000000000
11860  2.804  -63.158  -20.506 0.0000000000
11861  2.607  -62.603  -20.739 0.0000000000
11877  2.548  -63.050  -21.075 0.0000000000
11878  2.364  -62.513  -21.391 0.0000000000
11898  2.371  -62.984  -22.541 0.0000000000
11899  2.113  -62.382  -22.311 0.0000000000
11926  2.255  -62.759  -22.878 0.0000000000
12564  19.575  -61.198  -5.877 0.0000000000
12572  19.682  -61.823  -8.077 0.0000000000
12573  19.600  -61.399  -6.132 0.0000000000
12582  19.695  -61.774  -8.463 0.0000000000
12583  19.427  -61.209  -8.767 0.0000000000
12584  19.198  -60.853  -9.227 0.0000000000
12595  19.755  -61.658  -9.463 0.0000000000
12596  19.393  -61.067  -9.720 0.0000000000
12597  19.140  -60.794  -9.582 0.0000000000
12598  16.019  -62.578  -10.260 0.0000000000
12599  15.906  -62.762  -10.040 0.0000000000
12609  19.914  -61.833  -10.366 0.0000000000
12610  19.277  -60.814  -10.454 0.0000000000
12611  19.111  -60.686  -9.978 0.0000000000
12612  16.040  -62.200  -11.423 0.0000000000
12613  15.931  -62.271  -10.964 0.0000000000
12614  15.522  -62.495  -10.780 0.0000000000
12615  15.116  -62.553  -11.016 0.0000000000
12632  19.881  -61.828  -11.372 0.0000000000
12633  19.187  -60.607  -10.792 0.0000000000
12634  19.088  -60.550  -10.481 0.0000000000
12635  16.071  -61.921  -12.453 0.0000000000
12636  15.844  -62.070  -12.138 0.0000000000
12637  15.373  -61.885  -11.981 0.0000000000
12638  14.697  -62.020  -11.875 0.0000000000
12639  13.715  -61.297  -12.771 0.0000000000
12640  12.964  -61.096  -12.908 0.0000000000
12641  12.362  -60.654  -13.010 0.0000000000
12642  11.686  -60.553  -13.232 0.0000000000
12658  19.784  -61.535  -12.306 0.0000000000
12659  18.106  -61.828  -12.571 0.0000000000
12660  16.217  -61.512  -13.132 0.0000000000
12661  16.001  -61.541  -13.053 0.0000000000
12662  15.614  -61.578  -12.688 0.0000000000
12663  13.488  -60.848  -12.789 0.0000000000
12664  12.993  -60.726  -12.854 0.0000000000
12665  12.294  -60.439  -12.806 0.0000000000
12666  11.245  -60.340  -13.382 0.0000000000
12667  10.766  -60.123  -13.202 0.0000000000
12675  19.594  -61.328  -12.984 0.0000000000
12676  19.152  -61.429  -13.203 0.0000000000
12677  18.354  -61.489  -13.071 0.0000000000
12678  16.424  -60.976  -13.859 0.0000000000
12679  16.071  -61.143  -13.601 0.0000000000
12680  10.992  -60.224  -13.741 0.0000000000
12681  10.466  -60.056  -13.279 0.0000000000
12682  5.668  -60.716  -14.384 0.0000000000
12683  5.476  -60.611  -14.666 0.0000000000
12684  5.255  -60.429  -15.156 0.0000000000
12693  19.336  -60.901  -13.518 0.0000000000
12694  18.769  -60.870  -13.665 0.0000000000
12695  16.891  -60.356  -14.392 0.0000000000
12696  16.757  -60.542  -14.302 0.0000000000
12697  12.731  -61.344  -15.043 0.0000000000
12698  12.329  -61.012  -14.871 0.0000000000
12699  11.438  -60.552  -14.550 0.0000000000
12700  6.794  -61.379  -15.399 0.0000000000
12701  6.547  -61.211  -15.157 0.0000000000
12702  6.056  -61.097  -15.009 0.0000000000
12703  5.732  -61.154  -15.550 0.0000000000
12704  5.322  -60.928  -16.143 0.0000000000
12717  12.442  -61.214  -15.325 0.0000000000
12718  11.760  -60.826  -15.418 0.0000000000
12719  11.311  -60.541  -15.080 0.0000000000
12720  7.678  -61.581  -16.083 0.0000000000
12721  7.101  -61.277  -15.673 0.0000000000
12722  6.612  -60.867  -15.116 0.0000000000
12723  5.206  -61.123  -17.059 0.0000000000
12733  12.325  -61.386  -15.908 0.0000000000
12734  11.517  -61.317  -16.449 0.0000000000
12735  10.336  -61.206  -16.673 0.0000000000
12736  9.311  -61.349  -16.648 0.0000000000
12737  8.293  -61.602  -16.311 0.0000000000
12738  7.724  -61.310  -16.016 0.0000000000
12739  4.940  -61.397  -17.642 0.0000000000
12743  11.580  -61.896  -16.952 0.0000000000
12744  11.031  -61.832  -17.158 0.0000000000
12745  4.455  -61.721  -18.090 0.0000000000
12756  3.879  -62.106  -18.522 0.0000000000
12766  3.207  -61.969  -19.492 0.0000000000
12767  2.762  -61.404  -19.932 0.0000000000
12776  2.855  -62.512  -20.191 0.0000000000
12777  2.563  -61.830  -20.558 0.0000000000
12789  2.079  -61.668  -21.533 0.0000000000
13413  19.561  -60.619  -6.234 0.0000000000
13414  19.578  -60.552  -6.505 0.0000000000
13422  19.635  -60.863  -6.364 0.0000000000
13423  19.153  -60.646  -8.741 0.0000000000
13432  19.798  -61.438  -10.206 0.0000000000
13433  19.672  -61.311  -9.934 0.0000000000
13434  19.040  -60.470  -9.413 0.0000000000
13440  19.775  -61.341  -10.906 0.0000000000
13441  19.580  -61.113  -10.406 0.0000000000
13442  19.005  -60.264  -10.112 0.0000000000
13451  19.714  -61.142  -11.813 0.0000000000
13452  19.416  -60.729  -11.175 0.0000000000
13453  19.108  -60.216  -10.856 0.0000000000
13454  14.768  -61.385  -12.470 0.0000000000
13455  14.160  -61.155  -12.671 0.0000000000
13456  13.723  -60.928  -12.744 0.0000000000
13457  11.736  -60.409  -12.891 0.0000000000
13458  11.370  -60.364  -13.093 0.0000000000
13468  19.630  -60.906  -12.671 0.0000000000
13469  19.450  -60.482  -12.181 0.0000000000
13470  19.223  -60.037  -11.675 0.0000000000
13471  15.699  -61.170  -13.367 0.0000000000
13472  15.118  -61.189  -12.995 0.0000000000
13473  14.420  -60.791  -12.972 0.0000000000
13474  13.568  -60.454  -12.959 0.0000000000
13475  12.647  -60.168  -12.787 0.0000000000
13476  11.901  -60.079  -12.596 0.0000000000
13477  11.122  -60.017  -12.842 0.0000000000
13478  10.335  -59.889  -12.807 0.0000000000
13479  4.953  -59.927  -13.546 0.0000000000
13480  4.715  -59.722  -13.490 0.0000000000
13492  19.485  -60.713  -13.344 0.0000000000
13493  19.358  -60.134  -13.008 0.0000000000
13494  19.263  -59.873  -12.385 0.0000000000
13495  16.567  -60.622  -14.225 0.0000000000
13496  16.128  -60.663  -14.038 0.0000000000
13497  15.424  -60.543  -13.631 0.0000000000
13498  14.773  -60.335  -13.352 0.0000000000
13499  14.155  -60.133  -13.243 0.0000000000
13500  10.474  -60.090  -13.535 0.0000000000
13501  9.982  -59.885  -13.302 0.0000000000
13502  6.114  -60.410  -14.286 0.0000000000
13503  5.945  -60.603  -14.200 0.0000000000
13504  5.366  -60.275  -13.940 0.0000000000
13505  4.848  -59.924  -14.161 0.0000000000
13519  19.410  -60.641  -13.641 0.0000000000
13520  19.108  -60.191  -13.772 0.0000000000
13521  17.252  -59.868  -14.857 0.0000000000
13522  16.790  -60.148  -14.579 0.0000000000
13523  16.321  -60.124  -14.370 0.0000000000
13524  10.556  -60.161  -14.043 0.0000000000
13525  9.717  -59.724  -14.397 0.0000000000
13526  6.245  -60.529  -14.623 0.0000000000
13527  6.193  -60.849  -14.711 0.0000000000
13528  4.703  -59.728  -15.292 0.0000000000
13539  17.118  -59.678  -14.911 0.0000000000
13540  16.986  -59.817  -14.830 0.0000000000
13541  11.258  -60.578  -15.311 0.0000000000
13542  10.766  -60.310  -15.081 0.0000000000
13543  9.757  -60.067  -15.414 0.0000000000
13544  7.218  -60.312  -15.588 0.0000000000
13545  6.686  -60.368  -15.123 0.0000000000
13546  4.770  -60.107  -16.492 0.0000000000
13551  11.176  -60.694  -15.684 0.0000000000
13552  10.517  -60.661  -15.953 0.0000000000
13553  9.472  -60.573  -16.055 0.0000000000
13554  8.637  -60.773  -16.123 0.0000000000
13555  7.855  -60.754  -15.893 0.0000000000
13556  4.744  -60.352  -17.334 0.0000000000
13563  4.357  -60.655  -17.925 0.0000000000
13571  3.637  -61.023  -18.644 0.0000000000
13577  2.924  -60.887  -19.514 0.0000000000
13578  2.522  -60.915  -20.279 0.0000000000
13593  2.174  -61.085  -20.929 0.0000000000
14311  19.448  -60.190  -6.450 0.0000000000
14319  19.057  -60.106  -8.784 0.0000000000
14327  19.024  -59.870  -9.495 0.0000000000
14334  19.068  -59.683  -10.287 0.0000000000
14341  19.140  -59.509  -11.129 0.0000000000
14344  19.181  -59.325  -11.972 0.0000000000
14345  12.963  -59.748  -13.001 0.0000000000
14346  12.304  -59.439  -12.665 0.0000000000
14347  11.444  -59.406  -12.474 0.0000000000
14348  10.583  -59.383  -12.270 0.0000000000
14349  9.560  -59.399  -12.224 0.0000000000
14350  8.994  -58.884  -11.920 0.0000000000
14351  5.226  -59.380  -13.383 0.0000000000
14352  4.852  -59.447  -13.206 0.0000000000
14353  4.455  -59.254  -13.474 0.0000000000
14356  19.159  -59.332  -13.472 0.0000000000
14357  19.205  -59.300  -12.760 0.0000000000
14358  15.831  -60.002  -14.144 0.0000000000
14359  15.088  -59.812  -13.857 0.0000000000
14360  14.420  -59.597  -13.529 0.0000000000
14361  13.634  -59.487  -13.263 0.0000000000
14362  12.920  -59.132  -13.037 0.0000000000
14363  9.000  -59.337  -13.337 0.0000000000
14364  8.826  -58.959  -12.389 0.0000000000
14365  6.087  -60.233  -14.119 0.0000000000
14366  5.670  -59.787  -13.817 0.0000000000
14367  5.202  -59.784  -13.514 0.0000000000
14368  4.288  -59.015  -14.217 0.0000000000
14373  18.891  -58.589  -14.932 0.0000000000
14374  17.468  -59.378  -14.959 0.0000000000
14375  16.843  -59.776  -14.808 0.0000000000
14376  16.378  -59.589  -14.694 0.0000000000
14377  15.530  -59.257  -14.367 0.0000000000
14378  14.741  -59.052  -13.971 0.0000000000
14379  8.846  -59.003  -14.373 0.0000000000
14380  6.178  -59.649  -14.450 0.0000000000
14381  5.894  -59.275  -13.853 0.0000000000
14382  4.079  -58.745  -15.002 0.0000000000
14385  17.514  -59.073  -15.030 0.0000000000
14386  17.346  -59.237  -15.024 0.0000000000
14387  16.929  -59.385  -14.981 0.0000000000
14388  16.558  -59.139  -14.952 0.0000000000
14389  8.955  -59.226  -15.127 0.0000000000
14390  8.371  -59.264  -15.511 0.0000000000
14391  7.700  -59.648  -15.692 0.0000000000
14392  6.826  -59.539  -15.252 0.0000000000
14393  4.255  -59.106  -15.977 0.0000000000
14397  9.046  -59.827  -15.642 0.0000000000
14398  8.585  -60.056  -15.852 0.0000000000
14399  8.206  -60.304  -15.898 0.0000000000
14400  4.402  -59.372  -16.952 0.0000000000
14409  4.278  -59.621  -17.690 0.0000000000
14416  3.793  -59.856  -18.331 0.0000000000
14428  3.190  -59.975  -19.122 0.0000000000
14429  2.664  -60.058  -19.992 0.0000000000
15194  19.167  -59.509  -8.806 0.0000000000
15207  19.243  -59.243  -9.558 0.0000000000
15219  19.337  -58.986  -10.398 0.0000000000
15225  19.321  -58.731  -11.292 0.0000000000
15226  8.912  -58.174  -11.220 0.0000000000
15227  8.588  -57.999  -11.299 0.0000000000
15228  8.462  -57.843  -11.404 0.0000000000
15233  19.323  -57.765  -11.900 0.0000000000
15234  19.235  -58.400  -12.258 0.0000000000
15235  11.768  -58.890  -12.497 0.0000000000
15236  11.114  -58.716  -12.031 0.0000000000
15237  10.220  -58.802  -11.587 0.0000000000
15238  9.302  -58.575  -11.479 0.0000000000
15239  8.446  -58.398  -11.818 0.0000000000
15240  8.350  -57.907  -11.555 0.0000000000
15241  5.065  -58.832  -12.984 0.0000000000
15242  4.500  -58.703  -12.995 0.0000000000
15243  3.785  -58.328  -13.332 0.0000000000
15244  3.131  -57.816  -13.010 0.0000000000
15249  19.200  -58.033  -14.821 0.0000000000
15250  19.156  -58.624  -13.129 0.0000000000
15251  14.065  -58.887  -13.637 0.0000000000
15252  13.370  -58.526  -13.361 0.0000000000
15253  12.425  -58.528  -12.903 0.0000000000
15254  11.687  -58.357  -12.546 0.0000000000
15255  8.604  -58.709  -13.843 0.0000000000
15256  8.285  -58.590  -13.057 0.0000000000
15257  5.453  -58.983  -13.551 0.0000000000
15258  3.650  -58.358  -14.303 0.0000000000
15259  2.971  -57.790  -13.771 0.0000000000
15266  18.978  -58.127  -14.809 0.0000000000
15267  18.545  -58.015  -15.069 0.0000000000
15268  16.710  -58.004  -14.890 0.0000000000
15269  16.216  -58.548  -14.765 0.0000000000
15270  15.164  -58.386  -14.286 0.0000000000
15271  14.381  -58.327  -13.929 0.0000000000
15272  13.892  -58.364  -13.683 0.0000000000
15273  8.547  -58.359  -14.379 0.0000000000
15274  8.426  -58.160  -13.927 0.0000000000
15275  6.392  -58.684  -14.831 0.0000000000
15276  5.925  -58.658  -14.025 0.0000000000
15277  3.715  -58.271  -14.883 0.0000000000
15278  3.400  -57.824  -14.863 0.0000000000
15284  18.764  -58.493  -15.006 0.0000000000
15285  17.442  -58.550  -15.025 0.0000000000
15286  17.037  -58.539  -15.013 0.0000000000
15287  16.700  -58.921  -15.024 0.0000000000
15288  8.586  -58.391  -14.836 0.0000000000
15289  8.254  -58.396  -15.232 0.0000000000
15290  7.629  -58.489  -15.403 0.0000000000
15291  6.945  -58.651  -15.348 0.0000000000
15292  3.881  -58.109  -15.548 0.0000000000
15293  3.607  -57.670  -15.385 0.0000000000
15298  4.097  -58.387  -16.615 0.0000000000
15305  4.171  -58.653  -17.496 0.0000000000
15315  3.917  -58.906  -18.150 0.0000000000
15333  3.509  -59.037  -18.853 0.0000000000
15334  2.937  -59.074  -19.661 0.0000000000
16179  9.441  -57.788  -11.270 0.0000000000
16180  9.073  -57.819  -11.160 0.0000000000
16181  8.719  -57.726  -11.429 0.0000000000
16182  8.431  -57.608  -11.704 0.0000000000
16183  3.732  -57.279  -12.383 0.0000000000
16184  3.367  -57.000  -12.189 0.0000000000
16185  3.022  -56.689  -12.061 0.0000000000
16189  18.716  -55.917  -13.058 0.0000000000
16190  19.193  -57.995  -12.973 0.0000000000
16191  10.664  -58.165  -11.789 0.0000000000
16192  9.921  -57.995  -11.429 0.0000000000
16193  9.305  -58.056  -11.139 0.0000000000
16194  7.941  -57.868  -12.662 0.0000000000
16195  8.091  -57.567  -12.118 0.0000000000
16196  4.752  -58.296  -12.915 0.0000000000
16197  4.233  -57.645  -12.771 0.0000000000
16198  3.501  -57.526  -12.705 0.0000000000
16199  2.888  -56.947  -12.782 0.0000000000
16202  18.256  -55.505  -13.925 0.0000000000
16203  19.151  -58.133  -13.376 0.0000000000
16204  12.913  -57.664  -13.292 0.0000000000
16205  12.036  -57.698  -12.925 0.0000000000
16206  11.292  -57.866  -12.343 0.0000000000
16207  8.099  -57.766  -13.524 0.0000000000
16208  5.175  -57.839  -13.329 0.0000000000
16209  4.649  -57.206  -12.855 0.0000000000
16210  2.754  -56.857  -13.801 0.0000000000
16215  18.337  -55.993  -14.565 0.0000000000
16216  17.805  -56.692  -14.734 0.0000000000
16217  17.154  -57.432  -14.825 0.0000000000
16218  16.321  -57.455  -14.678 0.0000000000
16219  15.498  -57.577  -14.409 0.0000000000
16220  14.666  -57.604  -14.079 0.0000000000
16221  13.800  -57.726  -13.759 0.0000000000
16222  8.439  -58.012  -14.353 0.0000000000
16223  8.284  -57.654  -14.277 0.0000000000
16224  6.538  -58.102  -15.023 0.0000000000
16225  6.007  -57.592  -14.572 0.0000000000
16226  3.015  -57.043  -14.673 0.0000000000
16231  17.517  -57.723  -14.925 0.0000000000
16232  17.368  -58.083  -14.983 0.0000000000
16233  8.429  -57.989  -14.593 0.0000000000
16234  8.180  -57.655  -14.848 0.0000000000
16235  7.604  -57.588  -15.158 0.0000000000
16236  6.793  -57.573  -15.182 0.0000000000
16237  6.248  -57.026  -14.987 0.0000000000
16238  3.744  -57.561  -15.669 0.0000000000
16239  3.508  -57.117  -15.613 0.0000000000
16245  3.967  -57.373  -16.309 0.0000000000
16246  3.799  -56.859  -16.175 0.0000000000
16250  4.128  -57.678  -17.357 0.0000000000
16253  4.019  -58.045  -18.116 0.0000000000
16265  3.733  -58.362  -18.614 0.0000000000
16266  3.453  -58.203  -19.292 0.0000000000
17135  9.350  -57.607  -11.406 0.0000000000
17136  9.214  -57.399  -11.643 0.0000000000
17137  8.859  -57.296  -11.936 0.0000000000
17138  8.568  -57.110  -12.326 0.0000000000
17139  3.878  -56.846  -12.067 0.0000000000
17140  3.398  -56.178  -11.869 0.0000000000
17141  2.831  -56.110  -12.109 0.0000000000
17145  19.572  -55.643  -13.878 0.0000000000
17146  18.587  -54.914  -13.378 0.0000000000
17148  10.705  -57.253  -12.227 0.0000000000
17149  9.718  -57.201  -11.932 0.0000000000
17150  9.489  -56.931  -12.118 0.0000000000
17151  7.970  -57.339  -12.651 0.0000000000
17152  8.265  -56.715  -12.928 0.0000000000
17153  4.321  -56.641  -12.507 0.0000000000
17154  2.351  -55.790  -12.762 0.0000000000
17155  2.552  -55.914  -12.683 0.0000000000
17158  19.260  -54.754  -14.253 0.0000000000
17159  18.604  -55.381  -13.853 0.0000000000
17160  13.313  -56.764  -13.733 0.0000000000
17161  12.453  -56.812  -13.254 0.0000000000
17162  11.620  -56.975  -12.811 0.0000000000
17163  7.966  -57.194  -13.169 0.0000000000
17164  7.962  -56.471  -13.596 0.0000000000
17165  5.376  -56.574  -13.949 0.0000000000
17166  4.875  -56.603  -13.051 0.0000000000
17167  2.383  -55.718  -12.958 0.0000000000
17168  2.589  -56.031  -13.414 0.0000000000
17172  19.149  -55.226  -14.628 0.0000000000
17173  18.813  -55.552  -14.556 0.0000000000
17174  18.290  -55.748  -14.541 0.0000000000
17175  17.438  -56.243  -14.586 0.0000000000
17176  16.573  -56.493  -14.504 0.0000000000
17177  15.694  -56.653  -14.339 0.0000000000
17178  14.927  -56.834  -14.130 0.0000000000
17179  14.205  -56.823  -13.926 0.0000000000
17180  8.094  -57.083  -13.892 0.0000000000
17181  7.811  -56.555  -14.235 0.0000000000
17182  5.903  -56.449  -14.743 0.0000000000
17183  2.775  -56.127  -14.505 0.0000000000
17188  18.780  -55.272  -14.590 0.0000000000
17189  18.626  -55.217  -14.924 0.0000000000
17190  8.027  -57.118  -14.459 0.0000000000
17191  7.629  -56.814  -14.800 0.0000000000
17192  7.065  -56.784  -15.110 0.0000000000
17193  6.512  -56.619  -14.995 0.0000000000
17194  3.035  -56.225  -15.555 0.0000000000
17199  3.976  -56.736  -16.501 0.0000000000
17200  3.658  -56.254  -16.509 0.0000000000
17205  4.137  -56.630  -17.247 0.0000000000
17206  4.007  -55.948  -17.203 0.0000000000
17218  4.133  -57.104  -18.281 0.0000000000
17234  3.797  -57.727  -18.735 0.0000000000
18103  3.882  -55.301  -11.192 0.0000000000
18104  3.630  -55.120  -10.890 0.0000000000
18105  3.302  -54.863  -10.704 0.0000000000
18113  9.256  -56.894  -12.175 0.0000000000
18114  9.037  -56.614  -12.501 0.0000000000
18115  8.742  -56.422  -12.850 0.0000000000
18116  4.033  -55.738  -11.770 0.0000000000
18117  3.612  -55.514  -11.384 0.0000000000
18118  2.977  -55.328  -11.244 0.0000000000
18122  21.215  -55.195  -13.436 0.0000000000
18123  20.257  -55.055  -13.484 0.0000000000
18124  19.272  -55.152  -12.681 0.0000000000
18127  11.244  -56.298  -12.917 0.0000000000
18128  10.474  -56.114  -12.738 0.0000000000
18129  9.578  -55.954  -12.653 0.0000000000
18130  8.986  -55.641  -12.982 0.0000000000
18131  8.471  -55.652  -13.189 0.0000000000
18132  4.487  -55.696  -12.642 0.0000000000
18133  2.312  -55.677  -12.558 0.0000000000
18134  2.199  -55.305  -12.199 0.0000000000
18138  21.430  -55.347  -13.944 0.0000000000
18139  20.338  -55.710  -14.240 0.0000000000
18140  15.491  -54.828  -13.760 0.0000000000
18141  14.940  -55.129  -13.741 0.0000000000
18142  13.985  -55.715  -13.870 0.0000000000
18143  12.841  -55.838  -13.584 0.0000000000
18144  12.016  -56.009  -13.190 0.0000000000
18145  7.928  -55.619  -13.487 0.0000000000
18146  7.406  -55.284  -13.866 0.0000000000
18147  5.630  -55.494  -14.227 0.0000000000
18148  5.026  -55.581  -13.439 0.0000000000
18149  2.267  -55.570  -12.718 0.0000000000
18150  2.335  -55.194  -13.137 0.0000000000
18154  20.880  -55.103  -14.482 0.0000000000
18155  20.064  -55.198  -14.764 0.0000000000
18156  19.444  -55.207  -14.723 0.0000000000
18157  18.425  -55.009  -14.453 0.0000000000
18158  17.697  -55.305  -14.324 0.0000000000
18159  16.864  -55.571  -14.225 0.0000000000
18160  15.878  -55.531  -14.095 0.0000000000
18161  14.986  -56.036  -14.019 0.0000000000
18162  14.532  -56.349  -13.953 0.0000000000
18163  7.661  -55.879  -14.036 0.0000000000
18164  7.110  -55.569  -14.377 0.0000000000
18165  6.455  -55.734  -14.677 0.0000000000
18166  2.695  -55.137  -14.220 0.0000000000
18170  19.798  -54.792  -14.820 0.0000000000
18171  19.303  -54.944  -14.789 0.0000000000
18172  18.912  -54.843  -14.629 0.0000000000
18173  7.454  -56.162  -14.484 0.0000000000
18174  7.082  -56.170  -14.817 0.0000000000
18175  6.756  -56.301  -14.948 0.0000000000
18176  2.911  -55.202  -15.369 0.0000000000
19050  4.011  -54.057  -10.258 0.0000000000
19051  3.498  -53.904  -9.953 0.0000000000
19052  3.063  -53.715  -9.870 0.0000000000
19062  4.175  -54.675  -10.996 0.0000000000
19063  3.615  -54.494  -10.534 0.0000000000
19064  2.965  -54.251  -10.484 0.0000000000
19071  22.323  -53.789  -13.297 0.0000000000
19072  21.974  -53.851  -13.172 0.0000000000
19073  21.768  -53.838  -12.966 0.0000000000
19078  4.398  -54.712  -12.117 0.0000000000
19079  2.352  -54.472  -11.301 0.0000000000
19085  22.553  -53.933  -13.660 0.0000000000
19086  22.142  -54.131  -13.665 0.0000000000
19087  21.522  -54.551  -13.031 0.0000000000
19088  20.115  -54.490  -12.602 0.0000000000
19092  14.577  -54.063  -13.091 0.0000000000
19093  14.326  -53.959  -13.032 0.0000000000
19094  12.400  -54.621  -13.295 0.0000000000
19095  11.538  -55.019  -13.234 0.0000000000
19096  10.402  -54.782  -12.985 0.0000000000
19097  9.744  -54.482  -12.853 0.0000000000
19098  9.159  -54.590  -12.922 0.0000000000
19099  8.345  -54.495  -13.083 0.0000000000
19100  7.679  -53.887  -13.016 0.0000000000
19101  4.709  -54.778  -12.990 0.0000000000
19102  1.903  -54.328  -11.915 0.0000000000
19109  22.699  -53.932  -14.040 0.0000000000
19110  22.433  -53.999  -14.090 0.0000000000
19111  22.025  -54.492  -14.013 0.0000000000
19112  16.536  -54.261  -13.947 0.0000000000
19113  16.098  -54.474  -13.814 0.0000000000
19114  15.143  -54.224  -13.287 0.0000000000
19115  14.192  -54.407  -13.401 0.0000000000
19116  13.145  -54.681  -13.449 0.0000000000
19117  12.380  -55.209  -13.371 0.0000000000
19118  8.081  -55.029  -13.341 0.0000000000
19119  7.381  -54.552  -13.468 0.0000000000
19120  6.373  -54.700  -14.007 0.0000000000
19121  5.417  -54.480  -13.539 0.0000000000
19122  2.014  -54.300  -12.735 0.0000000000
19128  22.396  -53.688  -14.292 0.0000000000
19129  22.073  -53.822  -14.321 0.0000000000
19130  21.471  -54.293  -14.488 0.0000000000
19131  20.773  -54.604  -14.707 0.0000000000
19132  18.664  -54.320  -14.525 0.0000000000
19133  17.944  -54.424  -14.296 0.0000000000
19134  16.973  -54.578  -14.042 0.0000000000
19135  16.456  -55.052  -14.048 0.0000000000
19136  6.967  -55.026  -14.006 0.0000000000
19137  6.694  -55.219  -14.301 0.0000000000
19141  20.982  -54.012  -14.802 0.0000000000
19142  20.340  -54.276  -14.870 0.0000000000
19143  19.813  -54.157  -14.955 0.0000000000
19144  19.232  -54.166  -14.775 0.0000000000
20025  2.983  -52.711  -9.034 0.0000000000
20026  2.756  -52.819  -9.307 0.0000000000
20034  3.998  -53.228  -9.777 0.0000000000
20035  3.228  -53.134  -9.448 0.0000000000
20036  2.622  -53.329  -9.869 0.0000000000
20044  4.310  -53.479  -10.701 0.0000000000
20045  2.261  -53.629  -10.708 0.0000000000
20054  22.564  -53.628  -13.187 0.0000000000
20055  22.136  -53.370  -12.912 0.0000000000
20056  21.882  -53.614  -12.933 0.0000000000
20059  11.941  -52.976  -12.473 0.0000000000
20060  11.125  -52.763  -12.213 0.0000000000
20061  10.216  -52.726  -11.934 0.0000000000
20062  9.312  -52.728  -11.928 0.0000000000
20063  8.449  -52.777  -11.965 0.0000000000
20064  7.666  -52.832  -12.008 0.0000000000
20065  7.124  -52.749  -11.987 0.0000000000
20066  4.539  -53.727  -11.619 0.0000000000
20067  1.958  -53.780  -11.416 0.0000000000
20074  22.761  -53.844  -13.625 0.0000000000
20075  21.912  -52.996  -12.711 0.0000000000
20076  21.552  -53.388  -12.741 0.0000000000
20077  20.625  -53.593  -12.494 0.0000000000
20079  14.611  -53.571  -12.974 0.0000000000
20080  13.797  -53.679  -12.941 0.0000000000
20081  12.587  -53.710  -13.023 0.0000000000
20082  11.283  -53.732  -12.857 0.0000000000
20083  10.334  -53.611  -12.611 0.0000000000
20084  9.543  -53.565  -12.515 0.0000000000
20085  8.762  -53.557  -12.556 0.0000000000
20086  7.960  -53.470  -12.550 0.0000000000
20087  6.930  -53.328  -12.751 0.0000000000
20088  5.879  -53.225  -12.968 0.0000000000
20089  5.059  -53.742  -12.651 0.0000000000
20090  1.903  -53.492  -12.126 0.0000000000
20098  23.152  -53.233  -14.275 0.0000000000
20099  23.274  -52.935  -14.547 0.0000000000
20100  16.583  -53.711  -13.841 0.0000000000
20101  15.807  -53.548  -13.419 0.0000000000
20102  15.207  -53.378  -13.109 0.0000000000
20103  13.601  -54.201  -13.224 0.0000000000
20104  13.286  -54.047  -13.173 0.0000000000
20105  6.679  -54.063  -13.435 0.0000000000
20106  6.113  -53.819  -13.464 0.0000000000
20107  5.584  -53.779  -13.200 0.0000000000
20116  22.935  -53.303  -14.429 0.0000000000
20117  22.089  -53.444  -14.461 0.0000000000
20118  21.807  -53.548  -14.533 0.0000000000
20119  18.954  -53.706  -14.610 0.0000000000
20120  18.319  -53.601  -14.410 0.0000000000
20121  17.453  -53.624  -14.143 0.0000000000
20128  21.777  -53.159  -14.675 0.0000000000
20129  21.383  -53.361  -14.762 0.0000000000
20130  20.740  -53.445  -14.903 0.0000000000
20131  20.116  -53.536  -14.957 0.0000000000
20132  19.490  -53.483  -14.799 0.0000000000
21029  3.903  -51.944  -8.661 0.0000000000
21030  3.400  -52.293  -8.853 0.0000000000
21031  2.806  -52.227  -8.968 0.0000000000
21041  9.322  -51.748  -9.391 0.0000000000
21042  8.757  -51.888  -9.754 0.0000000000
21043  8.095  -52.027  -10.192 0.0000000000
21044  4.094  -52.255  -9.261 0.0000000000
21045  3.650  -52.768  -9.294 0.0000000000
21046  2.379  -52.439  -9.540 0.0000000000
21056  11.107  -51.550  -10.467 0.0000000000
21057  10.691  -51.739  -10.260 0.0000000000
21058  9.721  -52.017  -9.841 0.0000000000
21059  8.587  -52.131  -10.478 0.0000000000
21060  7.823  -52.213  -10.809 0.0000000000
21061  7.175  -52.198  -11.009 0.0000000000
21062  5.421  -51.988  -10.737 0.0000000000
21063  4.774  -52.297  -10.336 0.0000000000
21064  2.119  -52.827  -10.257 0.0000000000
21071  22.661  -52.909  -13.292 0.0000000000
21072  22.356  -53.066  -12.894 0.0000000000
21076  12.811  -52.144  -12.110 0.0000000000
21077  12.032  -52.120  -11.912 0.0000000000
21078  11.089  -51.936  -11.165 0.0000000000
21079  9.992  -52.076  -11.062 0.0000000000
21080  9.009  -52.267  -11.099 0.0000000000
21081  8.139  -52.509  -11.247 0.0000000000
21082  7.409  -52.491  -11.453 0.0000000000
21083  6.522  -52.398  -11.758 0.0000000000
21084  5.440  -52.281  -11.394 0.0000000000
21085  4.761  -52.915  -11.220 0.0000000000
21086  1.991  -52.770  -11.242 0.0000000000
21093  22.964  -52.665  -13.537 0.0000000000
21094  22.122  -52.593  -12.641 0.0000000000
21095  21.603  -52.551  -12.549 0.0000000000
21096  20.795  -52.590  -12.339 0.0000000000
21098  14.217  -52.787  -12.708 0.0000000000
21099  13.369  -52.703  -12.394 0.0000000000
21100  12.584  -52.742  -12.330 0.0000000000
21101  6.246  -52.809  -12.527 0.0000000000
21102  5.633  -52.768  -12.304 0.0000000000
21103  5.036  -53.029  -11.886 0.0000000000
21113  23.414  -52.593  -14.313 0.0000000000
21114  23.203  -52.554  -14.662 0.0000000000
21115  16.240  -52.719  -13.556 0.0000000000
21116  15.502  -52.678  -13.267 0.0000000000
21117  14.852  -52.765  -13.012 0.0000000000
21127  22.662  -52.484  -14.907 0.0000000000
21128  19.514  -52.485  -14.845 0.0000000000
21129  18.927  -52.780  -14.646 0.0000000000
21130  17.896  -52.646  -14.271 0.0000000000
21131  16.997  -52.704  -13.946 0.0000000000
21143  21.509  -52.541  -14.918 0.0000000000
21144  21.062  -52.681  -14.981 0.0000000000
21145  20.440  -52.787  -14.994 0.0000000000
21146  19.848  -52.895  -14.946 0.0000000000
21147  19.451  -52.921  -14.799 0.0000000000
22110  5.343  -50.647  -7.949 0.0000000000
22111  4.974  -50.754  -7.927 0.0000000000
22112  4.238  -50.911  -7.811 0.0000000000
22113  3.682  -50.908  -7.740 0.0000000000
22126  9.791  -51.111  -8.383 0.0000000000
22127  9.318  -51.117  -8.507 0.0000000000
22128  8.466  -51.099  -8.730 0.0000000000
22129  7.596  -51.033  -8.887 0.0000000000
22130  5.446  -50.825  -8.286 0.0000000000
22131  4.495  -51.333  -8.643 0.0000000000
22132  3.747  -51.523  -8.260 0.0000000000
22133  3.126  -51.332  -8.277 0.0000000000
22145  10.503  -51.329  -8.994 0.0000000000
22146  9.854  -51.388  -8.926 0.0000000000
22147  8.946  -51.475  -9.174 0.0000000000
22148  7.841  -51.563  -9.672 0.0000000000
22149  6.646  -51.199  -9.468 0.0000000000
22150  5.528  -51.153  -9.243 0.0000000000
22151  4.791  -51.749  -9.462 0.0000000000
22152  2.499  -51.403  -9.081 0.0000000000
22164  11.773  -51.016  -10.372 0.0000000000
22165  11.301  -51.213  -9.974 0.0000000000
22166  10.713  -51.397  -9.437 0.0000000000
22167  10.227  -51.551  -9.278 0.0000000000
22168  7.509  -51.992  -10.447 0.0000000000
22169  6.654  -51.860  -10.593 0.0000000000
22170  5.682  -51.584  -10.238 0.0000000000
22171  5.163  -51.667  -9.848 0.0000000000
22172  2.143  -51.648  -10.283 0.0000000000
22183  12.815  -51.563  -11.572 0.0000000000
22184  12.067  -51.370  -10.995 0.0000000000
22185  11.451  -51.394  -10.581 0.0000000000
22186  6.100  -52.001  -11.235 0.0000000000
22187  5.847  -51.874  -10.889 0.0000000000
22198  21.826  -51.759  -12.373 0.0000000000
22199  21.208  -51.961  -12.294 0.0000000000
22200  13.965  -51.754  -12.463 0.0000000000
22201  13.284  -51.787  -12.100 0.0000000000
22213  16.570  -51.225  -13.613 0.0000000000
22214  15.894  -51.665  -13.390 0.0000000000
22215  15.060  -51.886  -13.136 0.0000000000
22216  14.523  -52.134  -12.848 0.0000000000
22232  19.301  -51.725  -14.842 0.0000000000
22233  18.358  -51.594  -14.475 0.0000000000
22234  17.281  -51.546  -14.037 0.0000000000
22235  16.601  -51.971  -13.686 0.0000000000
22251  21.642  -51.671  -15.008 0.0000000000
22252  21.294  -51.923  -15.087 0.0000000000
22253  20.733  -52.068  -15.123 0.0000000000
22254  20.060  -52.058  -15.002 0.0000000000
23233  5.109  -49.530  -6.348 0.0000000000
23234  4.650  -49.392  -6.495 0.0000000000
23235  4.302  -49.144  -6.664 0.0000000000
23236  4.111  -48.880  -6.751 0.0000000000
23248  7.274  -49.934  -6.934 0.0000000000
23249  6.497  -49.884  -6.876 0.0000000000
23250  5.547  -49.872  -6.659 0.0000000000
23251  4.669  -49.971  -6.700 0.0000000000
23252  4.156  -49.748  -6.892 0.0000000000
23253  3.884  -49.264  -6.906 0.0000000000
23270  9.325  -50.316  -7.691 0.0000000000
23271  8.704  -50.276  -7.589 0.0000000000
23272  7.796  -50.209  -7.420 0.0000000000
23273  6.732  -50.237  -7.557 0.0000000000
23274  5.671  -50.328  -7.621 0.0000000000
23275  4.814  -50.321  -7.354 0.0000000000
23276  4.131  -50.316  -7.329 0.0000000000
23277  3.499  -50.073  -7.455 0.0000000000
23292  10.348  -50.603  -8.232 0.0000000000
23293  9.804  -50.717  -7.966 0.0000000000
23294  8.962  -50.785  -8.033 0.0000000000
23295  8.082  -50.735  -8.124 0.0000000000
23296  6.923  -50.721  -8.385 0.0000000000
23297  6.156  -50.542  -8.122 0.0000000000
23298  2.890  -50.261  -8.410 0.0000000000
23312  11.066  -50.598  -8.824 0.0000000000
23313  10.577  -50.934  -8.590 0.0000000000
23314  10.108  -51.021  -8.337 0.0000000000
23315  6.284  -50.942  -8.952 0.0000000000
23316  6.055  -50.801  -8.613 0.0000000000
23317  2.509  -50.152  -9.607 0.0000000000
23332  11.837  -50.596  -9.861 0.0000000000
23333  11.476  -50.796  -9.179 0.0000000000
23334  10.951  -51.087  -8.915 0.0000000000
23346  12.807  -50.707  -11.091 0.0000000000
23347  12.283  -50.594  -10.467 0.0000000000
23359  14.815  -50.094  -12.519 0.0000000000
23360  14.385  -50.611  -12.323 0.0000000000
23361  13.538  -50.898  -11.736 0.0000000000
23375  16.938  -50.421  -13.673 0.0000000000
23376  16.117  -50.523  -13.375 0.0000000000
23377  15.177  -50.646  -12.983 0.0000000000
23378  14.627  -51.408  -12.738 0.0000000000
23398  20.114  -50.856  -15.099 0.0000000000
23399  18.945  -50.565  -14.651 0.0000000000
23400  17.892  -50.325  -14.123 0.0000000000
23418  21.520  -51.200  -15.050 0.0000000000
23419  20.910  -51.364  -15.146 0.0000000000
23420  20.459  -51.583  -15.127 0.0000000000
24382  4.132  -48.100  -6.429 0.0000000000
24383  3.960  -47.925  -6.427 0.0000000000
24401  5.140  -48.908  -6.183 0.0000000000
24402  4.696  -48.714  -6.331 0.0000000000
24403  4.310  -48.505  -6.491 0.0000000000
24404  3.888  -48.458  -6.666 0.0000000000
24424  7.232  -49.360  -6.553 0.0000000000
24425  6.434  -49.304  -6.275 0.0000000000
24426  5.694  -49.151  -6.107 0.0000000000
24427  3.514  -48.964  -7.109 0.0000000000
24447  9.236  -49.909  -7.362 0.0000000000
24448  8.728  -49.726  -7.041 0.0000000000
24449  7.991  -49.492  -6.811 0.0000000000
24450  3.135  -49.247  -7.712 0.0000000000
24465  10.316  -50.138  -8.017 0.0000000000
24466  9.821  -49.802  -7.705 0.0000000000
24467  2.864  -49.108  -8.637 0.0000000000
24479  11.325  -49.996  -8.993 0.0000000000
24480  10.772  -50.097  -8.507 0.0000000000
24498  12.174  -49.826  -10.070 0.0000000000
24499  11.729  -49.951  -9.477 0.0000000000
24516  13.363  -49.885  -11.160 0.0000000000
24517  12.720  -49.820  -10.658 0.0000000000
24532  15.115  -49.526  -12.621 0.0000000000
24533  14.568  -49.620  -12.169 0.0000000000
24534  13.966  -49.842  -11.725 0.0000000000
24551  17.248  -49.314  -13.724 0.0000000000
24552  16.416  -49.555  -13.382 0.0000000000
24553  15.742  -49.624  -13.056 0.0000000000
25542  4.185  -47.567  -6.135 0.0000000000
25543  3.882  -47.684  -6.400 0.0000000000
25566  5.144  -48.036  -5.957 0.0000000000
25567  4.691  -48.018  -6.181 0.0000000000
25568  4.378  -47.948  -6.285 0.0000000000
25569  3.522  -48.099  -6.738 0.0000000000
25590  7.137  -48.505  -6.263 0.0000000000
25591  6.342  -48.424  -5.987 0.0000000000
25592  5.642  -48.326  -5.910 0.0000000000
25593  3.260  -48.505  -7.225 0.0000000000
25606  9.337  -49.250  -7.407 0.0000000000
25607  8.763  -48.683  -7.079 0.0000000000
25608  7.875  -48.579  -6.726 0.0000000000
25609  3.056  -48.438  -7.760 0.0000000000
25619  10.395  -49.392  -8.253 0.0000000000
25620  9.934  -48.821  -7.916 0.0000000000
25621  9.390  -48.437  -7.724 0.0000000000
25625  2.988  -48.297  -8.337 0.0000000000
25631  11.436  -49.476  -9.319 0.0000000000
25632  11.024  -49.006  -8.973 0.0000000000
25653  12.404  -49.049  -10.409 0.0000000000
25654  11.673  -48.899  -9.834 0.0000000000
25655  11.174  -48.165  -9.526 0.0000000000
25678  13.670  -49.095  -11.336 0.0000000000
25679  13.041  -48.826  -10.902 0.0000000000
25697  16.080  -47.979  -12.774 0.0000000000
25698  15.643  -48.538  -12.693 0.0000000000
25699  14.829  -48.721  -12.202 0.0000000000
25700  14.185  -48.902  -11.762 0.0000000000
25721  16.490  -48.458  -13.178 0.0000000000
25722  16.057  -49.026  -13.111 0.0000000000
26634  4.385  -46.649  -5.316 0.0000000000
26635  4.187  -46.680  -5.462 0.0000000000
26651  5.243  -46.831  -5.054 0.0000000000
26652  5.001  -46.975  -5.011 0.0000000000
26653  4.436  -46.932  -5.386 0.0000000000
26654  3.949  -47.014  -5.821 0.0000000000
26668  5.882  -47.031  -5.569 0.0000000000
26669  5.473  -47.092  -5.397 0.0000000000
26670  4.858  -47.418  -5.629 0.0000000000
26671  4.515  -47.561  -5.934 0.0000000000
26672  3.742  -47.153  -6.363 0.0000000000
26685  6.940  -47.537  -6.179 0.0000000000
26686  6.091  -47.432  -5.774 0.0000000000
26687  5.562  -47.758  -5.719 0.0000000000
26688  3.405  -47.698  -7.056 0.0000000000
26697  8.353  -47.666  -7.234 0.0000000000
26698  7.650  -47.595  -6.695 0.0000000000
26702  3.349  -47.925  -7.750 0.0000000000
26708  10.354  -48.510  -8.572 0.0000000000
26709  9.848  -47.675  -8.491 0.0000000000
26710  9.064  -47.681  -7.794 0.0000000000
26720  10.618  -47.642  -9.160 0.0000000000
26721  10.192  -47.386  -8.910 0.0000000000
26741  12.321  -47.928  -10.587 0.0000000000
26742  11.493  -47.739  -10.000 0.0000000000
26743  11.061  -47.623  -9.668 0.0000000000
26768  14.266  -47.240  -11.723 0.0000000000
26769  13.626  -48.023  -11.368 0.0000000000
26770  13.013  -48.043  -10.948 0.0000000000
26787  14.984  -47.629  -12.150 0.0000000000
26788  14.364  -48.093  -11.901 0.0000000000
27765  4.610  -46.124  -5.134 0.0000000000
27766  4.330  -46.328  -5.340 0.0000000000
27767  3.962  -46.403  -5.654 0.0000000000
27785  5.279  -46.355  -5.101 0.0000000000
27786  4.872  -46.326  -5.037 0.0000000000
27787  4.522  -46.450  -5.147 0.0000000000
27788  3.818  -46.488  -5.891 0.0000000000
27804  6.100  -46.507  -5.651 0.0000000000
27805  5.713  -46.192  -5.339 0.0000000000
27806  3.701  -46.431  -6.080 0.0000000000
27816  7.420  -46.633  -6.660 0.0000000000
27817  6.768  -46.586  -6.104 0.0000000000
27818  3.761  -46.690  -6.569 0.0000000000
27824  8.714  -46.764  -7.838 0.0000000000
27825  8.055  -46.669  -7.281 0.0000000000
27836  9.743  -46.797  -8.746 0.0000000000
27837  9.326  -46.816  -8.400 0.0000000000
27849  10.616  -46.643  -9.492 0.0000000000
27850  10.152  -46.859  -9.016 0.0000000000
27863  12.683  -46.611  -10.578 0.0000000000
27864  11.808  -46.925  -10.262 0.0000000000
27865  11.093  -46.949  -9.874 0.0000000000
27886  13.656  -46.615  -11.084 0.0000000000
27887  13.057  -47.433  -10.922 0.0000000000
28956  4.584  -45.518  -5.185 0.0000000000
28957  4.015  -45.706  -5.518 0.0000000000
28958  3.900  -46.110  -5.722 0.0000000000
28976  5.156  -45.509  -5.080 0.0000000000
28977  4.783  -45.881  -5.050 0.0000000000
28978  3.790  -45.430  -5.671 0.0000000000
28979  3.757  -45.778  -5.867 0.0000000000
28994  6.141  -45.495  -5.521 0.0000000000
28995  5.646  -45.485  -5.267 0.0000000000
29006  7.291  -45.725  -6.463 0.0000000000
29007  6.699  -45.655  -5.940 0.0000000000
29026  9.418  -45.402  -8.066 0.0000000000
29027  8.669  -45.654  -7.690 0.0000000000
29028  7.876  -45.700  -7.074 0.0000000000
29052  10.659  -45.404  -9.084 0.0000000000
29053  9.864  -45.822  -8.720 0.0000000000
29054  9.173  -46.074  -8.176 0.0000000000
29078  11.245  -45.785  -9.651 0.0000000000
29079  10.444  -46.066  -9.267 0.0000000000
29099  12.073  -46.095  -10.019 0.0000000000
29100  11.533  -46.407  -9.995 0.0000000000
