#!ascii label  , from subject colin27_FS vox2ras=TkReg
1915
133546  31.894  39.230  3.129 0.0000000000
133547  31.635  39.003  3.495 0.0000000000
134418  31.937  39.671  3.191 0.0000000000
134419  31.595  40.079  3.779 0.0000000000
134431  33.175  39.875  2.470 0.0000000000
134432  32.477  40.145  2.873 0.0000000000
135300  31.221  40.649  4.371 0.0000000000
135301  30.659  41.153  4.837 0.0000000000
135310  32.073  40.547  3.363 0.0000000000
135311  31.715  40.951  3.832 0.0000000000
135322  33.909  40.743  2.491 0.0000000000
135323  33.087  40.761  2.737 0.0000000000
135324  32.558  40.927  3.118 0.0000000000
136157  31.971  41.806  4.023 0.0000000000
136158  31.480  41.577  4.247 0.0000000000
136159  30.454  41.939  4.806 0.0000000000
136168  34.409  42.197  3.144 0.0000000000
136169  33.992  42.120  3.146 0.0000000000
136170  33.186  41.863  3.319 0.0000000000
136171  32.303  41.506  3.649 0.0000000000
136172  31.829  41.341  3.885 0.0000000000
136180  34.545  41.805  2.842 0.0000000000
136181  33.608  41.457  2.881 0.0000000000
136182  32.882  41.312  3.107 0.0000000000
136183  32.590  41.246  3.271 0.0000000000
137133  34.356  43.198  4.132 0.0000000000
137134  33.789  43.010  4.065 0.0000000000
137135  32.969  42.805  4.032 0.0000000000
137136  32.094  42.346  4.132 0.0000000000
137137  30.933  42.604  4.466 0.0000000000
137151  35.634  42.496  3.307 0.0000000000
137152  34.599  42.585  3.516 0.0000000000
137153  33.559  42.463  3.616 0.0000000000
137154  32.751  42.187  3.744 0.0000000000
137155  32.400  42.012  3.859 0.0000000000
137161  35.044  42.198  3.030 0.0000000000
137162  34.749  42.223  3.106 0.0000000000
138146  38.301  44.228  6.137 0.0000000000
138159  37.888  44.064  5.684 0.0000000000
138160  37.057  44.035  5.503 0.0000000000
138161  36.282  43.926  5.321 0.0000000000
138162  35.607  43.896  5.120 0.0000000000
138181  37.639  43.770  4.987 0.0000000000
138182  36.932  43.599  4.696 0.0000000000
138183  36.025  43.525  4.696 0.0000000000
138184  35.018  43.512  4.424 0.0000000000
138185  33.988  43.625  4.401 0.0000000000
138186  33.169  43.461  4.258 0.0000000000
138187  32.371  43.265  4.264 0.0000000000
138188  31.407  43.419  4.184 0.0000000000
138189  30.249  43.602  4.246 0.0000000000
138210  36.518  43.260  4.156 0.0000000000
138211  35.862  43.106  3.986 0.0000000000
138212  35.294  42.931  3.837 0.0000000000
138213  31.092  43.878  3.908 0.0000000000
138214  30.817  43.768  4.011 0.0000000000
139118  38.646  44.926  7.365 0.0000000000
139131  38.132  44.693  6.713 0.0000000000
139132  37.532  45.036  6.552 0.0000000000
139145  37.873  44.390  6.218 0.0000000000
139146  37.287  44.642  6.133 0.0000000000
139147  36.483  44.533  5.665 0.0000000000
139148  35.828  44.477  5.389 0.0000000000
139165  35.159  44.416  4.994 0.0000000000
139166  34.336  44.497  4.399 0.0000000000
139167  33.331  44.167  4.272 0.0000000000
139168  32.514  43.888  4.142 0.0000000000
139169  31.987  43.681  4.121 0.0000000000
139170  30.004  44.158  3.944 0.0000000000
139188  34.117  45.096  3.891 0.0000000000
139189  33.506  44.852  3.812 0.0000000000
139190  32.610  44.532  3.729 0.0000000000
139191  31.612  44.175  3.776 0.0000000000
139192  30.536  44.241  3.750 0.0000000000
140047  38.908  45.513  7.588 0.0000000000
140060  38.365  45.491  7.080 0.0000000000
140061  37.835  45.511  6.608 0.0000000000
140073  37.305  45.465  6.194 0.0000000000
140074  36.590  45.398  5.644 0.0000000000
140075  36.058  44.942  5.572 0.0000000000
140085  36.339  45.831  5.139 0.0000000000
140086  35.718  45.380  4.903 0.0000000000
140087  34.989  44.913  4.625 0.0000000000
140101  35.414  45.954  4.209 0.0000000000
140102  34.789  45.485  4.024 0.0000000000
140103  33.804  45.698  3.332 0.0000000000
140104  32.811  45.296  3.246 0.0000000000
140105  31.851  45.008  3.182 0.0000000000
140106  30.877  44.907  3.240 0.0000000000
140121  33.551  46.241  2.860 0.0000000000
140122  33.019  46.004  2.768 0.0000000000
140123  32.103  45.806  2.734 0.0000000000
140124  31.107  45.653  2.793 0.0000000000
140916  39.310  46.265  7.686 0.0000000000
140923  38.763  46.258  7.189 0.0000000000
140924  38.269  46.264  6.657 0.0000000000
140930  37.712  46.318  6.135 0.0000000000
140931  37.127  46.064  5.786 0.0000000000
140939  37.420  46.714  5.582 0.0000000000
140940  36.823  46.470  5.163 0.0000000000
140941  36.271  46.171  4.790 0.0000000000
140951  36.520  46.783  4.552 0.0000000000
140952  35.962  46.482  4.219 0.0000000000
140953  35.221  46.526  3.679 0.0000000000
140954  34.516  46.226  3.415 0.0000000000
140967  34.684  46.874  3.264 0.0000000000
140968  34.049  46.652  2.946 0.0000000000
140969  33.313  46.713  2.608 0.0000000000
140970  32.465  46.610  2.435 0.0000000000
141738  40.557  47.574  8.141 0.0000000000
141739  39.868  47.254  7.708 0.0000000000
141740  39.215  46.912  7.256 0.0000000000
141747  39.410  47.613  7.067 0.0000000000
141748  38.796  47.233  6.655 0.0000000000
141749  38.239  46.951  6.250 0.0000000000
141753  43.276  47.901  6.085 0.0000000000
141755  38.445  47.616  6.155 0.0000000000
141756  37.943  47.395  5.781 0.0000000000
141760  37.422  47.446  5.192 0.0000000000
141761  36.953  47.452  4.647 0.0000000000
141766  36.443  47.453  4.171 0.0000000000
141767  35.823  47.420  3.724 0.0000000000
141768  35.162  47.435  3.315 0.0000000000
141777  34.533  47.497  2.980 0.0000000000
141778  33.831  47.462  2.595 0.0000000000
141779  32.981  47.389  2.286 0.0000000000
141790  42.648  47.766  1.973 0.0000000000
141800  42.630  47.863  1.370 0.0000000000
142547  45.437  49.511  12.178 0.0000000000
142548  45.002  49.442  12.473 0.0000000000
142549  44.619  49.577  12.278 0.0000000000
142560  45.541  49.363  11.979 0.0000000000
142561  45.483  48.697  11.926 0.0000000000
142562  44.314  48.929  11.984 0.0000000000
142576  44.764  48.471  9.721 0.0000000000
142585  44.520  48.809  8.354 0.0000000000
142586  44.125  48.140  8.454 0.0000000000
142587  41.574  48.302  8.882 0.0000000000
142588  41.051  48.250  8.323 0.0000000000
142593  44.447  48.957  7.172 0.0000000000
142594  43.918  48.288  7.493 0.0000000000
142595  40.485  48.228  7.830 0.0000000000
142596  39.883  48.297  7.304 0.0000000000
142601  44.441  49.000  6.028 0.0000000000
142602  43.799  48.379  6.480 0.0000000000
142603  39.255  48.359  6.565 0.0000000000
142604  38.765  47.940  6.275 0.0000000000
142608  44.479  49.075  4.985 0.0000000000
142609  43.598  48.366  5.328 0.0000000000
142610  43.024  47.936  4.945 0.0000000000
142611  39.082  48.937  6.226 0.0000000000
142612  38.544  48.483  5.887 0.0000000000
142613  37.890  48.162  5.359 0.0000000000
142617  44.532  49.135  4.367 0.0000000000
142618  43.994  48.775  4.375 0.0000000000
142619  43.216  48.165  4.261 0.0000000000
142620  38.076  48.839  5.268 0.0000000000
142621  37.493  48.453  4.753 0.0000000000
142622  36.904  48.118  4.272 0.0000000000
142627  44.544  49.117  3.803 0.0000000000
142628  43.833  48.685  3.542 0.0000000000
142629  43.128  48.190  3.225 0.0000000000
142630  37.182  48.682  4.110 0.0000000000
142631  36.486  48.406  3.741 0.0000000000
142632  35.662  48.159  3.346 0.0000000000
142633  35.066  48.050  3.036 0.0000000000
142637  44.548  49.012  2.985 0.0000000000
142638  43.825  48.655  2.674 0.0000000000
142639  43.168  48.213  2.322 0.0000000000
142640  36.162  48.681  3.129 0.0000000000
142641  35.556  48.586  2.801 0.0000000000
142642  34.605  48.329  2.495 0.0000000000
142643  33.604  48.125  2.189 0.0000000000
142653  44.503  48.997  2.277 0.0000000000
142654  43.921  48.740  1.793 0.0000000000
142655  43.152  48.266  1.540 0.0000000000
142656  34.172  48.630  1.905 0.0000000000
142657  33.457  48.677  1.638 0.0000000000
142668  43.646  48.689  1.137 0.0000000000
142669  42.938  48.393  0.766 0.0000000000
142680  42.615  48.635  0.116 0.0000000000
143491  45.183  50.149  12.228 0.0000000000
143492  44.691  49.930  12.339 0.0000000000
143493  44.316  49.762  11.991 0.0000000000
143505  45.601  49.924  11.523 0.0000000000
143506  45.506  49.325  11.698 0.0000000000
143507  43.737  49.454  11.526 0.0000000000
143508  43.131  49.402  10.763 0.0000000000
143524  45.786  50.032  10.155 0.0000000000
143525  45.393  49.312  10.811 0.0000000000
143526  42.370  49.341  9.779 0.0000000000
143527  41.856  48.874  9.202 0.0000000000
143538  45.850  50.010  8.843 0.0000000000
143539  45.229  49.344  9.326 0.0000000000
143540  42.166  49.840  9.373 0.0000000000
143541  41.529  49.298  8.665 0.0000000000
143542  40.875  48.778  8.126 0.0000000000
143548  45.913  49.958  7.655 0.0000000000
143549  45.156  49.460  8.002 0.0000000000
143550  41.223  49.721  8.036 0.0000000000
143551  40.599  49.134  7.667 0.0000000000
143552  39.785  49.015  7.081 0.0000000000
143557  45.963  49.961  6.917 0.0000000000
143558  45.287  49.575  6.765 0.0000000000
143559  41.014  49.821  7.400 0.0000000000
143560  40.300  49.511  6.908 0.0000000000
143561  39.611  49.177  6.458 0.0000000000
143565  46.052  50.017  6.181 0.0000000000
143566  45.304  49.548  5.516 0.0000000000
143567  40.994  49.848  6.570 0.0000000000
143568  40.264  49.530  6.105 0.0000000000
143569  39.371  49.257  5.738 0.0000000000
143570  38.686  49.150  5.317 0.0000000000
143574  47.026  50.307  4.475 0.0000000000
143575  46.481  50.089  4.882 0.0000000000
143576  45.254  49.459  4.349 0.0000000000
143577  41.059  49.794  5.726 0.0000000000
143578  40.440  49.576  5.122 0.0000000000
143579  39.423  49.339  4.846 0.0000000000
143580  38.424  49.197  4.602 0.0000000000
143581  37.737  49.078  4.174 0.0000000000
143586  47.111  50.233  3.997 0.0000000000
143587  46.244  49.834  3.688 0.0000000000
143588  45.342  49.386  3.306 0.0000000000
143589  40.200  49.626  4.356 0.0000000000
143590  39.500  49.497  3.914 0.0000000000
143591  38.477  49.305  3.690 0.0000000000
143592  37.504  49.047  3.475 0.0000000000
143593  36.804  48.909  3.098 0.0000000000
143598  47.174  50.067  3.040 0.0000000000
143599  46.224  49.684  2.720 0.0000000000
143600  45.305  49.302  2.422 0.0000000000
143601  39.235  49.631  3.187 0.0000000000
143602  38.505  49.515  2.778 0.0000000000
143603  37.486  49.258  2.608 0.0000000000
143604  36.486  49.049  2.436 0.0000000000
143605  35.554  48.931  2.077 0.0000000000
143606  34.829  48.860  1.831 0.0000000000
143610  47.043  50.005  2.235 0.0000000000
143611  46.199  49.730  1.767 0.0000000000
143612  44.967  49.314  1.598 0.0000000000
143613  44.286  49.051  1.135 0.0000000000
143614  38.156  49.674  2.113 0.0000000000
143615  37.430  49.581  1.796 0.0000000000
143616  36.455  49.484  1.443 0.0000000000
143617  35.440  49.255  1.328 0.0000000000
143618  34.414  49.098  1.213 0.0000000000
143628  45.666  49.919  1.152 0.0000000000
143629  44.882  49.706  0.760 0.0000000000
143630  43.851  49.224  0.611 0.0000000000
143631  43.160  49.087  0.228 0.0000000000
143632  36.036  49.708  0.863 0.0000000000
143633  35.281  49.687  0.606 0.0000000000
143634  34.276  49.745  0.412 0.0000000000
143645  44.400  49.923  0.284 0.0000000000
143646  43.709  49.771  0.001 0.0000000000
143647  42.735  49.403  -0.328 0.0000000000
143656  42.253  49.723  -0.769 0.0000000000
143700  38.501  49.673  -5.472 0.0000000000
143718  38.597  49.969  -6.192 0.0000000000
144399  45.008  50.644  12.044 0.0000000000
144400  44.663  50.373  12.054 0.0000000000
144401  44.431  50.118  12.005 0.0000000000
144408  45.406  50.931  11.506 0.0000000000
144409  44.708  50.846  11.714 0.0000000000
144410  43.830  50.362  11.274 0.0000000000
144411  43.000  49.866  10.473 0.0000000000
144422  47.336  51.673  9.156 0.0000000000
144423  46.722  51.328  9.699 0.0000000000
144424  46.105  50.799  10.581 0.0000000000
144425  43.420  50.775  9.981 0.0000000000
144426  42.763  50.161  10.019 0.0000000000
144438  47.593  51.495  8.423 0.0000000000
144439  47.246  50.994  8.978 0.0000000000
144440  46.460  50.632  9.495 0.0000000000
144441  43.328  50.900  8.811 0.0000000000
144442  42.256  50.300  8.940 0.0000000000
144443  41.609  49.919  8.414 0.0000000000
144454  47.687  51.402  7.392 0.0000000000
144455  47.351  50.826  7.888 0.0000000000
144456  46.612  50.467  8.353 0.0000000000
144457  43.409  50.947  7.564 0.0000000000
144458  42.461  50.498  7.877 0.0000000000
144459  41.650  50.128  7.981 0.0000000000
144464  47.837  51.359  6.261 0.0000000000
144465  47.371  50.824  6.739 0.0000000000
144466  46.627  50.312  7.108 0.0000000000
144467  43.416  51.066  6.313 0.0000000000
144468  42.623  50.519  6.728 0.0000000000
144469  41.736  50.142  7.120 0.0000000000
144474  48.096  51.259  5.148 0.0000000000
144475  47.469  50.838  5.669 0.0000000000
144476  46.839  50.429  5.974 0.0000000000
144477  43.328  51.224  5.620 0.0000000000
144478  42.741  50.770  5.443 0.0000000000
144479  41.843  50.117  6.053 0.0000000000
144482  49.205  51.513  3.911 0.0000000000
144483  48.615  51.058  4.212 0.0000000000
144484  47.530  50.597  4.620 0.0000000000
144485  47.067  50.492  5.272 0.0000000000
144486  42.419  50.844  4.701 0.0000000000
144487  41.652  50.323  4.772 0.0000000000
144488  40.858  49.975  4.371 0.0000000000
144492  49.386  51.469  3.523 0.0000000000
144493  49.079  51.172  3.459 0.0000000000
144494  48.191  50.561  3.444 0.0000000000
144495  41.234  50.389  4.048 0.0000000000
144496  40.602  50.207  3.671 0.0000000000
144497  39.895  49.984  3.232 0.0000000000
144502  49.307  51.457  3.224 0.0000000000
144503  48.976  51.096  2.613 0.0000000000
144504  47.995  50.449  2.342 0.0000000000
144505  40.353  50.493  3.014 0.0000000000
144506  39.579  50.334  2.561 0.0000000000
144507  38.788  50.071  2.131 0.0000000000
144512  48.449  51.101  1.604 0.0000000000
144513  47.359  50.529  1.494 0.0000000000
144514  46.445  50.331  1.112 0.0000000000
144515  39.120  50.688  1.917 0.0000000000
144516  38.336  50.376  1.542 0.0000000000
144517  37.409  50.242  1.000 0.0000000000
144518  36.659  50.032  0.796 0.0000000000
144524  47.872  51.251  0.946 0.0000000000
144525  47.063  50.940  0.651 0.0000000000
144526  45.885  50.571  0.485 0.0000000000
144527  45.031  50.325  0.251 0.0000000000
144528  36.986  50.590  0.617 0.0000000000
144529  36.187  50.465  0.414 0.0000000000
144530  35.134  50.525  0.021 0.0000000000
144531  34.116  50.520  -0.071 0.0000000000
144539  45.468  50.796  -0.082 0.0000000000
144540  44.620  50.549  -0.250 0.0000000000
144541  43.577  50.379  -0.569 0.0000000000
144542  42.820  50.149  -0.732 0.0000000000
144543  34.723  51.024  -0.271 0.0000000000
144544  34.095  51.296  -0.318 0.0000000000
144545  33.528  51.655  -0.232 0.0000000000
144551  43.191  50.692  -0.898 0.0000000000
144552  42.392  50.500  -1.101 0.0000000000
144553  41.359  50.346  -1.505 0.0000000000
144563  39.324  50.405  -2.617 0.0000000000
144564  38.690  50.388  -3.093 0.0000000000
144574  38.106  50.321  -3.681 0.0000000000
144575  37.621  50.784  -4.045 0.0000000000
144586  37.883  50.124  -4.670 0.0000000000
144587  37.314  50.757  -4.838 0.0000000000
144596  37.868  50.179  -5.617 0.0000000000
144597  37.235  50.757  -5.862 0.0000000000
144609  39.253  50.280  -6.791 0.0000000000
144610  38.206  50.446  -6.634 0.0000000000
144611  37.473  50.974  -6.788 0.0000000000
144626  40.046  50.740  -7.378 0.0000000000
144627  39.113  50.848  -7.319 0.0000000000
144628  38.259  51.022  -7.335 0.0000000000
144629  37.646  51.296  -7.377 0.0000000000
145213  45.308  51.423  11.022 0.0000000000
145214  44.844  51.289  11.295 0.0000000000
145215  44.434  51.006  11.365 0.0000000000
145225  47.378  51.993  9.187 0.0000000000
145226  46.929  51.879  9.448 0.0000000000
145227  45.972  51.639  10.311 0.0000000000
145228  44.966  51.587  10.570 0.0000000000
145229  44.232  51.227  10.824 0.0000000000
145239  47.613  52.037  8.782 0.0000000000
145240  47.237  52.192  9.021 0.0000000000
145241  46.366  52.218  8.908 0.0000000000
145242  45.186  51.807  9.451 0.0000000000
145243  44.187  51.439  9.780 0.0000000000
145256  47.788  51.953  7.919 0.0000000000
145257  46.022  52.509  7.546 0.0000000000
145258  45.227  51.982  8.059 0.0000000000
145259  44.290  51.426  8.504 0.0000000000
145270  47.869  51.935  6.829 0.0000000000
145271  45.704  52.626  6.809 0.0000000000
145272  45.050  52.280  6.613 0.0000000000
145273  44.275  51.500  7.090 0.0000000000
145278  48.270  51.875  5.653 0.0000000000
145279  44.608  52.326  5.782 0.0000000000
145280  43.893  51.812  5.556 0.0000000000
145281  43.221  51.318  5.246 0.0000000000
145286  49.226  51.983  4.233 0.0000000000
145287  48.740  51.677  4.619 0.0000000000
145288  43.483  52.118  4.749 0.0000000000
145289  42.841  51.562  4.497 0.0000000000
145290  42.183  50.945  4.313 0.0000000000
145294  49.445  51.799  3.587 0.0000000000
145295  42.376  51.874  3.728 0.0000000000
145296  41.616  51.214  3.560 0.0000000000
145297  40.820  50.804  3.204 0.0000000000
145301  49.232  51.783  2.916 0.0000000000
145302  48.728  51.867  2.002 0.0000000000
145303  48.362  52.166  1.707 0.0000000000
145304  41.180  51.780  2.857 0.0000000000
145305  40.595  51.280  2.682 0.0000000000
145306  39.729  51.330  2.052 0.0000000000
145310  48.313  51.949  1.052 0.0000000000
145311  48.468  52.149  1.456 0.0000000000
145312  38.954  51.388  1.536 0.0000000000
145313  38.038  51.343  0.893 0.0000000000
145314  37.424  50.884  0.674 0.0000000000
145318  47.765  51.791  0.134 0.0000000000
145319  46.646  51.298  -0.033 0.0000000000
145320  45.970  51.042  -0.102 0.0000000000
145321  37.720  51.901  0.606 0.0000000000
145322  37.108  51.408  0.384 0.0000000000
145323  35.932  51.480  -0.128 0.0000000000
145324  35.216  51.178  -0.242 0.0000000000
145329  47.659  52.264  -0.361 0.0000000000
145330  47.124  51.936  -0.506 0.0000000000
145331  45.815  51.579  -0.639 0.0000000000
145332  44.364  51.111  -0.844 0.0000000000
145333  43.669  50.902  -0.909 0.0000000000
145334  35.641  52.059  -0.325 0.0000000000
145335  34.977  51.779  -0.392 0.0000000000
145336  34.039  52.037  -0.384 0.0000000000
145337  33.496  52.106  -0.232 0.0000000000
145340  45.679  52.207  -1.112 0.0000000000
145341  44.895  51.943  -1.145 0.0000000000
145342  43.550  51.446  -1.231 0.0000000000
145343  42.216  51.571  -1.658 0.0000000000
145344  41.028  50.996  -1.936 0.0000000000
145345  40.426  50.671  -2.078 0.0000000000
145352  42.064  52.256  -1.987 0.0000000000
145353  41.395  51.924  -2.111 0.0000000000
145354  40.248  51.318  -2.328 0.0000000000
145355  39.120  51.446  -2.857 0.0000000000
145356  38.487  50.915  -3.205 0.0000000000
145365  38.857  52.061  -3.161 0.0000000000
145366  38.215  51.496  -3.453 0.0000000000
145367  37.427  51.579  -4.136 0.0000000000
145379  36.717  51.709  -5.047 0.0000000000
145380  36.484  52.397  -5.319 0.0000000000
145394  36.765  51.405  -6.237 0.0000000000
145395  36.308  52.130  -5.898 0.0000000000
145404  37.047  51.467  -7.063 0.0000000000
145405  36.513  51.927  -6.805 0.0000000000
145419  40.778  51.265  -7.904 0.0000000000
145420  39.849  51.318  -7.851 0.0000000000
145421  38.967  51.394  -7.829 0.0000000000
145422  38.155  51.491  -7.841 0.0000000000
145423  37.332  51.735  -7.769 0.0000000000
145424  36.830  51.815  -7.332 0.0000000000
145435  41.416  51.783  -8.416 0.0000000000
145436  40.475  51.744  -8.408 0.0000000000
145437  39.574  51.774  -8.367 0.0000000000
145438  38.726  51.812  -8.328 0.0000000000
145439  37.938  51.874  -8.297 0.0000000000
145440  37.496  52.000  -8.214 0.0000000000
145962  47.414  52.245  8.721 0.0000000000
145963  47.139  52.413  8.553 0.0000000000
145964  46.722  52.556  8.107 0.0000000000
145973  47.484  52.281  8.262 0.0000000000
145974  47.172  52.625  7.819 0.0000000000
145975  46.676  52.789  7.443 0.0000000000
145988  47.554  52.385  7.350 0.0000000000
145989  47.129  53.019  6.865 0.0000000000
145990  46.179  52.912  6.672 0.0000000000
145991  45.532  52.726  6.377 0.0000000000
146000  47.854  52.609  6.142 0.0000000000
146001  47.293  53.249  5.998 0.0000000000
146002  45.678  52.981  6.066 0.0000000000
146003  45.047  52.747  5.723 0.0000000000
146004  44.377  52.516  5.365 0.0000000000
146009  49.061  52.204  4.302 0.0000000000
146010  48.558  52.384  4.720 0.0000000000
146011  47.967  52.704  4.245 0.0000000000
146012  47.209  52.878  3.962 0.0000000000
146013  44.475  52.935  5.163 0.0000000000
146014  43.839  52.664  4.794 0.0000000000
146015  43.269  52.356  4.362 0.0000000000
146020  49.178  52.196  4.001 0.0000000000
146021  48.714  52.394  3.780 0.0000000000
146022  47.924  52.482  3.431 0.0000000000
146023  46.744  52.607  3.219 0.0000000000
146024  45.805  52.532  2.867 0.0000000000
146025  43.335  52.778  4.198 0.0000000000
146026  42.769  52.421  3.826 0.0000000000
146027  42.081  52.213  3.294 0.0000000000
146032  49.248  52.161  3.406 0.0000000000
146033  48.799  52.267  2.913 0.0000000000
146034  47.922  52.255  2.374 0.0000000000
146035  46.649  52.343  2.218 0.0000000000
146036  45.338  52.500  2.179 0.0000000000
146037  44.532  52.706  1.859 0.0000000000
146038  41.525  52.205  2.886 0.0000000000
146039  40.831  52.295  2.507 0.0000000000
146040  40.246  51.992  2.193 0.0000000000
146045  48.242  52.371  0.934 0.0000000000
146046  47.845  52.409  1.340 0.0000000000
146047  46.383  52.606  1.435 0.0000000000
146048  45.229  52.740  1.367 0.0000000000
146049  44.301  52.898  1.278 0.0000000000
146050  40.294  52.588  2.165 0.0000000000
146051  39.618  52.274  1.749 0.0000000000
146052  38.758  52.214  1.173 0.0000000000
146058  47.946  52.518  0.559 0.0000000000
146059  47.229  52.963  0.806 0.0000000000
146060  46.112  53.081  0.890 0.0000000000
146061  45.095  53.190  0.821 0.0000000000
146062  44.279  53.302  0.749 0.0000000000
146063  38.122  52.374  0.806 0.0000000000
146064  37.500  52.408  0.435 0.0000000000
146065  36.756  52.234  0.017 0.0000000000
146066  32.939  52.763  0.218 0.0000000000
146070  47.921  52.667  -0.167 0.0000000000
146071  47.503  52.637  -0.669 0.0000000000
146072  46.834  52.318  -0.844 0.0000000000
146073  36.120  52.394  -0.256 0.0000000000
146074  35.462  52.599  -0.404 0.0000000000
146075  34.573  52.679  -0.434 0.0000000000
146076  33.587  52.768  -0.180 0.0000000000
146079  47.145  52.792  -1.044 0.0000000000
146080  46.406  52.596  -1.147 0.0000000000
146081  45.559  52.699  -1.363 0.0000000000
146082  44.391  52.608  -1.528 0.0000000000
146083  43.306  52.256  -1.631 0.0000000000
146085  43.645  52.943  -1.740 0.0000000000
146086  42.747  52.722  -1.915 0.0000000000
146087  41.901  52.796  -2.217 0.0000000000
146088  40.917  52.590  -2.508 0.0000000000
146089  40.005  52.201  -2.657 0.0000000000
146095  40.312  52.909  -2.794 0.0000000000
146096  39.504  52.656  -3.038 0.0000000000
146097  38.665  52.620  -3.457 0.0000000000
146098  37.934  52.254  -3.746 0.0000000000
146108  38.173  52.925  -3.806 0.0000000000
146109  37.433  52.665  -4.235 0.0000000000
146110  36.705  52.809  -4.846 0.0000000000
146124  36.249  53.009  -5.532 0.0000000000
146138  35.949  52.735  -6.674 0.0000000000
146139  35.784  53.094  -7.231 0.0000000000
146151  37.158  52.094  -8.144 0.0000000000
146152  36.579  52.288  -7.680 0.0000000000
146153  35.994  52.802  -7.478 0.0000000000
146164  41.955  52.291  -8.901 0.0000000000
146165  41.013  52.131  -8.953 0.0000000000
146166  40.108  52.167  -8.907 0.0000000000
146167  39.225  52.216  -8.807 0.0000000000
146168  38.395  52.200  -8.715 0.0000000000
146169  37.553  52.349  -8.622 0.0000000000
146170  36.968  52.336  -8.294 0.0000000000
146177  42.419  52.497  -9.575 0.0000000000
146178  41.441  52.397  -9.538 0.0000000000
146179  40.569  52.375  -9.498 0.0000000000
146180  39.697  52.482  -9.524 0.0000000000
146181  38.735  52.461  -9.214 0.0000000000
146182  38.129  52.433  -9.001 0.0000000000
146186  44.106  52.672  -11.077 0.0000000000
146187  43.455  52.623  -10.746 0.0000000000
146188  42.657  52.558  -10.386 0.0000000000
146189  41.775  52.523  -10.162 0.0000000000
146190  40.845  52.534  -10.179 0.0000000000
146191  40.263  52.542  -9.862 0.0000000000
146195  44.099  52.724  -11.558 0.0000000000
146196  43.540  52.666  -11.628 0.0000000000
146197  42.714  52.587  -11.379 0.0000000000
146198  41.901  52.516  -10.863 0.0000000000
146199  41.349  52.510  -10.562 0.0000000000
146204  43.200  52.722  -12.055 0.0000000000
146205  43.018  52.662  -11.834 0.0000000000
146765  46.522  53.259  6.096 0.0000000000
146766  46.006  53.149  6.085 0.0000000000
146778  47.705  53.056  5.299 0.0000000000
146779  46.783  53.356  5.306 0.0000000000
146780  45.669  53.189  5.432 0.0000000000
146781  44.892  53.086  5.236 0.0000000000
146787  47.932  52.877  4.758 0.0000000000
146788  47.315  53.146  4.646 0.0000000000
146789  46.079  53.004  4.254 0.0000000000
146790  44.542  53.112  4.520 0.0000000000
146791  43.708  52.967  4.297 0.0000000000
146796  45.803  52.725  3.420 0.0000000000
146797  44.800  52.751  3.214 0.0000000000
146798  43.355  52.932  3.527 0.0000000000
146799  42.257  52.685  3.097 0.0000000000
146800  41.794  52.572  2.956 0.0000000000
146804  44.504  52.703  2.362 0.0000000000
146805  43.638  52.867  2.153 0.0000000000
146806  42.336  52.990  2.443 0.0000000000
146807  41.293  52.934  2.607 0.0000000000
146808  40.612  52.838  2.355 0.0000000000
146812  43.471  53.120  1.004 0.0000000000
146813  42.496  53.273  1.397 0.0000000000
146814  41.386  53.390  1.680 0.0000000000
146815  40.220  53.175  1.822 0.0000000000
146816  39.124  52.953  1.227 0.0000000000
146817  38.555  52.775  0.957 0.0000000000
146822  47.763  53.386  0.167 0.0000000000
146823  46.901  53.560  0.468 0.0000000000
146824  45.948  53.674  0.594 0.0000000000
146825  45.004  53.919  0.524 0.0000000000
146826  43.789  53.658  0.430 0.0000000000
146827  42.815  53.582  0.532 0.0000000000
146828  41.741  53.757  0.499 0.0000000000
146829  40.550  53.705  0.887 0.0000000000
146830  39.508  53.530  0.820 0.0000000000
146831  38.275  53.382  0.442 0.0000000000
146832  37.119  52.965  0.016 0.0000000000
146833  36.579  52.723  -0.170 0.0000000000
146834  33.064  53.538  0.294 0.0000000000
146835  32.581  53.468  0.879 0.0000000000
146838  47.766  53.264  -0.421 0.0000000000
146839  47.507  53.189  -0.851 0.0000000000
146840  45.007  54.455  0.374 0.0000000000
146841  44.222  54.282  0.205 0.0000000000
146842  43.198  54.019  -0.017 0.0000000000
146843  42.472  53.873  0.087 0.0000000000
146844  37.984  54.008  -0.254 0.0000000000
146845  37.309  53.680  -0.315 0.0000000000
146846  36.255  53.259  -0.433 0.0000000000
146847  35.147  53.413  -0.585 0.0000000000
146848  34.231  53.506  -0.414 0.0000000000
146849  33.640  53.524  -0.175 0.0000000000
146852  47.076  53.271  -1.107 0.0000000000
146853  46.414  53.370  -1.286 0.0000000000
146854  45.431  53.499  -1.558 0.0000000000
146855  44.335  53.524  -1.744 0.0000000000
146858  43.502  53.573  -1.922 0.0000000000
146859  42.644  53.628  -2.214 0.0000000000
146860  41.644  53.636  -2.553 0.0000000000
146861  40.850  53.363  -2.765 0.0000000000
146864  41.054  54.000  -2.830 0.0000000000
146865  40.278  53.691  -3.082 0.0000000000
146866  39.344  53.582  -3.474 0.0000000000
146867  38.680  53.344  -3.716 0.0000000000
146874  38.948  53.897  -3.804 0.0000000000
146875  38.254  53.688  -4.117 0.0000000000
146876  37.369  53.653  -4.650 0.0000000000
146877  36.729  53.490  -5.024 0.0000000000
146889  37.039  54.023  -4.990 0.0000000000
146890  36.569  53.941  -5.411 0.0000000000
146905  35.991  53.733  -6.093 0.0000000000
146906  35.666  53.591  -6.941 0.0000000000
146919  36.216  52.767  -7.929 0.0000000000
146920  35.803  53.355  -7.875 0.0000000000
146929  37.350  52.614  -8.904 0.0000000000
146930  36.719  52.787  -8.627 0.0000000000
146931  36.022  53.685  -8.880 0.0000000000
146940  39.579  52.605  -9.865 0.0000000000
146941  39.085  52.636  -9.806 0.0000000000
146942  37.811  52.710  -9.473 0.0000000000
146943  36.676  53.474  -9.727 0.0000000000
146944  35.992  53.992  -9.550 0.0000000000
146953  40.542  52.566  -10.514 0.0000000000
146954  39.909  52.627  -10.300 0.0000000000
146955  38.700  52.834  -10.543 0.0000000000
146956  37.556  53.283  -10.639 0.0000000000
146957  36.658  53.870  -10.759 0.0000000000
146965  44.644  52.847  -11.595 0.0000000000
146966  44.081  52.792  -11.950 0.0000000000
146967  42.452  52.649  -11.759 0.0000000000
146968  42.006  52.651  -11.621 0.0000000000
146969  40.873  52.620  -11.127 0.0000000000
146970  39.544  52.850  -11.408 0.0000000000
146971  38.361  53.217  -11.589 0.0000000000
146972  37.262  53.745  -11.720 0.0000000000
146973  36.590  54.310  -11.438 0.0000000000
146980  45.339  53.206  -12.202 0.0000000000
146981  44.471  53.096  -12.444 0.0000000000
146982  43.585  52.926  -12.436 0.0000000000
146983  42.615  52.811  -12.240 0.0000000000
146984  41.467  52.920  -12.323 0.0000000000
146985  40.319  53.073  -12.321 0.0000000000
146986  39.181  53.334  -12.445 0.0000000000
146987  38.081  53.725  -12.651 0.0000000000
146988  37.325  54.162  -12.535 0.0000000000
146994  46.073  53.573  -12.830 0.0000000000
146995  45.054  53.516  -13.126 0.0000000000
146996  44.061  53.415  -13.266 0.0000000000
146997  43.055  53.312  -13.264 0.0000000000
146998  42.015  53.391  -13.194 0.0000000000
146999  40.941  53.427  -13.231 0.0000000000
147000  39.890  53.607  -13.254 0.0000000000
147001  38.921  53.880  -13.310 0.0000000000
147002  38.233  54.213  -13.393 0.0000000000
147555  47.688  53.820  -0.092 0.0000000000
147556  47.378  53.969  0.084 0.0000000000
147557  46.606  54.125  0.318 0.0000000000
147558  45.923  54.115  0.449 0.0000000000
147559  41.494  54.172  -0.108 0.0000000000
147560  40.816  54.144  0.096 0.0000000000
147561  39.822  54.068  0.198 0.0000000000
147562  39.100  53.882  0.254 0.0000000000
147563  33.154  54.542  0.312 0.0000000000
147564  32.668  54.194  0.956 0.0000000000
147567  47.757  53.624  -0.232 0.0000000000
147568  47.397  53.785  -0.537 0.0000000000
147569  47.023  54.574  -0.073 0.0000000000
147570  45.960  54.652  0.343 0.0000000000
147571  44.856  54.909  0.221 0.0000000000
147572  43.661  54.807  -0.100 0.0000000000
147573  42.315  54.477  -0.281 0.0000000000
147574  41.225  54.657  -0.419 0.0000000000
147575  40.222  54.618  -0.427 0.0000000000
147576  38.837  54.520  -0.533 0.0000000000
147577  37.552  54.387  -0.754 0.0000000000
147578  36.566  54.187  -0.795 0.0000000000
147579  35.637  54.111  -0.787 0.0000000000
147580  34.740  54.356  -0.734 0.0000000000
147581  33.753  54.287  -0.285 0.0000000000
147584  46.978  53.719  -1.047 0.0000000000
147585  46.622  54.325  -1.078 0.0000000000
147586  44.969  54.476  -1.714 0.0000000000
147587  44.098  54.031  -1.878 0.0000000000
147588  38.576  55.291  -1.363 0.0000000000
147589  37.826  55.056  -1.342 0.0000000000
147590  36.814  54.880  -1.375 0.0000000000
147591  35.860  54.751  -1.248 0.0000000000
147592  35.285  54.637  -1.044 0.0000000000
147595  44.383  55.012  -1.976 0.0000000000
147596  43.637  54.523  -2.154 0.0000000000
147597  42.473  54.498  -2.514 0.0000000000
147598  41.650  54.593  -2.791 0.0000000000
147600  40.914  54.647  -3.181 0.0000000000
147601  39.979  54.618  -3.627 0.0000000000
147602  39.340  54.200  -3.714 0.0000000000
147608  39.739  55.117  -3.989 0.0000000000
147609  39.106  54.648  -4.077 0.0000000000
147610  38.088  54.646  -4.694 0.0000000000
147611  37.445  54.249  -4.895 0.0000000000
147619  37.892  55.173  -5.129 0.0000000000
147620  37.262  54.708  -5.265 0.0000000000
147621  36.459  54.640  -5.875 0.0000000000
147634  35.897  54.490  -6.596 0.0000000000
147635  35.585  54.311  -7.410 0.0000000000
147650  35.628  54.307  -8.305 0.0000000000
147662  35.762  54.433  -9.115 0.0000000000
147672  36.171  54.160  -10.130 0.0000000000
147673  35.871  54.511  -9.760 0.0000000000
147682  36.172  54.727  -10.722 0.0000000000
147683  35.998  54.572  -10.169 0.0000000000
147693  36.786  54.438  -12.180 0.0000000000
147694  36.378  54.964  -11.740 0.0000000000
147704  37.604  54.393  -13.173 0.0000000000
147705  37.009  54.683  -12.890 0.0000000000
147706  36.630  55.100  -12.579 0.0000000000
147715  47.102  54.086  -13.408 0.0000000000
147716  45.714  54.007  -13.813 0.0000000000
147717  44.584  53.994  -14.006 0.0000000000
147718  43.516  53.892  -14.073 0.0000000000
147719  42.477  53.843  -14.067 0.0000000000
147720  41.452  53.889  -14.037 0.0000000000
147721  40.454  54.070  -13.980 0.0000000000
147722  39.508  54.292  -13.933 0.0000000000
147723  38.653  54.512  -13.925 0.0000000000
147724  37.920  54.736  -13.802 0.0000000000
147725  37.227  55.139  -13.589 0.0000000000
147726  36.827  55.143  -13.110 0.0000000000
147732  47.682  54.980  -14.523 0.0000000000
147733  47.119  54.705  -14.420 0.0000000000
147734  46.236  54.493  -14.436 0.0000000000
147735  45.156  54.605  -14.818 0.0000000000
147736  43.947  54.464  -14.822 0.0000000000
147737  42.875  54.354  -14.817 0.0000000000
147738  41.866  54.328  -14.796 0.0000000000
147739  40.884  54.422  -14.756 0.0000000000
147740  39.913  54.598  -14.708 0.0000000000
147741  39.027  54.740  -14.627 0.0000000000
147742  38.165  55.098  -14.571 0.0000000000
147743  37.644  55.167  -14.110 0.0000000000
147749  45.029  54.773  -15.457 0.0000000000
147750  44.353  54.696  -15.749 0.0000000000
147751  43.192  54.537  -15.667 0.0000000000
147752  42.184  54.454  -15.624 0.0000000000
147753  41.219  54.504  -15.588 0.0000000000
147754  40.248  54.628  -15.573 0.0000000000
147755  39.160  54.895  -15.573 0.0000000000
147756  38.681  55.063  -15.072 0.0000000000
147759  44.185  54.629  -16.797 0.0000000000
147760  43.332  54.552  -16.577 0.0000000000
147761  42.395  54.461  -16.481 0.0000000000
147762  41.473  54.454  -16.430 0.0000000000
147763  40.570  54.542  -16.415 0.0000000000
147764  39.661  54.733  -16.453 0.0000000000
147771  44.101  54.635  -17.746 0.0000000000
147772  43.322  54.524  -17.498 0.0000000000
147773  42.493  54.461  -17.352 0.0000000000
147774  41.619  54.422  -17.298 0.0000000000
147775  40.794  54.464  -17.227 0.0000000000
147776  40.016  54.609  -17.250 0.0000000000
147784  43.962  54.740  -18.648 0.0000000000
147785  43.277  54.591  -18.375 0.0000000000
147786  42.510  54.516  -18.195 0.0000000000
147787  41.733  54.502  -18.085 0.0000000000
147788  40.787  54.597  -18.179 0.0000000000
147789  40.316  54.597  -17.742 0.0000000000
147795  43.785  54.865  -19.210 0.0000000000
147796  43.252  54.784  -19.128 0.0000000000
147797  42.504  54.717  -18.995 0.0000000000
147798  41.739  54.662  -18.816 0.0000000000
147799  41.247  54.615  -18.607 0.0000000000
148351  32.919  55.581  1.941 0.0000000000
148352  32.708  54.996  1.660 0.0000000000
148356  32.933  55.255  0.936 0.0000000000
148357  32.666  54.709  1.320 0.0000000000
148360  46.732  55.293  0.278 0.0000000000
148361  45.783  55.574  0.364 0.0000000000
148362  44.411  55.666  0.044 0.0000000000
148363  43.085  55.535  -0.515 0.0000000000
148364  41.813  55.462  -0.748 0.0000000000
148365  40.811  55.242  -0.850 0.0000000000
148366  39.893  55.192  -1.012 0.0000000000
148367  39.197  55.323  -1.247 0.0000000000
148368  34.245  55.131  -0.663 0.0000000000
148369  33.574  55.383  -0.086 0.0000000000
148372  47.005  55.374  -0.342 0.0000000000
148373  46.084  55.388  -1.177 0.0000000000
148374  41.210  55.837  -1.068 0.0000000000
148375  40.538  55.859  -1.271 0.0000000000
148376  39.730  55.900  -1.499 0.0000000000
148377  38.934  55.907  -1.718 0.0000000000
148378  38.071  55.810  -1.903 0.0000000000
148379  37.080  55.688  -1.919 0.0000000000
148380  36.027  55.598  -1.669 0.0000000000
148381  35.019  55.393  -1.196 0.0000000000
148384  44.960  55.512  -1.800 0.0000000000
148385  44.026  55.538  -2.222 0.0000000000
148386  43.039  55.426  -2.619 0.0000000000
148387  42.240  55.166  -2.783 0.0000000000
148390  42.429  55.731  -2.992 0.0000000000
148391  41.692  55.474  -3.221 0.0000000000
148392  40.842  55.449  -3.617 0.0000000000
148394  40.241  55.545  -3.996 0.0000000000
148395  39.636  55.592  -4.359 0.0000000000
148396  38.911  55.301  -4.568 0.0000000000
148401  39.212  55.899  -4.739 0.0000000000
148402  38.506  55.679  -5.072 0.0000000000
148403  37.704  55.644  -5.557 0.0000000000
148404  36.963  55.320  -5.766 0.0000000000
148411  37.202  55.868  -6.042 0.0000000000
148412  36.492  55.492  -6.516 0.0000000000
148413  35.803  55.061  -7.088 0.0000000000
148423  36.130  55.655  -7.418 0.0000000000
148424  35.657  55.063  -7.839 0.0000000000
148437  35.982  55.715  -8.263 0.0000000000
148438  35.665  55.071  -8.697 0.0000000000
148453  35.958  55.700  -9.161 0.0000000000
148454  35.748  55.044  -9.504 0.0000000000
148469  36.082  55.527  -10.133 0.0000000000
148470  35.882  54.888  -10.075 0.0000000000
148485  36.323  55.624  -11.177 0.0000000000
148501  36.460  55.727  -12.180 0.0000000000
148515  36.966  55.589  -13.847 0.0000000000
148516  36.691  55.776  -13.288 0.0000000000
148529  47.265  55.135  -15.026 0.0000000000
148530  46.421  54.901  -15.018 0.0000000000
148531  45.850  54.743  -14.963 0.0000000000
148532  37.801  55.490  -15.024 0.0000000000
148533  37.251  55.681  -14.485 0.0000000000
148534  36.856  55.853  -13.992 0.0000000000
148546  47.516  55.552  -15.786 0.0000000000
148547  46.494  55.272  -15.710 0.0000000000
148548  45.574  54.932  -15.530 0.0000000000
148549  44.992  54.800  -15.728 0.0000000000
148550  38.653  55.188  -16.036 0.0000000000
148551  38.266  55.348  -15.569 0.0000000000
148552  37.563  55.831  -15.467 0.0000000000
148560  47.728  55.871  -16.919 0.0000000000
148561  46.605  55.475  -16.627 0.0000000000
148562  45.697  55.183  -16.402 0.0000000000
148563  44.970  54.845  -16.205 0.0000000000
148564  38.870  55.085  -16.538 0.0000000000
148565  38.349  55.468  -16.444 0.0000000000
148566  37.872  55.823  -16.318 0.0000000000
148570  47.386  55.718  -18.072 0.0000000000
148571  46.590  55.489  -17.667 0.0000000000
148572  45.709  55.205  -17.366 0.0000000000
148573  44.942  54.846  -17.091 0.0000000000
148574  39.187  54.947  -17.354 0.0000000000
148575  38.395  55.555  -17.299 0.0000000000
148576  38.093  55.766  -16.853 0.0000000000
148582  48.149  55.773  -19.192 0.0000000000
148583  47.369  55.567  -18.980 0.0000000000
148584  46.538  55.420  -18.703 0.0000000000
148585  45.634  55.193  -18.425 0.0000000000
148586  44.824  54.885  -18.093 0.0000000000
148587  40.196  54.845  -18.795 0.0000000000
148588  39.718  54.878  -18.240 0.0000000000
148589  38.822  55.378  -18.198 0.0000000000
148595  49.086  56.105  -20.017 0.0000000000
148596  48.366  55.835  -19.969 0.0000000000
148597  47.537  55.626  -19.862 0.0000000000
148598  46.634  55.445  -19.676 0.0000000000
148599  45.668  55.258  -19.494 0.0000000000
148600  44.496  55.017  -19.312 0.0000000000
148601  43.441  55.039  -19.722 0.0000000000
148602  42.586  55.039  -19.723 0.0000000000
148603  41.706  54.978  -19.625 0.0000000000
148604  40.762  54.871  -19.267 0.0000000000
148605  39.658  55.328  -19.340 0.0000000000
148606  39.192  55.398  -18.777 0.0000000000
148612  49.128  56.321  -20.436 0.0000000000
148613  48.660  56.211  -20.498 0.0000000000
148614  47.834  56.086  -20.757 0.0000000000
148615  46.853  55.697  -20.568 0.0000000000
148616  45.892  55.500  -20.454 0.0000000000
148617  44.858  55.393  -20.375 0.0000000000
148618  43.796  55.353  -20.410 0.0000000000
148619  42.796  55.394  -20.426 0.0000000000
148620  41.886  55.408  -20.343 0.0000000000
148621  40.835  55.488  -20.379 0.0000000000
148622  40.185  55.350  -19.907 0.0000000000
148635  47.578  56.433  -21.286 0.0000000000
148636  47.049  56.214  -21.240 0.0000000000
148637  46.184  55.987  -21.230 0.0000000000
148638  45.205  55.912  -21.178 0.0000000000
148639  44.172  55.873  -21.185 0.0000000000
148640  43.106  55.865  -21.182 0.0000000000
148641  42.066  55.873  -21.000 0.0000000000
148642  41.405  55.738  -20.808 0.0000000000
149142  41.709  57.047  9.687 0.0000000000
149151  40.624  57.148  8.848 0.0000000000
149163  38.169  57.051  7.882 0.0000000000
149199  34.813  56.949  4.629 0.0000000000
149207  33.939  56.737  3.080 0.0000000000
149212  33.846  56.803  1.996 0.0000000000
149213  33.351  56.212  2.464 0.0000000000
149217  33.849  56.705  0.967 0.0000000000
149218  33.325  56.161  1.454 0.0000000000
149222  47.071  57.237  0.735 0.0000000000
149223  46.321  57.168  0.786 0.0000000000
149224  45.712  57.333  0.640 0.0000000000
149225  33.986  56.435  0.208 0.0000000000
149226  33.513  56.039  0.528 0.0000000000
149229  47.226  56.933  0.446 0.0000000000
149230  46.848  56.292  0.428 0.0000000000
149231  45.320  56.697  0.338 0.0000000000
149232  43.729  56.527  -0.284 0.0000000000
149233  42.456  56.402  -0.880 0.0000000000
149234  41.704  56.149  -1.078 0.0000000000
149235  34.878  56.809  -0.860 0.0000000000
149236  34.442  56.203  -0.585 0.0000000000
149237  33.834  56.037  -0.034 0.0000000000
149240  47.241  56.808  0.092 0.0000000000
149241  46.675  56.347  -0.529 0.0000000000
149242  45.632  56.317  -1.429 0.0000000000
149243  41.818  56.587  -1.123 0.0000000000
149244  41.206  56.535  -1.289 0.0000000000
149245  40.305  56.652  -1.568 0.0000000000
149246  39.413  56.695  -1.808 0.0000000000
149247  38.486  56.692  -2.041 0.0000000000
149248  37.400  56.682  -2.163 0.0000000000
149249  36.428  56.559  -1.978 0.0000000000
149250  35.330  56.538  -1.360 0.0000000000
149251  34.862  56.046  -1.142 0.0000000000
149253  44.611  56.360  -2.070 0.0000000000
149254  43.608  56.411  -2.590 0.0000000000
149255  42.858  56.162  -2.912 0.0000000000
149256  36.812  56.984  -2.166 0.0000000000
149257  36.535  57.107  -2.023 0.0000000000
149260  43.004  56.798  -3.059 0.0000000000
149261  42.312  56.432  -3.382 0.0000000000
149262  41.431  56.278  -3.779 0.0000000000
149263  40.794  56.068  -3.983 0.0000000000
149266  41.066  56.582  -4.210 0.0000000000
149267  40.410  56.394  -4.439 0.0000000000
149268  39.723  56.252  -4.691 0.0000000000
149270  40.029  56.745  -4.852 0.0000000000
149271  39.301  56.587  -5.169 0.0000000000
149272  38.364  56.505  -5.712 0.0000000000
149273  37.701  56.254  -6.003 0.0000000000
149279  37.965  56.717  -6.240 0.0000000000
149280  37.323  56.437  -6.634 0.0000000000
149281  36.640  56.161  -7.119 0.0000000000
149287  37.075  56.661  -7.417 0.0000000000
149288  36.486  56.270  -7.836 0.0000000000
149293  36.972  56.849  -8.221 0.0000000000
149294  36.415  56.318  -8.706 0.0000000000
149301  36.955  56.884  -9.152 0.0000000000
149302  36.423  56.292  -9.645 0.0000000000
149310  36.986  56.836  -10.101 0.0000000000
149311  36.519  56.290  -10.613 0.0000000000
149321  37.016  56.847  -10.960 0.0000000000
149322  36.648  56.489  -11.644 0.0000000000
149332  36.584  56.460  -12.568 0.0000000000
149342  36.590  56.671  -13.326 0.0000000000
149355  36.953  56.145  -14.642 0.0000000000
149356  36.760  56.459  -14.261 0.0000000000
149372  37.118  56.395  -15.109 0.0000000000
149373  36.870  56.950  -14.982 0.0000000000
149388  37.518  56.464  -16.135 0.0000000000
149400  48.229  56.028  -17.768 0.0000000000
149401  38.125  55.893  -17.551 0.0000000000
149402  37.909  56.275  -17.283 0.0000000000
149410  48.849  56.081  -18.546 0.0000000000
149411  47.984  55.815  -18.492 0.0000000000
149412  38.233  55.916  -18.030 0.0000000000
149413  37.931  56.586  -18.440 0.0000000000
149422  49.729  56.359  -19.342 0.0000000000
149423  48.831  55.988  -19.401 0.0000000000
149424  39.271  55.723  -19.724 0.0000000000
149425  38.661  56.008  -19.273 0.0000000000
149426  37.918  56.845  -19.222 0.0000000000
149439  49.702  56.520  -20.387 0.0000000000
149440  49.129  56.536  -20.838 0.0000000000
149441  48.546  56.459  -21.018 0.0000000000
149442  40.439  55.919  -20.745 0.0000000000
149443  39.667  55.982  -20.410 0.0000000000
149444  38.671  56.640  -20.274 0.0000000000
149456  50.341  57.077  -20.717 0.0000000000
149457  49.749  57.040  -21.131 0.0000000000
149458  49.003  56.968  -21.392 0.0000000000
149459  48.140  56.777  -21.462 0.0000000000
149460  47.366  56.823  -21.654 0.0000000000
149461  46.549  56.722  -21.729 0.0000000000
149462  45.620  56.635  -21.768 0.0000000000
149463  44.623  56.616  -21.777 0.0000000000
149464  43.564  56.650  -21.764 0.0000000000
149465  42.391  56.704  -21.656 0.0000000000
149466  40.916  56.408  -21.279 0.0000000000
149467  39.809  56.977  -21.179 0.0000000000
149484  50.878  57.179  -24.720 0.0000000000
149485  49.799  57.107  -24.522 0.0000000000
149486  48.694  56.977  -24.403 0.0000000000
149941  42.864  57.907  9.671 0.0000000000
149942  42.125  57.382  9.599 0.0000000000
149943  41.600  57.211  9.374 0.0000000000
149956  43.038  58.060  9.047 0.0000000000
149957  42.615  57.778  8.938 0.0000000000
149958  41.410  57.595  8.622 0.0000000000
149959  40.114  57.384  8.361 0.0000000000
149960  39.394  57.093  8.377 0.0000000000
149969  41.100  58.095  7.864 0.0000000000
149970  40.400  57.915  7.796 0.0000000000
149971  38.985  57.708  7.542 0.0000000000
149972  37.670  57.314  7.336 0.0000000000
149981  38.666  58.308  6.636 0.0000000000
149982  37.836  58.144  6.376 0.0000000000
149983  36.705  57.198  6.691 0.0000000000
149992  37.549  58.431  5.551 0.0000000000
149993  36.770  58.091  5.417 0.0000000000
149994  35.885  57.166  5.883 0.0000000000
150004  36.436  58.233  4.606 0.0000000000
150005  35.545  57.645  4.467 0.0000000000
150006  34.755  57.099  4.279 0.0000000000
150012  35.294  57.786  3.061 0.0000000000
150013  34.653  57.228  3.641 0.0000000000
150017  35.115  57.824  1.951 0.0000000000
150018  34.512  57.330  2.541 0.0000000000
150023  35.014  57.753  0.905 0.0000000000
150024  34.416  57.310  1.446 0.0000000000
150028  47.141  58.009  0.777 0.0000000000
150029  46.592  57.888  0.922 0.0000000000
150030  45.861  57.856  0.797 0.0000000000
150031  35.030  57.613  -0.020 0.0000000000
150032  34.436  57.064  0.323 0.0000000000
150035  47.340  57.523  0.298 0.0000000000
150036  45.130  57.718  0.438 0.0000000000
150037  44.146  57.526  -0.073 0.0000000000
150038  43.018  57.368  -0.701 0.0000000000
150039  35.821  57.908  -0.995 0.0000000000
150040  35.201  57.367  -0.816 0.0000000000
150041  34.766  57.029  -0.420 0.0000000000
150044  46.867  57.349  -0.417 0.0000000000
150045  46.120  57.178  -1.150 0.0000000000
150046  45.160  57.187  -1.756 0.0000000000
150047  41.918  57.254  -1.134 0.0000000000
150048  40.907  57.455  -1.462 0.0000000000
150049  39.934  57.528  -1.721 0.0000000000
150050  38.977  57.563  -1.922 0.0000000000
150051  37.984  57.581  -2.063 0.0000000000
150052  36.968  57.555  -1.989 0.0000000000
150053  36.193  57.385  -1.677 0.0000000000
150054  35.591  57.329  -1.272 0.0000000000
150056  44.329  57.228  -2.404 0.0000000000
150057  43.579  57.358  -2.935 0.0000000000
150058  36.779  57.216  -2.082 0.0000000000
150059  36.612  57.337  -1.949 0.0000000000
150061  42.856  57.551  -3.656 0.0000000000
150062  41.911  57.041  -3.992 0.0000000000
150063  41.413  56.816  -4.161 0.0000000000
150066  42.800  58.110  -4.209 0.0000000000
150067  42.256  57.771  -4.362 0.0000000000
150068  41.219  57.365  -4.663 0.0000000000
150069  40.475  56.993  -4.791 0.0000000000
150072  40.902  57.907  -5.234 0.0000000000
150073  40.211  57.439  -5.282 0.0000000000
150074  39.067  57.485  -6.036 0.0000000000
150075  38.356  57.030  -6.161 0.0000000000
150077  38.921  58.021  -7.115 0.0000000000
150078  38.106  57.273  -6.830 0.0000000000
150079  37.524  56.903  -7.126 0.0000000000
150082  39.002  58.197  -7.729 0.0000000000
150083  38.436  57.858  -8.014 0.0000000000
150084  37.588  57.209  -7.683 0.0000000000
150086  38.341  57.760  -9.178 0.0000000000
150087  37.628  57.356  -8.639 0.0000000000
150091  38.283  57.666  -10.144 0.0000000000
150092  37.615  57.315  -9.634 0.0000000000
150096  38.136  57.725  -11.039 0.0000000000
150097  37.566  57.291  -10.615 0.0000000000
150102  38.018  57.871  -11.545 0.0000000000
150103  37.359  57.439  -11.818 0.0000000000
150104  36.754  56.919  -12.186 0.0000000000
150108  37.108  57.827  -12.947 0.0000000000
150109  36.740  57.179  -12.745 0.0000000000
150111  37.040  57.980  -13.513 0.0000000000
150112  36.744  57.472  -13.711 0.0000000000
150120  37.142  57.780  -15.001 0.0000000000
150121  36.827  57.323  -14.582 0.0000000000
150133  37.308  57.292  -15.673 0.0000000000
150134  37.000  57.332  -15.062 0.0000000000
150148  37.775  57.242  -16.824 0.0000000000
150162  37.736  57.318  -17.932 0.0000000000
150168  37.681  57.307  -18.791 0.0000000000
150184  38.120  56.892  -19.864 0.0000000000
150185  37.662  57.613  -19.621 0.0000000000
150200  39.070  56.985  -20.838 0.0000000000
150201  38.322  57.718  -20.553 0.0000000000
150202  37.736  58.111  -20.146 0.0000000000
150210  50.536  57.763  -21.314 0.0000000000
150211  49.639  57.811  -21.701 0.0000000000
150212  48.779  57.543  -21.864 0.0000000000
150213  47.950  57.516  -22.004 0.0000000000
150214  47.062  57.519  -22.110 0.0000000000
150215  46.133  57.497  -22.178 0.0000000000
150216  45.163  57.496  -22.201 0.0000000000
150217  44.150  57.541  -22.205 0.0000000000
150218  43.064  57.673  -22.200 0.0000000000
150219  41.772  58.109  -22.043 0.0000000000
150220  40.377  57.876  -21.597 0.0000000000
150221  39.250  57.906  -21.251 0.0000000000
150222  38.731  58.273  -21.014 0.0000000000
150227  49.244  58.144  -22.048 0.0000000000
150228  48.692  58.289  -22.255 0.0000000000
150229  47.737  58.390  -22.380 0.0000000000
150230  46.750  58.441  -22.404 0.0000000000
150231  45.770  58.474  -22.392 0.0000000000
150232  44.789  58.516  -22.395 0.0000000000
150233  43.799  58.611  -22.370 0.0000000000
150234  42.843  58.821  -22.288 0.0000000000
150235  42.246  59.163  -22.197 0.0000000000
150244  52.042  58.011  -24.684 0.0000000000
150245  51.193  58.120  -24.546 0.0000000000
150246  50.168  58.175  -24.537 0.0000000000
150247  49.111  58.082  -24.582 0.0000000000
150248  48.059  57.994  -24.502 0.0000000000
150249  46.983  57.951  -24.543 0.0000000000
150250  45.884  57.964  -24.639 0.0000000000
150251  44.786  58.046  -24.636 0.0000000000
150252  43.728  58.104  -24.607 0.0000000000
150253  42.709  57.940  -24.556 0.0000000000
150254  41.799  57.914  -24.589 0.0000000000
150701  43.067  58.513  9.046 0.0000000000
150702  42.936  58.269  8.581 0.0000000000
150703  42.359  58.110  8.327 0.0000000000
150716  43.037  58.725  8.412 0.0000000000
150717  42.659  58.692  7.951 0.0000000000
150718  41.731  58.404  7.752 0.0000000000
150719  40.818  58.468  7.357 0.0000000000
150720  39.959  58.363  7.163 0.0000000000
150727  42.088  59.036  7.449 0.0000000000
150728  41.351  58.983  7.033 0.0000000000
150729  40.366  58.905  6.569 0.0000000000
150730  39.316  58.589  6.505 0.0000000000
150731  38.589  58.574  6.087 0.0000000000
150740  39.709  59.035  5.962 0.0000000000
150741  39.004  58.907  5.656 0.0000000000
150742  38.124  58.740  5.372 0.0000000000
150743  37.478  58.573  5.070 0.0000000000
150752  37.743  58.850  4.734 0.0000000000
150753  37.095  58.650  4.429 0.0000000000
150754  36.395  58.337  4.087 0.0000000000
150758  36.761  58.749  3.607 0.0000000000
150759  36.083  58.278  3.378 0.0000000000
150764  36.500  58.859  2.741 0.0000000000
150765  35.825  58.335  2.371 0.0000000000
150770  36.230  58.939  1.750 0.0000000000
150771  35.631  58.340  1.351 0.0000000000
150775  47.104  58.560  0.740 0.0000000000
150776  46.724  58.620  0.950 0.0000000000
150777  45.938  58.640  1.010 0.0000000000
150778  36.062  58.916  0.744 0.0000000000
150779  35.522  58.240  0.375 0.0000000000
150782  47.245  58.458  0.345 0.0000000000
150783  45.194  58.537  0.609 0.0000000000
150784  44.418  58.463  0.125 0.0000000000
150785  43.300  58.458  -0.455 0.0000000000
150786  42.373  58.763  -0.883 0.0000000000
150787  36.054  58.669  -0.306 0.0000000000
150788  35.499  57.984  -0.371 0.0000000000
150792  47.026  58.314  -0.426 0.0000000000
150793  46.324  58.173  -1.164 0.0000000000
150794  45.659  57.824  -1.607 0.0000000000
150795  42.444  58.048  -0.942 0.0000000000
150796  41.548  58.369  -1.237 0.0000000000
150797  40.447  58.379  -1.523 0.0000000000
150798  39.460  58.408  -1.716 0.0000000000
150799  38.497  58.426  -1.803 0.0000000000
150800  37.556  58.441  -1.730 0.0000000000
150801  36.627  58.506  -1.281 0.0000000000
150804  45.755  58.440  -1.793 0.0000000000
150805  44.976  58.168  -2.249 0.0000000000
150806  44.199  57.892  -2.779 0.0000000000
150809  44.535  58.505  -3.027 0.0000000000
150810  43.784  58.142  -3.355 0.0000000000
150813  44.285  58.856  -3.672 0.0000000000
150814  43.478  58.592  -4.158 0.0000000000
150815  42.678  58.507  -4.699 0.0000000000
150816  41.977  58.188  -4.834 0.0000000000
150819  42.252  58.757  -5.172 0.0000000000
150820  41.492  58.531  -5.375 0.0000000000
150821  40.659  58.298  -5.652 0.0000000000
150822  39.974  58.116  -5.944 0.0000000000
150825  41.024  58.890  -5.929 0.0000000000
150826  40.469  58.723  -6.398 0.0000000000
150827  39.660  58.334  -6.681 0.0000000000
150830  40.199  58.816  -7.198 0.0000000000
150831  39.550  58.482  -7.649 0.0000000000
150832  39.150  58.296  -8.173 0.0000000000
150834  40.286  58.862  -8.106 0.0000000000
150835  39.757  58.516  -8.587 0.0000000000
150836  39.085  58.167  -8.871 0.0000000000
150838  41.003  58.846  -9.526 0.0000000000
150839  40.649  58.779  -9.184 0.0000000000
150840  39.781  58.411  -9.478 0.0000000000
150841  39.006  58.087  -9.767 0.0000000000
150844  40.966  58.764  -9.795 0.0000000000
150845  40.444  58.581  -10.123 0.0000000000
150846  39.623  58.376  -10.307 0.0000000000
150847  38.856  58.099  -10.630 0.0000000000
150851  40.085  58.595  -10.743 0.0000000000
150852  39.451  58.505  -11.135 0.0000000000
150853  38.586  58.216  -11.452 0.0000000000
150854  38.035  58.063  -11.916 0.0000000000
150857  39.081  58.648  -11.746 0.0000000000
150858  38.526  58.543  -12.245 0.0000000000
150859  37.748  58.193  -12.558 0.0000000000
150861  38.209  58.716  -13.020 0.0000000000
150862  37.488  58.372  -13.481 0.0000000000
150863  37.032  58.119  -13.926 0.0000000000
150866  38.204  58.922  -13.952 0.0000000000
150867  37.543  58.389  -14.520 0.0000000000
150868  36.963  57.863  -14.367 0.0000000000
150873  39.157  59.145  -15.468 0.0000000000
150874  38.679  59.004  -15.161 0.0000000000
150875  37.824  58.222  -15.580 0.0000000000
150882  39.188  59.059  -15.740 0.0000000000
150883  38.704  58.760  -16.417 0.0000000000
150884  37.922  57.937  -16.423 0.0000000000
150899  38.333  58.954  -17.147 0.0000000000
150900  37.915  58.350  -17.429 0.0000000000
150916  37.486  58.207  -18.696 0.0000000000
150932  37.502  58.521  -19.706 0.0000000000
150939  38.488  58.711  -20.836 0.0000000000
150940  37.901  58.662  -20.404 0.0000000000
150947  51.060  58.791  -21.765 0.0000000000
150948  50.267  58.364  -21.735 0.0000000000
150949  42.152  59.939  -22.177 0.0000000000
150950  41.752  59.480  -22.053 0.0000000000
150951  40.860  59.093  -21.804 0.0000000000
150952  39.816  58.927  -21.499 0.0000000000
150953  39.015  58.823  -21.197 0.0000000000
150958  50.744  59.329  -22.207 0.0000000000
150959  49.842  58.937  -22.218 0.0000000000
150960  48.565  59.258  -22.557 0.0000000000
150961  47.451  59.377  -22.586 0.0000000000
150962  46.426  59.443  -22.538 0.0000000000
150963  45.437  59.487  -22.515 0.0000000000
150964  44.470  59.543  -22.480 0.0000000000
150965  43.529  59.637  -22.410 0.0000000000
150966  42.650  59.759  -22.307 0.0000000000
150967  42.203  59.603  -22.192 0.0000000000
150971  52.413  59.077  -23.628 0.0000000000
150972  51.248  59.628  -23.794 0.0000000000
150973  50.653  59.896  -23.859 0.0000000000
150977  52.212  58.487  -24.265 0.0000000000
150978  51.621  58.800  -24.213 0.0000000000
150979  50.523  59.296  -24.199 0.0000000000
150980  49.439  59.120  -24.345 0.0000000000
150981  48.494  59.041  -24.465 0.0000000000
150982  47.519  59.031  -24.517 0.0000000000
150983  46.490  59.064  -24.495 0.0000000000
150984  45.423  59.143  -24.439 0.0000000000
150985  44.321  59.243  -24.352 0.0000000000
150986  43.231  59.157  -24.254 0.0000000000
150987  42.207  58.902  -24.207 0.0000000000
150988  41.212  58.623  -24.295 0.0000000000
151366  42.818  59.077  9.161 0.0000000000
151378  42.940  59.143  8.531 0.0000000000
151379  42.296  59.632  8.653 0.0000000000
151398  42.921  59.040  8.128 0.0000000000
151399  42.436  59.519  7.889 0.0000000000
151415  41.688  59.663  7.229 0.0000000000
151416  40.942  59.685  6.623 0.0000000000
151417  40.143  59.617  6.111 0.0000000000
151425  39.358  59.582  5.712 0.0000000000
151426  38.477  59.501  5.129 0.0000000000
151427  38.082  59.071  4.789 0.0000000000
151434  38.052  59.893  4.809 0.0000000000
151435  37.583  59.486  4.384 0.0000000000
151436  37.218  59.043  3.857 0.0000000000
151439  37.109  59.921  3.919 0.0000000000
151440  36.866  59.581  3.388 0.0000000000
151448  36.459  59.712  2.228 0.0000000000
151455  36.379  59.758  1.152 0.0000000000
151463  46.845  59.271  0.486 0.0000000000
151464  46.074  59.433  0.799 0.0000000000
151465  45.006  59.545  0.671 0.0000000000
151466  44.357  60.083  0.350 0.0000000000
151467  36.480  59.570  0.185 0.0000000000
151473  46.998  59.243  -0.362 0.0000000000
151474  44.673  59.024  0.368 0.0000000000
151475  43.972  59.531  -0.001 0.0000000000
151476  42.761  59.521  -0.595 0.0000000000
151477  41.796  59.403  -1.025 0.0000000000
151478  37.196  59.690  -0.804 0.0000000000
151479  36.683  59.291  -0.606 0.0000000000
151487  46.596  59.352  -1.519 0.0000000000
151488  46.129  58.792  -1.693 0.0000000000
151489  40.874  59.242  -1.310 0.0000000000
151490  39.915  59.236  -1.496 0.0000000000
151491  38.951  59.247  -1.591 0.0000000000
151492  38.059  59.205  -1.518 0.0000000000
151493  37.327  59.157  -1.276 0.0000000000
151494  36.919  59.201  -1.041 0.0000000000
151501  46.660  60.161  -2.861 0.0000000000
151502  45.777  59.151  -2.460 0.0000000000
151503  45.084  58.740  -2.784 0.0000000000
151506  46.827  60.523  -3.539 0.0000000000
151507  46.063  60.061  -3.715 0.0000000000
151508  45.066  59.183  -3.359 0.0000000000
151512  45.784  60.276  -4.425 0.0000000000
151513  44.723  59.785  -4.517 0.0000000000
151514  43.292  59.239  -4.958 0.0000000000
151515  42.661  59.020  -5.152 0.0000000000
151518  44.582  60.246  -5.321 0.0000000000
151519  43.817  59.982  -5.415 0.0000000000
151520  42.433  59.601  -5.807 0.0000000000
151521  41.505  59.165  -5.889 0.0000000000
151524  42.093  60.018  -7.249 0.0000000000
151525  41.229  59.376  -6.651 0.0000000000
151526  40.622  59.089  -6.914 0.0000000000
151529  42.081  59.824  -8.388 0.0000000000
151530  41.375  59.572  -7.836 0.0000000000
151531  40.731  59.219  -7.516 0.0000000000
151539  42.035  59.521  -9.291 0.0000000000
151540  41.464  59.385  -8.764 0.0000000000
151541  40.912  59.191  -8.421 0.0000000000
151549  42.011  59.295  -10.136 0.0000000000
151550  41.335  59.026  -9.537 0.0000000000
151551  41.110  59.071  -8.986 0.0000000000
151559  41.969  59.481  -11.043 0.0000000000
151560  41.153  58.962  -10.579 0.0000000000
151561  40.513  58.732  -10.721 0.0000000000
151567  41.898  59.773  -11.524 0.0000000000
151568  41.265  59.660  -11.678 0.0000000000
151569  40.241  58.978  -11.427 0.0000000000
151570  39.533  58.801  -11.652 0.0000000000
151576  41.047  59.985  -12.293 0.0000000000
151577  40.393  59.786  -12.561 0.0000000000
151578  39.322  59.091  -12.348 0.0000000000
151579  38.705  58.880  -12.712 0.0000000000
151583  40.153  60.057  -13.803 0.0000000000
151584  39.484  59.591  -13.419 0.0000000000
151585  38.784  59.137  -13.264 0.0000000000
151590  40.135  59.917  -14.838 0.0000000000
151591  39.555  59.648  -14.432 0.0000000000
151592  38.956  59.324  -14.189 0.0000000000
151596  40.052  59.852  -15.379 0.0000000000
151597  39.488  59.467  -15.339 0.0000000000
151598  39.179  59.360  -14.811 0.0000000000
151602  39.457  59.406  -16.045 0.0000000000
151603  39.044  59.620  -16.427 0.0000000000
151607  38.465  59.514  -16.906 0.0000000000
151608  37.907  59.387  -17.492 0.0000000000
151612  37.475  59.208  -18.222 0.0000000000
151615  37.337  59.218  -19.157 0.0000000000
151618  38.707  60.114  -20.805 0.0000000000
151619  38.359  59.560  -20.630 0.0000000000
151620  37.611  59.350  -20.010 0.0000000000
151626  51.259  59.449  -22.245 0.0000000000
151627  41.798  60.191  -22.088 0.0000000000
151628  41.181  60.089  -21.805 0.0000000000
151629  40.263  59.937  -21.562 0.0000000000
151630  39.188  59.850  -21.184 0.0000000000
151631  38.760  59.251  -20.987 0.0000000000
151636  51.736  59.673  -22.577 0.0000000000
151637  50.742  59.834  -22.592 0.0000000000
151638  49.460  60.106  -22.807 0.0000000000
151639  48.158  60.162  -22.824 0.0000000000
151640  47.077  60.226  -22.796 0.0000000000
151641  46.076  60.321  -22.700 0.0000000000
151642  45.101  60.370  -22.676 0.0000000000
151643  44.160  60.426  -22.611 0.0000000000
151644  43.237  60.477  -22.544 0.0000000000
151645  42.312  60.509  -22.416 0.0000000000
151649  52.232  59.668  -22.973 0.0000000000
151650  51.534  59.883  -23.177 0.0000000000
151651  50.517  60.126  -23.381 0.0000000000
151652  49.534  60.293  -23.543 0.0000000000
151653  43.394  60.998  -23.647 0.0000000000
151654  42.971  60.922  -23.631 0.0000000000
151655  42.059  60.691  -23.549 0.0000000000
151656  41.047  60.474  -23.558 0.0000000000
151657  40.020  60.134  -23.544 0.0000000000
151664  50.179  60.052  -23.853 0.0000000000
151665  49.501  60.054  -24.099 0.0000000000
151666  48.802  59.890  -24.289 0.0000000000
151667  47.993  59.928  -24.433 0.0000000000
151668  47.054  59.980  -24.342 0.0000000000
151669  46.047  60.081  -24.245 0.0000000000
151670  44.977  60.261  -24.197 0.0000000000
151671  43.751  60.558  -23.909 0.0000000000
151672  42.642  60.074  -23.933 0.0000000000
151673  41.630  59.743  -23.900 0.0000000000
151674  40.591  59.355  -23.892 0.0000000000
152084  41.709  60.119  8.526 0.0000000000
152101  41.891  60.279  8.155 0.0000000000
152102  41.333  60.814  7.775 0.0000000000
152123  41.784  60.199  7.590 0.0000000000
152124  41.200  60.511  7.068 0.0000000000
152125  40.410  60.502  6.496 0.0000000000
152126  39.708  60.854  6.280 0.0000000000
152144  39.758  60.191  5.971 0.0000000000
152145  38.956  60.495  5.716 0.0000000000
152146  38.249  60.835  5.376 0.0000000000
152160  38.309  60.214  5.120 0.0000000000
152161  37.698  60.553  4.774 0.0000000000
152162  37.061  60.868  4.323 0.0000000000
152173  37.233  60.235  4.217 0.0000000000
152174  36.796  60.585  3.684 0.0000000000
152185  36.532  60.592  2.698 0.0000000000
152195  36.530  60.645  1.629 0.0000000000
152205  46.586  59.697  0.251 0.0000000000
152206  46.206  60.079  0.297 0.0000000000
152207  45.344  60.413  0.523 0.0000000000
152208  44.493  60.634  0.479 0.0000000000
152209  37.280  60.976  0.058 0.0000000000
152210  36.874  60.702  0.462 0.0000000000
152220  46.628  59.963  -0.191 0.0000000000
152221  46.152  60.669  -0.306 0.0000000000
152222  43.851  60.586  0.144 0.0000000000
152223  43.122  60.476  -0.303 0.0000000000
152224  41.974  60.481  -0.729 0.0000000000
152225  40.849  60.771  -0.994 0.0000000000
152226  39.830  60.792  -1.017 0.0000000000
152227  38.819  60.757  -0.908 0.0000000000
152228  37.652  60.664  -0.471 0.0000000000
152229  36.926  60.017  -0.279 0.0000000000
152239  46.759  60.213  -1.217 0.0000000000
152240  41.173  59.993  -1.100 0.0000000000
152241  40.337  60.022  -1.239 0.0000000000
152242  39.378  60.030  -1.299 0.0000000000
152243  38.406  59.992  -1.233 0.0000000000
152244  37.704  59.772  -1.106 0.0000000000
152255  46.960  60.645  -2.381 0.0000000000
152266  47.891  61.507  -3.964 0.0000000000
152267  47.451  61.149  -3.616 0.0000000000
152268  46.943  60.735  -4.004 0.0000000000
152276  47.948  61.533  -4.225 0.0000000000
152277  47.553  61.282  -4.553 0.0000000000
152278  46.596  60.741  -4.605 0.0000000000
152279  45.814  60.491  -4.906 0.0000000000
152282  47.308  61.300  -5.153 0.0000000000
152283  46.604  61.075  -5.459 0.0000000000
152284  45.414  60.635  -5.508 0.0000000000
152285  44.491  60.529  -5.914 0.0000000000
152286  43.553  60.390  -6.098 0.0000000000
152289  46.290  61.222  -6.001 0.0000000000
152290  45.508  61.053  -6.483 0.0000000000
152291  44.255  60.707  -6.769 0.0000000000
152292  43.101  60.491  -6.917 0.0000000000
152301  45.046  61.138  -7.450 0.0000000000
152302  43.944  60.683  -7.783 0.0000000000
152303  42.893  60.314  -8.056 0.0000000000
152315  44.840  61.014  -8.623 0.0000000000
152316  43.669  60.395  -8.882 0.0000000000
152317  42.746  59.957  -9.053 0.0000000000
152328  44.357  60.538  -9.915 0.0000000000
152329  43.293  59.974  -9.834 0.0000000000
152330  42.576  59.639  -9.775 0.0000000000
152341  44.276  60.807  -11.059 0.0000000000
152342  43.485  60.224  -10.831 0.0000000000
152343  42.673  59.709  -10.548 0.0000000000
152352  44.185  61.104  -11.578 0.0000000000
152353  43.545  60.890  -11.887 0.0000000000
152354  42.451  60.144  -11.603 0.0000000000
152355  41.810  59.946  -11.794 0.0000000000
152366  43.314  61.199  -12.618 0.0000000000
152367  42.593  60.986  -12.892 0.0000000000
152368  41.568  60.268  -12.438 0.0000000000
152369  40.962  60.130  -12.602 0.0000000000
152377  42.291  61.099  -14.254 0.0000000000
152378  41.595  60.669  -13.664 0.0000000000
152379  40.887  60.294  -13.217 0.0000000000
152385  42.186  61.004  -15.139 0.0000000000
152386  41.526  60.671  -14.784 0.0000000000
152387  40.817  60.345  -14.325 0.0000000000
152390  41.986  61.203  -15.388 0.0000000000
152391  41.422  60.922  -15.472 0.0000000000
152392  40.586  60.270  -15.369 0.0000000000
152393  39.906  59.817  -15.697 0.0000000000
152396  41.042  61.028  -15.629 0.0000000000
152397  40.623  60.828  -15.680 0.0000000000
152398  39.743  60.304  -16.087 0.0000000000
152399  38.681  60.353  -16.567 0.0000000000
152402  37.977  60.252  -17.211 0.0000000000
152403  37.460  60.094  -17.900 0.0000000000
152405  37.365  60.006  -18.728 0.0000000000
152407  37.845  60.617  -19.874 0.0000000000
152408  37.553  59.992  -19.527 0.0000000000
152411  38.776  60.540  -20.950 0.0000000000
152412  38.309  60.347  -20.514 0.0000000000
152413  37.923  60.005  -20.135 0.0000000000
152416  41.491  60.672  -22.245 0.0000000000
152417  40.611  60.693  -21.929 0.0000000000
152418  39.641  60.612  -21.597 0.0000000000
152419  39.189  60.485  -21.264 0.0000000000
152425  48.646  60.547  -23.294 0.0000000000
152426  47.647  60.672  -23.173 0.0000000000
152427  46.657  60.816  -23.046 0.0000000000
152428  45.692  60.985  -22.906 0.0000000000
152429  44.737  60.995  -22.876 0.0000000000
152430  43.821  61.042  -22.849 0.0000000000
152431  42.898  61.094  -22.788 0.0000000000
152432  41.961  61.075  -22.715 0.0000000000
152433  40.995  61.068  -22.568 0.0000000000
152434  39.820  60.952  -22.294 0.0000000000
152435  38.815  60.674  -22.471 0.0000000000
152444  48.872  60.532  -23.840 0.0000000000
152445  48.070  60.701  -23.690 0.0000000000
152446  47.135  60.768  -23.561 0.0000000000
152447  46.173  60.980  -23.443 0.0000000000
152448  45.214  61.095  -23.329 0.0000000000
152449  44.339  61.192  -23.265 0.0000000000
152450  43.473  61.185  -23.354 0.0000000000
152451  42.486  61.215  -23.199 0.0000000000
152452  41.501  61.156  -23.156 0.0000000000
152453  40.457  61.000  -23.116 0.0000000000
152454  39.442  60.592  -23.057 0.0000000000
152464  48.910  60.325  -24.125 0.0000000000
152465  48.398  60.452  -24.140 0.0000000000
152466  47.572  60.580  -24.098 0.0000000000
152467  46.625  60.730  -24.014 0.0000000000
152468  45.634  60.872  -23.896 0.0000000000
152469  44.670  60.986  -23.719 0.0000000000
152470  44.066  61.128  -23.585 0.0000000000
152868  40.783  61.269  7.409 0.0000000000
152884  40.679  61.004  6.945 0.0000000000
152885  40.106  61.600  6.925 0.0000000000
152886  39.256  61.558  6.352 0.0000000000
152903  38.543  61.542  5.856 0.0000000000
152904  37.869  61.590  5.322 0.0000000000
152920  37.246  61.593  4.696 0.0000000000
152921  36.761  61.598  3.999 0.0000000000
152931  36.481  61.566  3.132 0.0000000000
152938  36.515  61.597  2.119 0.0000000000
152946  36.781  61.518  1.200 0.0000000000
152954  45.491  61.322  0.003 0.0000000000
152955  44.648  61.490  0.357 0.0000000000
152956  43.653  61.634  0.241 0.0000000000
152957  42.987  62.132  0.224 0.0000000000
152958  38.218  61.991  0.009 0.0000000000
152959  37.477  61.491  0.271 0.0000000000
152960  37.044  61.430  0.695 0.0000000000
152969  46.475  60.812  -0.987 0.0000000000
152970  46.006  61.427  -0.860 0.0000000000
152971  43.356  61.088  -0.065 0.0000000000
152972  42.625  61.556  -0.176 0.0000000000
152973  41.383  61.532  -0.518 0.0000000000
152974  40.301  61.533  -0.648 0.0000000000
152975  39.325  61.458  -0.623 0.0000000000
152976  38.453  61.388  -0.429 0.0000000000
152977  37.911  61.411  -0.194 0.0000000000
152988  46.892  61.382  -1.996 0.0000000000
152989  46.429  61.459  -1.425 0.0000000000
152998  47.771  61.899  -3.443 0.0000000000
152999  47.398  61.484  -3.014 0.0000000000
153009  48.116  61.760  -3.957 0.0000000000
153010  47.720  61.610  -3.549 0.0000000000
153025  48.356  61.798  -4.938 0.0000000000
153026  47.831  61.535  -5.174 0.0000000000
153035  48.220  62.204  -5.541 0.0000000000
153036  47.679  61.720  -5.843 0.0000000000
153037  46.934  61.443  -6.007 0.0000000000
153052  47.522  61.781  -6.340 0.0000000000
153053  46.949  61.633  -6.541 0.0000000000
153054  46.087  61.463  -7.151 0.0000000000
153070  48.038  62.469  -7.557 0.0000000000
153071  47.728  62.266  -7.494 0.0000000000
153072  47.018  61.776  -7.381 0.0000000000
153073  45.901  61.454  -7.950 0.0000000000
153081  48.111  62.377  -7.832 0.0000000000
153082  47.575  61.977  -8.021 0.0000000000
153083  46.699  61.676  -8.371 0.0000000000
153084  45.848  61.382  -8.763 0.0000000000
153093  48.101  62.313  -8.508 0.0000000000
153094  47.370  61.910  -8.889 0.0000000000
153095  46.453  61.587  -9.293 0.0000000000
153096  45.433  61.211  -9.567 0.0000000000
153107  47.953  62.296  -9.306 0.0000000000
153108  47.221  61.956  -9.933 0.0000000000
153109  46.153  61.532  -10.232 0.0000000000
153110  45.126  61.193  -10.568 0.0000000000
153121  46.704  61.985  -10.733 0.0000000000
153122  45.859  61.762  -11.205 0.0000000000
153123  44.791  61.408  -11.499 0.0000000000
153124  44.201  61.328  -11.979 0.0000000000
153135  45.335  61.909  -11.884 0.0000000000
153136  44.688  61.800  -12.372 0.0000000000
153137  43.862  61.482  -12.646 0.0000000000
153138  43.302  61.398  -13.102 0.0000000000
153146  44.365  61.942  -13.146 0.0000000000
153147  43.771  61.693  -13.532 0.0000000000
153148  43.078  61.462  -13.868 0.0000000000
153156  44.310  62.057  -13.912 0.0000000000
153157  43.762  61.816  -14.414 0.0000000000
153158  42.922  61.452  -14.849 0.0000000000
153166  42.441  61.488  -15.301 0.0000000000
153167  41.786  61.568  -15.431 0.0000000000
153168  41.019  61.764  -15.470 0.0000000000
153169  40.437  61.782  -15.648 0.0000000000
153173  41.222  61.246  -15.540 0.0000000000
153174  40.750  61.276  -15.618 0.0000000000
153175  39.970  61.405  -15.808 0.0000000000
153176  39.002  61.330  -16.234 0.0000000000
153179  38.156  61.341  -16.965 0.0000000000
153180  37.699  60.858  -17.673 0.0000000000
153183  37.788  61.681  -18.002 0.0000000000
153184  37.556  60.805  -18.437 0.0000000000
153186  37.660  61.428  -19.185 0.0000000000
153187  37.583  60.602  -19.158 0.0000000000
153190  38.656  60.830  -20.948 0.0000000000
153191  38.102  61.073  -20.490 0.0000000000
153192  37.525  61.389  -20.691 0.0000000000
153193  36.706  61.629  -20.706 0.0000000000
153194  35.769  61.820  -20.801 0.0000000000
153195  35.044  61.929  -20.969 0.0000000000
153199  39.361  60.766  -21.582 0.0000000000
153200  38.952  60.751  -21.345 0.0000000000
153201  38.212  61.058  -21.314 0.0000000000
153202  37.275  61.067  -21.444 0.0000000000
153203  36.212  61.193  -21.336 0.0000000000
153204  35.346  61.418  -21.468 0.0000000000
153209  39.390  60.868  -21.788 0.0000000000
153210  38.934  60.923  -21.869 0.0000000000
153211  38.109  60.850  -22.000 0.0000000000
153593  39.391  62.622  6.868 0.0000000000
153594  38.770  63.036  6.566 0.0000000000
153605  38.830  62.286  6.349 0.0000000000
153606  38.215  62.629  5.902 0.0000000000
153621  37.482  62.556  5.162 0.0000000000
153622  36.923  62.547  4.418 0.0000000000
153638  36.613  62.547  3.565 0.0000000000
153649  36.547  62.558  2.622 0.0000000000
153656  37.467  62.983  1.244 0.0000000000
153657  36.987  62.674  1.542 0.0000000000
153664  45.192  61.922  -0.168 0.0000000000
153665  44.794  62.268  -0.086 0.0000000000
153666  44.002  62.607  0.281 0.0000000000
153667  43.059  62.844  0.466 0.0000000000
153668  42.093  63.130  0.387 0.0000000000
153669  41.140  63.069  0.313 0.0000000000
153670  40.130  62.954  0.197 0.0000000000
153671  38.987  62.752  0.196 0.0000000000
153672  37.820  62.740  0.774 0.0000000000
153673  37.166  61.987  0.868 0.0000000000
153681  45.373  62.213  -0.660 0.0000000000
153682  44.803  63.060  -0.559 0.0000000000
153683  42.524  62.430  0.185 0.0000000000
153684  41.767  62.390  -0.070 0.0000000000
153685  40.738  62.315  -0.218 0.0000000000
153686  39.718  62.193  -0.276 0.0000000000
153687  38.910  61.990  -0.286 0.0000000000
153697  46.881  61.952  -2.269 0.0000000000
153698  46.331  62.311  -1.826 0.0000000000
153708  47.714  62.109  -3.385 0.0000000000
153709  47.285  62.153  -2.950 0.0000000000
153710  46.676  63.058  -2.932 0.0000000000
153726  47.895  62.230  -3.655 0.0000000000
153727  47.559  62.795  -3.742 0.0000000000
153728  46.677  63.238  -3.836 0.0000000000
153729  45.756  63.176  -3.991 0.0000000000
153750  48.226  62.445  -4.373 0.0000000000
153751  47.714  62.972  -4.668 0.0000000000
153752  46.596  62.879  -4.789 0.0000000000
153768  48.307  62.525  -5.153 0.0000000000
153769  47.623  62.576  -5.737 0.0000000000
153770  46.122  62.590  -5.700 0.0000000000
153788  47.635  62.084  -6.436 0.0000000000
153789  46.882  62.429  -6.654 0.0000000000
153807  48.212  62.705  -7.704 0.0000000000
153808  47.891  62.651  -7.469 0.0000000000
153809  47.176  62.595  -7.267 0.0000000000
153810  45.973  62.674  -7.253 0.0000000000
153823  49.015  62.916  -8.756 0.0000000000
153824  48.637  62.701  -8.248 0.0000000000
153836  49.007  62.930  -9.429 0.0000000000
153837  48.641  62.595  -9.059 0.0000000000
153846  48.855  62.954  -9.876 0.0000000000
153847  48.187  62.701  -10.279 0.0000000000
153848  47.278  62.313  -10.631 0.0000000000
153863  47.818  62.987  -11.241 0.0000000000
153864  46.885  62.599  -11.599 0.0000000000
153865  45.904  62.150  -11.824 0.0000000000
153880  46.469  63.006  -13.107 0.0000000000
153881  45.554  62.380  -12.620 0.0000000000
153882  44.824  62.180  -12.895 0.0000000000
153889  46.448  63.215  -14.186 0.0000000000
153890  45.688  62.732  -13.856 0.0000000000
153891  44.902  62.320  -13.543 0.0000000000
153898  46.493  63.285  -14.729 0.0000000000
153899  45.994  62.931  -14.707 0.0000000000
153900  44.815  62.529  -14.755 0.0000000000
153901  43.595  61.949  -15.167 0.0000000000
153902  42.934  61.721  -15.260 0.0000000000
153912  44.604  62.997  -15.277 0.0000000000
153913  43.889  62.746  -15.258 0.0000000000
153914  42.697  62.299  -15.366 0.0000000000
153915  41.501  62.483  -15.428 0.0000000000
153916  40.424  62.605  -15.679 0.0000000000
153917  40.014  62.077  -15.791 0.0000000000
153926  39.963  63.124  -16.042 0.0000000000
153927  39.396  62.589  -16.306 0.0000000000
153928  38.643  62.021  -16.600 0.0000000000
153934  39.010  63.100  -17.021 0.0000000000
153935  38.519  62.593  -17.376 0.0000000000
153938  38.002  62.572  -18.552 0.0000000000
153941  37.545  62.301  -19.556 0.0000000000
153942  36.928  62.848  -19.805 0.0000000000
153943  36.466  63.063  -19.841 0.0000000000
153946  37.565  61.655  -20.191 0.0000000000
153947  37.132  62.071  -20.187 0.0000000000
153948  36.233  62.567  -20.202 0.0000000000
153949  35.294  62.564  -20.582 0.0000000000
153950  34.713  62.566  -21.107 0.0000000000
154311  38.230  63.742  6.435 0.0000000000
154320  37.673  63.566  5.641 0.0000000000
154329  37.203  63.499  4.854 0.0000000000
154330  36.786  63.556  4.021 0.0000000000
154345  36.702  63.475  3.125 0.0000000000
154360  37.397  64.003  2.150 0.0000000000
154361  36.891  63.383  2.319 0.0000000000
154367  39.392  64.176  1.149 0.0000000000
154368  38.541  64.032  1.346 0.0000000000
154369  37.697  63.510  1.473 0.0000000000
154370  37.196  63.407  1.845 0.0000000000
154375  44.269  63.375  -0.117 0.0000000000
154376  43.511  63.971  0.252 0.0000000000
154377  42.479  64.010  0.554 0.0000000000
154378  41.525  63.923  0.739 0.0000000000
154379  40.586  63.707  0.680 0.0000000000
154380  39.651  63.556  0.657 0.0000000000
154381  38.732  63.477  0.826 0.0000000000
154382  38.169  63.456  1.074 0.0000000000
154391  45.243  63.267  -1.299 0.0000000000
154392  44.472  64.146  -0.776 0.0000000000
154393  44.047  64.124  -0.186 0.0000000000
154401  45.695  63.519  -2.219 0.0000000000
154402  44.847  64.185  -1.685 0.0000000000
154415  45.917  63.639  -3.068 0.0000000000
154416  44.794  64.069  -2.492 0.0000000000
154435  45.940  63.454  -3.548 0.0000000000
154436  45.239  63.528  -3.306 0.0000000000
154487  48.132  62.944  -7.532 0.0000000000
154488  47.588  63.010  -7.667 0.0000000000
154489  46.469  63.067  -7.822 0.0000000000
154502  48.966  63.071  -8.375 0.0000000000
154503  48.319  63.189  -8.095 0.0000000000
154504  47.063  63.516  -8.501 0.0000000000
154505  45.748  63.659  -8.443 0.0000000000
154518  48.854  63.392  -8.948 0.0000000000
154519  47.847  63.626  -8.951 0.0000000000
154520  47.245  63.841  -9.016 0.0000000000
154529  48.928  63.313  -9.618 0.0000000000
154530  48.557  63.383  -10.164 0.0000000000
154541  48.062  63.548  -11.134 0.0000000000
154542  47.596  63.265  -11.769 0.0000000000
154556  47.688  63.853  -12.218 0.0000000000
154557  47.216  63.408  -12.604 0.0000000000
154568  47.618  63.944  -13.272 0.0000000000
154569  47.047  63.574  -13.707 0.0000000000
154574  47.501  64.016  -14.175 0.0000000000
154575  47.040  63.661  -14.743 0.0000000000
154576  46.444  63.384  -15.057 0.0000000000
154577  45.796  63.128  -15.144 0.0000000000
154584  46.872  63.802  -15.298 0.0000000000
154585  46.269  63.752  -15.384 0.0000000000
154586  45.266  63.509  -15.316 0.0000000000
154587  44.295  63.593  -15.313 0.0000000000
154588  43.209  63.529  -15.313 0.0000000000
154589  42.037  63.455  -15.403 0.0000000000
154590  41.044  63.410  -15.603 0.0000000000
154599  40.406  63.564  -16.032 0.0000000000
154600  39.914  63.593  -16.499 0.0000000000
154610  39.418  63.614  -17.050 0.0000000000
154611  38.982  63.392  -17.511 0.0000000000
154616  39.273  63.937  -17.750 0.0000000000
154617  38.686  63.617  -18.214 0.0000000000
154621  38.042  63.458  -19.005 0.0000000000
154622  37.343  63.463  -19.389 0.0000000000
154623  36.529  63.581  -19.565 0.0000000000
154624  35.803  63.772  -19.644 0.0000000000
154627  36.086  63.260  -19.831 0.0000000000
154628  35.450  63.379  -20.101 0.0000000000
154629  34.832  63.314  -20.601 0.0000000000
155005  37.408  64.257  5.273 0.0000000000
155034  37.057  64.079  2.739 0.0000000000
155063  43.340  64.846  0.111 0.0000000000
155064  42.823  64.936  0.450 0.0000000000
155066  40.910  64.553  1.051 0.0000000000
155067  40.138  64.215  0.966 0.0000000000
155081  44.251  64.921  -0.841 0.0000000000
155082  43.813  64.865  -0.382 0.0000000000
155092  44.381  64.959  -1.330 0.0000000000
155110  44.445  64.753  -1.903 0.0000000000
155185  46.904  63.939  -9.027 0.0000000000
155186  46.252  64.114  -8.996 0.0000000000
155195  48.775  63.591  -9.441 0.0000000000
155196  48.158  63.801  -9.494 0.0000000000
155197  47.054  64.339  -9.539 0.0000000000
155210  48.575  63.660  -9.786 0.0000000000
155211  47.990  64.245  -10.435 0.0000000000
155212  46.929  65.022  -10.537 0.0000000000
155225  47.656  64.438  -11.657 0.0000000000
155226  47.350  64.824  -11.133 0.0000000000
155239  47.537  64.558  -12.800 0.0000000000
155252  47.633  64.625  -13.902 0.0000000000
155262  47.624  64.515  -14.986 0.0000000000
155263  47.251  64.050  -15.259 0.0000000000
155273  47.525  65.005  -15.537 0.0000000000
155274  47.010  64.522  -15.579 0.0000000000
155275  45.965  64.458  -15.605 0.0000000000
155276  44.911  64.468  -15.460 0.0000000000
155277  43.810  64.533  -15.462 0.0000000000
155278  42.540  64.738  -15.741 0.0000000000
155279  41.381  64.253  -15.837 0.0000000000
155280  40.805  63.972  -15.982 0.0000000000
155289  42.248  65.340  -16.351 0.0000000000
155290  41.651  65.024  -16.375 0.0000000000
155291  40.598  64.499  -16.746 0.0000000000
155292  39.909  64.028  -16.939 0.0000000000
155306  40.216  65.010  -17.856 0.0000000000
155307  39.790  64.325  -17.457 0.0000000000
155317  39.961  65.316  -18.269 0.0000000000
155318  39.427  64.700  -18.314 0.0000000000
155319  38.526  64.418  -18.815 0.0000000000
155323  37.794  64.275  -19.164 0.0000000000
155324  36.941  64.303  -19.253 0.0000000000
155325  36.000  64.387  -19.283 0.0000000000
155326  35.160  64.387  -19.816 0.0000000000
155327  34.783  64.815  -20.165 0.0000000000
155335  34.944  63.830  -20.225 0.0000000000
155336  34.645  64.313  -20.639 0.0000000000
155945  47.316  64.992  -11.606 0.0000000000
155946  46.848  65.583  -11.419 0.0000000000
155957  47.272  65.152  -12.226 0.0000000000
155958  46.846  65.944  -12.441 0.0000000000
155972  47.295  65.514  -13.398 0.0000000000
155973  46.884  66.162  -13.094 0.0000000000
155985  47.638  65.360  -14.525 0.0000000000
155994  47.671  65.480  -15.334 0.0000000000
155995  47.315  65.613  -15.870 0.0000000000
155996  46.520  65.375  -15.864 0.0000000000
155997  45.535  65.347  -15.793 0.0000000000
155998  44.467  65.378  -15.753 0.0000000000
155999  43.505  65.378  -15.864 0.0000000000
156007  46.809  66.110  -16.155 0.0000000000
156008  46.067  66.136  -16.146 0.0000000000
156009  45.063  66.159  -16.177 0.0000000000
156010  43.983  66.121  -16.306 0.0000000000
156011  42.857  65.843  -16.546 0.0000000000
156012  42.034  65.633  -16.855 0.0000000000
156013  41.386  65.334  -17.062 0.0000000000
156028  42.372  66.165  -17.136 0.0000000000
156029  41.756  65.996  -17.576 0.0000000000
156030  40.933  65.462  -17.655 0.0000000000
156046  41.212  66.043  -18.153 0.0000000000
156047  40.479  65.759  -18.314 0.0000000000
156048  39.709  65.659  -18.533 0.0000000000
156049  38.788  65.436  -18.746 0.0000000000
156050  37.810  65.634  -18.676 0.0000000000
156051  36.867  65.754  -18.639 0.0000000000
156052  36.071  65.867  -18.765 0.0000000000
156064  38.119  64.962  -19.015 0.0000000000
156065  37.361  64.996  -18.979 0.0000000000
156066  36.431  65.098  -18.960 0.0000000000
156067  35.511  65.425  -19.298 0.0000000000
156068  34.887  65.332  -19.907 0.0000000000
156673  47.350  65.969  -14.272 0.0000000000
156674  46.950  66.459  -13.737 0.0000000000
156688  47.549  66.132  -14.942 0.0000000000
156689  47.244  66.438  -14.504 0.0000000000
156698  47.533  66.321  -15.593 0.0000000000
156699  47.196  66.596  -16.142 0.0000000000
156709  46.499  66.787  -16.335 0.0000000000
156710  45.616  66.896  -16.451 0.0000000000
156711  44.594  66.911  -16.629 0.0000000000
156712  43.430  66.859  -16.988 0.0000000000
156713  42.768  66.453  -17.048 0.0000000000
156730  43.023  67.286  -17.333 0.0000000000
156731  42.483  66.840  -17.520 0.0000000000
156732  41.617  66.696  -18.047 0.0000000000
156749  40.900  66.543  -18.368 0.0000000000
156750  40.124  66.429  -18.488 0.0000000000
156751  39.253  66.324  -18.473 0.0000000000
156752  38.294  66.317  -18.374 0.0000000000
156753  37.280  66.453  -18.282 0.0000000000
157386  47.324  66.585  -14.826 0.0000000000
157387  46.956  67.044  -14.503 0.0000000000
157394  47.361  66.684  -15.138 0.0000000000
157395  47.057  67.257  -15.506 0.0000000000
157396  46.498  67.756  -15.909 0.0000000000
157411  46.774  67.250  -16.171 0.0000000000
157412  46.054  67.620  -16.365 0.0000000000
157413  45.146  67.659  -16.660 0.0000000000
157414  44.203  67.693  -16.913 0.0000000000
157430  43.410  67.714  -17.227 0.0000000000
157431  42.766  67.703  -17.531 0.0000000000
157432  41.941  67.615  -17.899 0.0000000000
157450  41.241  67.173  -18.200 0.0000000000
157451  40.541  67.155  -18.245 0.0000000000
157452  39.682  67.073  -18.158 0.0000000000
157453  38.748  67.016  -17.987 0.0000000000
