#!ascii label  , from subject colin27_FS vox2ras=TkReg
976
507  12.338  -82.228  -10.110 0.0000000000
508  11.859  -82.086  -9.892 0.0000000000
509  11.479  -81.749  -9.835 0.0000000000
519  12.186  -82.362  -10.690 0.0000000000
520  11.368  -81.911  -10.554 0.0000000000
529  11.241  -81.966  -11.353 0.0000000000
727  11.642  -80.821  -8.223 0.0000000000
728  11.465  -80.763  -8.261 0.0000000000
736  12.324  -81.068  -8.692 0.0000000000
737  11.796  -81.087  -8.539 0.0000000000
738  11.164  -80.945  -8.672 0.0000000000
746  13.081  -81.372  -9.775 0.0000000000
747  12.432  -81.729  -9.486 0.0000000000
748  11.627  -81.524  -9.330 0.0000000000
749  11.069  -81.299  -9.728 0.0000000000
759  13.134  -82.088  -9.965 0.0000000000
760  10.974  -81.319  -10.481 0.0000000000
998  12.110  -80.268  -8.002 0.0000000000
999  11.683  -80.493  -7.996 0.0000000000
1000  11.213  -80.400  -7.991 0.0000000000
1008  12.387  -80.485  -8.481 0.0000000000
1009  12.089  -80.772  -8.245 0.0000000000
1010  10.887  -80.218  -8.350 0.0000000000
1018  13.107  -80.727  -9.690 0.0000000000
1019  12.771  -80.826  -9.154 0.0000000000
1020  10.726  -80.247  -9.248 0.0000000000
1021  10.433  -79.990  -10.035 0.0000000000
1030  13.391  -80.649  -10.396 0.0000000000
1031  10.701  -80.628  -10.400 0.0000000000
1032  10.320  -79.991  -10.744 0.0000000000
1310  11.826  -79.408  -6.981 0.0000000000
1311  11.568  -79.380  -6.879 0.0000000000
1312  11.022  -79.405  -6.718 0.0000000000
1313  10.603  -79.071  -6.891 0.0000000000
1320  11.955  -79.666  -7.387 0.0000000000
1321  11.354  -79.885  -7.376 0.0000000000
1322  10.800  -79.713  -7.568 0.0000000000
1323  10.269  -79.048  -7.523 0.0000000000
1330  12.393  -79.614  -8.202 0.0000000000
1331  10.514  -79.627  -8.482 0.0000000000
1332  10.070  -78.832  -8.466 0.0000000000
1339  13.111  -79.876  -9.621 0.0000000000
1340  12.681  -80.042  -8.845 0.0000000000
1341  10.517  -79.781  -9.031 0.0000000000
1342  10.290  -79.453  -9.419 0.0000000000
1353  13.351  -79.752  -10.355 0.0000000000
1354  10.239  -79.583  -10.373 0.0000000000
1362  13.518  -79.625  -11.062 0.0000000000
1636  10.863  -78.385  -6.084 0.0000000000
1637  10.571  -78.132  -6.101 0.0000000000
1638  10.300  -77.876  -6.105 0.0000000000
1648  11.961  -79.017  -6.851 0.0000000000
1649  11.378  -78.647  -6.280 0.0000000000
1650  10.730  -78.753  -6.322 0.0000000000
1651  10.321  -78.248  -6.620 0.0000000000
1658  12.453  -78.649  -7.564 0.0000000000
1659  9.936  -78.180  -7.598 0.0000000000
1670  12.989  -78.337  -8.920 0.0000000000
1671  12.682  -78.783  -8.355 0.0000000000
1672  9.771  -77.955  -8.545 0.0000000000
1682  13.041  -78.820  -9.537 0.0000000000
1683  12.757  -79.243  -8.924 0.0000000000
1684  9.939  -78.476  -9.441 0.0000000000
1696  13.304  -78.848  -10.395 0.0000000000
1697  10.023  -78.949  -10.380 0.0000000000
1705  13.645  -78.521  -11.495 0.0000000000
2008  11.013  -77.795  -5.824 0.0000000000
2009  10.401  -77.499  -5.882 0.0000000000
2010  10.020  -77.475  -6.119 0.0000000000
2016  12.255  -77.932  -6.642 0.0000000000
2017  11.709  -77.751  -6.006 0.0000000000
2018  9.733  -77.326  -6.881 0.0000000000
2019  9.288  -76.867  -7.446 0.0000000000
2029  13.389  -76.806  -8.119 0.0000000000
2030  13.048  -77.337  -7.544 0.0000000000
2031  9.581  -77.397  -7.829 0.0000000000
2032  9.236  -76.896  -8.032 0.0000000000
2044  15.815  -77.021  -8.450 0.0000000000
2045  13.294  -77.302  -8.734 0.0000000000
2046  12.842  -78.060  -8.232 0.0000000000
2047  9.343  -77.242  -8.623 0.0000000000
2048  8.963  -76.745  -8.532 0.0000000000
2058  15.831  -76.965  -9.392 0.0000000000
2059  13.305  -77.870  -9.730 0.0000000000
2060  9.572  -77.597  -9.487 0.0000000000
2061  8.957  -76.890  -9.395 0.0000000000
2070  13.708  -77.604  -10.765 0.0000000000
2071  9.860  -78.033  -10.434 0.0000000000
2080  14.658  -77.106  -11.901 0.0000000000
2081  14.253  -77.493  -11.789 0.0000000000
2466  15.516  -76.120  -5.332 0.0000000000
2467  12.451  -76.768  -5.901 0.0000000000
2468  11.781  -76.966  -5.549 0.0000000000
2469  10.790  -76.778  -5.442 0.0000000000
2470  9.993  -76.620  -5.752 0.0000000000
2471  9.467  -76.163  -6.153 0.0000000000
2477  16.210  -75.542  -7.057 0.0000000000
2478  15.945  -75.998  -6.620 0.0000000000
2479  13.342  -76.211  -6.903 0.0000000000
2480  12.985  -76.672  -6.588 0.0000000000
2481  12.260  -77.258  -6.054 0.0000000000
2482  9.649  -76.825  -6.237 0.0000000000
2483  9.150  -76.278  -6.847 0.0000000000
2484  8.552  -75.798  -7.362 0.0000000000
2495  16.250  -75.599  -7.688 0.0000000000
2496  15.898  -76.616  -7.712 0.0000000000
2497  13.465  -76.296  -7.519 0.0000000000
2498  13.218  -76.784  -7.190 0.0000000000
2499  8.871  -76.338  -7.846 0.0000000000
2500  8.108  -75.766  -8.077 0.0000000000
2512  16.238  -75.487  -8.677 0.0000000000
2513  16.089  -76.230  -8.566 0.0000000000
2514  13.672  -76.322  -8.657 0.0000000000
2515  8.543  -76.267  -8.817 0.0000000000
2516  8.054  -75.825  -8.902 0.0000000000
2526  16.208  -75.430  -9.007 0.0000000000
2527  16.078  -75.781  -9.282 0.0000000000
2528  14.548  -76.134  -10.352 0.0000000000
2529  13.896  -76.541  -9.842 0.0000000000
2530  8.556  -76.372  -9.612 0.0000000000
2531  8.225  -76.052  -9.421 0.0000000000
2539  15.645  -76.221  -10.213 0.0000000000
2540  15.031  -76.018  -10.706 0.0000000000
2541  14.406  -76.736  -11.011 0.0000000000
2550  15.500  -76.762  -11.264 0.0000000000
2551  14.935  -76.758  -11.705 0.0000000000
2552  14.567  -76.993  -11.626 0.0000000000
2562  15.038  -77.016  -12.068 0.0000000000
2881  15.391  -75.277  2.675 0.0000000000
2889  15.830  -74.945  1.115 0.0000000000
2890  15.557  -75.304  1.586 0.0000000000
2898  15.795  -74.909  0.794 0.0000000000
2899  15.512  -75.216  0.590 0.0000000000
2907  15.245  -75.082  -0.360 0.0000000000
2915  15.224  -74.751  -0.780 0.0000000000
2919  15.120  -74.630  -2.787 0.0000000000
2920  14.682  -74.942  -2.514 0.0000000000
2923  15.136  -74.837  -3.271 0.0000000000
2927  15.384  -75.324  -4.376 0.0000000000
2929  11.371  -75.395  -4.954 0.0000000000
2930  11.099  -75.315  -4.984 0.0000000000
2936  16.366  -74.487  -6.198 0.0000000000
2937  16.128  -75.012  -5.658 0.0000000000
2938  13.227  -75.397  -5.871 0.0000000000
2939  12.679  -76.044  -5.713 0.0000000000
2940  11.475  -75.851  -5.094 0.0000000000
2941  10.460  -75.565  -5.283 0.0000000000
2942  9.642  -75.486  -5.827 0.0000000000
2943  8.897  -75.311  -6.417 0.0000000000
2944  8.193  -75.041  -6.695 0.0000000000
2952  16.330  -75.030  -6.838 0.0000000000
2953  16.187  -75.356  -6.373 0.0000000000
2954  13.483  -75.639  -6.652 0.0000000000
2955  13.079  -76.134  -6.275 0.0000000000
2956  8.554  -75.528  -6.903 0.0000000000
2957  7.995  -75.265  -7.258 0.0000000000
2965  16.375  -74.944  -7.623 0.0000000000
2966  13.871  -75.459  -7.633 0.0000000000
2967  7.653  -75.068  -7.925 0.0000000000
2968  7.356  -74.676  -7.871 0.0000000000
2977  16.341  -74.952  -8.247 0.0000000000
2978  14.426  -75.249  -8.994 0.0000000000
2979  14.045  -75.489  -8.393 0.0000000000
2980  7.706  -75.303  -8.717 0.0000000000
2981  7.264  -74.754  -8.412 0.0000000000
2990  16.188  -75.103  -9.030 0.0000000000
2991  15.581  -75.338  -9.570 0.0000000000
2992  14.773  -75.380  -9.742 0.0000000000
2993  14.131  -75.733  -9.174 0.0000000000
3004  15.212  -75.674  -10.141 0.0000000000
3005  14.964  -75.650  -10.250 0.0000000000
3379  14.978  -74.471  2.780 0.0000000000
3381  12.101  -74.300  2.674 0.0000000000
3382  11.463  -74.436  2.442 0.0000000000
3383  10.343  -74.716  2.599 0.0000000000
3384  9.486  -74.593  2.647 0.0000000000
3394  15.751  -74.613  1.124 0.0000000000
3395  15.546  -74.581  1.640 0.0000000000
3396  11.359  -74.261  1.720 0.0000000000
3397  10.666  -74.430  1.627 0.0000000000
3398  9.746  -74.661  1.653 0.0000000000
3399  8.813  -74.227  1.706 0.0000000000
3400  8.361  -73.962  1.206 0.0000000000
3408  15.797  -74.683  0.913 0.0000000000
3409  15.682  -74.568  0.740 0.0000000000
3410  10.653  -74.202  1.027 0.0000000000
3411  10.075  -74.300  0.818 0.0000000000
3412  9.275  -74.300  0.742 0.0000000000
3413  8.484  -74.012  0.525 0.0000000000
3420  15.490  -74.513  -0.290 0.0000000000
3421  9.541  -74.096  0.184 0.0000000000
3422  8.954  -74.101  -0.273 0.0000000000
3423  8.248  -73.922  -0.519 0.0000000000
3427  15.287  -74.436  -1.300 0.0000000000
3428  15.037  -74.584  -1.985 0.0000000000
3429  8.583  -73.901  -0.933 0.0000000000
3430  8.220  -73.807  -1.096 0.0000000000
3433  15.902  -73.691  -3.045 0.0000000000
3434  15.485  -74.157  -2.552 0.0000000000
3435  15.108  -74.559  -2.362 0.0000000000
3439  16.004  -73.801  -3.632 0.0000000000
3440  15.582  -74.469  -3.694 0.0000000000
3445  16.221  -73.743  -4.674 0.0000000000
3446  15.941  -74.424  -4.537 0.0000000000
3447  12.480  -74.778  -4.945 0.0000000000
3448  11.617  -74.934  -4.877 0.0000000000
3449  10.709  -74.624  -5.056 0.0000000000
3450  10.304  -74.020  -5.204 0.0000000000
3457  16.347  -73.885  -5.647 0.0000000000
3458  16.212  -74.260  -5.134 0.0000000000
3459  13.652  -74.676  -5.946 0.0000000000
3460  12.949  -75.132  -5.375 0.0000000000
3461  12.243  -75.386  -5.101 0.0000000000
3462  10.370  -74.921  -5.269 0.0000000000
3463  9.951  -74.467  -5.447 0.0000000000
3464  9.080  -74.400  -5.933 0.0000000000
3465  8.083  -74.204  -6.343 0.0000000000
3466  7.549  -73.674  -6.392 0.0000000000
3473  16.353  -74.065  -6.604 0.0000000000
3474  14.420  -73.996  -6.804 0.0000000000
3475  14.093  -74.545  -6.778 0.0000000000
3476  7.764  -74.671  -6.871 0.0000000000
3477  7.303  -73.955  -6.909 0.0000000000
3478  6.745  -73.598  -7.423 0.0000000000
3486  16.227  -74.293  -7.613 0.0000000000
3487  15.737  -74.132  -8.158 0.0000000000
3488  14.522  -74.173  -7.364 0.0000000000
3489  14.141  -74.882  -7.518 0.0000000000
3490  7.498  -74.666  -7.402 0.0000000000
3491  7.060  -74.205  -7.827 0.0000000000
3492  6.469  -73.661  -8.132 0.0000000000
3499  16.036  -74.532  -8.541 0.0000000000
3500  15.473  -74.361  -8.713 0.0000000000
3501  14.697  -74.581  -8.529 0.0000000000
3502  14.148  -75.051  -8.050 0.0000000000
3510  15.763  -74.744  -9.101 0.0000000000
3511  15.217  -74.752  -9.258 0.0000000000
3512  14.889  -74.821  -9.246 0.0000000000
3989  15.154  -74.137  2.067 0.0000000000
3990  14.523  -73.910  2.479 0.0000000000
3991  13.609  -73.740  2.527 0.0000000000
3992  12.623  -74.007  2.572 0.0000000000
3993  12.085  -74.209  2.332 0.0000000000
4003  15.325  -74.111  1.597 0.0000000000
4004  14.982  -73.825  1.688 0.0000000000
4005  14.239  -73.580  1.780 0.0000000000
4006  13.265  -73.590  1.762 0.0000000000
4007  12.120  -73.941  1.676 0.0000000000
4008  11.253  -74.082  1.165 0.0000000000
4009  8.481  -74.028  1.888 0.0000000000
4010  8.206  -73.816  1.722 0.0000000000
4011  7.548  -73.170  1.652 0.0000000000
4015  15.433  -73.958  1.059 0.0000000000
4016  14.835  -73.539  1.071 0.0000000000
4017  14.014  -73.333  1.033 0.0000000000
4018  13.006  -73.317  0.917 0.0000000000
4019  11.919  -73.426  0.606 0.0000000000
4020  10.785  -73.752  0.514 0.0000000000
4021  10.037  -73.865  0.130 0.0000000000
4022  7.881  -73.731  0.942 0.0000000000
4023  7.253  -73.199  0.634 0.0000000000
4027  15.558  -73.908  0.112 0.0000000000
4028  11.361  -73.129  -0.007 0.0000000000
4029  10.520  -73.216  -0.402 0.0000000000
4030  9.611  -73.709  -0.609 0.0000000000
4031  9.015  -73.879  -1.080 0.0000000000
4032  7.642  -73.767  -0.014 0.0000000000
4033  7.021  -73.103  -0.354 0.0000000000
4036  15.549  -73.742  -1.071 0.0000000000
4037  10.091  -73.182  -1.196 0.0000000000
4038  9.494  -73.349  -1.721 0.0000000000
4039  8.478  -73.564  -1.708 0.0000000000
4040  7.604  -73.526  -1.207 0.0000000000
4041  6.811  -72.745  -1.336 0.0000000000
4044  16.020  -73.166  -2.953 0.0000000000
4045  15.569  -73.272  -2.039 0.0000000000
4046  9.065  -73.120  -2.737 0.0000000000
4047  8.275  -73.266  -2.723 0.0000000000
4048  7.705  -73.317  -2.317 0.0000000000
4049  7.085  -73.028  -2.189 0.0000000000
4054  16.282  -73.045  -4.026 0.0000000000
4055  10.972  -73.090  -4.259 0.0000000000
4056  10.169  -72.971  -4.195 0.0000000000
4057  9.355  -72.959  -3.925 0.0000000000
4058  8.568  -73.000  -3.589 0.0000000000
4059  7.729  -72.974  -3.307 0.0000000000
4060  7.332  -73.060  -2.753 0.0000000000
4065  16.268  -73.151  -5.018 0.0000000000
4066  13.355  -73.455  -4.824 0.0000000000
4067  12.374  -73.997  -4.593 0.0000000000
4068  11.330  -73.940  -4.592 0.0000000000
4069  10.556  -73.673  -4.745 0.0000000000
4070  9.802  -73.520  -4.957 0.0000000000
4071  8.944  -73.170  -4.640 0.0000000000
4072  8.220  -72.852  -4.318 0.0000000000
4081  16.249  -73.281  -5.603 0.0000000000
4082  14.582  -73.275  -5.999 0.0000000000
4083  14.097  -73.603  -5.698 0.0000000000
4084  13.208  -74.313  -5.134 0.0000000000
4085  9.730  -73.865  -5.390 0.0000000000
4086  9.329  -73.730  -5.410 0.0000000000
4087  8.465  -73.345  -5.456 0.0000000000
4088  7.647  -73.195  -5.887 0.0000000000
4089  7.161  -72.767  -6.150 0.0000000000
4098  16.157  -73.352  -6.167 0.0000000000
4099  15.632  -73.324  -6.559 0.0000000000
4100  14.799  -73.439  -6.599 0.0000000000
4101  14.214  -74.010  -6.380 0.0000000000
4102  7.286  -73.331  -6.458 0.0000000000
4103  6.804  -73.046  -6.797 0.0000000000
4111  16.067  -73.665  -6.940 0.0000000000
4112  15.543  -73.747  -7.464 0.0000000000
4113  14.926  -73.883  -7.801 0.0000000000
4114  6.242  -73.116  -7.481 0.0000000000
4123  15.222  -74.056  -8.202 0.0000000000
4124  14.949  -74.130  -8.219 0.0000000000
4575  6.944  -72.572  1.256 0.0000000000
4576  6.569  -72.007  0.984 0.0000000000
4580  15.234  -73.571  0.464 0.0000000000
4581  14.733  -73.201  0.380 0.0000000000
4582  13.872  -72.970  0.274 0.0000000000
4583  12.896  -72.902  0.097 0.0000000000
4584  12.094  -72.847  -0.125 0.0000000000
4585  6.727  -72.515  0.371 0.0000000000
4586  6.336  -71.778  0.260 0.0000000000
4590  15.310  -73.284  -0.265 0.0000000000
4591  14.693  -72.777  -0.370 0.0000000000
4592  13.751  -72.570  -0.492 0.0000000000
4593  12.758  -72.445  -0.644 0.0000000000
4594  11.598  -72.450  -0.747 0.0000000000
4595  10.708  -72.607  -1.217 0.0000000000
4596  6.506  -72.308  -0.530 0.0000000000
4597  6.158  -71.578  -0.703 0.0000000000
4600  15.351  -72.824  -1.229 0.0000000000
4601  14.553  -72.378  -1.131 0.0000000000
4602  13.630  -72.138  -1.239 0.0000000000
4603  12.608  -71.952  -1.415 0.0000000000
4604  11.511  -71.927  -1.917 0.0000000000
4605  10.259  -72.707  -2.001 0.0000000000
4606  9.791  -73.039  -2.031 0.0000000000
4607  6.216  -72.038  -1.411 0.0000000000
4608  5.968  -71.419  -1.477 0.0000000000
4611  15.804  -72.548  -2.896 0.0000000000
4612  15.561  -72.580  -2.298 0.0000000000
4613  11.032  -72.318  -2.878 0.0000000000
4614  10.258  -72.694  -2.795 0.0000000000
4615  9.750  -72.975  -2.412 0.0000000000
4616  6.416  -72.369  -2.236 0.0000000000
4617  5.856  -71.645  -2.151 0.0000000000
4624  15.835  -72.349  -3.480 0.0000000000
4625  15.615  -72.194  -2.854 0.0000000000
4626  13.008  -72.337  -4.001 0.0000000000
4627  12.172  -72.524  -3.887 0.0000000000
4628  11.358  -72.587  -3.751 0.0000000000
4629  10.578  -72.715  -3.517 0.0000000000
4630  9.819  -72.829  -3.257 0.0000000000
4631  7.412  -72.677  -3.666 0.0000000000
4632  6.977  -72.557  -3.203 0.0000000000
4633  5.951  -71.807  -3.150 0.0000000000
4641  15.787  -72.435  -4.546 0.0000000000
4642  15.015  -72.201  -4.838 0.0000000000
4643  14.275  -72.453  -4.731 0.0000000000
4644  13.500  -72.690  -4.548 0.0000000000
4645  12.701  -73.034  -4.329 0.0000000000
4646  11.818  -73.192  -4.247 0.0000000000
4647  7.702  -72.666  -4.048 0.0000000000
4648  7.288  -72.456  -4.238 0.0000000000
4649  6.599  -71.944  -4.407 0.0000000000
4658  16.059  -72.871  -5.510 0.0000000000
4659  15.477  -72.699  -5.458 0.0000000000
4660  14.729  -72.881  -5.670 0.0000000000
4661  14.003  -72.974  -5.100 0.0000000000
4662  7.776  -72.747  -4.900 0.0000000000
4663  7.217  -72.461  -5.283 0.0000000000
4664  6.583  -72.207  -5.889 0.0000000000
4672  15.781  -72.948  -6.011 0.0000000000
4673  15.257  -72.982  -6.109 0.0000000000
4674  14.945  -73.050  -6.149 0.0000000000
4675  6.221  -72.534  -6.792 0.0000000000
5153  6.736  -71.960  1.675 0.0000000000
5154  6.531  -71.196  1.377 0.0000000000
5158  6.185  -71.074  0.024 0.0000000000
5161  6.019  -70.996  -1.062 0.0000000000
5164  15.122  -72.240  -1.725 0.0000000000
5165  14.475  -71.893  -1.796 0.0000000000
5166  13.580  -71.675  -1.966 0.0000000000
5167  12.676  -71.652  -2.212 0.0000000000
5168  12.180  -71.739  -2.446 0.0000000000
5169  5.587  -70.960  -1.971 0.0000000000
5170  5.288  -70.691  -2.610 0.0000000000
5176  15.217  -71.902  -2.367 0.0000000000
5177  14.471  -71.617  -2.588 0.0000000000
5178  13.562  -71.560  -2.777 0.0000000000
5179  12.702  -71.688  -2.890 0.0000000000
5180  11.903  -71.888  -2.829 0.0000000000
5181  5.423  -71.164  -2.716 0.0000000000
5182  5.144  -70.747  -3.126 0.0000000000
5190  15.648  -72.002  -3.513 0.0000000000
5191  15.337  -71.797  -3.265 0.0000000000
5192  14.432  -71.598  -3.432 0.0000000000
5193  13.467  -71.778  -3.590 0.0000000000
5194  12.472  -71.976  -3.464 0.0000000000
5195  11.762  -72.214  -3.375 0.0000000000
5196  5.369  -71.108  -3.403 0.0000000000
5197  5.156  -70.779  -3.515 0.0000000000
5205  15.627  -71.981  -3.793 0.0000000000
5206  15.181  -71.754  -4.079 0.0000000000
5207  14.380  -71.891  -4.177 0.0000000000
5208  13.735  -72.165  -4.222 0.0000000000
5209  5.769  -71.324  -4.094 0.0000000000
5219  5.917  -71.526  -5.135 0.0000000000
5227  5.849  -71.675  -6.386 0.0000000000
5750  6.443  -70.294  2.021 0.0000000000
5757  6.519  -70.507  0.790 0.0000000000
5764  6.248  -70.562  -0.522 0.0000000000
5772  5.876  -70.510  -1.560 0.0000000000
5773  5.493  -70.401  -2.287 0.0000000000
5782  5.165  -70.267  -3.002 0.0000000000
5792  5.282  -70.827  -3.968 0.0000000000
5793  5.118  -70.438  -3.674 0.0000000000
5803  5.409  -71.024  -4.644 0.0000000000
5804  5.102  -70.400  -4.639 0.0000000000
5813  5.398  -70.960  -5.475 0.0000000000
6406  6.654  -69.032  2.326 0.0000000000
6407  6.397  -69.453  2.504 0.0000000000
6420  7.245  -69.173  1.525 0.0000000000
6421  6.889  -69.449  1.688 0.0000000000
6422  6.558  -70.016  1.634 0.0000000000
6432  8.108  -69.074  0.365 0.0000000000
6433  7.437  -69.360  0.901 0.0000000000
6434  6.901  -69.921  0.770 0.0000000000
6435  6.690  -70.121  1.029 0.0000000000
6442  9.057  -68.904  -1.102 0.0000000000
6443  8.531  -69.069  -0.556 0.0000000000
6444  7.771  -69.482  -0.258 0.0000000000
6445  6.967  -69.870  -0.125 0.0000000000
6446  6.549  -70.244  0.108 0.0000000000
6455  9.386  -68.907  -1.723 0.0000000000
6456  8.964  -69.290  -1.518 0.0000000000
6457  8.130  -69.452  -1.331 0.0000000000
6458  7.120  -69.671  -1.242 0.0000000000
6459  6.170  -70.001  -1.256 0.0000000000
6460  5.748  -70.201  -1.959 0.0000000000
6470  9.576  -68.778  -2.400 0.0000000000
6471  9.335  -69.221  -2.426 0.0000000000
6472  8.605  -69.486  -2.373 0.0000000000
6473  7.546  -69.541  -2.331 0.0000000000
6474  6.452  -69.643  -2.409 0.0000000000
6475  5.601  -69.889  -2.619 0.0000000000
6485  9.688  -68.896  -3.313 0.0000000000
6486  9.092  -69.413  -3.383 0.0000000000
6487  8.110  -69.472  -3.374 0.0000000000
6488  6.939  -69.316  -3.407 0.0000000000
6489  5.817  -69.322  -3.697 0.0000000000
6490  5.184  -69.717  -3.969 0.0000000000
7046  6.375  -68.432  2.570 0.0000000000
7047  6.173  -68.704  3.079 0.0000000000
7058  7.169  -68.663  1.581 0.0000000000
7059  6.785  -68.638  2.126 0.0000000000
7069  8.238  -68.457  0.085 0.0000000000
7070  7.652  -68.543  0.798 0.0000000000
7075  9.150  -68.543  -1.336 0.0000000000
7076  8.691  -68.413  -0.753 0.0000000000
7082  9.404  -68.302  -1.909 0.0000000000
7083  9.030  -68.087  -1.277 0.0000000000
7091  9.577  -68.338  -2.744 0.0000000000
7098  9.676  -68.190  -3.505 0.0000000000
7099  5.501  -69.054  -4.189 0.0000000000
7100  5.428  -69.199  -4.301 0.0000000000
7665  6.199  -67.939  2.523 0.0000000000
7666  5.817  -67.729  2.863 0.0000000000
7667  5.157  -67.025  2.570 0.0000000000
7678  7.114  -67.969  1.185 0.0000000000
7679  6.323  -67.786  1.909 0.0000000000
7680  5.341  -67.164  1.986 0.0000000000
7681  4.950  -66.721  2.095 0.0000000000
7689  8.262  -67.900  -0.248 0.0000000000
7690  7.543  -67.767  0.359 0.0000000000
7691  6.460  -67.452  0.746 0.0000000000
7692  5.432  -67.049  0.977 0.0000000000
7693  4.975  -66.678  1.479 0.0000000000
7699  8.439  -67.797  -0.985 0.0000000000
7700  7.655  -67.538  -0.593 0.0000000000
7701  6.622  -67.194  -0.297 0.0000000000
7702  5.808  -66.990  0.171 0.0000000000
7709  9.362  -67.854  -2.417 0.0000000000
7710  8.813  -67.650  -1.837 0.0000000000
7711  7.806  -67.370  -1.524 0.0000000000
7712  7.047  -67.196  -1.089 0.0000000000
7721  9.478  -67.883  -2.980 0.0000000000
7722  8.850  -67.456  -2.846 0.0000000000
7723  8.145  -67.260  -2.274 0.0000000000
7730  9.374  -67.706  -3.465 0.0000000000
7731  8.896  -67.304  -3.824 0.0000000000
8362  4.879  -66.193  1.725 0.0000000000
8372  5.276  -66.598  0.099 0.0000000000
8373  4.905  -66.096  0.590 0.0000000000
8380  6.331  -66.857  -1.152 0.0000000000
8381  5.598  -66.648  -0.684 0.0000000000
8382  5.022  -66.083  -0.478 0.0000000000
8391  7.581  -67.123  -2.092 0.0000000000
8392  6.901  -66.882  -1.869 0.0000000000
8393  5.794  -66.216  -1.679 0.0000000000
8394  5.176  -66.089  -1.155 0.0000000000
8404  8.184  -67.136  -2.760 0.0000000000
8405  7.578  -66.812  -2.609 0.0000000000
8406  6.638  -66.132  -2.564 0.0000000000
8407  5.917  -65.798  -2.150 0.0000000000
8420  8.191  -66.937  -3.290 0.0000000000
8421  7.512  -66.264  -3.373 0.0000000000
8422  7.077  -65.859  -3.096 0.0000000000
9094  5.089  -65.401  1.132 0.0000000000
9108  4.819  -65.163  0.290 0.0000000000
9122  4.825  -65.340  -0.385 0.0000000000
9133  5.171  -65.709  -1.528 0.0000000000
9134  4.975  -65.524  -1.094 0.0000000000
9147  6.101  -65.396  -2.347 0.0000000000
9148  5.378  -65.441  -1.966 0.0000000000
9149  5.025  -65.231  -1.547 0.0000000000
9164  6.808  -65.463  -2.866 0.0000000000
9829  5.490  -64.791  1.027 0.0000000000
9841  5.815  -64.232  0.854 0.0000000000
9842  5.188  -64.494  0.431 0.0000000000
9855  4.801  -64.530  -0.291 0.0000000000
9865  5.134  -64.269  -1.639 0.0000000000
9866  4.834  -64.637  -1.141 0.0000000000
9882  6.514  -64.786  -2.522 0.0000000000
9883  5.620  -64.680  -2.062 0.0000000000
9884  5.024  -64.844  -1.785 0.0000000000
10608  5.330  -62.764  2.797 0.0000000000
10609  5.148  -62.391  2.686 0.0000000000
10627  5.720  -63.022  2.083 0.0000000000
10628  5.212  -62.518  2.184 0.0000000000
10643  6.065  -63.441  1.402 0.0000000000
10644  5.452  -62.797  1.372 0.0000000000
10654  6.304  -63.857  1.015 0.0000000000
10655  5.529  -63.499  0.603 0.0000000000
10656  5.035  -63.777  -0.112 0.0000000000
10663  4.868  -63.913  -0.698 0.0000000000
10673  5.769  -63.709  -1.768 0.0000000000
10674  4.984  -63.623  -1.199 0.0000000000
10689  6.120  -64.337  -2.136 0.0000000000
11524  5.082  -62.233  3.414 0.0000000000
11538  5.012  -62.120  2.452 0.0000000000
11549  5.101  -62.194  1.600 0.0000000000
11560  5.393  -62.553  0.504 0.0000000000
11561  5.214  -63.217  0.058 0.0000000000
11573  6.819  -62.179  -0.645 0.0000000000
11574  5.715  -62.339  -0.431 0.0000000000
11575  5.132  -63.176  -0.560 0.0000000000
11586  6.227  -62.776  -1.276 0.0000000000
11587  5.274  -62.983  -1.147 0.0000000000
11588  5.037  -63.236  -1.013 0.0000000000
12431  5.369  -61.483  4.513 0.0000000000
12432  5.134  -61.723  4.100 0.0000000000
12438  5.238  -61.651  3.480 0.0000000000
12446  6.487  -61.146  2.133 0.0000000000
12447  5.910  -61.241  2.528 0.0000000000
12448  5.217  -61.683  2.842 0.0000000000
12456  7.828  -60.993  1.255 0.0000000000
12457  6.972  -61.126  1.628 0.0000000000
12458  5.961  -61.382  1.726 0.0000000000
12459  5.267  -61.669  2.033 0.0000000000
12470  8.273  -61.184  0.492 0.0000000000
12471  7.237  -61.286  0.726 0.0000000000
12472  6.184  -61.403  0.927 0.0000000000
12473  5.383  -61.711  1.147 0.0000000000
12486  7.537  -61.646  -0.091 0.0000000000
12487  6.446  -61.683  0.114 0.0000000000
12488  5.673  -61.823  0.406 0.0000000000
13267  7.133  -60.176  5.642 0.0000000000
13268  6.402  -60.689  5.346 0.0000000000
13279  7.827  -60.127  3.713 0.0000000000
13280  7.351  -60.355  4.402 0.0000000000
13281  6.038  -60.977  4.346 0.0000000000
13282  5.462  -61.401  4.191 0.0000000000
13286  7.715  -60.349  3.364 0.0000000000
13287  6.852  -60.728  3.615 0.0000000000
13288  6.021  -60.985  3.634 0.0000000000
13289  5.516  -61.341  3.827 0.0000000000
13296  8.076  -60.350  2.426 0.0000000000
13297  7.090  -60.802  2.607 0.0000000000
13298  6.278  -60.939  3.128 0.0000000000
13299  5.609  -61.277  3.242 0.0000000000
13306  8.249  -60.474  1.314 0.0000000000
13307  7.761  -60.728  1.870 0.0000000000
14116  6.648  -59.144  6.717 0.0000000000
14133  7.016  -59.482  6.053 0.0000000000
14134  6.770  -59.055  6.217 0.0000000000
14150  7.793  -59.924  3.924 0.0000000000
14151  7.400  -59.620  4.771 0.0000000000
14162  8.157  -59.878  3.138 0.0000000000
14163  7.605  -59.473  3.613 0.0000000000
14169  8.281  -59.843  1.995 0.0000000000
14170  7.707  -59.315  2.560 0.0000000000
14171  7.040  -59.008  2.593 0.0000000000
14178  8.401  -59.918  0.882 0.0000000000
14179  7.762  -59.431  1.412 0.0000000000
14180  6.727  -59.095  1.873 0.0000000000
14181  5.954  -59.035  1.713 0.0000000000
14190  7.746  -59.593  0.336 0.0000000000
14191  6.795  -59.278  0.749 0.0000000000
14192  5.874  -59.047  1.132 0.0000000000
14202  6.784  -59.487  -0.285 0.0000000000
14203  5.615  -59.103  -0.001 0.0000000000
14204  5.019  -58.903  -0.278 0.0000000000
14987  6.013  -58.684  7.105 0.0000000000
14988  5.246  -58.198  6.591 0.0000000000
14989  4.610  -57.749  5.974 0.0000000000
15001  6.815  -59.016  5.938 0.0000000000
15002  6.214  -58.677  6.067 0.0000000000
15003  5.100  -58.245  5.523 0.0000000000
15004  4.322  -57.994  4.946 0.0000000000
15005  4.040  -57.962  4.365 0.0000000000
15021  6.821  -58.999  5.329 0.0000000000
15022  5.891  -58.577  4.909 0.0000000000
15023  4.799  -58.410  4.540 0.0000000000
15024  4.167  -58.181  4.235 0.0000000000
15025  3.950  -58.031  4.042 0.0000000000
15042  6.789  -58.939  4.083 0.0000000000
15043  5.461  -58.682  3.832 0.0000000000
15044  4.499  -58.425  3.771 0.0000000000
15045  4.060  -58.115  3.839 0.0000000000
15046  3.942  -58.050  3.833 0.0000000000
15052  7.194  -59.024  3.145 0.0000000000
15053  6.182  -58.902  2.787 0.0000000000
15054  4.946  -58.584  2.945 0.0000000000
15055  4.278  -58.135  3.262 0.0000000000
15056  4.028  -58.021  3.710 0.0000000000
15062  6.023  -59.006  2.043 0.0000000000
15063  5.332  -58.766  1.817 0.0000000000
15064  4.534  -58.184  2.253 0.0000000000
15071  5.137  -58.744  0.627 0.0000000000
15072  4.761  -58.114  1.085 0.0000000000
15082  5.017  -58.860  0.032 0.0000000000
15934  4.457  -57.135  6.298 0.0000000000
15947  4.376  -57.454  5.335 0.0000000000
15948  4.151  -57.669  4.610 0.0000000000
15961  3.992  -57.779  4.170 0.0000000000
15980  3.955  -57.901  3.873 0.0000000000
15999  4.354  -57.621  2.756 0.0000000000
16000  4.128  -57.764  3.465 0.0000000000
16013  4.554  -57.425  1.709 0.0000000000
16865  6.013  -56.196  5.232 0.0000000000
16866  5.496  -56.296  5.228 0.0000000000
16867  4.709  -56.680  5.457 0.0000000000
16868  4.267  -57.298  4.778 0.0000000000
16886  7.710  -56.112  4.077 0.0000000000
16887  7.170  -56.237  4.260 0.0000000000
16888  6.164  -56.349  4.610 0.0000000000
16889  5.065  -56.560  4.433 0.0000000000
16890  4.342  -56.997  4.239 0.0000000000
16891  4.105  -57.473  4.319 0.0000000000
16907  8.380  -56.212  3.264 0.0000000000
16908  7.634  -56.271  3.521 0.0000000000
16909  6.608  -56.375  3.603 0.0000000000
16910  5.528  -56.453  3.568 0.0000000000
16911  4.690  -56.632  3.439 0.0000000000
16912  4.316  -57.043  3.429 0.0000000000
16913  4.109  -57.481  3.826 0.0000000000
16936  9.039  -56.320  2.629 0.0000000000
16937  8.106  -56.375  2.633 0.0000000000
16938  7.094  -56.341  2.684 0.0000000000
16939  6.015  -56.284  2.667 0.0000000000
16940  5.033  -56.232  2.468 0.0000000000
16941  4.545  -56.880  2.426 0.0000000000
16942  4.262  -57.340  3.210 0.0000000000
16963  5.594  -56.042  1.872 0.0000000000
16964  4.568  -56.740  1.293 0.0000000000
17855  5.913  -55.737  5.476 0.0000000000
17856  5.371  -55.792  5.761 0.0000000000
17857  5.010  -55.728  6.179 0.0000000000
17876  7.596  -55.658  4.279 0.0000000000
17877  6.890  -55.714  4.731 0.0000000000
17878  6.382  -55.867  5.187 0.0000000000
17891  8.721  -55.779  3.402 0.0000000000
17892  8.113  -55.916  3.860 0.0000000000
17906  9.364  -55.693  2.812 0.0000000000
17907  4.780  -56.396  1.775 0.0000000000
17908  4.669  -56.572  1.666 0.0000000000
18833  5.784  -55.243  5.616 0.0000000000
18834  5.528  -54.792  5.849 0.0000000000
18835  5.074  -55.224  6.316 0.0000000000
18851  7.647  -55.297  4.231 0.0000000000
18852  7.269  -55.124  4.408 0.0000000000
18853  6.405  -54.720  4.995 0.0000000000
18854  5.975  -54.245  5.361 0.0000000000
18868  8.846  -55.161  3.302 0.0000000000
18869  8.005  -55.065  3.949 0.0000000000
18870  6.920  -54.351  3.952 0.0000000000
18871  6.507  -54.202  4.264 0.0000000000
18882  9.353  -54.894  2.657 0.0000000000
18883  8.184  -54.496  3.074 0.0000000000
18884  7.507  -54.439  3.519 0.0000000000
18899  8.622  -54.224  2.360 0.0000000000
19824  6.698  -53.314  5.553 0.0000000000
19825  5.961  -53.971  5.746 0.0000000000
19842  6.263  -53.624  4.927 0.0000000000
19843  5.906  -54.102  5.508 0.0000000000
19863  6.627  -53.998  3.551 0.0000000000
19864  6.412  -53.692  3.802 0.0000000000
19877  7.790  -53.890  2.474 0.0000000000
19878  6.941  -53.885  3.070 0.0000000000
19879  6.318  -53.283  2.869 0.0000000000
19892  7.037  -53.367  2.194 0.0000000000
19893  6.529  -53.307  2.535 0.0000000000
20859  7.913  -52.559  5.410 0.0000000000
20860  7.213  -52.657  5.279 0.0000000000
20877  9.489  -52.580  4.675 0.0000000000
20878  8.344  -52.257  4.795 0.0000000000
20879  7.451  -52.188  4.820 0.0000000000
20880  6.791  -52.602  4.610 0.0000000000
20902  11.507  -52.252  3.356 0.0000000000
20903  10.705  -52.139  3.548 0.0000000000
20904  6.327  -52.719  3.797 0.0000000000
20920  11.863  -51.981  2.712 0.0000000000
20921  6.150  -52.828  3.041 0.0000000000
20936  6.258  -52.713  2.128 0.0000000000
21949  10.358  -52.078  3.663 0.0000000000
21950  9.797  -52.012  3.872 0.0000000000
21951  8.779  -51.886  4.115 0.0000000000
21952  7.773  -51.826  4.182 0.0000000000
21953  7.112  -51.999  4.164 0.0000000000
21971  10.961  -51.660  2.958 0.0000000000
21972  10.319  -51.585  3.241 0.0000000000
21973  9.166  -51.455  3.452 0.0000000000
21974  8.128  -51.378  3.541 0.0000000000
21975  7.068  -51.450  3.454 0.0000000000
21976  6.705  -52.092  3.746 0.0000000000
21990  12.117  -51.930  2.198 0.0000000000
21991  11.332  -51.606  2.416 0.0000000000
21992  10.667  -51.325  2.677 0.0000000000
21993  6.736  -51.261  2.897 0.0000000000
21994  6.365  -51.826  2.776 0.0000000000
22001  12.578  -51.781  1.612 0.0000000000
22002  11.830  -51.545  1.569 0.0000000000
22003  6.035  -51.683  1.617 0.0000000000
22016  13.039  -51.519  1.073 0.0000000000
22017  12.359  -51.402  1.088 0.0000000000
23095  9.394  -51.102  2.842 0.0000000000
23096  8.528  -50.953  2.915 0.0000000000
23097  7.535  -50.974  2.957 0.0000000000
23098  6.949  -51.086  2.951 0.0000000000
23111  10.655  -51.104  2.146 0.0000000000
23112  9.976  -50.885  2.411 0.0000000000
23113  9.011  -50.488  2.403 0.0000000000
23114  7.942  -50.441  2.338 0.0000000000
23115  6.820  -50.905  2.343 0.0000000000
23116  6.198  -51.251  2.024 0.0000000000
23128  11.085  -51.102  1.541 0.0000000000
23129  10.237  -50.609  1.566 0.0000000000
23130  9.513  -50.255  1.831 0.0000000000
23131  8.591  -50.010  1.730 0.0000000000
23132  7.327  -50.064  1.243 0.0000000000
23133  6.319  -50.861  1.322 0.0000000000
23140  13.496  -51.141  0.585 0.0000000000
23141  12.653  -51.069  0.543 0.0000000000
23142  11.696  -51.031  0.752 0.0000000000
23143  10.753  -50.673  0.804 0.0000000000
23144  7.132  -49.714  0.304 0.0000000000
23158  14.248  -50.911  0.086 0.0000000000
23159  13.162  -50.611  -0.009 0.0000000000
23160  12.126  -50.647  -0.094 0.0000000000
23161  11.161  -50.415  0.123 0.0000000000
23162  10.570  -50.248  0.349 0.0000000000
24267  9.788  -50.177  1.378 0.0000000000
24268  9.295  -49.941  1.207 0.0000000000
24269  8.412  -49.677  0.913 0.0000000000
24270  7.715  -49.584  0.527 0.0000000000
24282  10.066  -50.079  0.800 0.0000000000
24283  9.253  -49.657  0.381 0.0000000000
24284  8.358  -49.330  0.149 0.0000000000
24285  7.569  -49.327  -0.082 0.0000000000
24298  15.216  -50.387  -0.861 0.0000000000
24299  14.693  -50.269  -0.731 0.0000000000
24300  13.717  -50.093  -0.619 0.0000000000
24301  12.639  -50.038  -0.686 0.0000000000
24302  11.525  -49.960  -0.625 0.0000000000
24303  10.287  -49.774  -0.269 0.0000000000
24304  9.109  -49.120  -0.527 0.0000000000
24305  8.144  -48.978  -0.519 0.0000000000
24319  17.358  -49.341  -1.880 0.0000000000
24320  16.403  -49.659  -1.702 0.0000000000
24321  15.342  -49.880  -1.329 0.0000000000
24322  14.240  -49.531  -1.274 0.0000000000
24323  13.171  -49.413  -1.281 0.0000000000
24324  12.054  -49.380  -1.327 0.0000000000
24325  10.893  -49.247  -1.238 0.0000000000
24326  9.807  -49.073  -1.133 0.0000000000
24327  9.266  -48.930  -1.048 0.0000000000
24417  20.829  -48.998  -6.880 0.0000000000
24418  20.043  -49.219  -6.806 0.0000000000
24438  21.396  -48.968  -7.554 0.0000000000
24439  20.543  -49.386  -7.600 0.0000000000
24457  22.509  -48.545  -8.724 0.0000000000
24458  22.139  -48.814  -8.410 0.0000000000
24459  21.171  -49.428  -8.477 0.0000000000
24474  22.590  -48.677  -9.267 0.0000000000
24475  21.849  -49.325  -9.450 0.0000000000
25463  9.027  -48.863  -1.019 0.0000000000
25464  8.609  -48.789  -1.017 0.0000000000
25479  17.507  -48.230  -1.884 0.0000000000
25480  16.591  -48.457  -2.156 0.0000000000
25481  15.702  -48.867  -2.025 0.0000000000
25482  14.728  -48.880  -1.944 0.0000000000
25483  13.673  -48.762  -1.907 0.0000000000
25484  12.586  -48.659  -1.857 0.0000000000
25485  11.471  -48.560  -1.828 0.0000000000
25486  10.262  -48.290  -1.794 0.0000000000
25487  9.148  -48.504  -1.420 0.0000000000
25501  15.912  -48.032  -2.333 0.0000000000
25502  15.158  -47.997  -2.389 0.0000000000
25503  14.141  -47.965  -2.463 0.0000000000
25504  13.063  -47.868  -2.352 0.0000000000
25505  12.000  -47.784  -2.219 0.0000000000
25506  11.003  -47.719  -2.153 0.0000000000
25507  10.431  -47.638  -2.089 0.0000000000
25537  17.731  -47.888  -4.994 0.0000000000
25538  17.253  -47.674  -5.018 0.0000000000
25559  18.907  -48.260  -5.617 0.0000000000
25581  21.273  -48.226  -6.878 0.0000000000
25582  20.360  -48.417  -6.471 0.0000000000
25583  19.498  -48.686  -6.229 0.0000000000
25599  22.405  -47.976  -7.788 0.0000000000
25600  21.964  -48.359  -7.593 0.0000000000
25614  23.061  -47.563  -8.843 0.0000000000
25615  22.753  -48.096  -8.574 0.0000000000
25616  22.358  -48.355  -8.049 0.0000000000
25629  23.243  -47.733  -9.326 0.0000000000
25630  23.011  -48.203  -9.485 0.0000000000
25652  22.964  -48.470  -9.912 0.0000000000
26599  17.654  -47.229  -1.632 0.0000000000
26600  16.688  -47.102  -2.038 0.0000000000
26601  16.065  -46.450  -2.050 0.0000000000
26602  10.024  -47.513  -2.054 0.0000000000
26603  9.390  -47.715  -1.929 0.0000000000
26613  16.259  -47.657  -2.263 0.0000000000
26614  15.672  -47.001  -2.310 0.0000000000
26615  14.572  -46.957  -2.593 0.0000000000
26616  13.491  -46.917  -2.645 0.0000000000
26617  12.419  -46.876  -2.509 0.0000000000
26618  11.409  -46.871  -2.334 0.0000000000
26619  10.458  -46.978  -2.268 0.0000000000
26644  18.798  -47.261  -4.743 0.0000000000
26645  18.384  -47.390  -4.672 0.0000000000
26646  17.419  -47.250  -4.543 0.0000000000
26647  16.627  -46.963  -4.693 0.0000000000
26660  19.005  -47.483  -5.074 0.0000000000
26661  18.426  -47.960  -5.121 0.0000000000
26662  16.878  -47.480  -5.007 0.0000000000
26677  21.244  -47.360  -6.853 0.0000000000
26678  20.627  -47.539  -6.476 0.0000000000
26679  19.759  -47.604  -5.868 0.0000000000
26692  22.524  -47.344  -7.905 0.0000000000
26693  21.891  -47.530  -7.326 0.0000000000
26706  23.365  -47.152  -9.020 0.0000000000
26707  22.960  -47.226  -8.478 0.0000000000
27742  17.095  -46.103  -1.489 0.0000000000
27743  16.192  -45.901  -1.730 0.0000000000
27744  15.579  -45.861  -2.062 0.0000000000
27748  14.827  -45.933  -2.336 0.0000000000
27749  13.836  -45.875  -2.503 0.0000000000
27750  12.783  -45.856  -2.597 0.0000000000
27751  11.763  -45.895  -2.499 0.0000000000
27752  10.826  -46.002  -2.405 0.0000000000
27760  18.855  -46.095  -4.044 0.0000000000
27761  18.030  -45.851  -3.864 0.0000000000
27762  17.515  -45.637  -3.840 0.0000000000
27777  18.981  -46.890  -4.544 0.0000000000
27778  18.144  -46.659  -4.200 0.0000000000
27779  17.102  -46.164  -4.177 0.0000000000
27780  15.845  -46.272  -4.908 0.0000000000
27795  19.887  -46.470  -5.681 0.0000000000
27796  19.527  -46.790  -5.265 0.0000000000
27809  20.863  -46.865  -6.729 0.0000000000
27810  20.257  -46.641  -6.239 0.0000000000
27811  19.847  -46.875  -5.767 0.0000000000
27821  22.055  -46.755  -7.630 0.0000000000
27822  21.368  -46.629  -7.275 0.0000000000
27823  20.783  -46.180  -6.972 0.0000000000
27832  23.111  -46.617  -8.737 0.0000000000
27833  22.463  -46.496  -8.266 0.0000000000
27834  21.604  -46.128  -8.034 0.0000000000
27835  20.967  -45.861  -7.795 0.0000000000
28921  16.738  -44.671  -1.166 0.0000000000
28928  16.948  -45.281  -1.268 0.0000000000
28929  16.329  -44.976  -1.429 0.0000000000
28930  15.474  -44.879  -1.722 0.0000000000
28931  14.723  -44.511  -1.837 0.0000000000
28937  14.972  -45.158  -2.044 0.0000000000
28938  14.149  -44.846  -2.179 0.0000000000
28939  13.106  -44.847  -2.384 0.0000000000
28940  12.105  -44.888  -2.423 0.0000000000
28941  11.182  -45.045  -2.538 0.0000000000
28949  19.353  -45.508  -4.004 0.0000000000
28950  18.717  -45.304  -3.656 0.0000000000
28951  17.780  -45.123  -3.563 0.0000000000
28952  17.028  -44.828  -3.569 0.0000000000
28965  20.070  -45.563  -5.013 0.0000000000
28966  19.545  -46.075  -4.594 0.0000000000
28967  17.130  -45.380  -3.809 0.0000000000
28968  16.261  -45.062  -4.060 0.0000000000
28969  15.070  -45.150  -4.810 0.0000000000
28970  13.998  -44.676  -4.913 0.0000000000
28971  13.405  -44.584  -4.864 0.0000000000
28986  20.078  -45.908  -5.784 0.0000000000
28987  19.841  -46.172  -5.265 0.0000000000
29005  20.473  -45.707  -6.494 0.0000000000
30161  16.885  -44.082  -0.934 0.0000000000
30167  16.311  -44.041  -1.199 0.0000000000
30168  15.663  -44.065  -1.404 0.0000000000
30169  14.924  -43.979  -1.583 0.0000000000
30176  14.215  -44.006  -1.941 0.0000000000
30177  13.365  -44.056  -2.125 0.0000000000
30178  12.449  -44.043  -2.211 0.0000000000
30179  11.560  -44.080  -2.606 0.0000000000
30180  10.760  -44.524  -2.976 0.0000000000
30191  19.563  -44.597  -3.703 0.0000000000
30192  18.485  -44.424  -3.245 0.0000000000
30193  17.489  -44.305  -3.200 0.0000000000
30194  16.523  -44.160  -3.371 0.0000000000
30195  15.705  -43.826  -3.367 0.0000000000
30196  14.987  -43.735  -3.478 0.0000000000
30197  11.181  -43.965  -3.325 0.0000000000
30208  19.825  -45.310  -4.328 0.0000000000
30209  15.982  -44.312  -3.727 0.0000000000
30210  15.431  -44.269  -4.007 0.0000000000
30211  14.417  -43.978  -4.146 0.0000000000
30212  13.373  -44.025  -4.389 0.0000000000
30213  12.443  -43.933  -4.341 0.0000000000
30230  12.946  -44.457  -4.769 0.0000000000
31458  17.098  -43.326  -0.698 0.0000000000
31469  16.502  -43.351  -0.939 0.0000000000
31470  15.971  -43.328  -1.337 0.0000000000
31471  15.351  -43.499  -1.593 0.0000000000
31481  18.871  -42.930  -2.626 0.0000000000
31482  18.460  -42.914  -2.547 0.0000000000
31483  17.591  -42.921  -2.334 0.0000000000
31484  16.677  -42.924  -2.138 0.0000000000
31485  15.753  -42.994  -1.848 0.0000000000
31486  14.727  -43.475  -2.112 0.0000000000
31487  13.749  -43.698  -2.493 0.0000000000
31488  12.854  -43.631  -2.570 0.0000000000
31489  12.164  -43.621  -2.654 0.0000000000
31502  20.007  -43.706  -3.516 0.0000000000
31503  19.162  -43.385  -2.897 0.0000000000
31504  18.048  -43.602  -2.815 0.0000000000
31505  17.061  -43.583  -2.716 0.0000000000
31506  16.129  -43.447  -2.685 0.0000000000
31507  15.223  -43.461  -2.730 0.0000000000
31508  14.253  -43.499  -3.089 0.0000000000
31509  13.257  -43.385  -3.075 0.0000000000
31510  12.428  -43.432  -3.108 0.0000000000
31511  11.761  -43.607  -3.131 0.0000000000
31530  13.610  -43.586  -3.689 0.0000000000
31531  12.824  -43.527  -3.731 0.0000000000
31532  12.001  -43.570  -3.686 0.0000000000
31533  11.533  -43.749  -3.544 0.0000000000
32651  17.355  -42.360  -0.639 0.0000000000
32652  16.758  -42.880  -0.763 0.0000000000
32655  17.713  -41.796  -1.545 0.0000000000
32656  17.176  -42.002  -1.195 0.0000000000
32657  16.480  -42.731  -1.107 0.0000000000
32658  15.993  -42.979  -1.379 0.0000000000
32662  18.957  -42.459  -2.441 0.0000000000
32663  18.131  -42.214  -2.051 0.0000000000
32664  17.276  -42.398  -1.760 0.0000000000
32665  16.568  -42.665  -1.532 0.0000000000
32666  16.174  -42.816  -1.434 0.0000000000
32670  19.489  -42.702  -2.750 0.0000000000
33723  17.683  -41.409  -0.833 0.0000000000
33727  18.424  -41.382  -1.619 0.0000000000
33728  17.772  -41.268  -1.177 0.0000000000
33733  18.672  -41.852  -2.046 0.0000000000
34795  17.838  -40.986  -0.963 0.0000000000
34801  17.857  -41.049  -1.208 0.0000000000
