#!ascii label  , from subject colin27_FS vox2ras=TkReg
848
58273  -13.831  -23.343  -14.876 0.0000000000
58274  -13.893  -23.538  -15.508 0.0000000000
58282  -13.800  -22.963  -15.733 0.0000000000
58283  -13.998  -23.377  -16.309 0.0000000000
58289  -14.328  -23.437  -17.161 0.0000000000
58297  -14.582  -23.173  -17.826 0.0000000000
58307  -15.702  -23.317  -19.124 0.0000000000
59544  -13.904  -23.028  -14.151 0.0000000000
59545  -14.436  -22.479  -14.353 0.0000000000
59561  -13.957  -22.427  -15.347 0.0000000000
59562  -14.300  -22.092  -15.107 0.0000000000
59573  -13.804  -22.378  -16.627 0.0000000000
59574  -13.921  -22.965  -16.907 0.0000000000
59583  -13.823  -21.946  -17.718 0.0000000000
59584  -14.074  -22.695  -17.477 0.0000000000
59593  -13.921  -21.724  -18.234 0.0000000000
59594  -14.482  -22.335  -18.575 0.0000000000
59595  -15.221  -22.971  -18.981 0.0000000000
59603  -14.793  -21.889  -19.362 0.0000000000
59604  -15.574  -22.433  -19.779 0.0000000000
59605  -16.321  -22.959  -20.229 0.0000000000
59613  -15.880  -21.993  -20.592 0.0000000000
59614  -16.413  -22.479  -20.903 0.0000000000
60916  -14.740  -22.074  -14.779 0.0000000000
60929  -14.157  -21.905  -15.549 0.0000000000
60930  -14.679  -21.728  -15.444 0.0000000000
60945  -14.169  -21.591  -16.326 0.0000000000
60946  -14.949  -21.224  -16.164 0.0000000000
60960  -13.808  -21.399  -17.270 0.0000000000
60968  -13.726  -21.194  -18.083 0.0000000000
60969  -13.983  -21.460  -18.559 0.0000000000
60975  -13.827  -20.916  -18.671 0.0000000000
60976  -14.305  -21.201  -19.241 0.0000000000
60977  -14.972  -21.537  -19.796 0.0000000000
60981  -14.765  -20.891  -20.041 0.0000000000
60982  -15.432  -21.347  -20.593 0.0000000000
60983  -16.006  -21.752  -21.055 0.0000000000
60996  -15.752  -21.244  -21.460 0.0000000000
60997  -16.217  -21.880  -21.687 0.0000000000
61015  -15.538  -21.513  -22.329 0.0000000000
62283  -13.984  -20.917  -17.143 0.0000000000
62284  -14.471  -20.816  -16.913 0.0000000000
62285  -15.330  -20.735  -16.880 0.0000000000
62300  -13.868  -20.644  -17.791 0.0000000000
62301  -14.183  -20.501  -17.579 0.0000000000
62302  -14.751  -20.338  -17.562 0.0000000000
62303  -15.779  -20.233  -17.765 0.0000000000
62314  -13.824  -20.491  -18.412 0.0000000000
62315  -15.956  -19.852  -18.287 0.0000000000
62326  -13.863  -20.369  -19.036 0.0000000000
62327  -14.295  -20.261  -19.790 0.0000000000
62337  -14.916  -20.280  -20.828 0.0000000000
62338  -15.402  -20.806  -21.178 0.0000000000
62351  -15.032  -19.936  -21.517 0.0000000000
62352  -15.343  -20.482  -21.786 0.0000000000
62365  -13.696  -19.784  -23.140 0.0000000000
62366  -14.481  -20.652  -22.779 0.0000000000
62367  -15.148  -20.663  -22.359 0.0000000000
62382  -13.487  -19.791  -23.549 0.0000000000
62383  -13.792  -20.353  -23.483 0.0000000000
62398  -13.503  -19.860  -23.871 0.0000000000
63641  -14.039  -20.305  -17.913 0.0000000000
63642  -14.274  -20.089  -18.044 0.0000000000
63643  -14.859  -19.840  -18.214 0.0000000000
63644  -15.491  -19.718  -18.365 0.0000000000
63655  -13.977  -20.126  -18.246 0.0000000000
63656  -14.225  -19.566  -18.675 0.0000000000
63657  -15.001  -19.290  -18.778 0.0000000000
63658  -16.021  -19.494  -18.690 0.0000000000
63671  -13.880  -19.961  -18.712 0.0000000000
63672  -14.023  -19.630  -19.322 0.0000000000
63673  -15.611  -19.075  -19.080 0.0000000000
63674  -16.502  -19.247  -19.211 0.0000000000
63687  -14.429  -19.514  -20.283 0.0000000000
63703  -14.786  -19.385  -21.432 0.0000000000
63704  -15.056  -19.770  -21.972 0.0000000000
63718  -13.658  -19.098  -23.146 0.0000000000
63719  -14.424  -19.453  -22.534 0.0000000000
63720  -14.954  -20.164  -22.336 0.0000000000
63735  -13.170  -19.197  -23.698 0.0000000000
63752  -13.653  -19.362  -24.524 0.0000000000
64929  -14.187  -19.293  -19.168 0.0000000000
64930  -14.424  -19.153  -19.124 0.0000000000
64941  -14.345  -19.149  -19.656 0.0000000000
64942  -14.864  -18.883  -19.406 0.0000000000
64943  -15.924  -18.927  -19.268 0.0000000000
64944  -16.975  -19.128  -19.535 0.0000000000
64957  -14.714  -18.894  -20.816 0.0000000000
64958  -14.959  -18.179  -19.915 0.0000000000
64959  -16.173  -18.393  -19.672 0.0000000000
64960  -18.038  -19.270  -20.017 0.0000000000
64972  -14.498  -18.621  -22.160 0.0000000000
64973  -17.235  -17.718  -21.317 0.0000000000
64974  -17.304  -17.146  -22.032 0.0000000000
64986  -13.338  -18.502  -23.387 0.0000000000
64987  -13.914  -18.576  -22.918 0.0000000000
65003  -12.895  -18.301  -23.851 0.0000000000
65022  -13.067  -18.440  -24.461 0.0000000000
65038  -13.497  -18.432  -25.090 0.0000000000
66301  -15.091  -17.678  -21.090 0.0000000000
66302  -14.610  -17.896  -20.665 0.0000000000
66303  -16.618  -17.980  -20.957 0.0000000000
66304  -17.092  -17.883  -21.102 0.0000000000
66322  -14.492  -18.137  -22.156 0.0000000000
66323  -14.291  -17.530  -21.617 0.0000000000
66324  -16.158  -17.336  -21.685 0.0000000000
66325  -16.853  -17.468  -21.564 0.0000000000
66342  -13.581  -18.137  -23.193 0.0000000000
66343  -13.972  -17.823  -22.941 0.0000000000
66344  -14.243  -17.669  -22.680 0.0000000000
66345  -16.351  -16.611  -22.602 0.0000000000
66363  -13.332  -17.718  -23.641 0.0000000000
66364  -13.711  -17.408  -23.470 0.0000000000
66383  -12.968  -17.651  -24.369 0.0000000000
66396  -13.158  -17.612  -25.099 0.0000000000
66397  -13.846  -17.604  -25.568 0.0000000000
66408  -14.348  -17.176  -25.833 0.0000000000
67746  -15.649  -17.070  -22.018 0.0000000000
67747  -15.829  -17.141  -21.879 0.0000000000
67764  -13.932  -17.178  -23.446 0.0000000000
67765  -14.107  -17.296  -23.185 0.0000000000
67766  -15.833  -16.908  -22.196 0.0000000000
67776  -13.283  -17.147  -24.271 0.0000000000
67777  -13.632  -16.941  -23.965 0.0000000000
67786  -13.294  -16.850  -24.899 0.0000000000
67787  -13.481  -16.630  -24.539 0.0000000000
67799  -13.763  -16.710  -25.585 0.0000000000
67800  -14.049  -16.971  -25.769 0.0000000000
67810  -14.032  -16.161  -26.001 0.0000000000
67811  -14.466  -16.455  -26.129 0.0000000000
69226  -14.052  -16.975  -23.469 0.0000000000
69227  -14.043  -16.777  -23.637 0.0000000000
69245  -13.945  -16.651  -23.868 0.0000000000
69246  -14.058  -16.154  -24.240 0.0000000000
69257  -13.527  -16.343  -24.886 0.0000000000
69258  -13.805  -15.923  -24.697 0.0000000000
69259  -14.426  -15.265  -24.880 0.0000000000
69260  -14.936  -14.750  -25.010 0.0000000000
69261  -17.453  -16.062  -23.347 0.0000000000
69271  -13.769  -16.071  -25.422 0.0000000000
69272  -14.202  -15.268  -25.693 0.0000000000
69284  -13.890  -16.072  -25.815 0.0000000000
69285  -14.399  -15.518  -26.312 0.0000000000
69286  -15.199  -15.697  -26.725 0.0000000000
69295  -14.887  -15.082  -26.918 0.0000000000
69296  -15.114  -15.038  -27.070 0.0000000000
70672  -14.395  -14.967  -25.387 0.0000000000
70673  -14.839  -14.614  -25.330 0.0000000000
70674  -15.186  -14.371  -25.498 0.0000000000
70675  -17.883  -15.142  -24.470 0.0000000000
70686  -14.514  -14.547  -25.985 0.0000000000
70687  -14.799  -14.403  -25.787 0.0000000000
70688  -15.177  -14.136  -25.812 0.0000000000
70689  -15.543  -13.891  -26.015 0.0000000000
70690  -18.275  -14.474  -25.270 0.0000000000
70701  -14.530  -14.750  -26.286 0.0000000000
70702  -14.912  -14.379  -26.630 0.0000000000
70714  -14.654  -15.039  -26.908 0.0000000000
70715  -15.177  -14.391  -27.090 0.0000000000
70716  -15.548  -14.516  -27.481 0.0000000000
70725  -15.593  -14.037  -27.602 0.0000000000
70726  -15.987  -14.153  -28.131 0.0000000000
70735  -16.454  -13.756  -28.792 0.0000000000
72076  -14.872  -14.221  -25.827 0.0000000000
72077  -15.111  -14.085  -26.165 0.0000000000
72078  -15.575  -13.710  -26.358 0.0000000000
72079  -16.118  -13.416  -26.588 0.0000000000
72080  -18.582  -13.902  -25.898 0.0000000000
72092  -14.911  -14.232  -26.214 0.0000000000
72093  -15.436  -13.760  -26.838 0.0000000000
72094  -16.153  -13.176  -26.915 0.0000000000
72095  -17.162  -12.838  -27.137 0.0000000000
72096  -18.689  -12.685  -27.403 0.0000000000
72108  -15.661  -13.634  -27.463 0.0000000000
72109  -15.891  -13.194  -27.898 0.0000000000
72122  -15.795  -13.619  -27.917 0.0000000000
72123  -16.216  -13.196  -28.449 0.0000000000
72132  -16.541  -13.126  -29.467 0.0000000000
73463  -15.766  -13.412  -27.341 0.0000000000
73464  -16.034  -13.096  -27.367 0.0000000000
73465  -16.863  -12.695  -27.519 0.0000000000
73466  -18.074  -12.510  -27.629 0.0000000000
73467  -19.468  -12.558  -27.662 0.0000000000
73479  -15.898  -13.166  -27.635 0.0000000000
73480  -16.432  -12.647  -28.065 0.0000000000
73481  -17.570  -12.029  -28.176 0.0000000000
73482  -18.796  -12.177  -28.035 0.0000000000
73483  -19.750  -12.300  -28.052 0.0000000000
73496  -16.711  -12.143  -29.081 0.0000000000
73497  -16.960  -12.002  -28.547 0.0000000000
73511  -16.624  -12.220  -30.065 0.0000000000
74824  -17.936  -11.572  -28.582 0.0000000000
74825  -18.528  -11.703  -28.440 0.0000000000
74826  -19.474  -11.887  -28.388 0.0000000000
74827  -20.405  -12.064  -28.296 0.0000000000
74838  -16.982  -11.487  -29.343 0.0000000000
74839  -17.421  -11.366  -29.005 0.0000000000
74840  -18.315  -11.220  -28.789 0.0000000000
74841  -19.210  -11.372  -28.781 0.0000000000
74842  -20.210  -11.536  -28.722 0.0000000000
74843  -21.331  -11.702  -28.524 0.0000000000
74853  -16.878  -11.340  -29.847 0.0000000000
74854  -17.130  -11.187  -29.481 0.0000000000
74863  -16.789  -11.555  -30.604 0.0000000000
76134  -17.603  -10.909  -29.324 0.0000000000
76135  -18.020  -10.798  -29.220 0.0000000000
76136  -18.931  -10.824  -29.198 0.0000000000
76137  -19.904  -11.000  -29.256 0.0000000000
76138  -20.931  -11.068  -29.129 0.0000000000
76139  -21.926  -11.077  -29.050 0.0000000000
76152  -17.032  -10.913  -30.039 0.0000000000
76153  -17.526  -10.662  -29.873 0.0000000000
76154  -18.633  -10.315  -29.695 0.0000000000
76155  -19.612  -10.343  -29.667 0.0000000000
76156  -20.602  -10.445  -29.633 0.0000000000
76157  -21.592  -10.533  -29.547 0.0000000000
76158  -22.527  -10.599  -29.501 0.0000000000
76171  -17.010  -10.891  -30.490 0.0000000000
76172  -17.434  -10.249  -30.842 0.0000000000
76188  -16.920  -11.137  -30.943 0.0000000000
76189  -17.262  -10.687  -31.453 0.0000000000
77650  -17.854  -9.965  -30.663 0.0000000000
77651  -18.519  -9.821  -30.442 0.0000000000
77652  -19.351  -9.841  -30.187 0.0000000000
77653  -20.299  -9.800  -30.226 0.0000000000
77654  -21.280  -9.952  -30.051 0.0000000000
77655  -22.252  -10.063  -29.976 0.0000000000
77656  -23.184  -10.211  -29.914 0.0000000000
77675  -17.807  -9.766  -31.124 0.0000000000
77676  -18.241  -9.481  -31.086 0.0000000000
77677  -20.504  -9.478  -30.600 0.0000000000
77678  -21.002  -9.464  -30.552 0.0000000000
77679  -21.930  -9.458  -30.426 0.0000000000
77680  -22.964  -9.606  -30.356 0.0000000000
77681  -24.226  -9.960  -30.315 0.0000000000
77695  -17.738  -9.839  -31.592 0.0000000000
77696  -18.072  -9.464  -31.501 0.0000000000
77714  -17.700  -10.076  -32.118 0.0000000000
79032  -19.239  -9.423  -30.635 0.0000000000
79033  -19.855  -9.464  -30.623 0.0000000000
79034  -20.257  -9.479  -30.616 0.0000000000
79047  -18.892  -9.147  -31.056 0.0000000000
79048  -19.638  -9.080  -31.115 0.0000000000
79049  -20.485  -9.131  -30.996 0.0000000000
79050  -21.510  -8.905  -30.934 0.0000000000
79051  -22.549  -8.906  -30.806 0.0000000000
79052  -23.587  -9.139  -30.774 0.0000000000
79053  -24.175  -9.324  -30.785 0.0000000000
79062  -18.126  -9.300  -31.942 0.0000000000
79063  -18.597  -8.896  -31.807 0.0000000000
79064  -19.356  -8.637  -31.619 0.0000000000
79065  -20.120  -8.515  -31.602 0.0000000000
79066  -21.029  -8.388  -31.567 0.0000000000
79067  -22.073  -8.328  -31.453 0.0000000000
79068  -23.173  -8.424  -31.298 0.0000000000
79069  -24.343  -8.837  -31.270 0.0000000000
79078  -18.056  -9.482  -32.343 0.0000000000
79079  -18.371  -8.861  -32.532 0.0000000000
79089  -18.292  -8.997  -33.218 0.0000000000
79090  -18.518  -8.380  -33.185 0.0000000000
80352  -19.229  -8.288  -32.162 0.0000000000
80353  -19.802  -8.124  -32.119 0.0000000000
80354  -20.499  -7.849  -32.201 0.0000000000
80355  -21.503  -7.643  -32.172 0.0000000000
80356  -22.659  -7.757  -31.913 0.0000000000
80357  -23.757  -7.874  -31.830 0.0000000000
80358  -24.840  -8.092  -32.084 0.0000000000
80366  -18.881  -8.197  -32.707 0.0000000000
80367  -19.588  -7.702  -32.654 0.0000000000
80368  -20.037  -7.736  -32.408 0.0000000000
80369  -21.664  -7.172  -32.564 0.0000000000
80370  -22.250  -7.215  -32.460 0.0000000000
80371  -23.192  -7.218  -32.354 0.0000000000
80372  -24.230  -7.249  -32.400 0.0000000000
80373  -25.386  -7.376  -32.898 0.0000000000
80379  -18.387  -8.241  -33.868 0.0000000000
80380  -18.822  -7.637  -33.522 0.0000000000
80381  -19.194  -7.642  -33.050 0.0000000000
80382  -25.667  -6.901  -33.458 0.0000000000
80391  -18.537  -7.604  -34.404 0.0000000000
81607  -20.514  -7.554  -32.460 0.0000000000
81608  -20.770  -7.472  -32.448 0.0000000000
81615  -19.782  -7.351  -32.853 0.0000000000
81616  -20.245  -7.347  -32.667 0.0000000000
81617  -21.094  -7.057  -32.732 0.0000000000
81618  -21.831  -6.799  -32.853 0.0000000000
81619  -22.658  -6.723  -32.847 0.0000000000
81620  -23.581  -6.655  -32.805 0.0000000000
81621  -24.454  -6.704  -32.933 0.0000000000
81627  -19.047  -7.199  -33.618 0.0000000000
81628  -19.525  -7.099  -33.307 0.0000000000
81629  -20.438  -6.678  -33.205 0.0000000000
81630  -21.255  -6.454  -33.281 0.0000000000
81631  -22.103  -6.369  -33.380 0.0000000000
81632  -23.001  -6.294  -33.391 0.0000000000
81633  -23.935  -6.161  -33.322 0.0000000000
81634  -25.014  -6.362  -33.552 0.0000000000
81635  -25.944  -6.582  -33.865 0.0000000000
81641  -18.969  -7.011  -34.053 0.0000000000
81642  -19.505  -6.569  -34.054 0.0000000000
81643  -25.532  -5.961  -34.197 0.0000000000
81644  -26.318  -6.215  -34.540 0.0000000000
81651  -18.870  -6.978  -34.977 0.0000000000
82953  -19.962  -6.388  -33.726 0.0000000000
82954  -20.629  -6.069  -33.783 0.0000000000
82955  -21.501  -5.942  -33.871 0.0000000000
82956  -22.411  -5.880  -33.919 0.0000000000
82957  -23.320  -5.761  -33.866 0.0000000000
82958  -24.215  -5.681  -33.853 0.0000000000
82959  -24.886  -5.705  -34.088 0.0000000000
82965  -19.268  -6.521  -34.632 0.0000000000
82966  -19.902  -5.939  -34.572 0.0000000000
82967  -20.883  -5.499  -34.421 0.0000000000
82968  -21.826  -5.418  -34.439 0.0000000000
82969  -22.759  -5.346  -34.411 0.0000000000
82970  -23.646  -5.221  -34.308 0.0000000000
82971  -24.468  -5.208  -34.338 0.0000000000
82972  -25.209  -5.322  -34.510 0.0000000000
82973  -25.789  -5.606  -34.649 0.0000000000
82977  -19.338  -6.203  -35.467 0.0000000000
82978  -19.837  -5.627  -35.546 0.0000000000
82979  -25.616  -5.149  -34.848 0.0000000000
82980  -26.233  -5.415  -35.172 0.0000000000
82986  -19.425  -6.136  -36.405 0.0000000000
84305  -20.441  -5.318  -35.289 0.0000000000
84306  -21.302  -5.033  -35.096 0.0000000000
84307  -22.227  -4.871  -34.930 0.0000000000
84308  -23.145  -4.744  -34.788 0.0000000000
84309  -24.030  -4.622  -34.623 0.0000000000
84310  -24.852  -4.751  -34.700 0.0000000000
84311  -25.300  -4.927  -34.796 0.0000000000
84320  -19.682  -5.582  -36.206 0.0000000000
84321  -20.057  -5.038  -36.054 0.0000000000
84322  -20.832  -4.620  -35.933 0.0000000000
84323  -21.755  -4.446  -35.546 0.0000000000
84324  -22.672  -4.320  -35.363 0.0000000000
84325  -23.582  -4.149  -35.155 0.0000000000
84326  -24.530  -4.133  -35.062 0.0000000000
84327  -25.486  -4.560  -35.201 0.0000000000
84328  -26.249  -4.687  -35.713 0.0000000000
84334  -19.682  -5.569  -36.861 0.0000000000
84335  -19.933  -4.948  -36.880 0.0000000000
84336  -20.329  -4.527  -36.593 0.0000000000
84343  -19.646  -5.210  -37.519 0.0000000000
84344  -19.923  -4.579  -37.554 0.0000000000
85602  -21.448  -4.086  -36.133 0.0000000000
85603  -22.195  -3.873  -35.904 0.0000000000
85604  -23.109  -3.726  -35.743 0.0000000000
85605  -24.055  -3.539  -35.565 0.0000000000
85606  -25.050  -3.689  -35.696 0.0000000000
85607  -25.868  -4.063  -35.955 0.0000000000
85608  -26.314  -4.358  -36.110 0.0000000000
85619  -20.280  -4.103  -37.330 0.0000000000
85620  -20.888  -3.989  -36.776 0.0000000000
85621  -21.721  -3.582  -36.553 0.0000000000
85622  -22.622  -3.394  -36.387 0.0000000000
85623  -23.540  -3.203  -36.230 0.0000000000
85624  -24.501  -3.131  -36.242 0.0000000000
85625  -25.549  -3.379  -36.714 0.0000000000
85626  -26.352  -4.066  -36.566 0.0000000000
85632  -19.727  -4.591  -38.017 0.0000000000
85633  -20.037  -3.966  -37.967 0.0000000000
85634  -25.907  -3.099  -37.359 0.0000000000
85635  -26.728  -3.579  -37.497 0.0000000000
85641  -19.664  -4.655  -38.346 0.0000000000
85642  -19.839  -4.030  -38.718 0.0000000000
85657  -19.861  -3.697  -39.729 0.0000000000
85672  -19.940  -3.507  -40.571 0.0000000000
86815  -20.385  -3.751  -37.540 0.0000000000
86816  -20.614  -3.592  -37.461 0.0000000000
86817  -21.253  -3.265  -37.231 0.0000000000
86818  -22.127  -3.045  -37.034 0.0000000000
86819  -23.039  -2.888  -36.874 0.0000000000
86820  -23.930  -2.771  -36.792 0.0000000000
86821  -24.725  -2.838  -36.904 0.0000000000
86832  -20.393  -3.571  -37.794 0.0000000000
86833  -20.812  -2.924  -37.977 0.0000000000
86834  -21.663  -2.639  -37.682 0.0000000000
86835  -22.571  -2.508  -37.492 0.0000000000
86836  -23.455  -2.453  -37.386 0.0000000000
86837  -24.313  -2.455  -37.379 0.0000000000
86838  -25.286  -2.612  -37.512 0.0000000000
86839  -26.077  -2.848  -37.703 0.0000000000
86849  -20.299  -3.056  -38.511 0.0000000000
86850  -20.631  -2.687  -38.446 0.0000000000
86851  -25.859  -2.378  -38.007 0.0000000000
86852  -26.548  -2.712  -38.218 0.0000000000
86863  -20.053  -2.990  -39.360 0.0000000000
86879  -19.982  -2.785  -40.206 0.0000000000
86892  -19.978  -2.613  -41.062 0.0000000000
86899  -20.023  -2.208  -41.705 0.0000000000
87966  -20.826  -2.532  -38.427 0.0000000000
87967  -21.300  -2.249  -38.389 0.0000000000
87968  -22.203  -2.081  -38.158 0.0000000000
87969  -23.031  -2.072  -37.938 0.0000000000
87970  -23.853  -2.126  -37.937 0.0000000000
87971  -24.605  -2.130  -37.875 0.0000000000
87990  -20.371  -2.401  -39.258 0.0000000000
87991  -20.738  -2.189  -38.876 0.0000000000
87992  -21.292  -1.722  -38.944 0.0000000000
87993  -22.733  -1.746  -38.382 0.0000000000
87994  -23.410  -1.683  -38.406 0.0000000000
87995  -24.321  -1.679  -38.402 0.0000000000
87996  -25.235  -1.896  -38.222 0.0000000000
87997  -26.091  -1.981  -38.481 0.0000000000
87998  -26.790  -2.173  -38.737 0.0000000000
88018  -20.229  -2.125  -39.936 0.0000000000
88019  -24.855  -1.399  -38.679 0.0000000000
88020  -25.547  -1.420  -38.842 0.0000000000
88021  -26.454  -1.575  -39.055 0.0000000000
88036  -20.071  -1.875  -40.666 0.0000000000
88054  -19.933  -1.651  -41.342 0.0000000000
88062  -19.916  -1.495  -42.079 0.0000000000
89249  -21.892  -1.678  -38.691 0.0000000000
89250  -22.367  -1.688  -38.535 0.0000000000
89267  -20.603  -1.682  -39.730 0.0000000000
89268  -21.055  -1.374  -39.518 0.0000000000
89269  -21.728  -1.186  -39.317 0.0000000000
89270  -22.701  -1.277  -38.931 0.0000000000
89271  -23.835  -1.248  -38.883 0.0000000000
89272  -24.431  -1.307  -38.810 0.0000000000
89302  -20.345  -1.131  -40.501 0.0000000000
89303  -20.796  -0.827  -40.215 0.0000000000
89304  -21.365  -0.611  -39.975 0.0000000000
89305  -22.312  -0.471  -39.864 0.0000000000
89306  -23.462  -0.714  -39.540 0.0000000000
89307  -24.693  -0.958  -39.295 0.0000000000
89308  -25.888  -0.965  -39.468 0.0000000000
89309  -26.877  -1.138  -39.605 0.0000000000
89328  -19.954  -1.087  -41.003 0.0000000000
89329  -22.484  -0.034  -40.328 0.0000000000
89330  -23.085  -0.149  -40.258 0.0000000000
89331  -24.181  -0.365  -40.152 0.0000000000
89332  -25.310  -0.462  -40.089 0.0000000000
89333  -26.392  -0.514  -40.092 0.0000000000
89334  -27.515  -0.796  -40.231 0.0000000000
89356  -19.874  -0.771  -41.621 0.0000000000
89371  -19.815  -0.511  -42.426 0.0000000000
89377  -19.807  -0.093  -42.966 0.0000000000
90651  -20.560  -0.246  -40.778 0.0000000000
90652  -20.958  0.036  -40.643 0.0000000000
90653  -21.715  0.022  -40.402 0.0000000000
90654  -22.201  0.006  -40.352 0.0000000000
90665  -20.185  -0.268  -41.171 0.0000000000
90666  -20.995  0.530  -40.988 0.0000000000
90667  -21.389  0.530  -40.865 0.0000000000
90668  -22.423  0.492  -40.854 0.0000000000
90669  -23.727  0.291  -40.742 0.0000000000
90670  -24.833  0.141  -40.683 0.0000000000
90671  -25.878  0.052  -40.648 0.0000000000
90672  -26.838  0.026  -40.643 0.0000000000
90673  -27.710  0.215  -40.943 0.0000000000
90691  -19.923  0.181  -41.881 0.0000000000
90692  -22.764  1.056  -41.379 0.0000000000
90693  -23.422  0.859  -41.308 0.0000000000
90694  -24.434  0.714  -41.240 0.0000000000
90695  -25.450  0.591  -41.199 0.0000000000
90696  -26.425  0.502  -41.140 0.0000000000
90697  -27.059  0.417  -41.067 0.0000000000
90716  -19.874  0.495  -42.580 0.0000000000
90727  -19.968  0.553  -43.243 0.0000000000
91975  -20.544  -0.047  -40.954 0.0000000000
91976  -20.678  0.098  -40.912 0.0000000000
91987  -20.517  0.145  -41.081 0.0000000000
91988  -20.728  0.529  -41.163 0.0000000000
91989  -21.045  0.923  -41.230 0.0000000000
91990  -21.588  0.998  -41.225 0.0000000000
91991  -27.678  0.634  -41.236 0.0000000000
91992  -28.059  0.705  -41.294 0.0000000000
92004  -20.319  0.725  -41.547 0.0000000000
92005  -20.679  1.328  -41.569 0.0000000000
92006  -21.218  1.612  -41.577 0.0000000000
92007  -22.149  1.471  -41.549 0.0000000000
92008  -23.130  1.495  -41.652 0.0000000000
92009  -24.092  1.348  -41.666 0.0000000000
92010  -25.068  1.202  -41.635 0.0000000000
92011  -26.049  1.118  -41.579 0.0000000000
92012  -27.252  0.998  -41.432 0.0000000000
92013  -28.246  1.345  -41.668 0.0000000000
92031  -19.998  1.204  -42.182 0.0000000000
92048  -19.905  1.495  -42.947 0.0000000000
92049  -20.036  1.229  -43.572 0.0000000000
92064  -19.866  1.915  -43.593 0.0000000000
93358  -20.313  1.763  -41.957 0.0000000000
93359  -20.662  2.338  -41.959 0.0000000000
93360  -21.495  2.443  -42.130 0.0000000000
93361  -22.647  2.138  -42.069 0.0000000000
93362  -23.709  1.957  -42.120 0.0000000000
93363  -24.743  1.778  -42.129 0.0000000000
93364  -25.593  1.619  -42.002 0.0000000000
93365  -26.467  1.775  -42.036 0.0000000000
93366  -27.531  2.079  -42.175 0.0000000000
93367  -28.575  2.021  -42.182 0.0000000000
93386  -20.011  2.299  -42.484 0.0000000000
93387  -20.314  2.426  -42.173 0.0000000000
93388  -21.604  2.951  -42.546 0.0000000000
93389  -22.225  2.740  -42.556 0.0000000000
93390  -23.253  2.575  -42.586 0.0000000000
93391  -24.365  2.422  -42.614 0.0000000000
93392  -25.588  2.296  -42.508 0.0000000000
93393  -26.737  2.497  -42.543 0.0000000000
93394  -27.305  2.594  -42.555 0.0000000000
93417  -19.834  2.552  -43.233 0.0000000000
93433  -19.796  2.657  -44.055 0.0000000000
94613  -20.528  2.787  -42.164 0.0000000000
94614  -20.775  2.858  -42.195 0.0000000000
94615  -27.566  2.629  -42.555 0.0000000000
94616  -28.056  2.677  -42.542 0.0000000000
94617  -28.906  2.728  -42.552 0.0000000000
94635  -19.948  3.155  -42.956 0.0000000000
94636  -20.407  3.072  -42.524 0.0000000000
94637  -21.091  3.329  -42.658 0.0000000000
94638  -21.826  3.273  -42.882 0.0000000000
94639  -22.741  3.154  -43.051 0.0000000000
94640  -23.846  3.050  -43.118 0.0000000000
94641  -24.994  2.951  -43.148 0.0000000000
94642  -26.132  3.031  -43.069 0.0000000000
94643  -27.341  3.153  -42.979 0.0000000000
94644  -28.392  3.365  -42.943 0.0000000000
94645  -29.275  3.424  -42.905 0.0000000000
94670  -19.713  3.555  -43.605 0.0000000000
94671  -21.427  3.736  -43.095 0.0000000000
94672  -22.172  3.825  -43.314 0.0000000000
94673  -23.262  3.704  -43.583 0.0000000000
94674  -24.428  3.608  -43.624 0.0000000000
94675  -25.515  3.631  -43.573 0.0000000000
94676  -26.512  3.781  -43.513 0.0000000000
94677  -27.267  4.011  -43.501 0.0000000000
94695  -19.683  3.609  -44.334 0.0000000000
95920  -20.004  4.055  -43.220 0.0000000000
95921  -20.603  4.143  -43.190 0.0000000000
95922  -21.040  3.895  -43.111 0.0000000000
95923  -27.959  3.955  -43.352 0.0000000000
95924  -28.759  4.227  -43.355 0.0000000000
95925  -29.652  4.118  -43.269 0.0000000000
95947  -19.678  4.372  -43.659 0.0000000000
95948  -20.782  4.782  -43.432 0.0000000000
95949  -21.352  4.451  -43.411 0.0000000000
95950  -22.568  4.586  -43.975 0.0000000000
95951  -23.887  4.263  -44.106 0.0000000000
95952  -25.002  4.181  -44.091 0.0000000000
95953  -25.939  4.294  -43.944 0.0000000000
95954  -26.775  4.643  -43.925 0.0000000000
95955  -27.675  4.579  -43.650 0.0000000000
95956  -28.221  4.470  -43.498 0.0000000000
95981  -19.527  4.229  -44.040 0.0000000000
95982  -22.803  5.103  -44.448 0.0000000000
95983  -23.494  4.921  -44.545 0.0000000000
95984  -24.563  4.781  -44.607 0.0000000000
95985  -25.584  4.746  -44.446 0.0000000000
95986  -26.199  4.729  -44.232 0.0000000000
96000  -19.695  4.428  -44.646 0.0000000000
97165  -19.947  4.472  -43.355 0.0000000000
97166  -20.141  4.539  -43.343 0.0000000000
97167  -28.813  4.704  -43.479 0.0000000000
97168  -29.167  4.754  -43.448 0.0000000000
97169  -29.826  4.817  -43.434 0.0000000000
97178  -19.900  4.781  -43.540 0.0000000000
97179  -20.338  5.052  -43.525 0.0000000000
97180  -20.910  5.307  -43.686 0.0000000000
97181  -21.615  5.092  -43.885 0.0000000000
97182  -26.855  5.060  -44.191 0.0000000000
97183  -27.333  5.225  -44.122 0.0000000000
97184  -28.463  5.081  -43.695 0.0000000000
97185  -29.391  5.441  -43.679 0.0000000000
97186  -30.237  5.367  -43.715 0.0000000000
97206  -19.622  5.034  -44.158 0.0000000000
97207  -21.307  5.597  -44.097 0.0000000000
97208  -22.120  5.447  -44.411 0.0000000000
97209  -23.043  5.485  -44.867 0.0000000000
97210  -24.110  5.463  -45.128 0.0000000000
97211  -25.247  5.403  -45.003 0.0000000000
97212  -26.419  5.312  -44.555 0.0000000000
97213  -27.168  5.869  -44.647 0.0000000000
97232  -19.731  5.422  -45.107 0.0000000000
97234  -24.762  5.876  -45.362 0.0000000000
97235  -25.295  6.035  -45.362 0.0000000000
98440  -19.932  5.605  -43.933 0.0000000000
98441  -20.391  5.875  -44.010 0.0000000000
98442  -20.841  5.876  -44.095 0.0000000000
98443  -27.948  5.929  -44.407 0.0000000000
98444  -28.848  6.097  -44.206 0.0000000000
98445  -29.673  6.275  -44.032 0.0000000000
98446  -30.335  6.226  -44.250 0.0000000000
98458  -19.777  6.122  -44.632 0.0000000000
98459  -20.623  6.347  -44.308 0.0000000000
98460  -21.329  6.241  -44.522 0.0000000000
98461  -22.392  6.108  -45.076 0.0000000000
98462  -23.421  6.060  -45.407 0.0000000000
98463  -24.253  6.159  -45.550 0.0000000000
98464  -25.872  5.904  -45.190 0.0000000000
98465  -26.589  6.339  -45.167 0.0000000000
98466  -27.471  6.585  -44.947 0.0000000000
98467  -30.549  6.401  -44.773 0.0000000000
98486  -19.602  6.713  -45.523 0.0000000000
98487  -24.863  6.444  -45.585 0.0000000000
98488  -25.666  6.647  -45.506 0.0000000000
98489  -26.338  7.031  -45.489 0.0000000000
99711  -20.078  6.464  -44.393 0.0000000000
99712  -20.364  6.486  -44.327 0.0000000000
99713  -28.278  6.777  -44.743 0.0000000000
99714  -29.116  7.085  -44.629 0.0000000000
99715  -29.908  7.076  -44.351 0.0000000000
99716  -30.350  6.965  -44.632 0.0000000000
99726  -18.867  8.203  -44.992 0.0000000000
99727  -19.566  7.529  -44.887 0.0000000000
99728  -20.525  7.308  -44.745 0.0000000000
99729  -21.810  6.959  -45.255 0.0000000000
99730  -22.920  6.755  -45.656 0.0000000000
99731  -23.895  6.630  -45.862 0.0000000000
99732  -24.447  6.620  -45.781 0.0000000000
99733  -26.962  7.259  -45.376 0.0000000000
99734  -27.749  7.399  -45.192 0.0000000000
99735  -28.409  7.543  -45.054 0.0000000000
99736  -30.561  6.856  -45.179 0.0000000000
99737  -30.944  6.841  -45.858 0.0000000000
99752  -18.751  8.243  -45.183 0.0000000000
99753  -19.141  7.865  -45.404 0.0000000000
99754  -20.772  8.229  -45.233 0.0000000000
99755  -21.444  7.821  -45.488 0.0000000000
99756  -22.498  7.639  -46.056 0.0000000000
99757  -23.584  7.229  -46.198 0.0000000000
99758  -24.764  7.277  -46.113 0.0000000000
99759  -25.945  7.447  -45.803 0.0000000000
99760  -26.484  7.463  -45.583 0.0000000000
99761  -31.777  7.219  -46.498 0.0000000000
99773  -19.421  7.602  -46.290 0.0000000000
99774  -22.858  8.082  -46.559 0.0000000000
99775  -23.437  7.823  -46.561 0.0000000000
99776  -24.054  7.584  -46.481 0.0000000000
99781  -32.225  7.902  -46.777 0.0000000000
99782  -32.781  7.750  -46.791 0.0000000000
100904  -18.592  10.270  -43.777 0.0000000000
100905  -18.738  10.429  -43.713 0.0000000000
100918  -18.592  10.029  -43.824 0.0000000000
100919  -18.749  10.159  -43.641 0.0000000000
100920  -29.560  7.678  -44.803 0.0000000000
100921  -30.123  7.600  -44.812 0.0000000000
100922  -30.374  7.279  -44.985 0.0000000000
100932  -18.847  8.915  -44.629 0.0000000000
100933  -19.587  8.536  -44.714 0.0000000000
100934  -20.142  8.575  -44.954 0.0000000000
100935  -27.318  7.907  -45.402 0.0000000000
100936  -27.896  8.322  -45.347 0.0000000000
100937  -28.870  8.107  -45.174 0.0000000000
100938  -29.642  8.324  -45.339 0.0000000000
100939  -30.411  7.571  -45.624 0.0000000000
100940  -30.885  7.276  -46.202 0.0000000000
100952  -18.660  8.791  -45.259 0.0000000000
100953  -18.839  8.284  -45.398 0.0000000000
100954  -20.534  8.796  -45.432 0.0000000000
100955  -21.276  8.629  -45.936 0.0000000000
100956  -21.820  8.103  -46.050 0.0000000000
100957  -24.978  8.023  -46.423 0.0000000000
100958  -25.648  8.244  -46.280 0.0000000000
100959  -26.659  8.087  -45.686 0.0000000000
100960  -27.283  8.355  -45.491 0.0000000000
100961  -29.606  8.688  -45.847 0.0000000000
100962  -30.027  8.370  -46.094 0.0000000000
100963  -30.686  7.792  -46.786 0.0000000000
100971  -18.842  9.107  -46.017 0.0000000000
100972  -19.012  8.366  -45.831 0.0000000000
100973  -21.666  8.977  -46.479 0.0000000000
100974  -22.251  8.513  -46.559 0.0000000000
100975  -23.295  8.484  -46.877 0.0000000000
100976  -24.378  8.223  -46.677 0.0000000000
100977  -25.073  8.395  -46.530 0.0000000000
100978  -31.753  8.243  -46.901 0.0000000000
100979  -32.636  8.442  -46.977 0.0000000000
100980  -33.656  8.336  -46.889 0.0000000000
100989  -19.048  9.334  -46.495 0.0000000000
100990  -19.366  8.709  -46.836 0.0000000000
102188  -18.418  10.270  -43.902 0.0000000000
102189  -18.643  10.266  -43.869 0.0000000000
102201  -18.351  10.709  -43.869 0.0000000000
102202  -18.401  10.189  -44.156 0.0000000000
102203  -19.132  9.714  -44.324 0.0000000000
102204  -19.635  9.181  -44.741 0.0000000000
102205  -27.829  9.062  -45.456 0.0000000000
102206  -28.385  8.985  -45.407 0.0000000000
102207  -28.963  8.771  -45.403 0.0000000000
102219  -18.262  9.788  -44.784 0.0000000000
102220  -19.547  9.699  -44.746 0.0000000000
102221  -20.072  9.511  -45.252 0.0000000000
102222  -20.691  9.222  -45.817 0.0000000000
102223  -25.845  8.904  -46.378 0.0000000000
102224  -26.368  8.885  -46.090 0.0000000000
102225  -27.234  8.976  -45.656 0.0000000000
102226  -28.720  9.133  -45.610 0.0000000000
102227  -29.141  9.034  -45.821 0.0000000000
102228  -29.463  8.802  -46.362 0.0000000000
102229  -29.774  8.410  -46.988 0.0000000000
102234  -18.430  9.801  -45.520 0.0000000000
102235  -20.579  9.795  -45.943 0.0000000000
102236  -21.260  9.557  -46.419 0.0000000000
102237  -21.964  9.294  -46.930 0.0000000000
102238  -22.838  9.202  -47.193 0.0000000000
102239  -24.034  9.324  -47.192 0.0000000000
102240  -25.253  9.104  -46.681 0.0000000000
102241  -31.118  8.793  -47.564 0.0000000000
102242  -32.127  9.131  -47.417 0.0000000000
102243  -33.264  9.219  -47.442 0.0000000000
102244  -34.471  9.329  -46.996 0.0000000000
102251  -18.750  9.848  -46.279 0.0000000000
102252  -19.169  9.739  -46.947 0.0000000000
102253  -21.720  9.896  -47.034 0.0000000000
102254  -22.328  9.887  -47.394 0.0000000000
102255  -23.260  10.036  -47.497 0.0000000000
102256  -24.107  10.305  -47.415 0.0000000000
103447  -18.564  10.606  -43.879 0.0000000000
103458  -17.848  12.056  -43.674 0.0000000000
103459  -17.797  11.367  -43.944 0.0000000000
103460  -17.890  10.613  -44.429 0.0000000000
103461  -18.851  10.769  -44.175 0.0000000000
103462  -27.658  9.337  -45.629 0.0000000000
103463  -27.969  9.434  -45.575 0.0000000000
103472  -17.599  11.239  -44.507 0.0000000000
103473  -17.875  10.736  -45.045 0.0000000000
103474  -19.537  10.547  -44.913 0.0000000000
103475  -20.289  10.492  -45.740 0.0000000000
103476  -26.039  9.359  -46.403 0.0000000000
103477  -26.691  9.628  -46.187 0.0000000000
103478  -27.545  9.738  -45.966 0.0000000000
103479  -28.376  9.523  -46.065 0.0000000000
103480  -28.861  9.340  -46.667 0.0000000000
103481  -29.544  9.225  -47.008 0.0000000000
103482  -30.414  8.775  -47.092 0.0000000000
103487  -18.400  10.717  -45.921 0.0000000000
103488  -20.864  10.320  -46.356 0.0000000000
103489  -21.420  10.399  -46.801 0.0000000000
103490  -24.933  10.173  -47.157 0.0000000000
103491  -25.960  10.191  -46.677 0.0000000000
103492  -27.001  10.383  -46.628 0.0000000000
103493  -27.867  10.240  -46.784 0.0000000000
103494  -28.540  10.094  -47.092 0.0000000000
103495  -28.940  10.208  -47.707 0.0000000000
103496  -30.044  10.090  -47.872 0.0000000000
103497  -31.351  10.071  -47.733 0.0000000000
103498  -32.677  10.084  -47.751 0.0000000000
103499  -33.900  10.394  -47.745 0.0000000000
103500  -35.023  10.679  -46.985 0.0000000000
103504  -18.904  10.568  -46.736 0.0000000000
103505  -19.332  10.513  -47.479 0.0000000000
103506  -21.866  10.439  -47.290 0.0000000000
103507  -22.603  10.672  -47.550 0.0000000000
103508  -23.622  10.905  -47.460 0.0000000000
103509  -24.569  11.064  -47.382 0.0000000000
103510  -32.329  10.834  -47.906 0.0000000000
103511  -33.097  10.951  -47.956 0.0000000000
103512  -33.799  11.269  -47.941 0.0000000000
104712  -18.379  11.764  -43.802 0.0000000000
104725  -17.549  13.280  -43.734 0.0000000000
104726  -17.436  12.505  -43.603 0.0000000000
104727  -17.435  12.127  -44.467 0.0000000000
104728  -17.560  12.460  -44.908 0.0000000000
104729  -19.271  11.922  -44.511 0.0000000000
104738  -17.564  11.475  -44.837 0.0000000000
104739  -17.900  11.832  -45.369 0.0000000000
104740  -20.192  11.826  -45.629 0.0000000000
104741  -20.743  10.967  -46.358 0.0000000000
104745  -18.818  11.603  -46.593 0.0000000000
104746  -19.249  11.987  -47.170 0.0000000000
104747  -25.537  11.066  -47.331 0.0000000000
104748  -26.519  11.006  -47.324 0.0000000000
104749  -27.425  10.837  -47.473 0.0000000000
104750  -28.262  10.634  -47.715 0.0000000000
104751  -29.004  10.616  -47.880 0.0000000000
104752  -29.400  10.604  -48.191 0.0000000000
104753  -30.757  11.098  -47.769 0.0000000000
104754  -31.758  11.419  -48.004 0.0000000000
104755  -34.574  11.627  -47.733 0.0000000000
104756  -35.370  11.643  -46.970 0.0000000000
104760  -19.123  11.052  -47.132 0.0000000000
104761  -19.436  11.514  -47.720 0.0000000000
104762  -21.594  11.337  -47.123 0.0000000000
104763  -23.056  11.371  -47.873 0.0000000000
104764  -24.156  11.491  -48.094 0.0000000000
104765  -25.187  11.552  -48.211 0.0000000000
104766  -26.179  11.572  -48.150 0.0000000000
104767  -26.915  11.600  -47.772 0.0000000000
104768  -27.851  11.498  -47.930 0.0000000000
104769  -29.160  11.143  -48.018 0.0000000000
104770  -29.872  11.149  -48.019 0.0000000000
104771  -30.045  11.002  -48.211 0.0000000000
104772  -32.671  11.588  -48.178 0.0000000000
104773  -33.440  11.669  -48.145 0.0000000000
104774  -33.928  11.708  -47.971 0.0000000000
105905  -17.542  12.841  -44.642 0.0000000000
105913  -17.886  12.786  -45.177 0.0000000000
105914  -19.782  12.423  -44.766 0.0000000000
105918  -18.505  12.537  -45.920 0.0000000000
105919  -19.144  12.440  -46.820 0.0000000000
105920  -30.881  12.250  -48.565 0.0000000000
105921  -31.382  12.140  -48.397 0.0000000000
105922  -34.655  12.823  -47.793 0.0000000000
105923  -35.292  12.476  -47.127 0.0000000000
105927  -19.552  12.279  -47.607 0.0000000000
105928  -22.634  11.963  -48.319 0.0000000000
105929  -23.680  11.973  -48.596 0.0000000000
105930  -24.753  12.436  -48.864 0.0000000000
105931  -25.905  12.385  -48.755 0.0000000000
105932  -26.850  12.332  -48.691 0.0000000000
105933  -27.734  12.283  -48.683 0.0000000000
105934  -28.939  12.056  -48.873 0.0000000000
105935  -29.845  12.042  -48.906 0.0000000000
105936  -30.509  12.215  -49.046 0.0000000000
105937  -32.248  12.268  -48.522 0.0000000000
105938  -33.209  12.297  -48.528 0.0000000000
105939  -33.914  12.224  -48.048 0.0000000000
105941  -19.834  12.264  -48.442 0.0000000000
105943  -21.950  12.687  -48.903 0.0000000000
105944  -22.557  12.581  -48.954 0.0000000000
105945  -23.416  12.519  -48.974 0.0000000000
105946  -24.020  12.473  -48.959 0.0000000000
106992  -18.274  13.309  -44.565 0.0000000000
106996  -18.388  13.026  -45.447 0.0000000000
106997  -19.123  13.147  -46.182 0.0000000000
107001  -31.070  12.675  -48.737 0.0000000000
107002  -31.231  12.507  -48.659 0.0000000000
107007  -19.805  12.704  -47.458 0.0000000000
107008  -20.220  12.888  -47.389 0.0000000000
107009  -20.516  12.828  -46.883 0.0000000000
107021  -19.973  12.540  -48.083 0.0000000000
107022  -20.682  12.878  -48.980 0.0000000000
107023  -21.308  12.865  -48.895 0.0000000000
107024  -22.483  13.340  -49.236 0.0000000000
107025  -23.394  13.362  -49.079 0.0000000000
107026  -24.182  13.097  -49.144 0.0000000000
165906  -16.999  -16.435  -22.802 0.0000000000
165909  -16.694  -16.018  -23.314 0.0000000000
166000  -19.396  13.288  -44.511 0.0000000000
166001  -19.091  13.274  -43.998 0.0000000000
166002  -18.827  13.311  -43.878 0.0000000000
166003  -19.116  12.864  -43.763 0.0000000000
166004  -18.729  13.419  -44.114 0.0000000000
166005  -17.882  12.388  -43.515 0.0000000000
166006  -18.177  13.095  -43.434 0.0000000000
166007  -18.473  13.401  -43.921 0.0000000000
166008  -17.288  13.018  -44.159 0.0000000000
166009  -19.619  12.743  -44.345 0.0000000000
166010  -19.340  13.441  -45.399 0.0000000000
166011  -20.009  12.761  -44.827 0.0000000000
166012  -19.866  13.396  -46.301 0.0000000000
166013  -20.486  12.992  -45.520 0.0000000000
166014  -20.001  13.437  -45.666 0.0000000000
166015  -21.158  10.772  -46.649 0.0000000000
166016  -20.896  12.342  -46.600 0.0000000000
166017  -21.572  12.307  -48.014 0.0000000000
