#!ascii label  , from subject colin27_FS vox2ras=TkReg
299
106998  -28.274  14.117  -48.243 0.0000000000
106999  -29.105  14.059  -48.388 0.0000000000
107000  -29.570  14.055  -48.475 0.0000000000
107003  -34.512  13.938  -47.709 0.0000000000
107004  -35.160  13.508  -46.956 0.0000000000
107010  -24.924  13.672  -48.816 0.0000000000
107011  -25.714  13.473  -48.753 0.0000000000
107012  -26.659  13.353  -48.636 0.0000000000
107013  -27.565  13.243  -48.579 0.0000000000
107014  -28.470  13.187  -48.758 0.0000000000
107015  -29.583  13.343  -48.794 0.0000000000
107016  -30.667  12.948  -48.770 0.0000000000
107017  -31.657  13.021  -48.748 0.0000000000
107018  -32.874  13.199  -48.753 0.0000000000
107019  -33.867  13.120  -48.346 0.0000000000
108145  -33.332  15.372  -43.915 0.0000000000
108154  -33.386  15.592  -44.527 0.0000000000
108155  -33.978  15.380  -44.679 0.0000000000
108164  -34.233  15.383  -46.045 0.0000000000
108165  -34.878  14.817  -45.339 0.0000000000
108170  -28.133  15.105  -47.967 0.0000000000
108171  -28.967  14.981  -47.947 0.0000000000
108172  -29.813  14.762  -48.242 0.0000000000
108173  -30.347  14.970  -48.287 0.0000000000
108174  -34.051  14.950  -47.303 0.0000000000
108175  -34.870  14.561  -46.616 0.0000000000
108178  -24.957  14.257  -48.666 0.0000000000
108179  -25.502  14.552  -48.589 0.0000000000
108180  -26.468  14.442  -48.440 0.0000000000
108181  -27.414  14.282  -48.279 0.0000000000
108182  -29.838  14.108  -48.514 0.0000000000
108183  -30.416  14.309  -48.518 0.0000000000
108184  -31.389  14.172  -48.663 0.0000000000
108185  -32.479  14.250  -48.709 0.0000000000
108186  -33.577  14.191  -48.310 0.0000000000
108189  -21.030  14.055  -49.730 0.0000000000
108190  -21.457  14.373  -49.676 0.0000000000
108191  -22.353  14.283  -49.491 0.0000000000
108192  -23.266  14.350  -49.039 0.0000000000
108193  -24.359  14.246  -48.770 0.0000000000
108194  -25.008  14.602  -48.656 0.0000000000
108198  -21.083  14.590  -49.781 0.0000000000
109400  -32.812  15.746  -43.532 0.0000000000
109404  -31.903  16.070  -45.414 0.0000000000
109405  -32.853  15.796  -44.751 0.0000000000
109406  -33.413  15.660  -44.846 0.0000000000
109412  -31.790  16.075  -46.560 0.0000000000
109413  -32.636  15.938  -46.005 0.0000000000
109414  -33.440  15.735  -45.493 0.0000000000
109422  -28.096  15.669  -48.176 0.0000000000
109423  -28.709  16.050  -48.237 0.0000000000
109424  -29.689  15.906  -48.054 0.0000000000
109425  -30.577  15.657  -47.971 0.0000000000
109426  -31.543  15.847  -47.664 0.0000000000
109427  -32.463  15.845  -47.254 0.0000000000
109428  -33.398  15.703  -46.709 0.0000000000
109435  -25.607  15.145  -48.557 0.0000000000
109436  -26.130  15.525  -48.497 0.0000000000
109437  -27.421  15.538  -48.282 0.0000000000
109438  -28.080  15.992  -48.289 0.0000000000
109439  -30.609  15.041  -48.319 0.0000000000
109440  -31.100  15.118  -48.363 0.0000000000
109441  -32.054  15.234  -48.301 0.0000000000
109442  -33.062  15.129  -47.856 0.0000000000
109446  -21.714  15.580  -49.706 0.0000000000
109447  -22.248  15.428  -49.553 0.0000000000
109448  -23.066  15.375  -49.289 0.0000000000
109449  -24.052  15.340  -49.089 0.0000000000
109450  -25.168  15.366  -48.707 0.0000000000
109451  -25.724  15.996  -48.632 0.0000000000
109455  -21.205  15.296  -49.851 0.0000000000
110527  -32.730  16.507  -43.141 0.0000000000
110535  -30.902  17.058  -45.727 0.0000000000
110536  -31.426  16.769  -45.162 0.0000000000
110537  -32.328  16.564  -44.394 0.0000000000
110541  -30.700  16.992  -46.458 0.0000000000
110542  -31.268  16.527  -46.042 0.0000000000
110546  -28.864  17.131  -48.264 0.0000000000
110547  -29.535  16.985  -47.927 0.0000000000
110548  -30.293  16.793  -47.350 0.0000000000
110549  -31.090  16.415  -47.061 0.0000000000
110556  -26.131  16.570  -48.670 0.0000000000
110557  -26.996  16.564  -48.597 0.0000000000
110558  -28.040  16.700  -48.434 0.0000000000
110566  -21.663  16.261  -49.830 0.0000000000
110567  -22.136  16.347  -49.565 0.0000000000
110568  -22.804  16.351  -49.393 0.0000000000
110569  -23.672  16.342  -49.290 0.0000000000
110570  -24.627  16.360  -49.109 0.0000000000
110571  -25.446  16.497  -48.851 0.0000000000
111659  -30.988  17.414  -45.186 0.0000000000
111660  -31.717  17.499  -44.576 0.0000000000
111661  -32.513  17.562  -43.776 0.0000000000
111671  -29.954  18.111  -46.355 0.0000000000
111672  -30.364  17.804  -45.944 0.0000000000
111676  -29.182  17.762  -47.719 0.0000000000
111677  -29.797  17.874  -46.921 0.0000000000
111678  -30.311  17.386  -46.683 0.0000000000
111683  -26.614  17.432  -48.757 0.0000000000
111684  -27.522  17.647  -48.547 0.0000000000
111685  -28.492  17.966  -48.115 0.0000000000
111690  -22.048  17.078  -49.738 0.0000000000
111691  -22.540  17.185  -49.492 0.0000000000
111692  -23.277  17.264  -49.362 0.0000000000
111693  -24.181  17.285  -49.276 0.0000000000
111694  -25.089  17.314  -49.146 0.0000000000
111695  -25.846  17.344  -48.857 0.0000000000
111704  -21.760  16.988  -50.135 0.0000000000
112906  -31.029  18.244  -44.911 0.0000000000
112907  -32.106  18.601  -43.993 0.0000000000
112908  -32.463  18.134  -43.732 0.0000000000
112921  -29.156  18.971  -46.407 0.0000000000
112922  -29.702  18.614  -46.230 0.0000000000
112923  -30.464  18.824  -45.430 0.0000000000
112935  -28.224  18.868  -47.260 0.0000000000
112936  -29.000  18.627  -47.057 0.0000000000
112937  -29.466  18.375  -46.704 0.0000000000
112941  -26.142  18.499  -48.906 0.0000000000
112942  -26.881  18.429  -48.614 0.0000000000
112943  -27.852  18.631  -47.956 0.0000000000
112944  -28.402  18.586  -47.609 0.0000000000
112947  -22.295  17.765  -49.634 0.0000000000
112948  -22.843  18.143  -49.444 0.0000000000
112949  -23.733  18.142  -49.319 0.0000000000
112950  -24.667  18.177  -49.189 0.0000000000
112951  -25.568  18.176  -48.969 0.0000000000
112952  -26.208  17.993  -48.805 0.0000000000
112958  -21.958  17.792  -49.963 0.0000000000
112959  -22.188  18.488  -49.655 0.0000000000
112969  -21.851  18.558  -50.303 0.0000000000
114057  -30.945  20.037  -45.478 0.0000000000
114058  -31.176  19.493  -44.935 0.0000000000
114059  -31.991  19.771  -43.961 0.0000000000
114068  -29.199  20.080  -46.501 0.0000000000
114069  -29.421  19.576  -46.252 0.0000000000
114070  -30.373  19.555  -45.675 0.0000000000
114071  -30.661  19.280  -45.353 0.0000000000
114084  -27.968  20.077  -47.283 0.0000000000
114085  -28.477  19.609  -46.903 0.0000000000
114086  -28.919  19.178  -46.569 0.0000000000
114096  -25.717  19.297  -49.228 0.0000000000
114097  -26.214  19.166  -48.976 0.0000000000
114098  -27.398  19.570  -47.924 0.0000000000
114099  -27.862  19.141  -47.396 0.0000000000
114103  -23.342  18.832  -49.237 0.0000000000
114104  -24.164  18.952  -49.097 0.0000000000
114105  -25.292  19.067  -49.047 0.0000000000
114106  -25.817  18.716  -49.074 0.0000000000
114114  -22.695  19.103  -49.355 0.0000000000
114127  -22.103  19.355  -49.810 0.0000000000
114139  -21.996  19.460  -50.678 0.0000000000
115239  -30.675  20.958  -46.234 0.0000000000
115240  -30.796  20.553  -45.889 0.0000000000
115241  -31.344  20.577  -45.256 0.0000000000
115242  -31.882  20.533  -44.458 0.0000000000
115250  -29.192  20.511  -46.770 0.0000000000
115251  -29.995  20.495  -46.398 0.0000000000
115252  -30.118  20.050  -46.040 0.0000000000
115262  -25.320  20.244  -49.005 0.0000000000
115263  -25.550  20.222  -49.123 0.0000000000
115264  -25.993  20.319  -49.128 0.0000000000
115265  -27.861  20.532  -47.569 0.0000000000
115266  -28.509  20.546  -47.097 0.0000000000
115280  -25.052  19.762  -49.042 0.0000000000
115281  -25.601  19.703  -49.188 0.0000000000
115282  -26.582  20.151  -48.744 0.0000000000
115283  -27.317  20.488  -48.108 0.0000000000
115296  -23.446  19.654  -49.054 0.0000000000
115297  -24.663  19.717  -48.979 0.0000000000
115298  -25.212  19.525  -49.065 0.0000000000
115305  -22.635  19.942  -49.347 0.0000000000
115317  -22.337  20.228  -50.042 0.0000000000
115328  -22.371  20.441  -50.952 0.0000000000
115329  -22.628  20.928  -51.500 0.0000000000
116462  -30.613  21.298  -46.472 0.0000000000
116463  -31.176  21.421  -46.029 0.0000000000
116464  -31.448  21.360  -45.577 0.0000000000
116465  -31.713  21.390  -45.004 0.0000000000
116467  -29.280  21.065  -47.131 0.0000000000
116468  -29.918  21.032  -46.879 0.0000000000
116469  -31.579  21.587  -45.497 0.0000000000
116470  -31.654  21.700  -45.336 0.0000000000
116473  -25.080  20.389  -48.937 0.0000000000
116474  -25.397  20.560  -49.000 0.0000000000
116475  -25.765  20.707  -49.025 0.0000000000
116476  -27.805  21.149  -47.816 0.0000000000
116477  -28.593  21.159  -47.427 0.0000000000
116481  -24.685  20.336  -48.939 0.0000000000
116482  -26.308  20.852  -48.776 0.0000000000
116483  -27.076  21.018  -48.376 0.0000000000
116492  -23.139  20.271  -49.109 0.0000000000
116493  -23.869  20.585  -48.975 0.0000000000
116499  -22.893  20.716  -49.409 0.0000000000
116500  -23.641  21.324  -49.645 0.0000000000
116501  -24.114  21.741  -49.985 0.0000000000
116514  -22.795  21.055  -50.211 0.0000000000
116515  -23.561  21.761  -50.522 0.0000000000
116516  -24.235  22.074  -50.238 0.0000000000
116527  -22.770  21.242  -50.923 0.0000000000
116528  -23.015  21.706  -51.457 0.0000000000
117681  -30.518  22.656  -44.947 0.0000000000
117682  -30.961  22.574  -44.389 0.0000000000
117683  -31.939  22.001  -44.381 0.0000000000
117687  -30.030  22.004  -47.329 0.0000000000
117688  -30.311  21.799  -46.933 0.0000000000
117689  -30.958  22.257  -45.804 0.0000000000
117690  -31.489  22.001  -45.340 0.0000000000
117691  -31.628  21.794  -45.208 0.0000000000
117694  -29.527  21.685  -47.360 0.0000000000
117695  -29.831  21.332  -47.188 0.0000000000
117696  -31.535  21.840  -45.498 0.0000000000
117697  -31.679  21.817  -45.497 0.0000000000
117699  -24.866  20.578  -48.925 0.0000000000
117700  -25.089  20.762  -48.954 0.0000000000
117701  -25.530  21.222  -49.051 0.0000000000
117702  -27.652  21.786  -47.967 0.0000000000
117703  -28.577  21.802  -47.605 0.0000000000
117706  -24.649  20.784  -49.007 0.0000000000
117707  -25.063  21.119  -49.112 0.0000000000
117708  -25.789  21.306  -49.091 0.0000000000
117709  -26.808  21.803  -48.604 0.0000000000
117715  -24.406  21.197  -49.242 0.0000000000
117716  -25.021  21.575  -49.329 0.0000000000
117717  -25.843  22.008  -49.289 0.0000000000
117718  -26.878  22.581  -49.147 0.0000000000
117719  -27.461  22.999  -49.308 0.0000000000
117726  -24.376  21.582  -49.602 0.0000000000
117727  -24.799  22.105  -49.775 0.0000000000
117728  -25.834  22.613  -49.818 0.0000000000
117729  -26.927  23.168  -49.748 0.0000000000
117730  -27.614  23.255  -49.530 0.0000000000
117740  -23.606  22.214  -51.019 0.0000000000
117741  -24.590  22.651  -50.667 0.0000000000
117742  -26.063  23.206  -50.290 0.0000000000
117743  -26.719  23.471  -50.121 0.0000000000
117754  -23.640  22.448  -51.567 0.0000000000
117755  -24.293  23.054  -51.597 0.0000000000
118912  -30.250  22.848  -45.440 0.0000000000
118913  -30.089  23.088  -44.322 0.0000000000
118922  -29.825  22.092  -47.422 0.0000000000
118923  -30.162  22.450  -47.295 0.0000000000
118924  -30.487  22.616  -46.411 0.0000000000
118927  -29.426  22.236  -47.536 0.0000000000
118928  -29.702  22.762  -47.748 0.0000000000
118930  -27.596  22.258  -48.217 0.0000000000
118931  -28.532  22.508  -48.002 0.0000000000
118932  -29.366  23.087  -48.213 0.0000000000
118933  -29.853  23.421  -48.432 0.0000000000
118934  -30.372  23.655  -48.494 0.0000000000
118937  -27.635  22.544  -48.573 0.0000000000
118938  -28.418  22.942  -48.616 0.0000000000
118939  -29.142  23.346  -48.768 0.0000000000
118940  -29.947  23.779  -48.788 0.0000000000
118941  -30.562  23.928  -48.573 0.0000000000
118945  -27.724  22.832  -48.974 0.0000000000
118946  -28.196  23.219  -49.211 0.0000000000
118947  -29.055  23.790  -49.258 0.0000000000
118948  -29.714  23.958  -49.080 0.0000000000
118955  -27.076  23.587  -50.014 0.0000000000
118956  -27.881  23.783  -49.801 0.0000000000
118957  -28.680  24.060  -49.571 0.0000000000
118967  -24.813  23.245  -51.204 0.0000000000
118968  -25.516  23.510  -50.898 0.0000000000
118969  -26.796  24.024  -50.392 0.0000000000
118970  -27.613  24.225  -50.083 0.0000000000
118982  -24.972  23.728  -51.729 0.0000000000
118983  -25.980  24.219  -51.203 0.0000000000
118984  -26.519  24.530  -50.878 0.0000000000
120148  -30.242  23.252  -46.054 0.0000000000
120149  -30.189  23.713  -45.120 0.0000000000
120163  -30.316  22.971  -47.570 0.0000000000
120164  -30.523  23.193  -46.946 0.0000000000
120165  -30.493  23.906  -46.172 0.0000000000
120166  -30.864  24.422  -45.238 0.0000000000
120172  -30.085  23.098  -47.935 0.0000000000
120173  -30.606  23.340  -47.686 0.0000000000
120174  -30.924  23.773  -47.123 0.0000000000
120175  -31.200  24.330  -46.400 0.0000000000
120179  -29.906  23.223  -48.181 0.0000000000
120180  -30.340  23.385  -48.197 0.0000000000
120181  -30.829  23.755  -48.075 0.0000000000
120182  -31.344  24.144  -47.494 0.0000000000
120185  -30.060  24.040  -48.946 0.0000000000
120186  -30.684  24.218  -48.520 0.0000000000
120192  -29.064  24.169  -49.470 0.0000000000
120193  -29.762  24.373  -49.212 0.0000000000
120202  -27.999  24.335  -49.968 0.0000000000
120203  -28.734  24.606  -49.759 0.0000000000
120204  -29.535  24.886  -49.532 0.0000000000
120211  -26.957  24.964  -50.715 0.0000000000
120212  -27.774  24.816  -50.171 0.0000000000
120213  -28.379  25.084  -49.976 0.0000000000
120224  -25.572  24.780  -51.940 0.0000000000
120225  -26.355  24.959  -51.255 0.0000000000
121276  -26.742  25.832  -51.037 0.0000000000
121277  -27.519  25.698  -50.560 0.0000000000
121290  -26.140  25.591  -51.574 0.0000000000
122230  -26.789  26.481  -51.101 0.0000000000
122247  -26.278  26.570  -51.479 0.0000000000
