#!ascii label  , from subject colin27_FS vox2ras=TkReg
1269
108081  -41.276  14.904  -35.581 0.0000000000
108082  -41.928  15.049  -35.327 0.0000000000
108086  -38.879  15.210  -35.941 0.0000000000
108087  -39.346  15.001  -36.082 0.0000000000
108088  -40.048  14.945  -36.113 0.0000000000
108089  -40.660  15.123  -36.016 0.0000000000
109272  -37.691  15.633  -33.900 0.0000000000
109291  -37.960  15.619  -34.818 0.0000000000
109292  -38.392  15.078  -35.122 0.0000000000
109311  -38.037  16.060  -35.370 0.0000000000
109312  -38.437  15.616  -35.654 0.0000000000
109313  -41.738  15.441  -35.771 0.0000000000
109326  -38.922  15.760  -36.495 0.0000000000
109327  -39.660  15.442  -36.665 0.0000000000
109328  -40.361  15.475  -36.589 0.0000000000
109329  -41.176  15.719  -36.351 0.0000000000
109330  -41.899  15.916  -36.098 0.0000000000
109336  -39.004  16.306  -36.984 0.0000000000
109337  -39.395  16.075  -37.090 0.0000000000
109338  -40.024  15.897  -37.157 0.0000000000
109339  -40.627  16.004  -36.983 0.0000000000
110100  -35.901  16.756  -6.073 0.0000000000
110112  -36.773  16.761  -7.047 0.0000000000
110357  -37.470  16.455  -32.363 0.0000000000
110372  -37.518  16.527  -33.403 0.0000000000
110394  -37.612  16.557  -34.370 0.0000000000
110413  -37.792  16.593  -35.209 0.0000000000
110436  -38.106  16.466  -35.785 0.0000000000
110437  -38.457  16.273  -36.218 0.0000000000
110457  -38.234  16.888  -36.330 0.0000000000
110458  -38.659  16.699  -36.813 0.0000000000
110459  -41.734  16.284  -36.589 0.0000000000
110469  -41.966  16.722  -36.968 0.0000000000
111218  -34.669  17.419  -5.390 0.0000000000
111219  -35.393  17.040  -5.787 0.0000000000
111228  -34.891  17.552  -6.188 0.0000000000
111229  -35.726  17.188  -6.517 0.0000000000
111230  -36.329  17.033  -6.978 0.0000000000
111238  -35.109  17.716  -6.869 0.0000000000
111239  -35.771  17.561  -7.370 0.0000000000
111240  -36.762  17.169  -7.529 0.0000000000
111241  -37.506  16.956  -7.935 0.0000000000
111249  -36.208  17.663  -8.044 0.0000000000
111250  -37.008  17.506  -8.423 0.0000000000
111251  -38.017  17.137  -8.607 0.0000000000
111252  -38.760  17.093  -9.060 0.0000000000
111261  -37.539  17.564  -9.050 0.0000000000
111262  -38.251  17.509  -9.364 0.0000000000
111263  -38.985  17.404  -9.551 0.0000000000
111274  -38.626  17.697  -9.833 0.0000000000
111275  -39.210  17.693  -10.071 0.0000000000
111466  -37.571  17.456  -31.796 0.0000000000
111484  -37.493  17.502  -32.906 0.0000000000
111500  -37.468  17.514  -33.951 0.0000000000
111516  -37.570  17.510  -34.939 0.0000000000
111535  -37.858  17.438  -35.912 0.0000000000
111556  -38.299  17.645  -36.857 0.0000000000
112475  -34.143  17.972  -5.852 0.0000000000
112482  -33.662  18.554  -6.423 0.0000000000
112483  -34.374  18.047  -6.717 0.0000000000
112490  -33.862  18.568  -7.334 0.0000000000
112491  -34.741  18.106  -7.622 0.0000000000
112492  -35.469  17.937  -8.134 0.0000000000
112499  -34.025  18.649  -8.164 0.0000000000
112500  -34.734  18.441  -8.770 0.0000000000
112501  -35.964  17.992  -8.888 0.0000000000
112502  -36.870  17.812  -9.188 0.0000000000
112508  -35.248  18.657  -9.797 0.0000000000
112509  -36.370  18.207  -9.851 0.0000000000
112510  -37.517  17.872  -9.767 0.0000000000
112511  -38.202  17.774  -9.843 0.0000000000
112517  -35.084  19.024  -10.464 0.0000000000
112518  -35.714  18.741  -10.806 0.0000000000
112519  -37.016  18.290  -10.678 0.0000000000
112520  -38.392  18.019  -10.445 0.0000000000
112521  -39.563  17.983  -10.676 0.0000000000
112528  -35.741  18.931  -11.455 0.0000000000
112529  -36.425  18.754  -11.692 0.0000000000
112530  -37.775  18.403  -11.482 0.0000000000
112531  -39.081  18.322  -11.337 0.0000000000
112538  -36.496  18.946  -12.334 0.0000000000
112539  -37.217  18.779  -12.487 0.0000000000
112540  -38.515  18.552  -12.219 0.0000000000
112541  -39.770  18.460  -12.095 0.0000000000
112547  -37.372  18.937  -13.068 0.0000000000
112548  -37.994  18.774  -13.026 0.0000000000
112549  -39.122  18.674  -12.938 0.0000000000
112550  -40.306  18.596  -12.916 0.0000000000
112559  -42.210  19.145  -14.563 0.0000000000
112710  -37.669  18.516  -31.235 0.0000000000
112736  -37.574  18.547  -32.407 0.0000000000
112754  -37.421  18.511  -33.517 0.0000000000
112772  -37.410  18.500  -34.578 0.0000000000
112791  -37.568  18.504  -35.594 0.0000000000
112807  -37.894  18.551  -36.554 0.0000000000
113662  -33.034  19.169  -6.119 0.0000000000
113671  -33.233  19.167  -7.072 0.0000000000
113678  -32.821  19.770  -7.791 0.0000000000
113679  -33.470  19.230  -7.967 0.0000000000
113685  -33.103  19.793  -8.519 0.0000000000
113686  -33.729  19.366  -9.010 0.0000000000
113687  -34.437  19.072  -9.567 0.0000000000
113693  -34.003  19.726  -10.006 0.0000000000
113694  -34.624  19.286  -10.245 0.0000000000
113700  -34.212  19.780  -10.674 0.0000000000
113701  -34.805  19.411  -11.055 0.0000000000
113702  -35.364  19.156  -11.378 0.0000000000
113708  -35.051  19.492  -11.695 0.0000000000
113709  -35.596  19.242  -11.916 0.0000000000
113710  -36.072  19.145  -12.293 0.0000000000
113715  -35.091  19.717  -12.224 0.0000000000
113716  -35.585  19.615  -12.687 0.0000000000
113717  -36.368  19.251  -12.834 0.0000000000
113718  -36.946  19.114  -13.127 0.0000000000
113723  -35.909  19.715  -13.285 0.0000000000
113724  -36.509  19.557  -13.605 0.0000000000
113725  -37.392  19.176  -13.601 0.0000000000
113726  -38.422  19.021  -13.689 0.0000000000
113727  -39.549  18.991  -13.650 0.0000000000
113728  -40.634  19.023  -13.668 0.0000000000
113729  -41.438  19.060  -13.894 0.0000000000
113735  -36.946  19.625  -14.148 0.0000000000
113736  -37.720  19.505  -14.393 0.0000000000
113737  -38.784  19.358  -14.352 0.0000000000
113738  -39.827  19.381  -14.349 0.0000000000
113739  -40.836  19.433  -14.376 0.0000000000
113740  -41.735  19.359  -14.529 0.0000000000
113741  -42.203  19.365  -14.880 0.0000000000
113747  -38.222  19.705  -14.905 0.0000000000
113748  -39.008  19.726  -15.033 0.0000000000
113749  -40.000  19.710  -15.088 0.0000000000
113750  -40.953  19.770  -15.069 0.0000000000
113751  -41.746  19.731  -15.203 0.0000000000
113752  -42.316  19.561  -15.470 0.0000000000
113872  -37.355  19.429  -29.496 0.0000000000
113888  -37.446  19.504  -30.620 0.0000000000
113911  -37.542  19.727  -31.841 0.0000000000
113925  -37.465  19.562  -33.080 0.0000000000
113943  -37.023  20.329  -34.756 0.0000000000
113944  -37.263  19.466  -34.167 0.0000000000
113959  -37.038  20.358  -35.558 0.0000000000
113960  -37.263  19.525  -35.285 0.0000000000
113973  -37.214  20.074  -35.987 0.0000000000
113974  -37.496  19.512  -36.295 0.0000000000
114851  -32.456  20.502  -8.715 0.0000000000
114852  -33.062  20.110  -9.162 0.0000000000
114857  -32.747  20.749  -9.733 0.0000000000
114858  -33.366  20.221  -9.842 0.0000000000
114863  -33.062  20.842  -10.385 0.0000000000
114864  -33.574  20.472  -10.842 0.0000000000
114865  -34.163  20.050  -11.257 0.0000000000
114871  -33.819  20.640  -11.814 0.0000000000
114872  -34.527  20.010  -11.917 0.0000000000
114878  -34.189  20.631  -12.430 0.0000000000
114879  -34.847  20.321  -12.887 0.0000000000
114880  -35.446  20.103  -13.317 0.0000000000
114886  -35.126  20.620  -13.854 0.0000000000
114887  -35.810  20.182  -13.925 0.0000000000
114888  -36.427  20.022  -14.219 0.0000000000
114893  -35.421  20.782  -14.427 0.0000000000
114894  -36.055  20.591  -14.691 0.0000000000
114895  -36.916  20.136  -14.725 0.0000000000
114896  -37.611  19.990  -15.012 0.0000000000
114901  -36.573  20.690  -15.204 0.0000000000
114902  -37.256  20.515  -15.363 0.0000000000
114903  -38.149  20.275  -15.464 0.0000000000
114904  -39.175  20.322  -15.742 0.0000000000
114905  -40.151  20.163  -15.674 0.0000000000
114906  -41.009  20.188  -15.694 0.0000000000
114907  -41.823  20.192  -15.777 0.0000000000
114908  -42.379  20.098  -16.046 0.0000000000
114913  -39.628  20.553  -16.075 0.0000000000
114914  -40.194  20.623  -16.203 0.0000000000
114915  -41.098  20.651  -16.271 0.0000000000
114916  -41.975  20.648  -16.361 0.0000000000
114917  -42.698  20.406  -16.700 0.0000000000
114923  -43.273  20.587  -17.340 0.0000000000
114924  -43.693  20.726  -17.877 0.0000000000
114933  -43.474  20.703  -18.721 0.0000000000
114944  -43.560  21.352  -19.644 0.0000000000
114951  -42.810  21.380  -20.521 0.0000000000
114990  -37.475  20.509  -25.930 0.0000000000
115000  -37.432  20.430  -26.829 0.0000000000
115013  -37.303  20.400  -27.820 0.0000000000
115026  -37.112  20.401  -28.884 0.0000000000
115047  -37.102  20.399  -29.982 0.0000000000
115065  -37.188  20.458  -31.004 0.0000000000
115089  -37.221  20.681  -31.779 0.0000000000
115108  -36.926  21.313  -33.398 0.0000000000
115109  -37.276  20.654  -32.669 0.0000000000
115130  -36.808  21.211  -34.360 0.0000000000
115131  -37.189  20.427  -33.759 0.0000000000
115148  -36.752  21.082  -35.343 0.0000000000
115159  -36.918  20.805  -36.361 0.0000000000
115160  -37.258  20.157  -36.412 0.0000000000
116070  -32.218  21.492  -9.625 0.0000000000
116078  -32.679  21.605  -10.520 0.0000000000
116079  -33.115  21.280  -10.934 0.0000000000
116086  -32.915  21.907  -11.260 0.0000000000
116087  -33.264  21.524  -11.727 0.0000000000
116093  -33.673  21.469  -12.534 0.0000000000
116094  -34.316  20.856  -12.910 0.0000000000
116100  -34.092  21.903  -13.423 0.0000000000
116101  -34.632  21.009  -13.791 0.0000000000
116108  -34.358  21.939  -14.499 0.0000000000
116109  -34.859  21.509  -14.660 0.0000000000
116110  -35.470  21.149  -14.884 0.0000000000
116117  -35.194  21.674  -15.210 0.0000000000
116118  -35.960  21.222  -15.374 0.0000000000
116119  -36.859  21.059  -15.748 0.0000000000
116120  -37.617  20.956  -15.915 0.0000000000
116121  -38.374  20.830  -16.053 0.0000000000
116128  -36.714  21.496  -16.113 0.0000000000
116129  -37.241  21.543  -16.357 0.0000000000
116130  -37.980  21.431  -16.473 0.0000000000
116131  -39.103  21.160  -16.583 0.0000000000
116132  -40.287  21.166  -16.719 0.0000000000
116133  -41.275  21.173  -16.797 0.0000000000
116134  -42.221  21.130  -16.910 0.0000000000
116135  -42.937  21.030  -17.173 0.0000000000
116142  -39.648  21.639  -17.186 0.0000000000
116143  -40.515  21.636  -17.297 0.0000000000
116144  -41.527  21.608  -17.398 0.0000000000
116145  -42.506  21.512  -17.535 0.0000000000
116146  -43.374  21.333  -17.762 0.0000000000
116147  -43.643  21.256  -18.424 0.0000000000
116154  -42.782  21.839  -18.115 0.0000000000
116155  -43.399  21.873  -18.579 0.0000000000
116156  -43.736  21.655  -19.292 0.0000000000
116164  -43.392  21.477  -20.249 0.0000000000
116165  -43.931  21.827  -20.260 0.0000000000
116169  -42.394  21.508  -21.054 0.0000000000
116170  -43.287  21.817  -21.068 0.0000000000
116171  -43.796  22.219  -20.754 0.0000000000
116177  -42.141  21.771  -21.846 0.0000000000
116178  -42.878  22.315  -22.019 0.0000000000
116186  -41.155  21.720  -22.667 0.0000000000
116187  -42.131  22.238  -22.788 0.0000000000
116188  -42.756  22.625  -22.791 0.0000000000
116193  -40.154  21.800  -23.311 0.0000000000
116194  -41.162  22.109  -23.369 0.0000000000
116195  -41.930  22.401  -23.513 0.0000000000
116201  -38.577  21.744  -24.377 0.0000000000
116212  -37.834  21.323  -25.215 0.0000000000
116213  -38.409  21.952  -25.022 0.0000000000
116225  -37.573  21.281  -26.179 0.0000000000
116236  -37.453  21.315  -27.141 0.0000000000
116246  -37.257  21.367  -28.187 0.0000000000
116259  -36.819  21.931  -30.001 0.0000000000
116260  -36.973  21.460  -29.331 0.0000000000
116284  -36.729  21.885  -30.702 0.0000000000
116285  -36.891  21.213  -30.402 0.0000000000
116307  -36.736  21.901  -31.460 0.0000000000
116308  -36.907  21.222  -31.260 0.0000000000
116329  -36.752  21.973  -32.195 0.0000000000
116330  -36.998  21.311  -32.025 0.0000000000
116352  -36.655  22.030  -32.956 0.0000000000
116353  -36.928  21.439  -32.663 0.0000000000
116367  -36.521  22.167  -33.880 0.0000000000
116384  -36.388  21.998  -34.938 0.0000000000
116397  -36.372  21.854  -35.985 0.0000000000
117299  -32.275  22.412  -10.394 0.0000000000
117307  -32.656  22.580  -11.193 0.0000000000
117308  -32.977  22.589  -11.879 0.0000000000
117316  -33.309  22.576  -12.615 0.0000000000
117324  -33.570  22.805  -13.496 0.0000000000
117333  -33.950  22.828  -14.456 0.0000000000
117334  -34.330  22.581  -14.929 0.0000000000
117340  -34.708  22.511  -15.486 0.0000000000
117341  -35.147  22.061  -15.540 0.0000000000
117347  -34.822  22.862  -16.052 0.0000000000
117348  -35.660  22.569  -16.398 0.0000000000
117349  -36.936  22.209  -16.865 0.0000000000
117350  -37.492  22.091  -16.943 0.0000000000
117351  -38.193  21.872  -17.006 0.0000000000
117357  -36.359  22.979  -17.441 0.0000000000
117358  -36.896  22.738  -17.606 0.0000000000
117359  -37.753  22.452  -17.548 0.0000000000
117360  -38.753  22.139  -17.480 0.0000000000
117361  -39.727  22.097  -17.756 0.0000000000
117362  -40.750  22.071  -17.904 0.0000000000
117363  -41.859  22.019  -18.027 0.0000000000
117370  -37.252  22.876  -18.103 0.0000000000
117371  -37.988  22.736  -18.283 0.0000000000
117372  -38.934  22.526  -18.267 0.0000000000
117373  -39.895  22.383  -18.467 0.0000000000
117374  -41.045  22.391  -18.629 0.0000000000
117375  -42.391  22.322  -18.838 0.0000000000
117376  -43.402  22.313  -19.426 0.0000000000
117377  -43.935  22.209  -19.941 0.0000000000
117385  -38.358  22.715  -18.734 0.0000000000
117386  -38.952  22.669  -19.062 0.0000000000
117387  -40.094  22.560  -19.229 0.0000000000
117388  -41.275  22.628  -19.502 0.0000000000
117389  -42.499  22.646  -19.879 0.0000000000
117390  -43.447  22.563  -20.277 0.0000000000
117391  -43.854  22.302  -20.510 0.0000000000
117396  -39.331  22.742  -19.704 0.0000000000
117397  -40.178  22.741  -20.059 0.0000000000
117398  -41.368  22.876  -20.517 0.0000000000
117399  -42.605  22.843  -20.786 0.0000000000
117400  -43.317  22.474  -21.119 0.0000000000
117401  -43.732  22.440  -20.766 0.0000000000
117405  -41.825  23.088  -21.245 0.0000000000
117406  -42.544  23.138  -21.657 0.0000000000
117407  -42.944  22.924  -22.377 0.0000000000
117413  -42.510  22.577  -23.323 0.0000000000
117414  -42.974  22.983  -23.411 0.0000000000
117419  -39.373  21.982  -23.856 0.0000000000
117420  -40.218  22.255  -23.879 0.0000000000
117421  -41.230  22.475  -23.990 0.0000000000
117422  -42.287  22.686  -24.084 0.0000000000
117423  -42.755  23.354  -24.294 0.0000000000
117429  -39.184  22.390  -24.465 0.0000000000
117430  -40.268  22.702  -24.440 0.0000000000
117431  -41.285  22.884  -24.635 0.0000000000
117432  -42.135  23.217  -24.833 0.0000000000
117433  -42.550  23.705  -24.931 0.0000000000
117442  -37.976  21.862  -25.623 0.0000000000
117443  -38.611  22.485  -25.414 0.0000000000
117452  -37.844  22.166  -26.350 0.0000000000
117453  -38.486  22.862  -26.100 0.0000000000
117463  -37.548  22.245  -27.403 0.0000000000
117475  -37.237  22.389  -28.424 0.0000000000
117488  -36.711  22.551  -30.131 0.0000000000
117489  -36.948  22.525  -29.369 0.0000000000
117510  -36.575  22.507  -30.846 0.0000000000
117535  -36.549  22.551  -31.595 0.0000000000
117545  -36.541  22.635  -32.374 0.0000000000
117561  -36.447  22.764  -33.151 0.0000000000
117572  -36.333  22.979  -33.788 0.0000000000
117584  -36.160  22.853  -34.490 0.0000000000
117598  -35.969  22.857  -35.520 0.0000000000
118563  -32.068  23.555  -10.563 0.0000000000
118571  -32.502  23.453  -11.241 0.0000000000
118572  -32.812  23.473  -11.810 0.0000000000
118578  -33.159  23.548  -12.540 0.0000000000
118585  -33.441  23.609  -13.394 0.0000000000
118593  -33.717  23.640  -14.364 0.0000000000
118594  -34.022  23.273  -14.875 0.0000000000
118601  -33.922  23.843  -15.081 0.0000000000
118602  -34.251  23.490  -15.515 0.0000000000
118611  -34.658  23.548  -16.339 0.0000000000
118612  -34.985  23.469  -16.691 0.0000000000
118621  -34.974  23.760  -16.951 0.0000000000
118622  -35.499  23.693  -17.453 0.0000000000
118623  -36.208  23.332  -17.787 0.0000000000
118629  -35.845  23.795  -18.053 0.0000000000
118630  -36.515  23.453  -18.378 0.0000000000
118631  -37.242  23.139  -18.625 0.0000000000
118636  -36.855  23.548  -19.031 0.0000000000
118637  -37.735  23.213  -19.287 0.0000000000
118638  -38.584  23.017  -19.728 0.0000000000
118640  -38.040  23.502  -20.201 0.0000000000
118641  -39.038  23.123  -20.408 0.0000000000
118642  -40.087  23.087  -20.907 0.0000000000
118643  -40.957  23.200  -21.269 0.0000000000
118644  -38.299  23.704  -20.883 0.0000000000
118645  -39.055  23.550  -21.311 0.0000000000
118646  -40.085  23.518  -21.792 0.0000000000
118647  -41.413  23.438  -21.967 0.0000000000
118648  -42.334  23.459  -22.524 0.0000000000
118649  -42.802  23.397  -23.048 0.0000000000
118652  -40.539  23.763  -22.461 0.0000000000
118653  -41.376  23.806  -22.953 0.0000000000
118654  -42.335  23.821  -23.265 0.0000000000
118655  -42.792  23.674  -23.740 0.0000000000
118659  -41.748  24.171  -23.573 0.0000000000
118660  -42.325  24.247  -23.964 0.0000000000
118661  -42.661  24.097  -24.584 0.0000000000
118665  -39.468  22.844  -24.918 0.0000000000
118666  -40.252  23.182  -25.006 0.0000000000
118667  -41.184  23.476  -25.218 0.0000000000
118668  -41.975  23.813  -25.380 0.0000000000
118669  -42.403  24.269  -25.351 0.0000000000
118674  -39.250  23.153  -25.550 0.0000000000
118675  -40.083  23.700  -25.645 0.0000000000
118676  -41.106  24.091  -25.865 0.0000000000
118677  -41.913  24.422  -25.770 0.0000000000
118678  -42.194  24.630  -25.820 0.0000000000
118683  -37.985  22.887  -26.725 0.0000000000
118684  -38.769  23.673  -26.384 0.0000000000
118685  -39.969  24.296  -26.176 0.0000000000
118686  -40.794  24.586  -26.250 0.0000000000
118694  -37.736  23.312  -27.530 0.0000000000
118695  -38.284  24.105  -27.208 0.0000000000
118704  -37.324  23.340  -28.703 0.0000000000
118714  -36.553  23.041  -30.268 0.0000000000
118715  -36.937  23.355  -29.620 0.0000000000
118723  -36.030  23.527  -31.180 0.0000000000
118724  -36.319  23.141  -30.863 0.0000000000
118747  -35.951  23.695  -31.818 0.0000000000
118748  -36.322  23.154  -31.736 0.0000000000
118766  -33.914  23.829  -32.931 0.0000000000
118767  -34.358  23.862  -33.237 0.0000000000
118768  -35.779  23.771  -32.597 0.0000000000
118769  -36.267  23.271  -32.510 0.0000000000
118789  -33.634  23.451  -33.492 0.0000000000
118790  -34.322  23.778  -33.575 0.0000000000
118791  -35.611  23.786  -33.393 0.0000000000
118792  -36.130  23.378  -33.274 0.0000000000
118804  -34.634  23.681  -34.226 0.0000000000
118805  -35.344  23.761  -34.141 0.0000000000
118806  -35.966  23.434  -34.011 0.0000000000
118818  -35.240  23.597  -34.980 0.0000000000
118819  -35.760  23.405  -34.799 0.0000000000
118832  -35.593  23.462  -35.495 0.0000000000
119838  -31.798  24.578  -10.645 0.0000000000
119850  -32.276  24.621  -11.306 0.0000000000
119851  -32.651  24.167  -11.687 0.0000000000
119859  -32.613  24.851  -11.878 0.0000000000
119860  -32.988  24.511  -12.339 0.0000000000
119868  -33.351  24.540  -13.198 0.0000000000
119876  -33.533  24.570  -14.112 0.0000000000
119884  -33.760  24.600  -15.041 0.0000000000
119885  -33.990  24.245  -15.552 0.0000000000
119894  -33.849  24.841  -15.796 0.0000000000
119895  -34.226  24.460  -16.301 0.0000000000
119901  -34.825  24.365  -17.300 0.0000000000
119902  -35.418  24.203  -17.910 0.0000000000
119906  -35.155  24.725  -18.128 0.0000000000
119907  -35.704  24.361  -18.695 0.0000000000
119908  -36.336  23.992  -19.046 0.0000000000
119909  -36.084  24.505  -19.377 0.0000000000
119910  -36.691  24.201  -19.674 0.0000000000
119911  -37.342  23.922  -20.068 0.0000000000
119914  -36.947  24.540  -20.328 0.0000000000
119915  -37.528  24.306  -20.779 0.0000000000
119919  -38.189  24.415  -21.574 0.0000000000
119920  -39.044  24.082  -22.081 0.0000000000
119921  -39.743  23.996  -22.484 0.0000000000
119924  -38.526  24.822  -22.262 0.0000000000
119925  -39.187  24.767  -22.773 0.0000000000
119926  -40.212  24.350  -23.102 0.0000000000
119927  -41.004  24.346  -23.579 0.0000000000
119931  -39.634  25.128  -23.394 0.0000000000
119932  -40.357  25.055  -23.945 0.0000000000
119933  -41.436  24.648  -24.227 0.0000000000
119934  -42.178  24.687  -24.700 0.0000000000
119935  -42.397  24.577  -25.151 0.0000000000
119937  -40.831  25.271  -24.645 0.0000000000
119938  -41.550  25.196  -24.945 0.0000000000
119939  -42.095  25.090  -25.450 0.0000000000
119940  -42.309  24.732  -25.628 0.0000000000
119944  -41.460  24.611  -26.143 0.0000000000
119945  -42.036  24.957  -26.142 0.0000000000
119946  -42.325  24.794  -25.949 0.0000000000
119950  -38.948  24.600  -26.694 0.0000000000
119951  -40.068  24.926  -26.387 0.0000000000
119952  -41.152  25.032  -26.326 0.0000000000
119953  -41.570  25.171  -26.238 0.0000000000
119960  -37.781  24.212  -28.088 0.0000000000
119961  -38.225  24.624  -27.311 0.0000000000
119968  -37.315  24.051  -29.084 0.0000000000
119975  -36.567  23.668  -30.082 0.0000000000
119976  -36.994  24.066  -29.660 0.0000000000
119983  -35.692  24.016  -31.033 0.0000000000
119984  -36.067  23.805  -30.479 0.0000000000
120000  -34.181  24.710  -32.115 0.0000000000
120001  -34.800  24.591  -32.054 0.0000000000
120002  -35.404  24.274  -31.780 0.0000000000
120023  -32.652  24.646  -32.617 0.0000000000
120024  -33.519  24.351  -32.537 0.0000000000
120025  -34.461  24.096  -32.789 0.0000000000
120026  -35.198  24.112  -32.696 0.0000000000
120050  -32.839  24.001  -32.963 0.0000000000
120051  -34.625  23.888  -33.498 0.0000000000
120052  -35.032  23.976  -33.445 0.0000000000
120071  -34.618  23.855  -33.830 0.0000000000
120072  -34.998  23.901  -34.007 0.0000000000
120978  -31.818  25.576  -10.948 0.0000000000
120990  -32.361  25.555  -11.715 0.0000000000
120991  -32.816  25.527  -12.345 0.0000000000
120998  -33.256  25.480  -12.995 0.0000000000
121006  -33.444  25.523  -13.852 0.0000000000
121014  -33.606  25.538  -14.749 0.0000000000
121020  -33.728  25.530  -15.592 0.0000000000
121021  -33.960  25.471  -16.347 0.0000000000
121026  -34.351  25.368  -17.125 0.0000000000
121028  -34.765  25.386  -17.954 0.0000000000
121029  -35.203  25.373  -18.734 0.0000000000
121031  -35.760  25.307  -19.561 0.0000000000
121032  -36.182  24.807  -19.761 0.0000000000
121034  -36.022  25.783  -20.014 0.0000000000
121035  -36.396  25.300  -20.281 0.0000000000
121036  -36.958  25.012  -20.780 0.0000000000
121039  -36.884  25.671  -20.869 0.0000000000
121040  -37.417  25.371  -21.365 0.0000000000
121043  -38.060  25.478  -22.038 0.0000000000
121044  -38.574  25.598  -22.644 0.0000000000
121048  -39.069  25.728  -23.252 0.0000000000
121049  -39.596  25.868  -23.866 0.0000000000
121051  -40.064  25.988  -24.686 0.0000000000
121052  -40.840  25.667  -25.243 0.0000000000
121053  -41.478  25.403  -25.511 0.0000000000
121057  -37.921  26.566  -26.466 0.0000000000
121058  -38.512  26.486  -26.288 0.0000000000
121059  -39.952  26.388  -25.755 0.0000000000
121060  -40.999  25.636  -25.833 0.0000000000
121061  -41.682  25.332  -25.934 0.0000000000
121065  -36.820  26.234  -26.925 0.0000000000
121066  -37.526  26.219  -26.735 0.0000000000
121067  -38.919  25.502  -26.473 0.0000000000
121068  -40.435  25.470  -26.152 0.0000000000
121069  -41.320  25.337  -26.161 0.0000000000
121070  -41.768  25.230  -26.146 0.0000000000
121074  -35.784  25.880  -27.533 0.0000000000
121075  -36.422  25.915  -27.353 0.0000000000
121076  -37.643  25.178  -27.536 0.0000000000
121077  -38.435  24.978  -26.996 0.0000000000
121082  -35.676  25.705  -28.065 0.0000000000
121083  -36.474  25.273  -28.491 0.0000000000
121084  -37.206  24.673  -28.773 0.0000000000
121089  -34.724  25.692  -29.649 0.0000000000
121090  -35.253  25.461  -29.317 0.0000000000
121091  -36.368  24.516  -29.710 0.0000000000
121092  -37.071  24.392  -29.367 0.0000000000
121099  -34.703  25.572  -30.203 0.0000000000
121100  -35.357  24.807  -30.680 0.0000000000
121101  -35.835  24.278  -30.435 0.0000000000
121106  -33.700  25.159  -31.867 0.0000000000
121107  -34.438  25.339  -31.348 0.0000000000
121108  -35.058  24.831  -31.511 0.0000000000
121122  -32.146  25.263  -32.674 0.0000000000
121123  -32.877  25.427  -32.138 0.0000000000
121949  -31.782  26.638  -10.939 0.0000000000
121950  -32.168  26.487  -11.527 0.0000000000
121965  -32.599  26.453  -12.224 0.0000000000
121966  -33.100  26.368  -12.824 0.0000000000
121982  -33.386  26.420  -13.531 0.0000000000
121994  -33.623  26.630  -14.455 0.0000000000
122000  -33.749  26.418  -15.351 0.0000000000
122002  -33.903  26.359  -16.133 0.0000000000
122003  -34.268  26.352  -16.896 0.0000000000
122005  -34.615  26.303  -17.692 0.0000000000
122008  -34.973  26.336  -18.496 0.0000000000
122009  -35.440  26.308  -19.263 0.0000000000
122012  -35.877  26.238  -19.838 0.0000000000
122016  -36.224  26.270  -20.260 0.0000000000
122017  -36.653  26.287  -20.675 0.0000000000
122020  -37.193  26.339  -21.108 0.0000000000
122021  -37.916  26.490  -21.712 0.0000000000
122022  -38.567  26.871  -22.156 0.0000000000
122025  -38.360  26.238  -22.296 0.0000000000
122026  -38.965  26.666  -22.766 0.0000000000
122027  -39.597  27.140  -23.234 0.0000000000
122031  -39.389  26.483  -23.436 0.0000000000
122032  -39.735  26.924  -24.026 0.0000000000
122034  -39.961  27.051  -24.859 0.0000000000
122036  -36.988  27.150  -26.294 0.0000000000
122037  -37.686  26.934  -26.303 0.0000000000
122038  -38.910  27.126  -25.790 0.0000000000
122039  -39.617  27.231  -25.317 0.0000000000
122043  -35.713  26.788  -26.742 0.0000000000
122044  -36.550  26.611  -26.702 0.0000000000
122045  -37.255  26.602  -26.616 0.0000000000
122049  -34.636  26.761  -27.682 0.0000000000
122050  -35.373  26.286  -27.343 0.0000000000
122051  -36.077  26.177  -27.051 0.0000000000
122055  -34.545  26.495  -28.265 0.0000000000
122056  -34.921  25.893  -28.547 0.0000000000
122064  -33.609  26.727  -29.807 0.0000000000
122065  -34.307  26.162  -29.441 0.0000000000
122066  -34.808  25.812  -29.103 0.0000000000
122072  -33.661  26.525  -30.428 0.0000000000
122073  -34.122  25.921  -30.686 0.0000000000
122077  -33.610  26.117  -31.422 0.0000000000
122078  -34.054  25.799  -31.175 0.0000000000
122087  -31.725  26.748  -32.962 0.0000000000
122088  -32.157  26.303  -32.573 0.0000000000
122089  -32.843  26.400  -31.983 0.0000000000
122105  -31.451  26.097  -33.136 0.0000000000
122106  -31.812  25.722  -32.847 0.0000000000
122866  -31.825  27.654  -10.704 0.0000000000
122867  -32.287  28.018  -11.271 0.0000000000
122876  -32.093  27.261  -11.290 0.0000000000
122877  -32.489  27.532  -11.934 0.0000000000
122887  -32.990  27.318  -12.703 0.0000000000
122888  -33.308  27.050  -13.205 0.0000000000
122904  -33.256  27.677  -13.215 0.0000000000
122905  -33.480  27.516  -13.835 0.0000000000
122924  -33.747  27.647  -14.584 0.0000000000
122931  -33.927  27.428  -15.218 0.0000000000
122932  -34.284  27.736  -15.880 0.0000000000
122938  -33.956  27.062  -15.856 0.0000000000
122939  -34.368  27.307  -16.522 0.0000000000
122942  -34.743  27.318  -17.408 0.0000000000
122943  -35.308  27.685  -17.975 0.0000000000
122946  -34.954  27.071  -18.128 0.0000000000
122947  -35.665  27.497  -18.778 0.0000000000
122948  -36.394  28.030  -18.974 0.0000000000
122951  -35.936  26.985  -19.697 0.0000000000
122952  -36.384  27.634  -19.499 0.0000000000
122955  -36.131  26.699  -20.067 0.0000000000
122956  -36.682  27.195  -20.308 0.0000000000
122957  -37.344  27.554  -20.476 0.0000000000
122960  -36.981  26.805  -20.806 0.0000000000
122961  -37.569  27.250  -20.949 0.0000000000
122962  -38.723  27.600  -21.637 0.0000000000
122963  -39.468  28.207  -21.764 0.0000000000
122966  -38.960  27.253  -22.288 0.0000000000
122967  -39.564  27.738  -22.501 0.0000000000
122971  -40.001  27.763  -23.472 0.0000000000
122973  -36.630  28.068  -25.045 0.0000000000
122974  -37.595  27.891  -24.835 0.0000000000
122975  -38.632  28.000  -24.677 0.0000000000
122976  -39.534  28.108  -24.553 0.0000000000
122977  -40.020  27.732  -24.315 0.0000000000
122979  -36.275  27.919  -25.860 0.0000000000
122980  -37.112  27.513  -25.699 0.0000000000
122981  -38.192  27.523  -25.410 0.0000000000
122982  -39.151  27.619  -25.100 0.0000000000
122983  -39.775  27.648  -24.896 0.0000000000
122985  -35.110  27.893  -26.725 0.0000000000
122986  -35.845  27.414  -26.442 0.0000000000
122987  -36.568  27.366  -26.254 0.0000000000
122989  -34.667  27.305  -27.289 0.0000000000
122990  -35.269  27.093  -26.821 0.0000000000
122993  -33.776  27.613  -28.437 0.0000000000
122994  -34.251  27.151  -28.001 0.0000000000
123002  -33.543  27.224  -29.274 0.0000000000
123003  -34.000  26.883  -28.651 0.0000000000
123008  -33.270  27.218  -30.144 0.0000000000
123013  -32.817  27.669  -31.463 0.0000000000
123014  -33.274  27.099  -30.992 0.0000000000
123022  -31.906  27.485  -32.697 0.0000000000
123023  -32.556  27.171  -32.107 0.0000000000
123024  -33.026  26.908  -31.617 0.0000000000
123040  -31.300  27.048  -33.286 0.0000000000
123774  -32.316  28.738  -10.695 0.0000000000
123790  -32.829  28.863  -11.654 0.0000000000
123791  -33.294  29.480  -11.905 0.0000000000
123805  -33.008  28.247  -12.511 0.0000000000
123806  -33.340  29.203  -12.420 0.0000000000
123812  -33.136  27.955  -12.955 0.0000000000
123813  -33.427  28.589  -13.299 0.0000000000
123829  -33.907  28.647  -14.387 0.0000000000
123830  -34.487  29.165  -14.776 0.0000000000
123843  -33.966  28.048  -14.908 0.0000000000
123844  -34.376  28.497  -15.354 0.0000000000
123853  -34.903  28.403  -16.369 0.0000000000
123854  -35.585  28.780  -16.671 0.0000000000
123862  -34.843  27.868  -16.944 0.0000000000
123863  -35.548  28.355  -17.363 0.0000000000
123864  -36.388  28.925  -17.369 0.0000000000
123867  -35.748  28.116  -18.133 0.0000000000
123868  -36.729  28.632  -18.219 0.0000000000
123869  -38.024  29.237  -18.319 0.0000000000
123870  -38.606  29.594  -18.287 0.0000000000
123872  -36.937  28.160  -19.285 0.0000000000
123873  -37.834  28.652  -19.052 0.0000000000
123874  -38.827  29.397  -18.877 0.0000000000
123875  -39.320  29.618  -19.069 0.0000000000
123878  -36.851  27.783  -19.812 0.0000000000
123879  -37.527  27.980  -20.008 0.0000000000
123880  -38.598  28.648  -19.819 0.0000000000
123881  -39.225  29.360  -19.669 0.0000000000
123885  -37.674  27.704  -20.537 0.0000000000
123886  -38.275  27.982  -20.642 0.0000000000
123887  -39.329  28.653  -20.874 0.0000000000
123891  -38.182  28.863  -22.808 0.0000000000
123892  -39.087  29.017  -22.724 0.0000000000
123893  -39.879  29.072  -22.583 0.0000000000
123894  -40.012  28.654  -21.963 0.0000000000
123898  -36.653  28.655  -23.763 0.0000000000
123899  -37.472  28.659  -23.440 0.0000000000
123900  -38.580  28.669  -23.397 0.0000000000
123901  -39.493  28.745  -23.279 0.0000000000
123902  -39.998  28.455  -22.955 0.0000000000
123904  -36.225  28.587  -24.418 0.0000000000
123905  -37.063  28.308  -24.249 0.0000000000
123906  -38.065  28.335  -24.110 0.0000000000
123907  -39.085  28.462  -24.021 0.0000000000
123908  -39.891  28.369  -23.834 0.0000000000
123910  -35.269  28.866  -25.719 0.0000000000
123911  -35.816  28.552  -25.319 0.0000000000
123913  -33.418  29.013  -27.092 0.0000000000
123914  -34.018  29.032  -26.909 0.0000000000
123915  -34.781  28.836  -26.364 0.0000000000
123916  -35.536  28.281  -26.108 0.0000000000
123918  -33.170  28.854  -27.604 0.0000000000
123919  -33.745  28.539  -27.402 0.0000000000
123920  -34.409  28.264  -27.089 0.0000000000
123923  -33.058  28.882  -28.357 0.0000000000
123924  -33.527  28.329  -28.077 0.0000000000
123925  -34.053  27.871  -27.719 0.0000000000
123929  -32.899  28.858  -29.245 0.0000000000
123930  -33.370  28.191  -28.885 0.0000000000
123934  -32.567  28.730  -30.156 0.0000000000
123935  -33.052  28.010  -29.720 0.0000000000
123940  -31.981  28.765  -31.651 0.0000000000
123941  -32.345  28.539  -31.115 0.0000000000
123942  -32.908  27.895  -30.623 0.0000000000
123948  -31.724  28.625  -32.340 0.0000000000
123949  -32.327  28.107  -31.979 0.0000000000
123965  -31.183  28.215  -33.170 0.0000000000
124758  -32.449  29.580  -10.198 0.0000000000
124766  -32.835  29.657  -10.891 0.0000000000
124767  -33.277  29.845  -11.516 0.0000000000
124782  -33.551  29.994  -12.136 0.0000000000
124797  -33.848  29.993  -13.080 0.0000000000
124798  -34.442  30.492  -13.349 0.0000000000
124812  -33.921  29.356  -13.749 0.0000000000
124813  -34.702  30.038  -14.117 0.0000000000
124814  -35.514  30.584  -14.298 0.0000000000
124824  -35.039  29.398  -15.171 0.0000000000
124825  -35.893  30.268  -14.912 0.0000000000
124826  -36.556  30.545  -15.084 0.0000000000
124835  -34.981  28.955  -15.777 0.0000000000
124836  -35.798  29.354  -16.057 0.0000000000
124837  -36.586  30.288  -15.727 0.0000000000
124845  -36.096  29.024  -16.895 0.0000000000
124846  -37.069  29.669  -17.081 0.0000000000
124847  -38.125  30.105  -17.779 0.0000000000
124848  -38.561  30.241  -18.083 0.0000000000
124850  -37.566  29.337  -17.847 0.0000000000
124851  -38.156  29.687  -17.902 0.0000000000
124852  -39.054  29.982  -18.297 0.0000000000
124853  -39.368  30.147  -18.840 0.0000000000
124855  -37.119  30.149  -20.074 0.0000000000
124856  -37.447  30.135  -20.068 0.0000000000
124857  -39.299  29.730  -18.791 0.0000000000
124858  -39.516  29.866  -19.181 0.0000000000
124861  -36.342  29.993  -20.680 0.0000000000
124862  -36.846  29.999  -20.451 0.0000000000
124863  -37.907  29.877  -20.486 0.0000000000
124864  -38.832  29.877  -20.652 0.0000000000
124865  -39.409  29.678  -20.335 0.0000000000
124869  -36.217  29.873  -21.109 0.0000000000
124870  -36.978  29.578  -21.320 0.0000000000
124871  -38.124  29.522  -21.404 0.0000000000
124872  -39.102  29.621  -21.390 0.0000000000
124873  -39.608  29.224  -21.465 0.0000000000
124876  -35.261  29.862  -22.515 0.0000000000
124877  -35.781  29.633  -22.183 0.0000000000
124878  -37.194  29.080  -22.472 0.0000000000
124879  -38.571  29.270  -22.159 0.0000000000
124880  -39.490  29.392  -22.099 0.0000000000
124881  -39.995  29.232  -22.019 0.0000000000
124885  -35.230  29.798  -23.042 0.0000000000
124886  -35.967  29.076  -23.472 0.0000000000
124887  -36.780  28.844  -23.284 0.0000000000
124891  -35.090  29.719  -24.148 0.0000000000
124892  -35.514  29.072  -24.682 0.0000000000
124896  -34.833  29.545  -25.397 0.0000000000
124897  -35.364  29.031  -25.302 0.0000000000
124901  -33.188  29.292  -27.310 0.0000000000
124902  -33.556  29.683  -27.083 0.0000000000
124903  -34.193  29.839  -26.405 0.0000000000
124907  -32.987  29.574  -27.715 0.0000000000
124908  -33.288  30.265  -27.388 0.0000000000
124912  -32.758  29.617  -28.647 0.0000000000
124918  -32.388  29.573  -29.586 0.0000000000
124923  -31.443  29.685  -30.920 0.0000000000
124924  -31.808  29.478  -30.587 0.0000000000
124928  -31.497  29.417  -31.505 0.0000000000
124929  -31.892  29.037  -31.216 0.0000000000
124933  -30.599  29.727  -32.873 0.0000000000
124934  -30.973  29.427  -32.635 0.0000000000
124944  -30.424  29.500  -33.365 0.0000000000
124945  -30.793  28.904  -33.237 0.0000000000
125732  -32.554  30.465  -10.469 0.0000000000
125739  -33.052  30.494  -11.142 0.0000000000
125740  -33.483  30.595  -11.729 0.0000000000
125746  -33.878  30.678  -12.333 0.0000000000
125755  -34.295  30.825  -12.900 0.0000000000
125756  -34.784  30.867  -13.397 0.0000000000
125769  -35.294  30.905  -13.905 0.0000000000
125770  -35.956  30.954  -14.391 0.0000000000
125771  -36.492  31.119  -14.773 0.0000000000
125772  -36.778  31.236  -14.994 0.0000000000
125785  -36.478  30.743  -14.778 0.0000000000
125786  -36.884  30.842  -15.218 0.0000000000
125787  -36.942  31.210  -15.592 0.0000000000
125798  -35.196  31.069  -16.983 0.0000000000
125799  -35.839  31.079  -16.779 0.0000000000
125800  -36.856  30.878  -16.345 0.0000000000
125801  -36.973  31.173  -16.014 0.0000000000
125808  -35.247  30.904  -17.423 0.0000000000
125809  -36.106  30.693  -17.379 0.0000000000
125810  -37.162  30.372  -17.588 0.0000000000
125811  -38.078  30.372  -18.108 0.0000000000
125812  -38.657  30.322  -18.338 0.0000000000
125814  -35.223  30.711  -18.154 0.0000000000
125815  -36.158  30.431  -18.321 0.0000000000
125816  -37.181  30.364  -18.590 0.0000000000
125817  -38.121  30.421  -18.805 0.0000000000
125818  -38.983  30.327  -18.890 0.0000000000
125819  -39.439  30.204  -19.206 0.0000000000
125821  -35.097  30.654  -19.133 0.0000000000
125822  -36.100  30.344  -19.382 0.0000000000
125823  -37.095  30.207  -19.715 0.0000000000
125824  -38.257  30.256  -19.642 0.0000000000
125825  -39.138  30.263  -19.596 0.0000000000
125826  -39.523  30.088  -19.734 0.0000000000
125830  -35.075  30.717  -20.220 0.0000000000
125831  -36.054  30.147  -20.490 0.0000000000
125832  -36.647  30.123  -20.209 0.0000000000
125833  -38.750  30.141  -20.101 0.0000000000
125834  -39.299  30.089  -20.099 0.0000000000
125835  -39.553  30.014  -20.068 0.0000000000
125839  -35.090  30.694  -21.296 0.0000000000
125840  -35.531  30.063  -21.567 0.0000000000
125843  -35.004  30.299  -22.362 0.0000000000
125844  -35.355  29.936  -22.027 0.0000000000
125846  -34.699  30.433  -23.575 0.0000000000
125848  -34.503  30.438  -24.677 0.0000000000
125851  -33.852  31.106  -26.158 0.0000000000
125852  -34.153  30.602  -25.804 0.0000000000
125856  -33.736  30.641  -26.704 0.0000000000
125857  -34.063  30.387  -26.338 0.0000000000
125861  -32.793  30.415  -27.966 0.0000000000
125862  -33.289  30.852  -27.407 0.0000000000
125864  -32.363  30.327  -28.930 0.0000000000
125870  -31.298  30.627  -29.993 0.0000000000
125871  -31.742  30.288  -29.839 0.0000000000
125877  -30.690  30.833  -30.983 0.0000000000
125878  -31.157  30.253  -30.721 0.0000000000
125879  -31.548  29.995  -30.365 0.0000000000
125884  -30.626  30.596  -31.548 0.0000000000
125885  -30.922  29.989  -31.910 0.0000000000
125888  -29.995  30.795  -32.963 0.0000000000
125889  -30.433  30.253  -32.615 0.0000000000
125890  -30.764  29.889  -32.386 0.0000000000
125900  -30.026  30.366  -33.526 0.0000000000
125901  -30.296  30.047  -33.179 0.0000000000
126721  -31.927  31.135  -10.783 0.0000000000
126722  -32.562  30.980  -11.068 0.0000000000
126726  -31.234  31.608  -11.333 0.0000000000
126727  -32.094  31.384  -11.492 0.0000000000
126728  -32.942  31.182  -11.654 0.0000000000
126729  -33.576  31.152  -12.026 0.0000000000
126731  -31.594  31.694  -11.925 0.0000000000
126732  -32.231  31.609  -12.219 0.0000000000
126733  -33.056  31.449  -12.372 0.0000000000
126734  -33.750  31.238  -12.623 0.0000000000
126736  -32.517  31.697  -12.754 0.0000000000
126737  -33.067  31.577  -13.105 0.0000000000
126738  -34.048  31.301  -13.383 0.0000000000
126739  -34.742  31.255  -13.801 0.0000000000
126741  -33.149  31.594  -13.954 0.0000000000
126742  -34.078  31.481  -14.234 0.0000000000
126743  -35.080  31.359  -14.462 0.0000000000
126744  -35.872  31.334  -14.863 0.0000000000
126745  -36.215  31.368  -14.772 0.0000000000
126746  -36.733  31.367  -15.316 0.0000000000
126748  -33.107  31.659  -14.874 0.0000000000
126749  -34.070  31.488  -15.142 0.0000000000
126750  -35.036  31.418  -15.396 0.0000000000
126751  -35.897  31.407  -15.530 0.0000000000
126752  -36.505  31.372  -15.578 0.0000000000
126753  -36.767  31.368  -15.666 0.0000000000
126755  -33.017  31.633  -15.871 0.0000000000
126756  -33.991  31.370  -16.137 0.0000000000
126757  -35.095  31.260  -16.417 0.0000000000
126758  -36.218  31.294  -16.111 0.0000000000
126759  -36.743  31.270  -15.992 0.0000000000
126760  -37.089  31.441  -15.914 0.0000000000
126762  -32.973  31.709  -16.908 0.0000000000
126763  -33.853  31.350  -17.129 0.0000000000
126764  -34.567  31.092  -17.347 0.0000000000
126766  -33.126  31.878  -17.663 0.0000000000
126767  -33.689  31.573  -18.195 0.0000000000
126768  -34.568  31.005  -17.991 0.0000000000
126770  -33.726  31.958  -19.296 0.0000000000
126771  -34.373  31.192  -18.808 0.0000000000
126775  -33.839  32.154  -19.847 0.0000000000
126776  -34.254  31.615  -19.935 0.0000000000
126780  -34.473  31.599  -21.046 0.0000000000
126783  -34.583  31.455  -22.082 0.0000000000
126785  -34.443  31.267  -23.093 0.0000000000
126787  -33.876  31.847  -24.567 0.0000000000
126788  -34.273  31.199  -24.103 0.0000000000
126791  -33.157  32.079  -25.884 0.0000000000
126792  -33.796  31.568  -25.583 0.0000000000
126793  -34.200  31.180  -24.986 0.0000000000
126795  -31.250  31.978  -27.012 0.0000000000
126796  -32.103  31.807  -26.844 0.0000000000
126797  -32.922  31.765  -26.672 0.0000000000
126798  -33.539  31.469  -26.389 0.0000000000
126800  -30.996  31.737  -27.860 0.0000000000
126801  -31.771  31.432  -27.624 0.0000000000
126802  -32.699  31.286  -27.466 0.0000000000
126803  -33.347  31.297  -27.016 0.0000000000
126805  -30.846  31.638  -28.758 0.0000000000
126806  -31.507  31.269  -28.492 0.0000000000
126807  -32.203  30.947  -28.271 0.0000000000
126812  -30.048  31.861  -29.876 0.0000000000
126813  -30.669  31.468  -29.597 0.0000000000
126814  -31.328  31.068  -29.422 0.0000000000
126815  -31.902  30.854  -29.037 0.0000000000
126820  -29.981  31.770  -30.707 0.0000000000
126821  -30.583  31.217  -30.454 0.0000000000
126822  -30.996  30.921  -30.030 0.0000000000
126826  -29.873  31.632  -31.520 0.0000000000
126827  -30.358  31.207  -31.192 0.0000000000
126830  -29.830  31.297  -32.424 0.0000000000
126831  -30.225  31.008  -31.864 0.0000000000
126843  -29.678  31.223  -33.249 0.0000000000
126857  -29.546  31.008  -33.908 0.0000000000
127723  -30.879  32.114  -12.148 0.0000000000
127724  -31.603  31.848  -12.334 0.0000000000
127726  -29.999  32.925  -13.067 0.0000000000
127727  -30.576  32.635  -13.310 0.0000000000
127728  -31.777  32.054  -12.938 0.0000000000
127729  -32.433  31.820  -13.113 0.0000000000
127731  -30.648  32.837  -14.436 0.0000000000
127732  -31.517  32.384  -13.985 0.0000000000
127733  -32.366  31.915  -13.613 0.0000000000
127735  -30.615  33.042  -15.419 0.0000000000
127736  -31.376  32.508  -15.022 0.0000000000
127737  -32.276  32.040  -14.509 0.0000000000
127739  -30.605  33.180  -15.964 0.0000000000
127740  -31.166  32.771  -16.117 0.0000000000
127741  -32.148  32.099  -15.517 0.0000000000
127743  -31.497  32.822  -16.988 0.0000000000
127744  -32.113  32.203  -16.574 0.0000000000
127747  -31.445  33.152  -17.373 0.0000000000
127748  -32.204  32.636  -17.792 0.0000000000
127749  -33.006  32.205  -18.140 0.0000000000
127752  -32.399  33.178  -18.519 0.0000000000
127753  -32.985  32.690  -18.841 0.0000000000
127756  -33.644  32.826  -19.882 0.0000000000
127757  -33.908  32.307  -20.130 0.0000000000
127761  -33.800  33.262  -20.421 0.0000000000
127762  -33.996  32.689  -20.730 0.0000000000
127765  -34.196  33.030  -22.608 0.0000000000
127766  -34.261  32.640  -21.870 0.0000000000
127768  -33.967  32.873  -23.177 0.0000000000
127769  -34.292  32.232  -22.766 0.0000000000
127772  -32.983  32.896  -24.512 0.0000000000
127773  -33.484  32.685  -23.952 0.0000000000
127774  -34.114  32.050  -23.647 0.0000000000
127777  -31.239  32.828  -25.841 0.0000000000
127778  -31.889  32.755  -25.657 0.0000000000
127779  -32.621  32.695  -25.261 0.0000000000
127780  -33.347  32.323  -24.990 0.0000000000
127782  -30.086  32.804  -26.818 0.0000000000
127783  -30.745  32.637  -26.420 0.0000000000
127784  -31.602  32.376  -26.314 0.0000000000
127785  -32.408  32.289  -26.138 0.0000000000
127787  -29.868  32.738  -27.543 0.0000000000
127788  -30.532  32.330  -27.290 0.0000000000
127791  -29.728  32.626  -28.459 0.0000000000
127792  -30.374  32.210  -28.161 0.0000000000
127795  -29.178  32.780  -29.751 0.0000000000
127796  -29.558  32.513  -29.350 0.0000000000
127797  -30.219  32.080  -29.041 0.0000000000
127800  -29.088  32.883  -30.400 0.0000000000
127801  -29.509  32.318  -30.175 0.0000000000
127804  -29.035  32.968  -31.333 0.0000000000
127805  -29.487  32.304  -31.009 0.0000000000
127815  -29.378  32.161  -31.904 0.0000000000
127827  -29.315  31.993  -32.836 0.0000000000
128650  -30.001  33.020  -13.342 0.0000000000
128653  -29.144  33.889  -14.139 0.0000000000
128654  -29.965  33.187  -13.873 0.0000000000
128656  -29.390  34.012  -15.136 0.0000000000
128657  -29.956  33.423  -14.850 0.0000000000
128659  -29.457  34.245  -15.644 0.0000000000
128660  -30.052  33.702  -15.956 0.0000000000
128661  -30.634  33.285  -16.252 0.0000000000
128663  -30.199  34.006  -16.512 0.0000000000
128664  -30.754  33.568  -16.856 0.0000000000
128667  -31.385  33.662  -17.730 0.0000000000
128668  -31.931  33.698  -18.402 0.0000000000
128671  -32.538  33.756  -18.916 0.0000000000
128672  -33.129  33.734  -19.538 0.0000000000
128675  -33.631  33.828  -20.215 0.0000000000
128678  -33.924  33.732  -20.798 0.0000000000
128679  -34.178  33.658  -21.419 0.0000000000
128682  -34.238  33.522  -22.899 0.0000000000
128683  -34.402  33.812  -22.271 0.0000000000
128686  -33.823  33.723  -23.321 0.0000000000
128687  -34.437  34.125  -22.923 0.0000000000
128690  -30.217  33.828  -25.062 0.0000000000
128691  -30.972  33.712  -24.889 0.0000000000
128692  -31.754  33.619  -24.704 0.0000000000
128693  -32.500  33.408  -24.504 0.0000000000
128694  -33.161  33.533  -23.946 0.0000000000
128696  -29.044  33.994  -25.971 0.0000000000
128697  -29.672  33.707  -25.679 0.0000000000
128698  -30.609  33.284  -25.622 0.0000000000
128699  -31.418  33.228  -25.305 0.0000000000
128700  -32.033  33.126  -25.078 0.0000000000
128702  -28.739  34.061  -26.457 0.0000000000
128703  -29.387  33.384  -26.713 0.0000000000
128704  -30.064  33.118  -26.220 0.0000000000
128706  -28.700  33.797  -27.308 0.0000000000
128707  -29.234  33.186  -27.860 0.0000000000
128710  -28.691  33.638  -28.355 0.0000000000
128711  -29.163  33.029  -28.809 0.0000000000
128713  -28.784  33.397  -29.514 0.0000000000
128714  -29.140  32.910  -29.350 0.0000000000
128717  -28.641  33.580  -30.640 0.0000000000
129525  -28.431  34.746  -14.339 0.0000000000
129526  -28.942  34.301  -14.758 0.0000000000
129528  -28.426  35.188  -14.919 0.0000000000
129529  -28.904  34.692  -15.313 0.0000000000
129531  -29.505  34.644  -16.101 0.0000000000
129532  -29.928  34.208  -16.376 0.0000000000
129534  -29.631  35.107  -16.485 0.0000000000
129535  -30.093  34.617  -16.773 0.0000000000
129536  -30.799  34.544  -17.489 0.0000000000
129538  -31.470  34.591  -18.130 0.0000000000
129539  -32.105  34.641  -18.733 0.0000000000
129541  -32.788  34.675  -19.260 0.0000000000
129542  -33.434  34.714  -19.855 0.0000000000
129545  -33.975  34.734  -20.671 0.0000000000
129546  -34.351  35.227  -20.950 0.0000000000
129549  -34.174  34.226  -21.106 0.0000000000
129550  -34.455  34.769  -21.483 0.0000000000
129553  -34.608  34.858  -22.483 0.0000000000
129556  -29.174  35.013  -24.073 0.0000000000
129557  -29.978  34.787  -23.926 0.0000000000
129558  -30.944  34.700  -23.768 0.0000000000
129559  -31.884  34.699  -23.738 0.0000000000
129560  -32.741  34.654  -23.703 0.0000000000
129561  -33.494  34.456  -23.588 0.0000000000
129562  -34.248  34.714  -23.217 0.0000000000
129564  -28.697  35.019  -24.599 0.0000000000
129565  -29.442  34.397  -24.827 0.0000000000
129566  -30.480  34.231  -24.430 0.0000000000
129567  -31.380  34.173  -24.283 0.0000000000
129568  -32.210  34.127  -24.201 0.0000000000
129569  -32.852  34.055  -24.023 0.0000000000
129571  -27.927  35.109  -25.716 0.0000000000
129572  -28.419  34.751  -25.582 0.0000000000
129573  -29.137  34.208  -25.510 0.0000000000
129576  -27.830  35.021  -26.192 0.0000000000
129577  -28.240  34.459  -26.748 0.0000000000
129580  -27.777  34.987  -27.208 0.0000000000
129581  -28.202  34.317  -27.792 0.0000000000
129584  -27.805  34.966  -28.282 0.0000000000
129585  -28.269  34.245  -28.876 0.0000000000
129588  -28.253  34.189  -29.962 0.0000000000
130419  -28.018  35.795  -14.444 0.0000000000
130421  -28.590  35.686  -15.424 0.0000000000
130422  -29.013  35.142  -15.792 0.0000000000
130424  -28.777  36.151  -15.882 0.0000000000
130425  -29.181  35.653  -16.215 0.0000000000
130427  -29.784  35.567  -16.790 0.0000000000
130428  -30.364  35.461  -17.275 0.0000000000
130429  -31.041  35.511  -17.811 0.0000000000
130431  -31.754  35.559  -18.361 0.0000000000
130432  -32.506  35.595  -18.855 0.0000000000
130434  -33.218  35.602  -19.378 0.0000000000
130435  -33.910  35.685  -19.981 0.0000000000
130436  -34.409  36.094  -20.322 0.0000000000
130439  -34.250  35.536  -20.603 0.0000000000
130440  -34.569  35.824  -20.991 0.0000000000
130443  -34.646  35.796  -21.870 0.0000000000
130447  -28.571  36.001  -23.304 0.0000000000
130448  -28.984  35.946  -23.091 0.0000000000
130449  -29.941  35.920  -22.832 0.0000000000
130450  -30.998  36.013  -22.890 0.0000000000
130451  -32.042  36.037  -22.931 0.0000000000
130452  -33.070  36.013  -22.911 0.0000000000
130453  -34.107  35.812  -22.760 0.0000000000
130456  -27.960  35.952  -23.897 0.0000000000
130457  -28.424  35.717  -23.765 0.0000000000
130458  -29.477  35.405  -23.453 0.0000000000
130459  -30.470  35.326  -23.316 0.0000000000
130460  -31.478  35.337  -23.305 0.0000000000
130461  -32.458  35.335  -23.328 0.0000000000
130462  -33.363  35.263  -23.345 0.0000000000
130463  -33.934  35.128  -23.389 0.0000000000
130466  -27.804  35.888  -24.330 0.0000000000
130467  -28.145  35.354  -24.818 0.0000000000
130470  -27.061  36.020  -25.574 0.0000000000
130471  -27.711  35.470  -25.375 0.0000000000
130472  -28.051  35.237  -25.267 0.0000000000
130475  -26.918  35.965  -25.995 0.0000000000
130476  -27.429  35.472  -26.638 0.0000000000
130481  -27.003  36.128  -27.021 0.0000000000
130482  -27.338  35.723  -27.676 0.0000000000
131302  -27.768  36.867  -14.555 0.0000000000
131303  -28.219  36.394  -15.018 0.0000000000
131305  -28.210  37.025  -15.083 0.0000000000
131306  -28.560  36.706  -15.574 0.0000000000
131309  -29.042  36.650  -16.137 0.0000000000
131310  -29.634  36.496  -16.631 0.0000000000
131311  -30.208  36.767  -16.925 0.0000000000
131314  -30.069  36.150  -17.074 0.0000000000
131315  -30.667  36.439  -17.388 0.0000000000
131316  -31.463  36.471  -17.879 0.0000000000
131318  -32.244  36.485  -18.349 0.0000000000
131319  -33.084  36.532  -18.808 0.0000000000
131320  -33.755  36.941  -19.025 0.0000000000
131322  -33.656  36.316  -19.378 0.0000000000
131323  -34.243  36.721  -19.694 0.0000000000
131324  -34.611  36.714  -20.500 0.0000000000
131327  -34.556  36.603  -21.265 0.0000000000
131331  -33.856  37.010  -22.010 0.0000000000
131332  -34.157  36.716  -21.953 0.0000000000
131336  -27.906  36.578  -23.227 0.0000000000
131337  -28.359  36.398  -23.126 0.0000000000
131338  -29.338  36.631  -22.569 0.0000000000
131339  -30.455  36.716  -22.434 0.0000000000
131340  -31.553  36.753  -22.547 0.0000000000
131341  -32.598  36.747  -22.563 0.0000000000
131342  -33.599  36.764  -22.298 0.0000000000
131343  -34.035  36.465  -22.381 0.0000000000
131346  -27.783  36.364  -23.666 0.0000000000
131347  -28.163  36.134  -23.490 0.0000000000
131350  -26.837  36.773  -24.871 0.0000000000
131351  -27.212  36.559  -24.435 0.0000000000
131353  -26.829  36.488  -25.360 0.0000000000
131354  -27.141  36.214  -25.113 0.0000000000
131363  -26.495  36.833  -26.707 0.0000000000
132226  -28.148  37.804  -14.861 0.0000000000
132227  -28.651  38.046  -15.293 0.0000000000
132242  -28.497  37.442  -15.343 0.0000000000
132243  -29.082  37.672  -15.805 0.0000000000
132244  -29.722  37.846  -16.193 0.0000000000
132259  -29.480  37.223  -16.292 0.0000000000
132260  -30.066  37.438  -16.574 0.0000000000
132261  -30.624  37.349  -17.010 0.0000000000
132271  -31.198  37.291  -17.396 0.0000000000
132272  -32.023  37.462  -17.777 0.0000000000
132273  -32.687  37.908  -18.056 0.0000000000
132282  -32.704  37.197  -18.281 0.0000000000
132283  -33.313  37.567  -18.576 0.0000000000
132284  -33.948  37.641  -19.167 0.0000000000
132292  -34.368  37.713  -20.092 0.0000000000
132293  -34.570  37.264  -20.857 0.0000000000
132298  -34.223  37.876  -21.007 0.0000000000
132299  -34.306  37.222  -21.447 0.0000000000
132304  -30.080  38.300  -21.701 0.0000000000
132305  -30.672  38.233  -21.726 0.0000000000
132306  -31.659  38.200  -21.876 0.0000000000
132307  -32.665  38.103  -21.988 0.0000000000
132308  -33.711  37.545  -21.799 0.0000000000
132309  -34.103  37.170  -21.729 0.0000000000
132313  -27.696  37.104  -23.021 0.0000000000
132314  -28.597  37.391  -22.422 0.0000000000
132315  -29.824  37.668  -21.977 0.0000000000
132316  -31.056  37.476  -22.074 0.0000000000
132317  -32.114  37.459  -22.252 0.0000000000
132318  -33.069  37.346  -22.233 0.0000000000
132319  -33.491  37.231  -22.120 0.0000000000
132322  -26.563  37.827  -24.096 0.0000000000
132323  -26.979  37.260  -23.838 0.0000000000
132326  -26.564  37.473  -24.606 0.0000000000
132327  -26.874  37.038  -24.338 0.0000000000
132334  -26.065  37.712  -25.865 0.0000000000
133271  -27.996  38.788  -14.474 0.0000000000
133272  -28.617  38.667  -14.924 0.0000000000
133287  -29.163  38.600  -15.312 0.0000000000
133288  -30.085  38.638  -15.722 0.0000000000
133289  -31.254  39.227  -15.797 0.0000000000
133290  -31.835  39.517  -15.917 0.0000000000
133302  -30.141  38.079  -16.297 0.0000000000
133303  -30.834  38.226  -16.503 0.0000000000
133304  -31.923  38.988  -16.479 0.0000000000
133305  -32.263  39.043  -16.843 0.0000000000
133311  -31.003  37.791  -17.057 0.0000000000
133312  -31.515  38.130  -17.142 0.0000000000
133313  -32.226  38.653  -17.409 0.0000000000
133322  -32.940  38.590  -18.418 0.0000000000
133323  -33.511  38.117  -18.839 0.0000000000
133333  -32.963  39.004  -19.021 0.0000000000
133334  -33.526  38.585  -19.442 0.0000000000
133341  -33.407  39.016  -20.987 0.0000000000
133342  -33.782  38.617  -20.500 0.0000000000
133347  -29.464  38.967  -21.655 0.0000000000
133348  -30.197  38.903  -21.603 0.0000000000
133349  -31.197  38.977  -21.597 0.0000000000
133350  -32.159  38.909  -21.657 0.0000000000
133351  -33.035  38.783  -21.486 0.0000000000
133352  -33.697  38.412  -21.178 0.0000000000
133356  -27.086  38.599  -23.012 0.0000000000
133357  -27.783  38.320  -22.544 0.0000000000
133358  -28.879  38.502  -21.922 0.0000000000
133359  -29.670  38.454  -21.721 0.0000000000
133363  -26.679  38.333  -23.619 0.0000000000
133364  -27.163  37.894  -23.134 0.0000000000
133368  -26.296  38.450  -24.398 0.0000000000
133376  -26.138  38.153  -25.059 0.0000000000
134309  -28.868  39.650  -14.483 0.0000000000
134310  -29.903  40.260  -14.470 0.0000000000
134311  -30.432  40.629  -14.493 0.0000000000
134319  -29.063  39.077  -14.935 0.0000000000
134320  -29.665  39.359  -14.948 0.0000000000
134321  -30.718  39.979  -15.005 0.0000000000
134322  -31.559  39.982  -15.608 0.0000000000
134331  -32.124  39.835  -16.151 0.0000000000
134332  -32.221  39.452  -16.905 0.0000000000
134343  -32.009  39.661  -17.936 0.0000000000
134344  -32.185  39.397  -17.780 0.0000000000
134353  -32.010  39.635  -18.334 0.0000000000
134354  -32.526  39.319  -18.684 0.0000000000
134359  -32.116  39.695  -19.078 0.0000000000
134360  -32.699  39.476  -19.679 0.0000000000
134361  -33.265  39.145  -20.211 0.0000000000
134366  -32.196  39.976  -21.071 0.0000000000
134367  -32.691  39.631  -20.840 0.0000000000
134368  -33.327  39.145  -20.643 0.0000000000
134372  -28.989  39.373  -21.722 0.0000000000
134373  -29.679  39.622  -21.568 0.0000000000
134374  -30.631  39.725  -21.437 0.0000000000
134375  -31.788  39.780  -21.287 0.0000000000
134376  -32.455  39.337  -21.373 0.0000000000
134380  -26.768  39.133  -23.268 0.0000000000
134381  -27.254  39.336  -22.712 0.0000000000
134382  -28.169  39.521  -22.109 0.0000000000
134385  -26.353  39.285  -23.867 0.0000000000
135272  -29.343  40.653  -13.944 0.0000000000
135273  -30.040  41.142  -14.152 0.0000000000
135274  -30.687  41.037  -14.642 0.0000000000
135284  -30.985  40.737  -15.429 0.0000000000
135285  -31.560  40.386  -16.001 0.0000000000
135296  -30.043  40.834  -16.587 0.0000000000
135297  -30.628  40.727  -16.356 0.0000000000
135298  -31.749  40.190  -16.816 0.0000000000
135299  -32.107  39.793  -17.328 0.0000000000
135310  -29.319  40.898  -17.426 0.0000000000
135311  -29.757  40.751  -17.138 0.0000000000
135312  -30.777  40.380  -17.444 0.0000000000
135313  -31.727  39.898  -17.804 0.0000000000
135314  -32.065  39.723  -17.586 0.0000000000
135320  -29.320  40.829  -17.769 0.0000000000
135321  -29.867  40.614  -18.265 0.0000000000
135322  -30.809  40.298  -18.513 0.0000000000
135323  -31.535  39.983  -18.866 0.0000000000
135329  -30.172  40.638  -19.131 0.0000000000
135330  -30.838  40.508  -19.613 0.0000000000
135331  -31.843  40.144  -19.847 0.0000000000
135332  -32.324  39.932  -20.406 0.0000000000
135338  -31.124  40.554  -20.463 0.0000000000
135339  -31.940  40.214  -20.823 0.0000000000
135340  -32.342  39.974  -20.721 0.0000000000
135344  -28.899  40.247  -21.681 0.0000000000
135345  -29.908  40.416  -21.383 0.0000000000
135346  -30.959  40.454  -21.109 0.0000000000
135347  -31.591  40.223  -21.127 0.0000000000
135351  -26.620  40.111  -23.255 0.0000000000
135352  -27.441  40.351  -22.483 0.0000000000
135353  -28.174  40.492  -22.064 0.0000000000
136214  -30.492  41.456  -15.106 0.0000000000
136229  -30.331  41.180  -15.751 0.0000000000
136243  -29.701  41.108  -16.396 0.0000000000
136244  -30.278  41.024  -16.122 0.0000000000
136251  -28.929  41.139  -17.404 0.0000000000
136252  -29.441  40.960  -16.947 0.0000000000
136257  -28.135  41.676  -18.613 0.0000000000
136258  -28.983  41.126  -18.672 0.0000000000
136259  -29.559  40.941  -19.207 0.0000000000
136264  -28.487  41.777  -19.425 0.0000000000
136265  -29.067  41.547  -19.842 0.0000000000
136266  -29.931  41.086  -19.962 0.0000000000
136267  -30.502  40.879  -20.363 0.0000000000
136272  -29.333  41.635  -20.644 0.0000000000
136273  -29.984  41.233  -20.767 0.0000000000
136274  -30.594  40.877  -20.854 0.0000000000
136279  -28.151  41.876  -21.760 0.0000000000
136280  -28.989  41.312  -21.367 0.0000000000
136281  -30.201  40.905  -21.120 0.0000000000
136282  -30.611  40.784  -21.087 0.0000000000
136287  -26.883  41.245  -22.949 0.0000000000
136288  -27.850  41.361  -22.168 0.0000000000
136289  -28.490  40.882  -21.833 0.0000000000
137200  -28.523  42.187  -20.077 0.0000000000
137205  -28.257  42.779  -20.665 0.0000000000
137206  -28.766  42.148  -20.645 0.0000000000
137211  -28.201  42.408  -21.423 0.0000000000
137212  -28.882  41.944  -21.066 0.0000000000
137216  -27.082  42.198  -22.746 0.0000000000
137217  -27.631  42.353  -22.176 0.0000000000
