#!ascii label  , from subject colin27_FS vox2ras=TkReg
1868
96480  -5.129  5.508  21.565 0.0000000000
96481  -5.274  5.508  22.099 0.0000000000
97703  -4.830  6.918  22.234 0.0000000000
97704  -5.405  6.337  22.419 0.0000000000
97705  -6.441  6.386  22.602 0.0000000000
97720  -4.890  6.312  21.662 0.0000000000
97721  -5.113  6.055  22.135 0.0000000000
97735  -4.773  6.335  20.335 0.0000000000
97743  -4.720  6.341  19.081 0.0000000000
97752  -4.611  6.349  17.897 0.0000000000
98993  -4.941  7.649  22.526 0.0000000000
98994  -5.867  7.467  22.594 0.0000000000
98995  -6.928  7.450  22.470 0.0000000000
98996  -8.013  7.437  22.105 0.0000000000
98997  -8.845  7.374  21.779 0.0000000000
99007  -4.537  7.459  21.933 0.0000000000
99019  -4.478  7.359  20.950 0.0000000000
99029  -4.476  7.364  19.722 0.0000000000
99039  -4.456  7.353  18.491 0.0000000000
99050  -4.465  7.290  17.348 0.0000000000
99061  -4.524  7.101  16.519 0.0000000000
99077  -4.629  7.311  15.899 0.0000000000
99078  -5.177  7.425  15.438 0.0000000000
99079  -6.159  7.504  15.527 0.0000000000
99080  -7.258  7.568  15.625 0.0000000000
99081  -8.113  7.625  15.425 0.0000000000
99097  -8.509  7.668  14.927 0.0000000000
99110  -8.029  7.816  13.704 0.0000000000
99111  -8.390  7.615  14.251 0.0000000000
99131  -7.439  7.455  13.282 0.0000000000
100229  -4.789  8.728  22.570 0.0000000000
100230  -5.428  8.506  22.703 0.0000000000
100231  -6.392  8.465  22.594 0.0000000000
100232  -7.516  8.491  22.321 0.0000000000
100233  -8.816  8.429  21.933 0.0000000000
100234  -9.970  8.785  22.031 0.0000000000
100245  -4.489  8.270  22.220 0.0000000000
100246  -9.191  7.771  21.726 0.0000000000
100247  -9.684  7.943  21.717 0.0000000000
100259  -4.346  8.345  21.480 0.0000000000
100270  -4.367  8.388  20.348 0.0000000000
100281  -4.377  8.395  19.101 0.0000000000
100294  -4.320  8.341  17.857 0.0000000000
100309  -4.412  8.176  16.625 0.0000000000
100323  -4.713  8.377  15.729 0.0000000000
100324  -5.464  8.476  15.455 0.0000000000
100325  -6.518  8.543  15.587 0.0000000000
100326  -7.565  8.597  15.588 0.0000000000
100327  -8.269  8.646  15.248 0.0000000000
100336  -8.429  8.695  14.658 0.0000000000
100344  -7.685  8.423  13.473 0.0000000000
100345  -8.184  8.791  13.945 0.0000000000
101493  -4.786  9.396  22.555 0.0000000000
101494  -5.107  9.390  22.796 0.0000000000
101495  -5.888  9.387  22.712 0.0000000000
101496  -6.926  9.459  22.568 0.0000000000
101497  -8.078  9.596  22.345 0.0000000000
101498  -9.292  9.692  22.329 0.0000000000
101511  -4.504  9.248  22.101 0.0000000000
101522  -4.459  9.406  21.000 0.0000000000
101534  -4.431  9.466  19.751 0.0000000000
101545  -4.376  9.433  18.482 0.0000000000
101560  -4.329  9.386  17.264 0.0000000000
101574  -4.433  9.403  16.215 0.0000000000
101581  -4.884  9.482  15.537 0.0000000000
101582  -5.788  9.546  15.486 0.0000000000
101583  -6.882  9.587  15.632 0.0000000000
101584  -7.825  9.614  15.456 0.0000000000
101585  -8.346  9.662  15.021 0.0000000000
101592  -8.340  9.799  14.380 0.0000000000
101599  -7.633  9.420  13.452 0.0000000000
101600  -8.125  9.771  13.856 0.0000000000
102715  -4.828  10.815  23.072 0.0000000000
102716  -5.074  10.748  23.189 0.0000000000
102717  -5.682  10.726  23.185 0.0000000000
102718  -8.747  11.071  23.371 0.0000000000
102731  -4.820  10.310  22.701 0.0000000000
102732  -5.432  10.144  22.903 0.0000000000
102733  -6.349  10.319  22.846 0.0000000000
102734  -7.380  10.367  22.708 0.0000000000
102735  -8.510  10.742  22.904 0.0000000000
102746  -4.549  10.402  21.719 0.0000000000
102755  -4.518  10.658  20.474 0.0000000000
102763  -4.410  10.526  19.129 0.0000000000
102776  -4.336  10.476  17.910 0.0000000000
102789  -4.301  10.476  16.788 0.0000000000
102798  -4.520  10.541  15.878 0.0000000000
102805  -5.148  10.610  15.389 0.0000000000
102806  -6.155  10.619  15.495 0.0000000000
102807  -7.247  10.591  15.523 0.0000000000
102808  -8.065  10.585  15.278 0.0000000000
102809  -8.367  10.608  14.767 0.0000000000
102817  -8.372  10.666  14.306 0.0000000000
102824  -7.908  10.478  13.573 0.0000000000
102825  -8.290  10.363  13.982 0.0000000000
102837  -7.396  10.197  13.195 0.0000000000
104002  -4.828  11.986  24.379 0.0000000000
104003  -5.797  11.693  24.040 0.0000000000
104004  -6.589  11.659  24.070 0.0000000000
104005  -7.339  11.679  24.433 0.0000000000
104012  -4.833  11.444  23.297 0.0000000000
104013  -5.381  11.315  23.548 0.0000000000
104014  -6.428  11.135  23.393 0.0000000000
104015  -7.371  11.401  23.614 0.0000000000
104016  -8.325  11.331  23.700 0.0000000000
104021  -4.601  11.397  22.448 0.0000000000
104022  -6.908  10.741  22.967 0.0000000000
104023  -7.443  11.011  23.062 0.0000000000
104024  -7.952  11.236  23.235 0.0000000000
104031  -4.576  11.508  21.445 0.0000000000
104041  -4.586  11.761  20.602 0.0000000000
104049  -4.524  11.600  19.688 0.0000000000
104060  -4.393  11.531  18.559 0.0000000000
104068  -4.285  11.509  17.432 0.0000000000
104076  -4.315  11.559  16.406 0.0000000000
104082  -4.686  11.773  15.548 0.0000000000
104083  -5.427  11.787  15.279 0.0000000000
104084  -6.584  11.598  15.442 0.0000000000
104085  -7.627  11.518  15.402 0.0000000000
104086  -8.281  11.486  15.044 0.0000000000
104092  -4.774  12.316  15.253 0.0000000000
104093  -4.915  12.114  15.176 0.0000000000
104094  -8.422  11.425  14.421 0.0000000000
104097  -8.043  11.353  13.479 0.0000000000
104098  -8.313  11.102  13.899 0.0000000000
104107  -7.504  11.099  13.071 0.0000000000
105206  -5.818  12.512  27.733 0.0000000000
105267  -4.569  12.457  23.969 0.0000000000
105271  -4.572  12.426  23.169 0.0000000000
105275  -4.649  12.431  22.196 0.0000000000
105284  -4.731  12.484  21.209 0.0000000000
105294  -4.711  12.577  20.249 0.0000000000
105303  -4.556  12.573  19.208 0.0000000000
105309  -4.373  12.521  18.112 0.0000000000
105312  -4.294  12.520  17.059 0.0000000000
105315  -4.290  12.586  16.108 0.0000000000
105316  -5.395  12.331  15.131 0.0000000000
105317  -5.889  12.598  15.206 0.0000000000
105318  -7.096  12.445  15.388 0.0000000000
105319  -7.998  12.359  15.264 0.0000000000
105322  -4.592  12.720  15.436 0.0000000000
105323  -5.049  12.641  14.976 0.0000000000
105324  -5.410  13.086  14.957 0.0000000000
105325  -8.387  12.359  14.694 0.0000000000
105329  -7.878  11.767  13.264 0.0000000000
105330  -8.336  12.320  13.716 0.0000000000
105347  -7.450  12.334  12.851 0.0000000000
105348  -8.023  13.258  13.149 0.0000000000
106317  -3.602  13.688  26.518 0.0000000000
106318  -3.670  13.336  26.085 0.0000000000
106319  -8.361  13.328  25.209 0.0000000000
106331  -4.128  12.951  24.869 0.0000000000
106332  -8.232  13.642  24.542 0.0000000000
106333  -9.333  13.151  24.666 0.0000000000
106341  -4.435  13.343  24.005 0.0000000000
106342  -7.993  14.073  23.961 0.0000000000
106343  -8.888  13.683  23.808 0.0000000000
106344  -9.988  13.484  23.689 0.0000000000
106345  -11.080  13.578  23.658 0.0000000000
106346  -11.626  13.797  23.805 0.0000000000
106351  -4.694  13.533  22.967 0.0000000000
106352  -4.932  14.089  22.364 0.0000000000
106356  -4.889  13.318  21.882 0.0000000000
106357  -5.166  14.077  21.622 0.0000000000
106363  -5.037  13.356  20.935 0.0000000000
106364  -5.238  14.162  20.811 0.0000000000
106369  -4.939  13.691  19.936 0.0000000000
106370  -5.195  14.316  20.345 0.0000000000
106376  -4.574  13.522  18.776 0.0000000000
106379  -4.350  13.485  17.748 0.0000000000
106382  -4.307  13.494  16.755 0.0000000000
106385  -4.344  13.528  15.863 0.0000000000
106386  -6.671  13.310  15.227 0.0000000000
106387  -7.552  13.210  15.253 0.0000000000
106388  -8.208  13.038  15.040 0.0000000000
106393  -4.670  13.541  15.207 0.0000000000
106394  -5.112  13.586  14.853 0.0000000000
106395  -5.789  13.557  15.015 0.0000000000
106396  -7.937  13.630  14.990 0.0000000000
106397  -8.331  13.477  14.466 0.0000000000
106411  -8.305  13.790  13.646 0.0000000000
106426  -7.532  13.612  12.626 0.0000000000
106427  -8.099  14.210  12.963 0.0000000000
107440  -3.962  13.670  27.364 0.0000000000
107462  -3.573  13.610  27.066 0.0000000000
107484  -3.589  13.787  26.742 0.0000000000
107485  -4.068  14.171  26.553 0.0000000000
107504  -4.367  14.190  25.043 0.0000000000
107505  -5.611  14.514  25.093 0.0000000000
107506  -6.484  14.553  24.416 0.0000000000
107507  -11.937  13.910  23.943 0.0000000000
107519  -4.551  14.392  23.887 0.0000000000
107520  -5.601  15.230  24.206 0.0000000000
107521  -6.175  14.995  24.021 0.0000000000
107522  -7.265  14.684  23.598 0.0000000000
107523  -8.463  14.309  23.283 0.0000000000
107524  -9.501  14.063  23.090 0.0000000000
107525  -10.607  14.044  23.052 0.0000000000
107526  -11.749  14.406  23.383 0.0000000000
107527  -12.341  14.833  23.839 0.0000000000
107532  -4.704  14.697  23.011 0.0000000000
107533  -4.934  14.808  22.199 0.0000000000
107534  -8.119  14.872  22.821 0.0000000000
107535  -9.029  14.680  22.597 0.0000000000
107536  -10.068  14.589  22.470 0.0000000000
107537  -11.092  14.731  22.592 0.0000000000
107538  -11.606  14.937  22.809 0.0000000000
107543  -5.181  14.819  21.435 0.0000000000
107548  -5.265  14.817  20.694 0.0000000000
107552  -4.862  14.448  19.285 0.0000000000
107553  -5.166  14.633  20.018 0.0000000000
107557  -4.550  14.418  18.404 0.0000000000
107560  -4.392  14.436  17.437 0.0000000000
107563  -4.352  14.445  16.455 0.0000000000
107567  -4.449  14.436  15.567 0.0000000000
107568  -7.081  13.695  15.226 0.0000000000
107569  -7.417  13.877  15.107 0.0000000000
107575  -4.773  14.425  14.918 0.0000000000
107576  -5.414  14.417  14.750 0.0000000000
107577  -6.566  14.302  15.009 0.0000000000
107578  -7.691  14.449  14.763 0.0000000000
107579  -8.260  14.617  14.112 0.0000000000
107592  -8.318  14.843  13.420 0.0000000000
107596  -7.593  14.673  12.345 0.0000000000
107597  -8.227  15.157  12.771 0.0000000000
108725  -4.574  14.812  24.300 0.0000000000
108726  -4.765  15.001  24.490 0.0000000000
108727  -12.576  15.339  24.328 0.0000000000
108746  -4.608  15.467  23.689 0.0000000000
108747  -5.121  15.646  24.095 0.0000000000
108748  -5.809  15.748  23.608 0.0000000000
108749  -6.608  15.389  23.374 0.0000000000
108750  -11.852  15.077  22.956 0.0000000000
108751  -12.232  15.437  23.363 0.0000000000
108762  -4.638  15.663  22.674 0.0000000000
108763  -4.917  15.394  21.940 0.0000000000
108764  -6.453  15.950  23.052 0.0000000000
108765  -7.361  15.591  22.641 0.0000000000
108766  -8.509  15.325  22.219 0.0000000000
108767  -9.515  15.194  21.973 0.0000000000
108768  -10.573  15.254  21.972 0.0000000000
108769  -11.643  15.635  22.410 0.0000000000
108770  -12.183  15.962  22.914 0.0000000000
108775  -4.765  15.996  21.999 0.0000000000
108776  -5.119  15.609  21.255 0.0000000000
108777  -8.064  15.952  21.908 0.0000000000
108778  -8.922  15.847  21.580 0.0000000000
108779  -9.945  15.862  21.433 0.0000000000
108780  -10.910  16.031  21.603 0.0000000000
108781  -11.426  16.238  21.839 0.0000000000
108786  -5.207  15.379  20.364 0.0000000000
108791  -4.804  15.236  19.006 0.0000000000
108792  -5.060  15.211  19.651 0.0000000000
108796  -4.572  15.370  18.164 0.0000000000
108800  -4.447  15.410  17.120 0.0000000000
108803  -4.414  15.398  16.089 0.0000000000
108807  -4.519  15.363  15.161 0.0000000000
108812  -4.888  15.333  14.496 0.0000000000
108813  -5.749  15.368  14.522 0.0000000000
108814  -6.858  15.475  14.657 0.0000000000
108815  -7.821  15.530  14.338 0.0000000000
108816  -8.280  15.545  13.780 0.0000000000
108827  -8.428  15.722  13.218 0.0000000000
108830  -7.873  15.588  12.272 0.0000000000
108831  -8.310  16.022  12.644 0.0000000000
109816  -12.022  17.120  26.265 0.0000000000
109826  -12.524  16.214  24.924 0.0000000000
109841  -12.485  16.072  24.030 0.0000000000
109859  -4.498  16.404  23.101 0.0000000000
109860  -4.782  16.490  23.429 0.0000000000
109861  -5.265  16.338  23.529 0.0000000000
109862  -12.344  16.376  23.395 0.0000000000
109875  -4.565  16.557  22.435 0.0000000000
109876  -5.133  16.893  23.269 0.0000000000
109877  -5.765  16.604  22.954 0.0000000000
109878  -6.654  16.313  22.571 0.0000000000
109879  -11.788  16.623  22.008 0.0000000000
109880  -12.151  16.519  22.681 0.0000000000
109890  -4.808  16.604  21.470 0.0000000000
109891  -5.095  16.067  20.694 0.0000000000
109892  -6.393  16.901  22.299 0.0000000000
109893  -7.272  16.531  21.938 0.0000000000
109894  -8.228  16.639  21.392 0.0000000000
109895  -9.283  16.513  21.088 0.0000000000
109896  -10.316  16.775  20.991 0.0000000000
109897  -11.250  16.745  21.430 0.0000000000
109903  -4.896  16.711  20.370 0.0000000000
109904  -5.045  15.901  19.943 0.0000000000
109905  -8.716  17.111  20.920 0.0000000000
109906  -9.495  17.172  20.738 0.0000000000
109907  -9.999  17.266  20.675 0.0000000000
109913  -4.797  16.305  19.148 0.0000000000
109914  -4.919  15.664  19.438 0.0000000000
109917  -4.544  16.411  17.858 0.0000000000
109920  -4.482  16.409  16.712 0.0000000000
109923  -4.481  16.371  15.625 0.0000000000
109927  -4.623  16.338  14.673 0.0000000000
109932  -5.121  16.387  14.002 0.0000000000
109933  -6.093  16.334  14.228 0.0000000000
109934  -7.210  16.592  14.200 0.0000000000
109935  -8.084  16.339  13.946 0.0000000000
109936  -8.362  16.176  13.541 0.0000000000
109947  -5.649  16.988  13.843 0.0000000000
109948  -6.372  17.098  13.960 0.0000000000
109949  -6.939  17.266  14.024 0.0000000000
109950  -8.292  16.645  13.572 0.0000000000
109951  -8.470  16.603  13.109 0.0000000000
109955  -8.013  16.273  12.185 0.0000000000
109956  -8.267  16.850  12.418 0.0000000000
109961  -7.856  16.872  11.854 0.0000000000
109962  -8.162  17.185  12.068 0.0000000000
110892  -11.644  17.724  26.089 0.0000000000
110893  -12.058  17.102  25.965 0.0000000000
110903  -11.862  17.865  24.873 0.0000000000
110904  -12.157  17.077  25.372 0.0000000000
110917  -12.096  17.853  23.872 0.0000000000
110918  -12.275  16.970  24.244 0.0000000000
110936  -4.479  16.984  22.814 0.0000000000
110937  -4.544  16.875  23.127 0.0000000000
110938  -12.219  17.856  23.391 0.0000000000
110939  -12.266  17.317  23.238 0.0000000000
110952  -4.584  17.406  22.143 0.0000000000
110953  -4.800  17.381  22.842 0.0000000000
110954  -5.265  17.151  22.928 0.0000000000
110955  -11.696  17.459  21.621 0.0000000000
110956  -12.100  17.320  22.386 0.0000000000
110965  -4.628  17.604  21.033 0.0000000000
110966  -4.999  17.877  22.583 0.0000000000
110967  -5.553  17.540  22.381 0.0000000000
110968  -6.766  17.529  21.683 0.0000000000
110969  -7.512  17.064  21.490 0.0000000000
110970  -10.325  17.446  20.682 0.0000000000
110971  -10.987  17.562  20.899 0.0000000000
110976  -4.738  17.590  19.826 0.0000000000
110977  -7.030  17.974  21.322 0.0000000000
110978  -7.741  17.638  21.098 0.0000000000
110979  -8.793  17.795  20.651 0.0000000000
110980  -9.739  17.798  20.496 0.0000000000
110981  -10.408  17.943  20.514 0.0000000000
110988  -4.647  17.498  18.573 0.0000000000
110993  -4.556  17.466  17.354 0.0000000000
110997  -4.517  17.418  16.185 0.0000000000
111000  -4.489  17.365  15.074 0.0000000000
111004  -4.702  17.357  14.161 0.0000000000
111009  -5.184  17.504  13.683 0.0000000000
111010  -7.884  16.939  13.899 0.0000000000
111011  -8.156  16.810  13.737 0.0000000000
111022  -5.893  17.682  13.660 0.0000000000
111023  -6.692  17.749  13.820 0.0000000000
111024  -7.481  17.525  13.799 0.0000000000
111025  -8.209  17.293  13.452 0.0000000000
111026  -8.402  17.440  12.813 0.0000000000
111029  -8.280  17.583  12.221 0.0000000000
111032  -7.593  17.581  11.444 0.0000000000
111033  -8.046  17.471  11.827 0.0000000000
112099  -11.270  18.881  25.405 0.0000000000
112113  -11.789  18.731  24.262 0.0000000000
112130  -12.166  18.416  23.216 0.0000000000
112131  -12.265  17.851  23.149 0.0000000000
112145  -4.703  17.956  22.306 0.0000000000
112146  -4.801  17.927  22.467 0.0000000000
112147  -12.099  18.262  22.120 0.0000000000
112148  -12.247  17.826  22.808 0.0000000000
112156  -4.547  18.460  21.607 0.0000000000
112157  -4.995  18.455  22.215 0.0000000000
112158  -5.994  18.502  21.695 0.0000000000
112159  -6.683  18.160  21.464 0.0000000000
112160  -11.535  18.370  21.160 0.0000000000
112164  -4.520  18.615  20.451 0.0000000000
112165  -6.247  18.993  21.370 0.0000000000
112166  -6.889  18.597  21.148 0.0000000000
112167  -7.954  18.591  20.610 0.0000000000
112168  -9.011  18.599  20.349 0.0000000000
112169  -9.967  18.554  20.243 0.0000000000
112170  -10.806  18.488  20.527 0.0000000000
112176  -4.589  18.620  19.216 0.0000000000
112181  -4.598  18.562  17.960 0.0000000000
112185  -4.587  18.497  16.739 0.0000000000
112188  -4.528  18.427  15.560 0.0000000000
112192  -4.558  18.371  14.472 0.0000000000
112197  -4.866  18.388  13.652 0.0000000000
112207  -5.528  18.424  13.394 0.0000000000
112208  -6.366  18.412  13.501 0.0000000000
112209  -7.202  18.348  13.599 0.0000000000
112210  -7.970  18.341  13.255 0.0000000000
112211  -8.347  17.887  13.055 0.0000000000
112213  -8.132  18.866  12.781 0.0000000000
112214  -8.288  18.358  12.504 0.0000000000
112219  -7.739  18.081  11.383 0.0000000000
112220  -8.084  18.165  11.680 0.0000000000
112239  -7.802  18.328  11.343 0.0000000000
113361  -11.526  19.745  24.676 0.0000000000
113382  -12.009  19.720  23.588 0.0000000000
113383  -12.181  20.366  23.250 0.0000000000
113393  -12.200  19.262  22.497 0.0000000000
113394  -12.258  20.101  22.683 0.0000000000
113397  -4.743  19.291  21.614 0.0000000000
113398  -5.237  19.237  21.744 0.0000000000
113399  -5.771  19.337  21.445 0.0000000000
113400  -11.952  19.309  21.460 0.0000000000
113401  -12.230  19.848  21.971 0.0000000000
113405  -4.459  19.511  20.903 0.0000000000
113406  -6.319  19.436  21.109 0.0000000000
113407  -7.106  19.465  20.661 0.0000000000
113408  -8.176  19.592  20.195 0.0000000000
113409  -9.304  19.321  20.040 0.0000000000
113410  -10.314  19.361  20.053 0.0000000000
113411  -11.300  19.258  20.589 0.0000000000
113416  -4.473  19.666  19.782 0.0000000000
113417  -8.236  20.136  19.960 0.0000000000
113418  -8.738  20.008  19.873 0.0000000000
113419  -9.502  19.890  19.804 0.0000000000
113424  -4.513  19.672  18.524 0.0000000000
113432  -4.587  19.606  17.261 0.0000000000
113441  -4.598  19.517  16.029 0.0000000000
113451  -4.534  19.427  14.848 0.0000000000
113460  -4.667  19.384  13.803 0.0000000000
113469  -5.230  19.490  13.002 0.0000000000
113470  -6.137  19.180  13.150 0.0000000000
113471  -6.995  19.047  13.384 0.0000000000
113472  -7.511  18.788  13.311 0.0000000000
113476  -5.575  20.141  12.679 0.0000000000
113477  -6.067  19.957  12.801 0.0000000000
113478  -6.914  19.816  13.015 0.0000000000
113479  -7.731  19.330  12.890 0.0000000000
113480  -8.221  19.326  12.355 0.0000000000
113489  -8.267  19.136  11.734 0.0000000000
113507  -7.886  18.817  11.239 0.0000000000
114549  -11.778  20.416  24.315 0.0000000000
114550  -12.085  20.817  23.773 0.0000000000
114552  -12.401  20.843  22.967 0.0000000000
114554  -4.932  19.672  21.592 0.0000000000
114555  -5.247  19.813  21.442 0.0000000000
114556  -5.737  19.869  21.201 0.0000000000
114557  -12.180  19.994  21.438 0.0000000000
114558  -12.441  20.628  21.839 0.0000000000
114561  -4.770  20.074  21.196 0.0000000000
114562  -5.326  20.347  21.088 0.0000000000
114563  -6.154  20.214  20.753 0.0000000000
114564  -7.111  20.330  20.244 0.0000000000
114565  -7.833  20.288  20.005 0.0000000000
114566  -10.969  19.893  20.029 0.0000000000
114567  -11.852  20.271  20.612 0.0000000000
114568  -12.395  20.994  20.969 0.0000000000
114573  -4.554  20.585  20.240 0.0000000000
114574  -7.439  20.723  19.894 0.0000000000
114575  -8.126  20.603  19.750 0.0000000000
114576  -9.001  20.488  19.588 0.0000000000
114577  -10.056  20.300  19.648 0.0000000000
114578  -10.990  20.498  19.744 0.0000000000
114592  -4.425  20.748  19.017 0.0000000000
114607  -4.443  20.736  17.752 0.0000000000
114619  -4.571  20.642  16.479 0.0000000000
114630  -4.537  20.518  15.233 0.0000000000
114644  -4.493  20.405  14.054 0.0000000000
114659  -4.741  20.366  13.092 0.0000000000
114669  -5.282  20.536  12.579 0.0000000000
114670  -5.981  20.644  12.529 0.0000000000
114671  -6.763  20.540  12.664 0.0000000000
114672  -7.620  20.421  12.418 0.0000000000
114673  -8.063  19.876  12.400 0.0000000000
114682  -7.976  20.917  11.946 0.0000000000
114683  -8.163  20.272  11.734 0.0000000000
114698  -8.025  19.813  10.991 0.0000000000
115751  -12.380  21.650  23.529 0.0000000000
115753  -12.605  21.619  22.616 0.0000000000
115755  -12.694  21.630  21.609 0.0000000000
115757  -4.902  20.717  20.759 0.0000000000
115758  -5.437  20.913  20.620 0.0000000000
115759  -6.195  20.953  20.292 0.0000000000
115760  -6.846  20.992  19.964 0.0000000000
115761  -12.148  20.993  20.387 0.0000000000
115762  -12.582  21.583  20.511 0.0000000000
115776  -4.861  21.293  20.229 0.0000000000
115777  -5.465  21.495  20.122 0.0000000000
115778  -6.226  21.501  19.820 0.0000000000
115779  -7.250  21.359  19.559 0.0000000000
115780  -8.297  21.135  19.371 0.0000000000
115781  -9.240  21.008  19.252 0.0000000000
115782  -10.278  20.997  19.252 0.0000000000
115783  -11.558  21.236  19.601 0.0000000000
115784  -12.395  21.859  19.696 0.0000000000
115802  -4.456  21.729  19.349 0.0000000000
115803  -7.702  21.672  19.119 0.0000000000
115804  -8.427  21.595  18.904 0.0000000000
115805  -9.376  21.514  18.749 0.0000000000
115806  -10.398  21.565  18.739 0.0000000000
115807  -11.180  21.807  18.770 0.0000000000
115820  -4.156  21.841  18.159 0.0000000000
115829  -4.339  21.791  16.912 0.0000000000
115838  -4.501  21.656  15.636 0.0000000000
115848  -4.488  21.503  14.378 0.0000000000
115860  -4.586  21.371  13.224 0.0000000000
115875  -4.920  21.267  12.434 0.0000000000
115876  -5.744  21.476  12.133 0.0000000000
115877  -6.661  21.197  12.339 0.0000000000
115878  -7.194  20.939  12.411 0.0000000000
115897  -6.100  22.098  11.834 0.0000000000
115898  -6.673  21.910  11.949 0.0000000000
115899  -7.490  21.427  11.967 0.0000000000
115900  -8.000  21.350  11.420 0.0000000000
115915  -8.019  21.149  10.646 0.0000000000
116963  -12.803  22.524  22.384 0.0000000000
116965  -13.000  22.529  21.345 0.0000000000
116966  -13.202  22.963  20.856 0.0000000000
116981  -12.938  22.372  20.289 0.0000000000
116982  -13.241  23.057  20.163 0.0000000000
117000  -4.905  21.885  19.799 0.0000000000
117001  -5.465  22.056  19.621 0.0000000000
117002  -6.282  22.046  19.337 0.0000000000
117003  -7.037  22.033  19.127 0.0000000000
117004  -11.891  21.914  19.094 0.0000000000
117005  -12.622  22.564  19.253 0.0000000000
117006  -13.156  23.278  19.534 0.0000000000
117016  -4.760  22.451  19.239 0.0000000000
117017  -5.457  22.596  19.064 0.0000000000
117018  -6.359  22.572  18.724 0.0000000000
117019  -7.496  22.217  18.641 0.0000000000
117020  -8.481  22.082  18.344 0.0000000000
117021  -9.470  22.031  18.184 0.0000000000
117022  -10.468  22.101  18.148 0.0000000000
117023  -11.557  22.331  18.328 0.0000000000
117024  -12.331  22.951  18.310 0.0000000000
117034  -3.874  23.366  17.982 0.0000000000
117035  -4.083  22.948  18.356 0.0000000000
117036  -6.839  22.792  18.231 0.0000000000
117037  -7.602  22.667  17.956 0.0000000000
117038  -8.569  22.554  17.700 0.0000000000
117039  -9.580  22.538  17.560 0.0000000000
117040  -10.609  22.616  17.518 0.0000000000
117041  -11.550  22.911  17.571 0.0000000000
117042  -12.206  23.370  17.694 0.0000000000
117051  -3.833  23.457  17.691 0.0000000000
117052  -3.896  22.924  17.274 0.0000000000
117061  -4.191  22.802  16.045 0.0000000000
117070  -4.458  22.666  14.771 0.0000000000
117081  -4.549  22.490  13.471 0.0000000000
117095  -4.774  22.347  12.233 0.0000000000
117096  -5.118  21.816  11.969 0.0000000000
117118  -4.981  22.786  11.564 0.0000000000
117119  -5.547  22.446  11.703 0.0000000000
117120  -6.495  22.555  11.631 0.0000000000
117121  -7.373  22.456  11.467 0.0000000000
117122  -7.801  21.920  11.449 0.0000000000
117141  -7.749  22.884  11.087 0.0000000000
117142  -8.021  22.344  10.887 0.0000000000
117154  -8.042  22.334  10.041 0.0000000000
118237  -12.863  23.255  18.936 0.0000000000
118238  -13.229  23.905  19.276 0.0000000000
118246  -4.767  23.010  18.708 0.0000000000
118247  -5.405  23.127  18.448 0.0000000000
118248  -6.117  23.100  18.157 0.0000000000
118249  -12.796  23.735  18.364 0.0000000000
118250  -13.126  24.297  18.802 0.0000000000
118259  -3.968  23.590  17.869 0.0000000000
118260  -4.550  23.539  18.041 0.0000000000
118261  -5.446  23.627  17.708 0.0000000000
118262  -6.614  23.294  17.618 0.0000000000
118263  -7.665  23.149  17.279 0.0000000000
118264  -8.694  23.076  17.055 0.0000000000
118265  -9.731  23.082  16.942 0.0000000000
118266  -10.738  23.194  16.904 0.0000000000
118267  -11.641  23.526  17.035 0.0000000000
118268  -12.426  24.076  17.428 0.0000000000
118278  -3.803  23.984  17.412 0.0000000000
118279  -3.711  23.714  17.169 0.0000000000
118280  -5.927  23.883  17.132 0.0000000000
118281  -6.762  23.756  16.838 0.0000000000
118282  -7.807  23.619  16.575 0.0000000000
118283  -8.884  23.640  16.366 0.0000000000
118284  -9.947  23.606  16.359 0.0000000000
118285  -10.905  23.874  16.355 0.0000000000
118286  -11.765  24.202  16.661 0.0000000000
118287  -12.255  24.631  16.931 0.0000000000
118297  -3.694  24.219  16.920 0.0000000000
118298  -3.804  23.835  16.419 0.0000000000
118299  -9.380  23.974  15.934 0.0000000000
118300  -10.099  24.149  15.852 0.0000000000
118301  -10.759  24.435  15.908 0.0000000000
118310  -4.199  23.891  15.247 0.0000000000
118323  -4.486  23.668  13.903 0.0000000000
118336  -4.589  23.537  12.578 0.0000000000
118355  -4.776  23.400  11.600 0.0000000000
118356  -5.337  23.259  11.333 0.0000000000
118357  -6.285  23.344  11.312 0.0000000000
118358  -6.912  22.974  11.435 0.0000000000
118379  -6.831  23.873  11.020 0.0000000000
118380  -7.321  23.383  11.098 0.0000000000
118381  -7.870  23.238  10.739 0.0000000000
118395  -7.828  23.325  9.488 0.0000000000
118396  -8.073  23.229  10.199 0.0000000000
119464  -12.948  24.599  18.275 0.0000000000
119473  -4.085  24.049  17.613 0.0000000000
119474  -4.582  24.167  17.410 0.0000000000
119475  -5.233  24.232  17.125 0.0000000000
119476  -12.649  24.940  17.529 0.0000000000
119485  -3.931  24.646  17.059 0.0000000000
119486  -4.667  24.695  16.792 0.0000000000
119487  -5.740  24.559  16.437 0.0000000000
119488  -6.978  24.250  16.170 0.0000000000
119489  -7.981  24.134  15.967 0.0000000000
119490  -8.747  24.157  15.819 0.0000000000
119491  -11.300  24.465  16.184 0.0000000000
119492  -11.862  24.949  16.325 0.0000000000
119493  -12.365  25.174  16.884 0.0000000000
119504  -3.728  24.678  16.406 0.0000000000
119505  -3.817  24.481  15.839 0.0000000000
119506  -6.404  24.868  15.760 0.0000000000
119507  -7.312  24.722  15.585 0.0000000000
119508  -8.272  24.651  15.476 0.0000000000
119509  -9.299  24.585  15.498 0.0000000000
119510  -10.297  24.843  15.512 0.0000000000
119511  -11.202  25.020  15.781 0.0000000000
119512  -11.642  25.262  15.985 0.0000000000
119522  -3.712  24.961  15.836 0.0000000000
119523  -3.936  24.858  15.274 0.0000000000
119534  -4.319  24.754  14.364 0.0000000000
119542  -4.539  24.703  13.088 0.0000000000
119563  -4.552  24.782  11.513 0.0000000000
119564  -5.167  23.990  11.018 0.0000000000
119565  -5.690  23.736  11.157 0.0000000000
119583  -4.704  25.266  10.664 0.0000000000
119584  -5.216  24.858  10.657 0.0000000000
119585  -6.185  24.333  10.866 0.0000000000
119586  -7.326  24.246  10.556 0.0000000000
119587  -7.651  23.679  10.706 0.0000000000
119599  -7.791  24.265  9.770 0.0000000000
119600  -7.853  23.764  10.401 0.0000000000
119610  -7.555  24.423  8.867 0.0000000000
120654  -3.814  25.008  16.539 0.0000000000
120655  -4.145  25.182  16.454 0.0000000000
120656  -4.800  25.155  16.176 0.0000000000
120657  -11.853  25.407  16.110 0.0000000000
120658  -12.202  25.742  16.428 0.0000000000
120667  -3.831  25.219  16.105 0.0000000000
120668  -4.372  25.596  15.634 0.0000000000
120669  -5.464  25.511  15.462 0.0000000000
120670  -6.671  25.366  15.240 0.0000000000
120671  -7.688  25.258  15.091 0.0000000000
120672  -8.692  25.230  15.042 0.0000000000
120673  -9.694  25.351  15.074 0.0000000000
120674  -10.718  25.743  15.198 0.0000000000
120675  -11.635  25.764  15.788 0.0000000000
120676  -12.016  26.087  16.036 0.0000000000
120684  -3.942  25.288  15.561 0.0000000000
120685  -4.184  25.580  14.847 0.0000000000
120686  -6.172  25.969  14.852 0.0000000000
120687  -7.119  25.892  14.727 0.0000000000
120688  -8.139  25.847  14.657 0.0000000000
120689  -9.132  25.886  14.667 0.0000000000
120690  -10.026  26.035  14.767 0.0000000000
120691  -10.507  26.189  14.869 0.0000000000
120701  -4.428  25.692  13.754 0.0000000000
120718  -4.465  25.807  12.539 0.0000000000
120735  -4.383  26.000  11.548 0.0000000000
120743  -4.441  25.907  10.708 0.0000000000
120744  -5.152  25.783  10.227 0.0000000000
120745  -6.103  25.352  10.383 0.0000000000
120746  -6.810  25.002  10.404 0.0000000000
120749  -4.642  26.277  10.126 0.0000000000
120750  -4.987  26.326  9.931 0.0000000000
120751  -6.767  25.582  10.129 0.0000000000
120752  -7.327  25.330  9.850 0.0000000000
120755  -7.664  25.416  9.081 0.0000000000
120762  -7.429  25.566  8.363 0.0000000000
121700  -12.165  26.509  16.281 0.0000000000
121713  -4.542  26.086  14.936 0.0000000000
121714  -4.831  26.012  15.190 0.0000000000
121715  -10.825  26.375  14.918 0.0000000000
121716  -11.358  26.635  15.240 0.0000000000
121717  -11.846  26.417  15.823 0.0000000000
121729  -4.554  26.311  14.276 0.0000000000
121730  -5.270  26.556  14.533 0.0000000000
121731  -6.540  26.551  14.424 0.0000000000
121732  -7.611  26.502  14.331 0.0000000000
121733  -8.638  26.502  14.322 0.0000000000
121734  -9.602  26.564  14.409 0.0000000000
121735  -10.463  26.641  14.610 0.0000000000
121736  -10.960  26.758  14.793 0.0000000000
121751  -4.508  26.838  13.325 0.0000000000
121752  -4.656  26.908  14.096 0.0000000000
121765  -4.423  26.803  12.094 0.0000000000
121768  -4.241  26.777  11.101 0.0000000000
121771  -4.334  26.788  10.300 0.0000000000
121772  -6.046  25.991  10.103 0.0000000000
121773  -6.465  25.812  10.099 0.0000000000
121775  -4.781  26.795  9.812 0.0000000000
121776  -5.634  26.619  9.865 0.0000000000
121777  -6.756  26.290  9.762 0.0000000000
121778  -7.442  26.349  9.195 0.0000000000
121781  -7.518  26.481  8.468 0.0000000000
121786  -7.271  26.469  7.797 0.0000000000
122641  -11.620  27.535  15.210 0.0000000000
122642  -11.944  27.158  15.856 0.0000000000
122650  -5.482  27.248  14.041 0.0000000000
122651  -6.103  27.176  14.064 0.0000000000
122652  -7.116  27.158  14.002 0.0000000000
122653  -8.162  27.128  13.918 0.0000000000
122654  -9.182  27.164  13.979 0.0000000000
122655  -10.140  27.229  14.120 0.0000000000
122656  -11.065  27.446  14.520 0.0000000000
122665  -4.666  27.717  13.219 0.0000000000
122666  -4.992  27.459  13.765 0.0000000000
122667  -5.762  27.733  13.726 0.0000000000
122668  -6.655  27.797  13.698 0.0000000000
122669  -7.679  27.808  13.587 0.0000000000
122670  -8.745  27.818  13.530 0.0000000000
122671  -9.751  27.853  13.634 0.0000000000
122672  -10.556  27.927  13.865 0.0000000000
122677  -4.516  27.695  12.544 0.0000000000
122680  -4.341  27.682  11.564 0.0000000000
122683  -4.212  27.631  10.615 0.0000000000
122685  -4.430  27.559  9.819 0.0000000000
122686  -5.243  27.492  9.515 0.0000000000
122687  -6.473  27.508  9.326 0.0000000000
122688  -7.146  26.957  9.299 0.0000000000
122691  -6.936  28.097  8.868 0.0000000000
122692  -7.328  27.523  8.663 0.0000000000
122695  -7.071  27.155  7.322 0.0000000000
122696  -7.427  27.530  7.746 0.0000000000
122704  -7.128  27.823  7.092 0.0000000000
123571  -11.843  28.093  15.702 0.0000000000
123578  -11.668  28.390  14.848 0.0000000000
123585  -4.899  27.985  13.323 0.0000000000
123586  -5.344  28.269  13.315 0.0000000000
123587  -6.196  28.373  13.384 0.0000000000
123588  -7.152  28.456  13.301 0.0000000000
123589  -8.257  28.576  13.170 0.0000000000
123590  -9.371  28.590  13.198 0.0000000000
123591  -10.322  28.603  13.437 0.0000000000
123592  -11.182  28.693  13.929 0.0000000000
123598  -4.781  28.426  12.874 0.0000000000
123599  -5.295  28.946  12.882 0.0000000000
123600  -8.901  29.045  12.894 0.0000000000
123601  -9.475  29.242  12.885 0.0000000000
123606  -4.478  28.595  12.017 0.0000000000
123611  -4.285  28.593  11.047 0.0000000000
123614  -4.249  28.521  10.058 0.0000000000
123615  -4.746  28.399  9.275 0.0000000000
123616  -5.635  28.183  9.219 0.0000000000
123619  -5.369  28.760  8.899 0.0000000000
123620  -6.303  28.627  8.847 0.0000000000
123621  -7.137  28.643  8.473 0.0000000000
123624  -7.495  28.552  7.881 0.0000000000
123629  -6.778  28.367  6.630 0.0000000000
123630  -7.378  28.686  7.064 0.0000000000
124546  -11.658  29.475  14.496 0.0000000000
124552  -5.825  28.852  13.059 0.0000000000
124553  -6.591  29.018  12.973 0.0000000000
124554  -7.562  29.121  12.887 0.0000000000
124555  -8.351  29.230  12.803 0.0000000000
124556  -10.020  29.139  13.060 0.0000000000
124557  -10.750  29.572  13.227 0.0000000000
124558  -11.403  29.716  13.740 0.0000000000
124563  -4.897  29.487  12.353 0.0000000000
124564  -5.900  29.601  12.626 0.0000000000
124565  -7.018  29.732  12.593 0.0000000000
124566  -8.016  29.758  12.537 0.0000000000
124567  -9.000  29.694  12.599 0.0000000000
124568  -10.010  29.800  12.770 0.0000000000
124569  -10.551  30.031  12.883 0.0000000000
124573  -4.472  29.560  11.502 0.0000000000
124577  -4.319  29.576  10.505 0.0000000000
124581  -4.406  29.487  9.413 0.0000000000
124582  -4.821  29.152  8.849 0.0000000000
124585  -4.699  29.807  8.706 0.0000000000
124586  -5.533  29.573  8.590 0.0000000000
124587  -6.659  29.541  8.374 0.0000000000
124588  -7.366  29.414  7.977 0.0000000000
124590  -7.490  29.503  7.388 0.0000000000
124594  -6.957  29.234  6.360 0.0000000000
124595  -7.396  29.875  6.636 0.0000000000
124607  -7.009  30.050  6.053 0.0000000000
124608  -7.283  30.357  6.224 0.0000000000
125504  -11.634  30.469  14.033 0.0000000000
125510  -10.845  30.234  12.949 0.0000000000
125511  -11.247  30.449  13.250 0.0000000000
125516  -4.769  30.265  11.782 0.0000000000
125517  -5.450  30.592  12.022 0.0000000000
125518  -6.532  30.451  12.239 0.0000000000
125519  -7.574  30.432  12.243 0.0000000000
125520  -8.584  30.429  12.239 0.0000000000
125521  -9.580  30.499  12.361 0.0000000000
125522  -10.480  30.551  12.654 0.0000000000
125523  -10.962  30.613  12.856 0.0000000000
125527  -4.547  30.728  11.070 0.0000000000
125528  -4.894  30.807  11.663 0.0000000000
125531  -4.448  30.556  9.928 0.0000000000
125534  -4.513  30.540  8.955 0.0000000000
125537  -4.986  30.474  8.317 0.0000000000
125538  -6.037  30.643  8.126 0.0000000000
125539  -7.088  30.226  7.889 0.0000000000
125540  -7.413  29.898  7.600 0.0000000000
125543  -6.241  31.304  7.797 0.0000000000
125544  -6.836  31.057  7.653 0.0000000000
125545  -7.422  30.593  7.161 0.0000000000
125549  -7.413  30.777  6.354 0.0000000000
125568  -7.177  30.730  5.855 0.0000000000
126468  -11.479  31.350  13.494 0.0000000000
126474  -5.669  31.255  11.733 0.0000000000
126475  -6.231  31.162  11.856 0.0000000000
126476  -7.158  31.106  11.891 0.0000000000
126477  -8.147  31.102  11.882 0.0000000000
126478  -9.131  31.160  11.917 0.0000000000
126479  -10.132  31.447  12.162 0.0000000000
126480  -11.029  31.268  12.732 0.0000000000
126484  -4.746  31.755  10.950 0.0000000000
126485  -5.183  31.487  11.481 0.0000000000
126486  -5.950  31.794  11.634 0.0000000000
126487  -6.779  31.776  11.616 0.0000000000
126488  -7.717  31.768  11.580 0.0000000000
126489  -8.672  31.813  11.599 0.0000000000
126490  -9.479  31.893  11.730 0.0000000000
126493  -4.617  31.559  10.276 0.0000000000
126496  -4.579  31.477  9.350 0.0000000000
126498  -4.742  31.526  8.330 0.0000000000
126499  -5.210  31.048  8.016 0.0000000000
126503  -4.874  32.082  7.822 0.0000000000
126504  -5.524  31.701  7.789 0.0000000000
126505  -6.460  31.793  7.524 0.0000000000
126506  -7.152  31.684  7.145 0.0000000000
126519  -7.411  31.619  6.465 0.0000000000
126541  -6.862  31.300  5.336 0.0000000000
126542  -7.351  31.495  5.812 0.0000000000
126560  -6.791  32.049  4.951 0.0000000000
127381  -10.797  32.336  12.316 0.0000000000
127382  -11.338  32.231  12.971 0.0000000000
127384  -5.044  32.289  11.110 0.0000000000
127385  -5.673  32.498  11.286 0.0000000000
127386  -6.420  32.408  11.388 0.0000000000
127387  -7.280  32.421  11.327 0.0000000000
127388  -8.242  32.490  11.325 0.0000000000
127389  -9.203  32.586  11.419 0.0000000000
127390  -10.083  32.528  11.732 0.0000000000
127393  -4.866  32.546  10.472 0.0000000000
127394  -5.279  32.921  10.900 0.0000000000
127401  -4.706  32.275  9.746 0.0000000000
127415  -4.701  32.460  8.934 0.0000000000
127434  -4.737  32.626  8.081 0.0000000000
127435  -5.122  32.646  7.534 0.0000000000
127436  -6.014  32.616  7.381 0.0000000000
127437  -6.763  32.337  7.188 0.0000000000
127462  -6.618  32.899  6.996 0.0000000000
127463  -7.190  32.614  6.611 0.0000000000
127486  -7.175  32.027  5.316 0.0000000000
127487  -7.430  32.587  5.677 0.0000000000
127502  -6.457  32.730  4.446 0.0000000000
127503  -7.180  32.750  4.886 0.0000000000
127504  -7.430  33.097  5.138 0.0000000000
127520  -6.289  33.232  4.092 0.0000000000
128384  -11.120  33.143  12.632 0.0000000000
128387  -6.196  32.872  11.189 0.0000000000
128388  -6.799  32.993  11.056 0.0000000000
128389  -7.761  33.122  11.028 0.0000000000
128390  -8.757  33.282  11.110 0.0000000000
128391  -9.782  33.598  11.301 0.0000000000
128392  -10.623  33.408  11.935 0.0000000000
128395  -5.218  33.536  10.373 0.0000000000
128396  -6.044  33.487  10.815 0.0000000000
128397  -7.226  33.733  10.714 0.0000000000
128398  -8.265  33.887  10.779 0.0000000000
128399  -9.180  34.057  10.962 0.0000000000
128400  -9.669  34.169  11.092 0.0000000000
128415  -4.890  33.340  9.619 0.0000000000
128432  -4.841  33.577  8.561 0.0000000000
128451  -4.940  33.577  7.648 0.0000000000
128452  -5.483  33.484  7.115 0.0000000000
128453  -6.164  33.295  7.025 0.0000000000
128472  -5.960  33.799  6.810 0.0000000000
128473  -6.696  33.598  6.577 0.0000000000
128474  -7.367  33.508  5.975 0.0000000000
128486  -7.506  33.635  5.250 0.0000000000
128492  -6.518  33.387  4.124 0.0000000000
128493  -6.982  33.553  4.299 0.0000000000
128494  -7.364  33.436  4.785 0.0000000000
128504  -6.308  33.721  3.818 0.0000000000
128505  -6.661  33.717  3.992 0.0000000000
129322  -10.895  34.262  12.591 0.0000000000
129325  -9.925  34.262  11.163 0.0000000000
129326  -10.335  34.567  11.487 0.0000000000
129328  -5.115  34.110  9.882 0.0000000000
129329  -5.636  34.616  10.124 0.0000000000
129330  -6.756  34.488  10.389 0.0000000000
129331  -7.820  34.537  10.457 0.0000000000
129332  -8.800  34.669  10.598 0.0000000000
129333  -9.708  34.718  10.913 0.0000000000
129334  -10.123  35.065  11.095 0.0000000000
129348  -5.110  34.818  9.159 0.0000000000
129349  -5.411  35.238  9.636 0.0000000000
129367  -4.976  34.702  7.969 0.0000000000
129388  -5.199  34.561  6.961 0.0000000000
129389  -5.582  34.062  6.792 0.0000000000
129405  -5.547  35.037  6.511 0.0000000000
129406  -6.034  34.511  6.468 0.0000000000
129407  -7.037  34.479  5.884 0.0000000000
129408  -7.426  34.053  5.577 0.0000000000
129412  -7.255  34.996  5.426 0.0000000000
129413  -7.486  34.580  5.173 0.0000000000
129417  -7.151  34.081  4.141 0.0000000000
129418  -7.389  34.206  4.484 0.0000000000
129424  -6.178  34.647  3.311 0.0000000000
129425  -6.836  34.270  3.823 0.0000000000
129426  -7.205  34.350  4.066 0.0000000000
130207  -10.562  35.641  12.026 0.0000000000
130210  -10.279  35.556  11.226 0.0000000000
130213  -5.829  35.420  9.736 0.0000000000
130214  -6.531  35.278  9.966 0.0000000000
130215  -7.494  35.219  10.107 0.0000000000
130216  -8.406  35.254  10.227 0.0000000000
130217  -9.317  35.593  10.374 0.0000000000
130218  -9.953  35.410  10.825 0.0000000000
130228  -5.018  35.757  8.931 0.0000000000
130229  -5.446  35.983  9.278 0.0000000000
130230  -6.398  35.912  9.508 0.0000000000
130231  -7.324  35.851  9.612 0.0000000000
130232  -8.206  35.789  9.789 0.0000000000
130233  -8.747  35.712  10.023 0.0000000000
130246  -4.931  35.973  8.266 0.0000000000
130247  -5.009  36.184  8.811 0.0000000000
130261  -4.978  35.744  7.234 0.0000000000
130279  -5.305  35.602  6.565 0.0000000000
130280  -5.925  35.515  6.092 0.0000000000
130281  -6.455  34.986  5.990 0.0000000000
130297  -6.312  35.977  5.670 0.0000000000
130298  -6.835  35.469  5.563 0.0000000000
130299  -7.387  35.421  5.052 0.0000000000
130312  -7.458  35.221  4.430 0.0000000000
130316  -6.800  35.316  3.287 0.0000000000
130317  -7.264  34.876  3.901 0.0000000000
131104  -10.398  36.455  11.256 0.0000000000
131107  -9.679  36.582  10.030 0.0000000000
131108  -10.033  36.132  10.662 0.0000000000
131115  -5.766  36.588  8.945 0.0000000000
131116  -6.315  36.472  9.113 0.0000000000
131117  -7.152  36.411  9.195 0.0000000000
131118  -8.198  36.610  9.253 0.0000000000
131119  -8.963  36.245  9.762 0.0000000000
131129  -4.888  36.710  8.031 0.0000000000
131130  -5.305  36.837  8.472 0.0000000000
131131  -6.241  36.931  8.701 0.0000000000
131132  -7.072  36.865  8.794 0.0000000000
131133  -7.638  36.814  8.942 0.0000000000
131141  -4.781  36.951  7.340 0.0000000000
131142  -4.918  37.057  7.915 0.0000000000
131151  -5.011  36.667  6.287 0.0000000000
131152  -5.429  36.061  6.174 0.0000000000
131163  -5.216  37.014  5.654 0.0000000000
131164  -5.742  36.460  5.710 0.0000000000
131165  -6.694  36.394  5.207 0.0000000000
131166  -7.182  35.915  5.118 0.0000000000
131184  -7.008  36.787  4.736 0.0000000000
131185  -7.341  36.258  4.495 0.0000000000
131200  -7.343  35.987  3.529 0.0000000000
131979  -10.395  37.440  11.351 0.0000000000
131982  -9.866  37.099  9.831 0.0000000000
131983  -10.183  37.183  10.356 0.0000000000
131986  -8.671  37.165  8.958 0.0000000000
131987  -9.376  37.248  9.308 0.0000000000
131988  -9.930  37.405  9.743 0.0000000000
131995  -5.631  37.414  8.053 0.0000000000
131996  -6.170  37.366  8.255 0.0000000000
131997  -6.998  37.318  8.400 0.0000000000
131998  -8.085  37.395  8.555 0.0000000000
131999  -8.887  37.442  8.787 0.0000000000
132006  -4.645  37.991  6.920 0.0000000000
132007  -5.185  37.618  7.631 0.0000000000
132008  -6.090  37.795  7.728 0.0000000000
132009  -6.933  37.759  7.927 0.0000000000
132010  -7.488  37.651  8.170 0.0000000000
132017  -4.564  37.763  6.262 0.0000000000
132025  -4.874  37.725  5.339 0.0000000000
132026  -5.605  37.184  5.279 0.0000000000
132027  -6.126  36.840  5.276 0.0000000000
132039  -5.016  38.126  4.708 0.0000000000
132040  -5.549  37.760  4.802 0.0000000000
132041  -6.429  37.222  4.796 0.0000000000
132042  -7.147  37.173  4.317 0.0000000000
132060  -7.377  37.078  3.598 0.0000000000
132942  -10.309  38.251  10.583 0.0000000000
132946  -9.707  37.922  9.009 0.0000000000
132947  -10.071  38.065  9.543 0.0000000000
132952  -8.521  38.014  8.165 0.0000000000
132953  -9.225  38.061  8.479 0.0000000000
132954  -9.857  38.361  8.824 0.0000000000
132961  -4.757  38.437  6.664 0.0000000000
132962  -5.070  38.361  6.989 0.0000000000
132963  -5.848  38.297  7.188 0.0000000000
132964  -6.936  38.404  7.289 0.0000000000
132965  -7.887  38.152  7.799 0.0000000000
132966  -8.770  38.452  7.860 0.0000000000
132972  -4.611  38.594  6.227 0.0000000000
132973  -4.959  38.746  6.490 0.0000000000
132974  -5.619  38.757  6.613 0.0000000000
132975  -6.451  38.799  6.730 0.0000000000
132981  -4.513  38.638  5.421 0.0000000000
132989  -4.691  38.777  4.477 0.0000000000
132990  -5.463  38.386  4.377 0.0000000000
132991  -6.294  37.949  4.372 0.0000000000
132992  -6.799  37.582  4.330 0.0000000000
133009  -4.735  39.251  3.867 0.0000000000
133010  -5.280  38.978  3.883 0.0000000000
133011  -6.226  38.614  3.887 0.0000000000
133012  -7.021  37.931  3.815 0.0000000000
133022  -7.325  38.090  2.878 0.0000000000
133362  -5.163  38.986  -24.245 0.0000000000
133988  -10.344  39.038  9.866 0.0000000000
133993  -9.741  38.697  8.452 0.0000000000
133994  -10.125  39.100  8.814 0.0000000000
134001  -7.738  38.703  7.195 0.0000000000
134002  -8.437  38.923  7.301 0.0000000000
134003  -9.502  39.253  7.805 0.0000000000
134004  -9.986  39.574  8.292 0.0000000000
134012  -4.822  39.030  6.141 0.0000000000
134013  -5.332  39.183  6.121 0.0000000000
134014  -6.279  39.281  6.198 0.0000000000
134015  -7.590  39.409  6.459 0.0000000000
134016  -8.829  39.707  6.902 0.0000000000
134017  -9.336  39.931  7.208 0.0000000000
134023  -4.831  39.420  5.525 0.0000000000
134024  -5.863  39.665  5.553 0.0000000000
134025  -6.887  39.873  5.682 0.0000000000
134026  -7.493  40.040  5.776 0.0000000000
134034  -4.494  39.513  4.664 0.0000000000
134047  -4.425  39.753  3.789 0.0000000000
134048  -5.011  39.573  3.463 0.0000000000
134049  -5.974  39.343  3.384 0.0000000000
134050  -6.909  38.852  3.192 0.0000000000
134061  -4.679  40.138  3.110 0.0000000000
134062  -5.469  40.010  2.873 0.0000000000
134063  -6.525  39.698  2.642 0.0000000000
134064  -7.255  39.221  2.276 0.0000000000
134067  -7.272  39.508  1.508 0.0000000000
134383  -4.779  39.536  -23.511 0.0000000000
134384  -5.099  39.529  -23.829 0.0000000000
134389  -5.388  39.551  -24.337 0.0000000000
134398  -5.698  39.460  -25.124 0.0000000000
134399  -5.937  39.861  -25.585 0.0000000000
134407  -6.244  39.688  -26.284 0.0000000000
134420  -6.748  39.776  -26.956 0.0000000000
134421  -7.276  39.786  -27.597 0.0000000000
134432  -7.758  39.728  -28.309 0.0000000000
134433  -8.253  39.947  -28.806 0.0000000000
135009  -9.593  40.423  7.433 0.0000000000
135010  -9.977  39.976  8.011 0.0000000000
135018  -7.902  40.237  5.796 0.0000000000
135019  -8.571  40.514  6.124 0.0000000000
135020  -9.170  40.367  6.812 0.0000000000
135028  -4.735  40.054  4.726 0.0000000000
135029  -5.487  40.155  4.902 0.0000000000
135030  -6.480  40.302  5.021 0.0000000000
135031  -7.506  40.641  5.179 0.0000000000
135032  -8.141  40.676  5.563 0.0000000000
135041  -4.471  40.335  4.074 0.0000000000
135042  -5.141  40.558  4.250 0.0000000000
135043  -6.149  40.826  4.255 0.0000000000
135044  -6.878  40.763  4.653 0.0000000000
135055  -4.329  40.777  3.178 0.0000000000
135056  -4.924  40.964  3.663 0.0000000000
135057  -5.477  40.960  3.901 0.0000000000
135070  -4.856  40.693  2.643 0.0000000000
135071  -6.045  40.734  2.267 0.0000000000
135072  -7.066  40.167  2.044 0.0000000000
135073  -7.325  39.818  1.757 0.0000000000
135076  -6.372  41.131  1.750 0.0000000000
135077  -6.800  40.788  1.656 0.0000000000
135078  -7.207  40.378  1.252 0.0000000000
135354  -4.967  40.398  -23.362 0.0000000000
135355  -5.337  40.398  -23.767 0.0000000000
135361  -5.679  40.451  -24.411 0.0000000000
135362  -5.943  40.845  -24.800 0.0000000000
135370  -5.897  40.253  -25.066 0.0000000000
135371  -6.091  40.688  -25.521 0.0000000000
135378  -6.460  40.770  -26.365 0.0000000000
135392  -6.979  40.840  -27.095 0.0000000000
135393  -7.695  40.800  -27.816 0.0000000000
135394  -8.304  41.052  -28.270 0.0000000000
135406  -8.159  40.422  -28.397 0.0000000000
135407  -8.771  40.663  -28.877 0.0000000000
135408  -9.274  40.994  -29.435 0.0000000000
136015  -8.828  41.222  5.922 0.0000000000
136016  -9.235  41.284  6.563 0.0000000000
136024  -7.828  41.256  4.785 0.0000000000
136025  -8.401  41.372  5.264 0.0000000000
136026  -8.916  41.727  5.827 0.0000000000
136035  -6.502  41.328  3.881 0.0000000000
136036  -7.223  41.398  4.259 0.0000000000
136037  -7.999  41.677  4.531 0.0000000000
136048  -4.516  41.302  2.793 0.0000000000
136049  -4.872  41.374  3.048 0.0000000000
136050  -5.834  41.400  3.381 0.0000000000
136051  -6.721  41.670  3.591 0.0000000000
136068  -4.440  41.105  2.620 0.0000000000
136069  -5.113  41.404  2.450 0.0000000000
136070  -5.411  41.591  2.729 0.0000000000
136081  -5.961  41.620  1.732 0.0000000000
136082  -6.643  41.320  1.368 0.0000000000
136083  -7.014  40.969  1.237 0.0000000000
136087  -5.992  42.050  1.345 0.0000000000
136088  -6.399  41.887  1.120 0.0000000000
136089  -6.981  41.384  0.681 0.0000000000
136285  -4.833  41.382  -22.966 0.0000000000
136286  -5.191  41.737  -23.133 0.0000000000
136293  -5.172  41.071  -23.335 0.0000000000
136294  -5.587  41.448  -23.666 0.0000000000
136295  -6.007  41.838  -24.052 0.0000000000
136301  -5.893  41.231  -24.308 0.0000000000
136302  -6.160  41.627  -24.779 0.0000000000
136310  -6.266  41.757  -25.739 0.0000000000
136319  -6.543  41.878  -26.623 0.0000000000
136332  -7.209  42.033  -27.332 0.0000000000
136333  -8.060  41.833  -28.008 0.0000000000
136334  -8.795  41.615  -28.416 0.0000000000
136347  -9.300  41.576  -28.943 0.0000000000
136348  -9.582  41.649  -29.642 0.0000000000
136969  -8.808  42.410  5.343 0.0000000000
136970  -9.073  42.330  6.160 0.0000000000
136980  -7.850  42.086  4.067 0.0000000000
136981  -8.365  42.400  4.510 0.0000000000
136990  -6.529  42.008  3.121 0.0000000000
136991  -7.316  42.347  3.423 0.0000000000
136992  -8.026  42.686  3.817 0.0000000000
137006  -5.485  41.750  2.414 0.0000000000
137007  -5.992  42.099  2.508 0.0000000000
137008  -6.713  42.549  2.758 0.0000000000
137023  -5.532  42.028  2.030 0.0000000000
137024  -5.975  42.554  1.754 0.0000000000
137032  -5.820  42.170  1.560 0.0000000000
137033  -6.057  42.527  1.073 0.0000000000
137034  -6.692  42.369  0.526 0.0000000000
137214  -5.007  42.336  -22.790 0.0000000000
137215  -5.428  42.443  -23.119 0.0000000000
137221  -5.875  42.478  -23.598 0.0000000000
137222  -6.283  42.511  -24.175 0.0000000000
137228  -6.488  42.611  -25.002 0.0000000000
137235  -6.394  42.976  -26.017 0.0000000000
137244  -6.439  42.956  -26.995 0.0000000000
137258  -6.989  43.095  -27.408 0.0000000000
137259  -7.770  42.834  -27.722 0.0000000000
137260  -8.898  42.652  -28.157 0.0000000000
137261  -9.505  43.137  -28.414 0.0000000000
137274  -9.255  42.090  -28.575 0.0000000000
137275  -9.785  42.657  -29.048 0.0000000000
137276  -10.136  43.259  -29.524 0.0000000000
137291  -9.909  42.273  -30.053 0.0000000000
137292  -10.159  42.999  -29.932 0.0000000000
137306  -9.950  42.796  -30.585 0.0000000000
137864  -8.771  43.340  5.814 0.0000000000
137872  -8.612  43.298  4.824 0.0000000000
137880  -7.851  43.312  3.323 0.0000000000
137881  -8.316  43.332  4.030 0.0000000000
137891  -6.479  43.106  2.109 0.0000000000
137892  -7.211  43.183  2.714 0.0000000000
137906  -6.051  43.881  0.752 0.0000000000
137907  -6.092  43.395  1.272 0.0000000000
137918  -6.079  44.129  0.301 0.0000000000
137919  -6.412  43.313  0.417 0.0000000000
137920  -6.927  42.831  0.091 0.0000000000
137922  -6.057  44.384  -0.039 0.0000000000
137923  -6.438  44.027  -0.168 0.0000000000
138117  -5.219  43.314  -22.676 0.0000000000
138118  -5.739  43.348  -23.137 0.0000000000
138125  -6.215  43.295  -23.659 0.0000000000
138126  -6.553  43.358  -24.266 0.0000000000
138133  -6.725  43.647  -25.063 0.0000000000
138140  -6.584  44.048  -25.822 0.0000000000
138152  -6.282  44.078  -26.660 0.0000000000
138167  -6.574  43.895  -27.253 0.0000000000
138168  -7.363  43.784  -27.529 0.0000000000
138169  -8.356  43.656  -27.781 0.0000000000
138170  -9.256  43.671  -28.094 0.0000000000
138186  -9.832  43.685  -28.625 0.0000000000
138187  -10.167  43.709  -29.264 0.0000000000
138204  -10.300  43.715  -29.904 0.0000000000
138214  -10.162  43.528  -30.563 0.0000000000
138827  -8.203  44.643  4.454 0.0000000000
138828  -8.382  44.246  5.139 0.0000000000
138834  -8.032  44.307  3.672 0.0000000000
138835  -8.386  43.979  4.385 0.0000000000
138842  -7.016  43.810  2.237 0.0000000000
138843  -7.523  44.094  2.792 0.0000000000
138854  -6.120  44.119  1.102 0.0000000000
138855  -6.568  44.141  1.612 0.0000000000
138867  -5.987  44.477  0.715 0.0000000000
138869  -5.854  44.738  0.206 0.0000000000
138870  -6.238  44.773  -0.334 0.0000000000
139127  -5.573  44.229  -22.706 0.0000000000
139128  -6.192  44.326  -23.309 0.0000000000
139129  -6.550  44.892  -23.606 0.0000000000
139135  -6.467  43.828  -23.796 0.0000000000
139136  -6.761  44.382  -24.139 0.0000000000
139143  -6.990  44.706  -25.138 0.0000000000
139144  -7.095  45.213  -25.242 0.0000000000
139153  -6.565  44.956  -26.086 0.0000000000
139154  -6.924  45.087  -25.499 0.0000000000
139166  -6.076  45.023  -26.798 0.0000000000
139180  -6.206  44.814  -27.184 0.0000000000
139181  -6.904  44.697  -27.447 0.0000000000
139182  -7.901  44.585  -27.584 0.0000000000
139183  -8.911  44.513  -27.794 0.0000000000
139202  -9.702  44.514  -28.266 0.0000000000
139203  -10.228  44.520  -28.907 0.0000000000
139216  -10.439  44.496  -29.688 0.0000000000
139222  -10.366  44.386  -30.478 0.0000000000
139834  -8.006  45.268  5.132 0.0000000000
139837  -8.038  45.366  4.071 0.0000000000
139843  -7.078  44.563  2.223 0.0000000000
139844  -7.523  45.379  2.915 0.0000000000
139855  -6.181  44.686  1.191 0.0000000000
139856  -6.668  45.373  1.714 0.0000000000
139857  -7.159  46.215  2.298 0.0000000000
139869  -5.910  45.321  0.807 0.0000000000
139870  -6.170  46.098  1.224 0.0000000000
139876  -5.622  45.521  -0.099 0.0000000000
139877  -6.129  45.410  -0.624 0.0000000000
139897  -5.738  45.916  -0.721 0.0000000000
140125  -6.389  45.397  -23.197 0.0000000000
140132  -6.885  45.469  -23.876 0.0000000000
140133  -7.206  46.027  -24.171 0.0000000000
140139  -7.012  45.023  -24.462 0.0000000000
140140  -7.217  45.588  -24.804 0.0000000000
140149  -6.599  45.664  -26.151 0.0000000000
140150  -6.957  45.528  -25.598 0.0000000000
140165  -6.173  45.662  -26.631 0.0000000000
140179  -5.954  45.658  -27.113 0.0000000000
140180  -6.477  45.601  -27.400 0.0000000000
140181  -7.431  45.523  -27.515 0.0000000000
140182  -8.504  45.405  -27.634 0.0000000000
140200  -9.418  45.374  -27.951 0.0000000000
140201  -10.146  45.425  -28.515 0.0000000000
140209  -10.578  45.410  -29.335 0.0000000000
140216  -10.621  45.326  -30.282 0.0000000000
140843  -8.021  46.242  4.675 0.0000000000
140844  -8.258  47.028  4.398 0.0000000000
140847  -7.999  46.318  3.740 0.0000000000
140848  -8.257  47.165  3.615 0.0000000000
140854  -7.772  46.805  2.857 0.0000000000
140855  -8.234  47.364  3.108 0.0000000000
140873  -6.770  46.591  1.677 0.0000000000
140874  -7.376  46.887  2.142 0.0000000000
140885  -5.746  46.441  0.540 0.0000000000
140886  -6.277  46.765  1.156 0.0000000000
140902  -5.401  46.531  -0.416 0.0000000000
140921  -5.603  46.525  -1.230 0.0000000000
141150  -6.651  45.965  -23.303 0.0000000000
141151  -7.004  46.560  -23.587 0.0000000000
141160  -7.366  46.567  -24.569 0.0000000000
141171  -6.839  45.952  -25.925 0.0000000000
141172  -7.140  46.340  -25.551 0.0000000000
141191  -6.536  46.325  -26.374 0.0000000000
141192  -6.880  47.067  -26.141 0.0000000000
141203  -5.905  46.454  -26.923 0.0000000000
141204  -6.158  46.489  -27.287 0.0000000000
141205  -6.935  46.467  -27.462 0.0000000000
141206  -8.144  46.423  -27.538 0.0000000000
141207  -9.071  46.733  -27.644 0.0000000000
141220  -9.042  46.056  -27.722 0.0000000000
141221  -9.824  46.396  -28.049 0.0000000000
141230  -10.641  46.444  -28.843 0.0000000000
141231  -10.990  47.003  -29.349 0.0000000000
141241  -10.933  46.353  -29.896 0.0000000000
141242  -11.148  47.207  -29.857 0.0000000000
141805  -8.346  47.808  4.219 0.0000000000
141807  -8.447  47.870  3.466 0.0000000000
141811  -7.727  47.246  2.282 0.0000000000
141812  -8.214  47.737  2.569 0.0000000000
141831  -6.726  47.102  1.300 0.0000000000
141832  -7.481  47.576  1.580 0.0000000000
141833  -8.193  48.120  1.948 0.0000000000
141843  -5.503  47.391  -0.013 0.0000000000
141844  -6.475  47.494  0.770 0.0000000000
141845  -7.208  47.939  0.921 0.0000000000
141866  -4.725  48.472  -1.593 0.0000000000
141867  -4.970  47.575  -1.069 0.0000000000
141882  -4.764  48.112  -2.100 0.0000000000
141890  -4.997  48.295  -2.612 0.0000000000
142134  -7.428  47.501  -24.124 0.0000000000
142148  -7.402  47.496  -25.306 0.0000000000
142165  -6.177  47.278  -26.701 0.0000000000
142166  -6.731  47.992  -26.284 0.0000000000
142173  -5.951  47.425  -27.140 0.0000000000
142174  -6.452  47.421  -27.405 0.0000000000
142175  -7.429  47.391  -27.480 0.0000000000
142176  -8.531  47.425  -27.537 0.0000000000
142177  -9.518  47.422  -27.738 0.0000000000
142191  -10.396  47.435  -28.272 0.0000000000
142192  -10.890  47.876  -28.676 0.0000000000
142203  -10.870  47.293  -28.871 0.0000000000
142204  -11.174  47.774  -29.306 0.0000000000
142215  -11.045  47.057  -30.489 0.0000000000
142216  -11.305  47.939  -30.242 0.0000000000
142771  -8.238  48.684  4.092 0.0000000000
142773  -8.502  48.636  3.224 0.0000000000
142778  -8.496  48.679  2.367 0.0000000000
142797  -7.600  48.265  1.017 0.0000000000
142798  -8.181  48.682  1.428 0.0000000000
142811  -5.415  48.121  -0.483 0.0000000000
142812  -6.119  48.171  0.070 0.0000000000
142813  -7.159  48.541  0.419 0.0000000000
142814  -7.793  48.677  0.811 0.0000000000
142833  -4.638  48.819  -1.593 0.0000000000
142834  -5.108  48.765  -1.186 0.0000000000
142835  -6.031  48.698  -0.513 0.0000000000
142836  -6.603  48.668  -0.099 0.0000000000
142841  -4.311  49.005  -2.020 0.0000000000
142842  -4.655  49.046  -1.624 0.0000000000
142845  -4.695  48.855  -2.899 0.0000000000
142849  -4.972  49.179  -3.432 0.0000000000
143077  -7.650  48.475  -24.594 0.0000000000
143086  -7.310  48.678  -25.581 0.0000000000
143095  -5.229  49.050  -27.199 0.0000000000
143096  -5.604  48.549  -26.909 0.0000000000
143097  -6.616  49.052  -26.299 0.0000000000
143104  -5.353  49.045  -27.310 0.0000000000
143105  -5.903  48.513  -27.372 0.0000000000
143106  -6.819  48.339  -27.543 0.0000000000
143107  -7.894  48.296  -27.480 0.0000000000
143108  -8.969  48.291  -27.523 0.0000000000
143109  -9.937  48.311  -27.771 0.0000000000
143124  -10.647  48.409  -28.243 0.0000000000
143125  -11.168  48.529  -28.740 0.0000000000
143140  -11.447  48.694  -29.472 0.0000000000
143673  -8.168  49.313  3.713 0.0000000000
143680  -8.304  49.569  3.030 0.0000000000
143686  -8.505  49.532  2.141 0.0000000000
143706  -8.420  49.641  1.423 0.0000000000
143725  -7.435  49.072  0.190 0.0000000000
143726  -7.944  49.367  0.552 0.0000000000
143738  -5.484  49.323  -1.342 0.0000000000
143739  -6.033  49.235  -0.978 0.0000000000
143740  -7.064  49.372  -0.363 0.0000000000
143741  -7.833  50.022  -0.039 0.0000000000
143743  -4.511  49.528  -2.218 0.0000000000
143744  -5.015  49.571  -1.890 0.0000000000
143745  -6.001  49.704  -1.458 0.0000000000
143746  -6.555  49.648  -1.049 0.0000000000
143749  -4.460  49.751  -2.727 0.0000000000
143750  -4.659  49.765  -2.350 0.0000000000
143752  -4.740  49.742  -3.617 0.0000000000
143757  -4.865  50.116  -4.156 0.0000000000
143969  -7.924  49.426  -24.002 0.0000000000
143974  -7.749  49.372  -25.009 0.0000000000
143978  -6.683  50.306  -26.087 0.0000000000
143979  -7.074  49.759  -25.818 0.0000000000
143987  -4.982  50.013  -27.447 0.0000000000
143988  -5.217  49.655  -27.318 0.0000000000
143989  -6.122  49.899  -26.550 0.0000000000
143990  -6.619  49.558  -26.227 0.0000000000
143998  -5.070  49.989  -27.522 0.0000000000
143999  -5.447  49.570  -27.544 0.0000000000
144000  -6.279  49.302  -27.621 0.0000000000
144001  -7.277  49.183  -27.544 0.0000000000
144002  -8.331  49.144  -27.422 0.0000000000
144003  -9.364  49.151  -27.458 0.0000000000
144004  -10.388  49.245  -27.699 0.0000000000
144005  -11.098  49.718  -27.892 0.0000000000
144022  -11.004  49.061  -28.226 0.0000000000
144023  -11.459  49.515  -28.661 0.0000000000
144045  -11.672  49.620  -29.630 0.0000000000
144537  -8.169  50.182  2.615 0.0000000000
144545  -7.835  50.737  2.558 0.0000000000
144546  -8.291  50.418  1.974 0.0000000000
144549  -8.379  50.293  1.171 0.0000000000
144551  -8.145  50.422  0.492 0.0000000000
144553  -7.600  50.344  -0.569 0.0000000000
144554  -7.927  50.748  -0.109 0.0000000000
144557  -5.263  50.059  -2.176 0.0000000000
144558  -5.862  50.266  -2.044 0.0000000000
144559  -6.958  50.352  -1.351 0.0000000000
144562  -4.557  50.228  -2.863 0.0000000000
144563  -5.078  50.315  -2.650 0.0000000000
144564  -6.029  50.891  -2.593 0.0000000000
144567  -4.695  50.410  -3.364 0.0000000000
144568  -5.170  50.996  -3.434 0.0000000000
144572  -4.674  50.557  -4.216 0.0000000000
144576  -4.930  50.746  -4.778 0.0000000000
144773  -8.122  50.508  -23.422 0.0000000000
144774  -8.338  51.120  -23.730 0.0000000000
144778  -7.908  50.589  -24.859 0.0000000000
144779  -8.266  50.914  -24.067 0.0000000000
144783  -6.502  50.871  -26.316 0.0000000000
144784  -7.101  50.642  -25.780 0.0000000000
144794  -5.023  50.221  -27.526 0.0000000000
144795  -5.228  50.513  -26.940 0.0000000000
144796  -5.892  50.684  -26.655 0.0000000000
144797  -7.945  50.741  -27.108 0.0000000000
144798  -8.955  50.712  -26.852 0.0000000000
144799  -9.978  50.771  -26.804 0.0000000000
144800  -10.877  50.989  -26.988 0.0000000000
144801  -11.317  51.227  -27.168 0.0000000000
144808  -5.237  50.237  -27.630 0.0000000000
144809  -5.896  50.120  -27.626 0.0000000000
144810  -6.746  50.047  -27.574 0.0000000000
144811  -7.692  49.977  -27.404 0.0000000000
144812  -8.680  49.948  -27.221 0.0000000000
144813  -9.702  49.972  -27.163 0.0000000000
144814  -10.663  50.203  -27.327 0.0000000000
144815  -11.583  50.772  -27.803 0.0000000000
144816  -12.116  51.456  -28.025 0.0000000000
144837  -11.899  50.392  -28.996 0.0000000000
144838  -12.161  51.231  -28.631 0.0000000000
145304  -7.599  51.413  2.075 0.0000000000
145305  -8.171  50.811  1.606 0.0000000000
145312  -7.732  51.643  0.979 0.0000000000
145313  -8.127  51.000  1.128 0.0000000000
145315  -7.756  51.727  0.114 0.0000000000
145316  -8.018  51.138  0.408 0.0000000000
145318  -7.713  51.353  -0.785 0.0000000000
145319  -7.912  51.237  -0.104 0.0000000000
145322  -6.694  51.035  -2.203 0.0000000000
145323  -7.282  51.490  -1.852 0.0000000000
145327  -5.799  51.239  -3.149 0.0000000000
145328  -6.645  51.649  -2.928 0.0000000000
145329  -7.050  51.600  -2.424 0.0000000000
145333  -4.834  51.245  -4.045 0.0000000000
145334  -5.729  51.798  -3.899 0.0000000000
145335  -6.234  51.748  -3.435 0.0000000000
145340  -4.882  51.187  -4.799 0.0000000000
145341  -5.271  51.833  -4.726 0.0000000000
145554  -8.199  51.583  -22.565 0.0000000000
145558  -8.086  51.034  -22.694 0.0000000000
145559  -8.315  51.485  -23.302 0.0000000000
145563  -7.795  51.543  -24.930 0.0000000000
145564  -8.176  51.563  -24.243 0.0000000000
145574  -6.488  51.454  -26.263 0.0000000000
145575  -7.161  51.529  -25.684 0.0000000000
145585  -4.973  50.420  -27.694 0.0000000000
145586  -5.449  50.381  -27.574 0.0000000000
145587  -5.998  51.273  -26.875 0.0000000000
145588  -7.081  51.454  -27.064 0.0000000000
145589  -8.186  51.501  -26.732 0.0000000000
145590  -9.248  51.485  -26.542 0.0000000000
145591  -10.253  51.538  -26.518 0.0000000000
145592  -11.138  51.705  -26.714 0.0000000000
145593  -11.701  52.030  -26.879 0.0000000000
145597  -5.189  50.487  -27.668 0.0000000000
145598  -5.597  50.647  -27.585 0.0000000000
145599  -6.365  50.776  -27.399 0.0000000000
145600  -7.146  50.670  -27.383 0.0000000000
145601  -11.571  51.510  -27.207 0.0000000000
145602  -12.046  51.869  -27.482 0.0000000000
145623  -12.418  52.119  -28.304 0.0000000000
146102  -7.241  52.112  1.454 0.0000000000
146112  -7.275  52.340  0.664 0.0000000000
146118  -7.351  52.585  -0.406 0.0000000000
146123  -7.430  52.385  -1.566 0.0000000000
146129  -6.965  52.192  -3.137 0.0000000000
146130  -7.214  52.280  -2.634 0.0000000000
146134  -6.169  52.344  -4.089 0.0000000000
146135  -6.618  52.396  -3.668 0.0000000000
146136  -7.064  52.494  -3.239 0.0000000000
146142  -5.936  52.560  -4.584 0.0000000000
146143  -6.347  52.614  -4.181 0.0000000000
146147  -5.399  52.494  -5.444 0.0000000000
146326  -8.008  52.282  -21.757 0.0000000000
146327  -8.195  52.842  -22.206 0.0000000000
146332  -8.119  51.862  -22.245 0.0000000000
146333  -8.279  52.333  -22.749 0.0000000000
146339  -7.987  52.794  -24.086 0.0000000000
146340  -8.219  52.254  -23.846 0.0000000000
146352  -7.754  52.394  -24.747 0.0000000000
146353  -8.104  52.097  -24.287 0.0000000000
146365  -6.555  51.858  -26.220 0.0000000000
146366  -7.078  52.570  -25.823 0.0000000000
146367  -7.866  52.879  -25.955 0.0000000000
146368  -8.928  52.856  -25.858 0.0000000000
146369  -9.957  52.806  -25.735 0.0000000000
146370  -10.828  52.909  -25.792 0.0000000000
146377  -6.752  51.981  -26.549 0.0000000000
146378  -7.515  52.175  -26.468 0.0000000000
146379  -8.531  52.223  -26.334 0.0000000000
146380  -9.583  52.191  -26.184 0.0000000000
146381  -10.556  52.266  -26.181 0.0000000000
146382  -11.436  52.606  -26.332 0.0000000000
146383  -12.103  52.641  -26.817 0.0000000000
146386  -12.491  52.794  -27.516 0.0000000000
146405  -12.702  53.017  -28.239 0.0000000000
146920  -7.144  53.248  -1.263 0.0000000000
146927  -7.240  53.336  -2.338 0.0000000000
146931  -6.844  52.889  -3.838 0.0000000000
146932  -7.129  53.121  -3.427 0.0000000000
146940  -6.142  52.993  -4.715 0.0000000000
146941  -6.548  53.179  -4.339 0.0000000000
146942  -6.935  53.789  -3.951 0.0000000000
146946  -5.912  53.249  -5.162 0.0000000000
146947  -6.368  53.881  -5.074 0.0000000000
146950  -4.742  53.584  -6.821 0.0000000000
146951  -5.224  53.474  -6.214 0.0000000000
147079  -8.208  53.856  -21.051 0.0000000000
147085  -7.971  52.836  -21.198 0.0000000000
147086  -8.220  53.416  -21.669 0.0000000000
147094  -8.189  53.333  -22.680 0.0000000000
147109  -7.632  53.482  -24.206 0.0000000000
147110  -8.124  53.015  -23.498 0.0000000000
147123  -6.535  53.995  -25.129 0.0000000000
147124  -7.135  53.403  -25.042 0.0000000000
147125  -9.774  54.014  -25.024 0.0000000000
147126  -10.762  54.057  -25.006 0.0000000000
147127  -11.326  54.183  -25.097 0.0000000000
147134  -6.667  54.213  -25.434 0.0000000000
147135  -7.205  53.732  -25.526 0.0000000000
147136  -8.344  53.591  -25.551 0.0000000000
147137  -9.387  53.453  -25.445 0.0000000000
147138  -10.410  53.434  -25.363 0.0000000000
147139  -11.624  53.646  -25.627 0.0000000000
147140  -12.342  54.043  -25.887 0.0000000000
147143  -11.987  53.113  -26.313 0.0000000000
147144  -12.591  53.706  -26.628 0.0000000000
147145  -13.033  54.366  -26.911 0.0000000000
147148  -12.845  53.588  -27.729 0.0000000000
147149  -13.053  54.208  -27.428 0.0000000000
147716  -7.244  53.772  -2.989 0.0000000000
147722  -6.803  54.705  -3.723 0.0000000000
147723  -7.122  54.045  -3.479 0.0000000000
147735  -6.728  54.381  -4.515 0.0000000000
147736  -6.925  54.226  -3.928 0.0000000000
147740  -5.918  54.096  -5.717 0.0000000000
147741  -6.383  54.594  -5.407 0.0000000000
147745  -4.846  54.162  -6.933 0.0000000000
147746  -5.588  54.676  -6.506 0.0000000000
147747  -6.083  54.664  -5.908 0.0000000000
147751  -5.148  54.675  -7.203 0.0000000000
147839  -8.155  54.289  -20.645 0.0000000000
147849  -8.249  54.402  -21.402 0.0000000000
147861  -7.573  54.814  -23.070 0.0000000000
147862  -8.013  54.492  -22.582 0.0000000000
147873  -6.573  54.764  -24.065 0.0000000000
147874  -7.191  54.596  -23.716 0.0000000000
147875  -7.931  53.822  -23.373 0.0000000000
147878  -6.477  54.620  -24.501 0.0000000000
147879  -6.922  54.008  -24.551 0.0000000000
147880  -8.480  54.839  -24.936 0.0000000000
147881  -9.026  54.655  -24.857 0.0000000000
147882  -10.128  54.634  -24.648 0.0000000000
147883  -11.141  54.703  -24.718 0.0000000000
147884  -11.882  54.930  -24.846 0.0000000000
147888  -6.456  54.614  -25.182 0.0000000000
147889  -6.930  54.524  -25.414 0.0000000000
147890  -7.982  54.554  -25.202 0.0000000000
147891  -8.904  54.059  -25.230 0.0000000000
147892  -11.678  54.397  -25.128 0.0000000000
147893  -12.302  54.607  -25.439 0.0000000000
147894  -12.777  54.905  -25.808 0.0000000000
147898  -12.628  54.389  -26.024 0.0000000000
147899  -12.999  54.782  -26.430 0.0000000000
148511  -6.557  55.406  -4.308 0.0000000000
148514  -6.533  55.270  -5.121 0.0000000000
148518  -5.934  55.658  -6.631 0.0000000000
148519  -6.271  55.305  -5.908 0.0000000000
148521  -4.933  55.223  -7.972 0.0000000000
148522  -5.371  55.377  -7.478 0.0000000000
148525  -5.120  55.568  -8.135 0.0000000000
148601  -7.965  55.241  -19.812 0.0000000000
148602  -8.135  55.568  -20.325 0.0000000000
148610  -8.097  54.737  -20.272 0.0000000000
148611  -8.210  55.139  -20.758 0.0000000000
148619  -7.687  55.731  -22.022 0.0000000000
148620  -8.098  55.137  -21.731 0.0000000000
148627  -7.360  55.281  -22.866 0.0000000000
148628  -7.851  55.187  -22.306 0.0000000000
148631  -5.569  55.990  -24.106 0.0000000000
148632  -6.360  55.273  -23.930 0.0000000000
148633  -6.869  55.182  -23.438 0.0000000000
148634  -9.849  55.888  -24.024 0.0000000000
148635  -10.768  55.914  -23.894 0.0000000000
148636  -11.299  56.005  -23.890 0.0000000000
148640  -5.687  56.192  -24.460 0.0000000000
148641  -6.334  55.523  -24.758 0.0000000000
148642  -7.400  55.663  -24.804 0.0000000000
148643  -8.401  55.315  -24.739 0.0000000000
148644  -9.492  55.274  -24.442 0.0000000000
148645  -10.498  55.310  -24.293 0.0000000000
148646  -11.534  55.568  -24.286 0.0000000000
148647  -12.538  55.559  -24.898 0.0000000000
148652  -6.623  54.939  -25.267 0.0000000000
148653  -7.107  55.080  -25.199 0.0000000000
148654  -7.698  55.163  -25.053 0.0000000000
148655  -12.712  55.167  -25.460 0.0000000000
149248  -6.302  56.062  -4.954 0.0000000000
149251  -6.059  56.512  -5.861 0.0000000000
149252  -6.351  55.797  -5.478 0.0000000000
149254  -5.793  56.507  -7.095 0.0000000000
149256  -5.105  55.705  -8.435 0.0000000000
149257  -5.454  56.276  -8.243 0.0000000000
149258  -5.706  56.816  -8.823 0.0000000000
149263  -6.056  56.776  -9.490 0.0000000000
149378  -7.855  56.374  -19.448 0.0000000000
149379  -8.080  55.952  -20.110 0.0000000000
149382  -7.882  56.580  -20.400 0.0000000000
149383  -8.058  55.916  -20.706 0.0000000000
149386  -7.614  56.430  -21.357 0.0000000000
149387  -8.001  55.695  -21.312 0.0000000000
149391  -5.271  57.050  -23.177 0.0000000000
149392  -5.720  56.893  -23.038 0.0000000000
149393  -6.781  56.443  -22.485 0.0000000000
149396  -4.570  57.005  -23.739 0.0000000000
149397  -5.069  56.875  -23.577 0.0000000000
149398  -6.028  56.212  -23.447 0.0000000000
149399  -6.689  55.685  -23.262 0.0000000000
149400  -8.549  56.815  -23.947 0.0000000000
149401  -9.108  56.560  -23.847 0.0000000000
149402  -10.194  56.444  -23.578 0.0000000000
149403  -11.160  56.429  -23.567 0.0000000000
149404  -11.953  56.583  -23.592 0.0000000000
149405  -12.595  56.765  -23.790 0.0000000000
149408  -4.606  56.947  -24.050 0.0000000000
149409  -5.188  56.722  -24.255 0.0000000000
149410  -5.906  56.614  -24.557 0.0000000000
149411  -6.910  56.486  -24.545 0.0000000000
149412  -8.149  56.497  -24.303 0.0000000000
149413  -9.010  55.911  -24.277 0.0000000000
149414  -11.658  56.147  -23.887 0.0000000000
149415  -12.245  56.180  -24.140 0.0000000000
149989  -5.611  57.664  -6.476 0.0000000000
149992  -5.793  57.592  -7.670 0.0000000000
149993  -6.077  58.182  -8.043 0.0000000000
149995  -5.777  57.080  -8.359 0.0000000000
149996  -6.253  57.615  -8.652 0.0000000000
150003  -7.065  57.546  -9.751 0.0000000000
150004  -7.719  58.195  -9.975 0.0000000000
150017  -7.754  57.893  -10.632 0.0000000000
150030  -7.552  57.796  -11.655 0.0000000000
150108  -7.427  57.468  -18.002 0.0000000000
150111  -7.617  57.415  -19.003 0.0000000000
150117  -7.694  57.364  -19.957 0.0000000000
150127  -7.451  57.272  -20.844 0.0000000000
150138  -6.441  57.650  -21.864 0.0000000000
150139  -6.981  57.143  -21.636 0.0000000000
150149  -4.594  57.768  -23.012 0.0000000000
150150  -5.201  57.423  -22.896 0.0000000000
150151  -6.090  57.283  -22.461 0.0000000000
150152  -6.571  57.125  -22.091 0.0000000000
150153  -8.779  58.102  -22.999 0.0000000000
150154  -9.437  57.769  -22.958 0.0000000000
150155  -10.207  57.502  -22.906 0.0000000000
150156  -10.997  57.528  -22.710 0.0000000000
150157  -11.925  57.569  -22.667 0.0000000000
150168  -4.570  57.499  -23.618 0.0000000000
150169  -4.773  57.377  -23.280 0.0000000000
150170  -6.690  57.881  -24.120 0.0000000000
150171  -7.167  57.761  -23.994 0.0000000000
150172  -8.371  57.385  -23.671 0.0000000000
150173  -9.650  57.080  -23.304 0.0000000000
150174  -10.628  56.986  -23.173 0.0000000000
150175  -11.518  57.026  -23.138 0.0000000000
150176  -12.358  57.160  -23.244 0.0000000000
150187  -4.748  57.406  -24.205 0.0000000000
150188  -5.376  57.317  -24.370 0.0000000000
150189  -6.367  57.518  -24.303 0.0000000000
150190  -7.499  57.132  -24.221 0.0000000000
150191  -8.015  57.016  -24.098 0.0000000000
150825  -5.330  58.716  -6.860 0.0000000000
150826  -5.803  58.795  -7.612 0.0000000000
150829  -6.428  58.780  -8.240 0.0000000000
150830  -7.019  59.085  -8.710 0.0000000000
150839  -6.923  58.318  -8.904 0.0000000000
150840  -7.507  58.768  -9.414 0.0000000000
150850  -8.015  58.861  -10.320 0.0000000000
150851  -8.256  59.234  -10.965 0.0000000000
150862  -8.097  58.565  -11.234 0.0000000000
150863  -8.221  59.247  -11.577 0.0000000000
150871  -7.893  58.766  -12.260 0.0000000000
150872  -8.171  59.416  -11.983 0.0000000000
150917  -7.267  58.448  -16.598 0.0000000000
150927  -7.424  58.400  -17.584 0.0000000000
150934  -7.498  58.403  -18.645 0.0000000000
150946  -7.441  58.281  -19.615 0.0000000000
150958  -6.728  58.673  -20.855 0.0000000000
150959  -7.268  58.077  -20.450 0.0000000000
150967  -5.588  58.801  -21.879 0.0000000000
150968  -6.274  58.373  -21.556 0.0000000000
150969  -6.906  57.891  -21.218 0.0000000000
150970  -9.761  58.907  -21.921 0.0000000000
150971  -10.797  58.776  -21.769 0.0000000000
150982  -4.349  58.455  -23.066 0.0000000000
150983  -5.001  58.303  -22.589 0.0000000000
150984  -5.737  57.991  -22.212 0.0000000000
150985  -7.717  58.815  -22.882 0.0000000000
150986  -8.522  58.634  -22.647 0.0000000000
150987  -9.302  58.428  -22.518 0.0000000000
150988  -10.285  58.159  -22.438 0.0000000000
150989  -11.384  58.115  -22.191 0.0000000000
150999  -4.766  58.280  -23.861 0.0000000000
151000  -5.631  58.516  -23.859 0.0000000000
151001  -6.550  58.287  -23.877 0.0000000000
151002  -7.506  58.249  -23.507 0.0000000000
151003  -8.200  58.261  -23.171 0.0000000000
151015  -4.994  57.757  -24.271 0.0000000000
151016  -5.461  57.949  -24.225 0.0000000000
151017  -5.978  58.112  -24.152 0.0000000000
151623  -5.990  59.789  -7.699 0.0000000000
151631  -6.662  59.833  -8.301 0.0000000000
151632  -7.325  59.829  -8.912 0.0000000000
151642  -7.802  59.790  -9.729 0.0000000000
151653  -8.122  59.827  -10.565 0.0000000000
151654  -8.250  59.800  -11.229 0.0000000000
151665  -8.121  60.026  -12.017 0.0000000000
151666  -8.197  59.855  -11.783 0.0000000000
151675  -8.084  59.748  -12.275 0.0000000000
151676  -8.179  59.661  -12.006 0.0000000000
151685  -7.809  59.460  -13.168 0.0000000000
151692  -7.508  59.341  -14.149 0.0000000000
151700  -7.412  59.282  -15.143 0.0000000000
151710  -7.493  59.243  -16.152 0.0000000000
151719  -7.519  59.270  -17.183 0.0000000000
151733  -7.462  59.306  -18.253 0.0000000000
151748  -6.784  59.827  -19.875 0.0000000000
151749  -7.166  59.456  -19.459 0.0000000000
151757  -6.000  59.878  -20.767 0.0000000000
151758  -6.493  59.655  -20.453 0.0000000000
151759  -7.130  58.879  -20.208 0.0000000000
151760  -9.220  60.085  -21.048 0.0000000000
151761  -9.702  60.071  -20.948 0.0000000000
151771  -5.792  59.642  -21.285 0.0000000000
151772  -6.173  59.062  -21.222 0.0000000000
151773  -7.261  60.034  -22.097 0.0000000000
151774  -7.752  59.877  -21.876 0.0000000000
151775  -8.971  59.732  -21.455 0.0000000000
151776  -10.211  59.476  -21.336 0.0000000000
151788  -4.258  59.085  -22.942 0.0000000000
151789  -5.044  59.293  -22.494 0.0000000000
151790  -5.811  59.640  -22.775 0.0000000000
151791  -6.984  59.676  -22.525 0.0000000000
151792  -8.152  59.280  -22.247 0.0000000000
151793  -8.952  58.987  -22.145 0.0000000000
151802  -4.518  58.978  -23.293 0.0000000000
151803  -5.195  59.096  -23.364 0.0000000000
151804  -6.152  59.107  -23.365 0.0000000000
151805  -6.976  58.852  -23.258 0.0000000000
152423  -6.202  60.801  -7.833 0.0000000000
152434  -6.859  60.787  -8.512 0.0000000000
152435  -7.391  60.765  -9.296 0.0000000000
152447  -7.804  60.712  -10.173 0.0000000000
152455  -8.030  60.547  -11.152 0.0000000000
152456  -8.204  60.096  -11.403 0.0000000000
152465  -7.930  60.447  -11.989 0.0000000000
152466  -8.126  60.246  -11.580 0.0000000000
152474  -7.760  60.379  -12.895 0.0000000000
152483  -7.556  60.227  -13.815 0.0000000000
152491  -7.445  60.137  -14.774 0.0000000000
152502  -7.452  60.099  -15.756 0.0000000000
152512  -7.484  60.092  -16.765 0.0000000000
152520  -7.424  60.092  -17.795 0.0000000000
152527  -6.860  60.584  -18.949 0.0000000000
152528  -7.171  60.106  -18.845 0.0000000000
152534  -5.988  60.719  -20.000 0.0000000000
152535  -6.600  60.295  -19.681 0.0000000000
152536  -7.025  59.982  -19.340 0.0000000000
152542  -5.909  60.344  -20.578 0.0000000000
152543  -6.325  60.117  -20.254 0.0000000000
152544  -7.285  61.051  -21.279 0.0000000000
152545  -7.868  60.901  -21.087 0.0000000000
152546  -8.957  60.531  -20.860 0.0000000000
152556  -5.635  60.348  -21.531 0.0000000000
152557  -5.969  60.641  -21.855 0.0000000000
152558  -7.035  60.470  -21.782 0.0000000000
152559  -8.220  60.258  -21.348 0.0000000000
152560  -8.726  60.149  -21.185 0.0000000000
152568  -5.650  60.079  -22.249 0.0000000000
152569  -6.325  60.171  -22.314 0.0000000000
152570  -6.764  60.133  -22.247 0.0000000000
153220  -6.347  61.784  -8.057 0.0000000000
153221  -6.911  61.740  -8.834 0.0000000000
153232  -7.268  61.725  -9.777 0.0000000000
153243  -7.494  61.455  -10.724 0.0000000000
153250  -6.714  61.752  -12.274 0.0000000000
153251  -7.346  61.417  -11.623 0.0000000000
153258  -6.609  61.625  -13.094 0.0000000000
153259  -7.338  61.158  -12.567 0.0000000000
153267  -6.582  61.565  -14.030 0.0000000000
153268  -7.255  61.038  -13.478 0.0000000000
153279  -6.594  61.545  -14.998 0.0000000000
153280  -7.172  60.938  -14.413 0.0000000000
153290  -6.657  61.559  -15.998 0.0000000000
153291  -7.135  60.876  -15.379 0.0000000000
153297  -6.685  61.514  -17.014 0.0000000000
153298  -7.185  60.870  -16.373 0.0000000000
153303  -6.637  61.362  -17.983 0.0000000000
153304  -7.174  60.832  -17.376 0.0000000000
153308  -5.712  61.548  -19.238 0.0000000000
153309  -6.485  61.091  -18.925 0.0000000000
153310  -7.038  60.729  -18.323 0.0000000000
153312  -4.597  61.889  -20.363 0.0000000000
153313  -5.461  61.233  -20.083 0.0000000000
153314  -6.067  61.004  -19.608 0.0000000000
153317  -4.479  61.842  -21.048 0.0000000000
153318  -5.107  61.106  -20.883 0.0000000000
153319  -6.542  61.831  -21.214 0.0000000000
153320  -7.382  61.659  -20.969 0.0000000000
153321  -8.415  61.646  -20.697 0.0000000000
153331  -4.727  62.107  -21.243 0.0000000000
153332  -5.349  61.440  -21.352 0.0000000000
153333  -6.240  61.249  -21.533 0.0000000000
153334  -6.884  61.236  -21.352 0.0000000000
153991  -6.170  62.870  -8.418 0.0000000000
153992  -6.738  62.389  -9.231 0.0000000000
154001  -6.263  63.086  -9.365 0.0000000000
154002  -6.712  62.520  -9.848 0.0000000000
154013  -5.960  63.092  -10.340 0.0000000000
154014  -6.881  62.204  -10.547 0.0000000000
154021  -5.357  63.153  -11.040 0.0000000000
154022  -6.297  62.353  -11.466 0.0000000000
154023  -7.075  61.894  -11.100 0.0000000000
154032  -4.334  63.297  -12.450 0.0000000000
154033  -4.883  63.085  -12.130 0.0000000000
154034  -5.900  62.235  -12.628 0.0000000000
154045  -4.308  63.195  -12.867 0.0000000000
154046  -5.037  62.649  -13.195 0.0000000000
154047  -5.857  62.106  -13.619 0.0000000000
154063  -4.315  63.090  -13.776 0.0000000000
154064  -5.095  62.563  -14.189 0.0000000000
154065  -5.923  62.136  -14.599 0.0000000000
154074  -4.344  63.061  -14.759 0.0000000000
154075  -5.149  62.578  -15.198 0.0000000000
154076  -6.001  62.183  -15.608 0.0000000000
154085  -4.375  63.107  -15.797 0.0000000000
154086  -5.209  62.613  -16.259 0.0000000000
154087  -6.055  62.169  -16.662 0.0000000000
154095  -4.447  63.178  -16.926 0.0000000000
154096  -5.255  62.579  -17.392 0.0000000000
154097  -6.025  61.976  -17.702 0.0000000000
154106  -4.373  63.024  -18.157 0.0000000000
154107  -5.204  62.243  -18.610 0.0000000000
154108  -6.034  61.668  -18.497 0.0000000000
154115  -3.379  63.174  -19.840 0.0000000000
154116  -3.925  62.788  -19.543 0.0000000000
154117  -4.970  61.943  -19.609 0.0000000000
154127  -3.367  63.089  -20.250 0.0000000000
154128  -3.871  62.468  -20.623 0.0000000000
154129  -5.675  62.675  -21.209 0.0000000000
154130  -6.047  62.517  -21.175 0.0000000000
154131  -6.920  62.536  -20.981 0.0000000000
154149  -3.353  62.998  -20.902 0.0000000000
154150  -4.133  62.741  -21.142 0.0000000000
154151  -5.250  62.625  -21.244 0.0000000000
154152  -5.848  61.897  -21.303 0.0000000000
154888  -3.601  63.642  -14.319 0.0000000000
154897  -3.635  63.644  -15.297 0.0000000000
154909  -3.568  63.760  -16.378 0.0000000000
154925  -3.662  63.633  -17.593 0.0000000000
154944  -3.572  63.440  -18.751 0.0000000000
154964  -3.458  63.301  -19.302 0.0000000000
154981  -5.784  62.958  -21.154 0.0000000000
166047  -5.596  13.686  26.632 0.0000000000
166048  -4.227  12.511  26.693 0.0000000000
166049  -4.187  12.843  27.477 0.0000000000
166050  -5.608  12.317  26.670 0.0000000000
166052  -7.272  13.468  25.778 0.0000000000
166053  -3.576  12.927  26.638 0.0000000000
166054  -4.684  13.582  27.175 0.0000000000
166055  -3.550  13.019  27.236 0.0000000000
166056  -3.654  13.082  27.472 0.0000000000
166057  -5.952  12.091  24.987 0.0000000000
166058  -7.732  13.612  25.032 0.0000000000
166059  -3.624  12.855  26.157 0.0000000000
166060  -4.205  12.453  25.801 0.0000000000
166061  -5.053  14.051  26.666 0.0000000000
166062  -4.959  14.311  26.141 0.0000000000
166063  -5.322  14.232  25.989 0.0000000000
166064  -6.369  14.413  24.722 0.0000000000
166065  -3.494  13.266  27.322 0.0000000000
166066  -7.094  14.093  24.626 0.0000000000
166067  -3.451  13.252  27.017 0.0000000000
166068  -3.469  13.252  26.488 0.0000000000
166069  -4.808  14.017  26.744 0.0000000000
166070  -4.861  14.149  26.537 0.0000000000
166071  -4.662  14.443  25.759 0.0000000000
166072  -3.712  13.329  27.432 0.0000000000
166073  -3.478  13.434  26.665 0.0000000000
