#!ascii label  , from subject colin27_FS vox2ras=TkReg
1567
25414  3.776  -49.199  5.968 0.0000000000
25415  3.675  -48.711  5.457 0.0000000000
25420  4.537  -48.969  4.711 0.0000000000
25421  4.056  -49.137  4.942 0.0000000000
25422  3.713  -48.770  5.096 0.0000000000
25427  4.655  -48.778  4.211 0.0000000000
25428  4.249  -48.789  4.113 0.0000000000
25429  3.827  -48.621  4.298 0.0000000000
25434  3.981  -48.515  3.784 0.0000000000
25435  3.853  -48.312  3.771 0.0000000000
26525  3.879  -48.341  6.870 0.0000000000
26542  3.707  -48.141  5.679 0.0000000000
26543  3.624  -48.506  5.233 0.0000000000
26551  5.096  -48.543  4.671 0.0000000000
26552  3.705  -47.676  5.162 0.0000000000
26553  3.648  -48.135  4.761 0.0000000000
26558  4.673  -48.184  3.705 0.0000000000
26559  4.199  -48.448  3.680 0.0000000000
26560  3.714  -48.124  3.970 0.0000000000
26565  4.618  -47.426  2.893 0.0000000000
26566  4.060  -47.954  3.336 0.0000000000
26567  3.830  -48.088  3.647 0.0000000000
26572  4.588  -47.002  2.562 0.0000000000
26573  4.321  -47.193  2.800 0.0000000000
27647  4.299  -47.267  7.673 0.0000000000
27671  4.119  -47.179  6.618 0.0000000000
27688  6.312  -46.778  5.431 0.0000000000
27689  5.694  -47.620  5.029 0.0000000000
27690  3.991  -46.952  5.491 0.0000000000
27691  3.733  -47.363  4.756 0.0000000000
27698  11.296  -46.132  4.696 0.0000000000
27699  10.832  -45.875  4.547 0.0000000000
27700  6.046  -46.856  4.549 0.0000000000
27701  5.403  -47.539  4.106 0.0000000000
27702  4.049  -46.480  4.384 0.0000000000
27703  3.727  -47.486  4.062 0.0000000000
27709  5.906  -46.709  3.653 0.0000000000
27710  5.243  -47.260  3.155 0.0000000000
27711  3.969  -46.844  3.209 0.0000000000
27712  3.827  -47.751  3.612 0.0000000000
27718  5.700  -46.514  2.883 0.0000000000
27719  5.048  -46.726  2.407 0.0000000000
27720  4.526  -46.558  2.503 0.0000000000
28768  4.601  -46.036  8.868 0.0000000000
28773  4.503  -46.366  8.255 0.0000000000
28784  4.384  -46.236  7.522 0.0000000000
28793  16.950  -45.347  5.840 0.0000000000
28801  4.342  -46.022  6.502 0.0000000000
28814  16.851  -45.208  5.643 0.0000000000
28815  16.252  -45.617  5.622 0.0000000000
28816  15.429  -45.922  5.179 0.0000000000
28817  14.437  -46.106  4.881 0.0000000000
28818  13.271  -46.119  4.796 0.0000000000
28819  12.138  -46.014  4.520 0.0000000000
28820  11.630  -46.128  4.607 0.0000000000
28821  10.243  -45.719  4.696 0.0000000000
28822  9.351  -45.608  4.835 0.0000000000
28823  8.284  -45.685  4.963 0.0000000000
28824  7.158  -46.057  5.171 0.0000000000
28825  6.534  -46.449  4.845 0.0000000000
28826  4.372  -45.681  5.414 0.0000000000
28842  11.661  -45.507  4.381 0.0000000000
28843  11.240  -45.619  4.350 0.0000000000
28844  10.409  -45.411  4.180 0.0000000000
28845  9.568  -45.300  3.978 0.0000000000
28846  8.576  -45.461  4.075 0.0000000000
28847  7.517  -45.769  4.110 0.0000000000
28848  6.641  -46.282  4.227 0.0000000000
28849  4.358  -45.306  4.486 0.0000000000
28862  9.351  -45.062  3.628 0.0000000000
28863  8.872  -45.091  3.571 0.0000000000
28864  7.700  -45.332  3.305 0.0000000000
28865  6.639  -46.057  3.196 0.0000000000
28866  4.316  -45.554  3.566 0.0000000000
28878  6.672  -45.449  2.734 0.0000000000
28879  5.799  -45.880  2.388 0.0000000000
28880  4.907  -45.845  1.945 0.0000000000
28881  4.445  -45.550  2.616 0.0000000000
29976  6.076  -43.962  13.372 0.0000000000
29987  6.997  -43.664  12.190 0.0000000000
29988  6.298  -44.093  12.619 0.0000000000
29996  6.880  -43.992  11.518 0.0000000000
29997  5.964  -44.537  11.504 0.0000000000
30014  6.496  -44.231  10.477 0.0000000000
30015  5.484  -44.649  10.380 0.0000000000
30031  6.087  -44.234  9.681 0.0000000000
30032  5.528  -44.419  9.162 0.0000000000
30033  4.725  -45.044  9.546 0.0000000000
30034  4.634  -45.556  9.111 0.0000000000
30045  5.466  -44.293  8.633 0.0000000000
30046  5.069  -44.570  8.373 0.0000000000
30047  4.592  -45.528  8.484 0.0000000000
30058  5.018  -44.439  7.292 0.0000000000
30059  4.611  -45.243  7.461 0.0000000000
30065  18.059  -44.217  6.384 0.0000000000
30066  17.623  -44.785  6.119 0.0000000000
30067  5.044  -44.053  6.376 0.0000000000
30068  4.681  -44.952  6.398 0.0000000000
30077  17.167  -45.014  5.705 0.0000000000
30078  16.681  -44.969  5.443 0.0000000000
30079  15.833  -45.143  5.336 0.0000000000
30080  14.834  -45.214  5.273 0.0000000000
30081  13.656  -45.141  5.172 0.0000000000
30082  12.282  -45.003  4.847 0.0000000000
30083  11.610  -44.513  4.729 0.0000000000
30084  4.977  -43.679  5.813 0.0000000000
30085  4.658  -44.346  5.261 0.0000000000
30097  11.867  -45.385  4.477 0.0000000000
30098  11.408  -44.872  4.354 0.0000000000
30099  10.486  -44.784  3.887 0.0000000000
30100  10.023  -45.099  3.797 0.0000000000
30101  4.388  -44.484  4.014 0.0000000000
30113  10.070  -44.394  3.623 0.0000000000
30114  9.524  -44.689  3.549 0.0000000000
30115  8.310  -44.602  3.248 0.0000000000
30116  6.975  -44.689  2.843 0.0000000000
30117  5.783  -44.602  2.565 0.0000000000
30118  5.230  -44.678  2.329 0.0000000000
30119  4.407  -44.596  3.148 0.0000000000
30131  6.143  -45.184  2.394 0.0000000000
30132  5.432  -45.183  2.155 0.0000000000
30133  4.876  -44.879  2.285 0.0000000000
30134  4.645  -44.578  2.649 0.0000000000
31256  6.598  -43.069  13.469 0.0000000000
31257  6.043  -43.436  13.931 0.0000000000
31266  6.963  -43.253  12.922 0.0000000000
31267  6.362  -43.690  13.219 0.0000000000
31275  8.266  -42.766  11.159 0.0000000000
31276  7.693  -43.242  11.641 0.0000000000
31290  8.170  -42.990  10.579 0.0000000000
31291  7.441  -43.671  10.538 0.0000000000
31308  7.893  -43.204  9.781 0.0000000000
31309  6.972  -43.710  9.205 0.0000000000
31310  6.105  -44.090  9.094 0.0000000000
31323  6.792  -43.217  7.896 0.0000000000
31324  5.857  -43.912  8.292 0.0000000000
31325  5.326  -44.150  7.814 0.0000000000
31335  6.692  -42.792  7.322 0.0000000000
31336  6.155  -43.102  7.079 0.0000000000
31337  5.470  -43.794  7.197 0.0000000000
31344  19.373  -43.222  6.797 0.0000000000
31345  18.665  -43.643  6.630 0.0000000000
31346  17.810  -43.988  6.010 0.0000000000
31347  16.808  -43.698  5.930 0.0000000000
31348  15.804  -43.520  5.905 0.0000000000
31349  14.765  -43.417  6.027 0.0000000000
31350  13.733  -43.285  6.152 0.0000000000
31351  13.123  -43.136  6.209 0.0000000000
31352  5.881  -42.763  6.487 0.0000000000
31353  5.435  -43.171  6.239 0.0000000000
31362  17.442  -44.636  5.870 0.0000000000
31363  17.071  -44.526  5.729 0.0000000000
31364  16.273  -44.407  5.594 0.0000000000
31365  15.302  -44.350  5.594 0.0000000000
31366  14.198  -44.230  5.634 0.0000000000
31367  12.872  -43.823  5.731 0.0000000000
31368  11.545  -43.786  5.109 0.0000000000
31369  10.999  -43.189  4.838 0.0000000000
31370  4.883  -43.227  5.317 0.0000000000
31371  4.473  -43.462  4.399 0.0000000000
31381  11.290  -44.252  4.603 0.0000000000
31382  10.675  -43.757  4.243 0.0000000000
31383  10.120  -43.348  3.841 0.0000000000
31384  8.119  -43.240  3.799 0.0000000000
31385  7.179  -43.130  3.834 0.0000000000
31386  6.549  -42.903  3.733 0.0000000000
31387  4.429  -43.774  3.603 0.0000000000
31396  10.302  -44.199  3.768 0.0000000000
31397  9.883  -43.833  3.594 0.0000000000
31398  8.882  -43.755  3.427 0.0000000000
31399  7.630  -43.903  3.431 0.0000000000
31400  6.215  -43.613  3.338 0.0000000000
31401  5.050  -43.905  2.669 0.0000000000
31402  4.625  -43.742  3.051 0.0000000000
31413  4.821  -44.443  2.552 0.0000000000
31414  4.771  -44.233  2.701 0.0000000000
32483  6.614  -42.492  13.497 0.0000000000
32484  5.833  -42.499  14.198 0.0000000000
32492  7.892  -41.983  12.440 0.0000000000
32493  7.306  -42.413  12.849 0.0000000000
32501  8.968  -41.673  11.149 0.0000000000
32502  8.303  -42.328  11.645 0.0000000000
32503  7.689  -42.664  12.310 0.0000000000
32512  9.112  -41.751  10.212 0.0000000000
32513  8.677  -42.370  10.739 0.0000000000
32530  9.056  -41.773  9.646 0.0000000000
32531  8.624  -42.339  9.595 0.0000000000
32532  7.926  -42.956  9.043 0.0000000000
32547  8.268  -42.303  8.490 0.0000000000
32548  7.540  -42.858  8.284 0.0000000000
32557  7.845  -42.206  7.790 0.0000000000
32558  7.180  -42.439  7.436 0.0000000000
32559  6.605  -42.392  6.873 0.0000000000
32566  19.879  -42.811  6.936 0.0000000000
32567  19.310  -42.891  6.576 0.0000000000
32568  18.446  -42.939  6.282 0.0000000000
32569  17.396  -42.854  6.232 0.0000000000
32570  16.330  -42.671  6.210 0.0000000000
32571  15.288  -42.543  6.301 0.0000000000
32572  14.263  -42.469  6.445 0.0000000000
32573  13.275  -42.439  6.448 0.0000000000
32574  12.565  -42.222  6.356 0.0000000000
32575  6.152  -42.446  6.536 0.0000000000
32576  5.705  -42.330  6.171 0.0000000000
32583  12.730  -42.884  6.204 0.0000000000
32584  11.993  -42.691  5.942 0.0000000000
32585  11.216  -42.601  5.287 0.0000000000
32586  5.173  -42.375  5.564 0.0000000000
32587  4.622  -42.419  4.731 0.0000000000
32597  10.671  -42.586  4.706 0.0000000000
32598  10.053  -42.664  4.092 0.0000000000
32599  9.002  -42.772  3.988 0.0000000000
32600  7.794  -42.476  4.207 0.0000000000
32601  6.812  -42.366  4.067 0.0000000000
32602  4.325  -42.666  3.716 0.0000000000
32612  9.715  -43.194  3.768 0.0000000000
32613  9.396  -43.395  3.656 0.0000000000
32614  6.040  -42.450  3.627 0.0000000000
32615  5.215  -42.484  3.125 0.0000000000
32616  4.645  -42.335  3.094 0.0000000000
32626  4.757  -41.787  2.849 0.0000000000
32627  4.544  -41.545  2.757 0.0000000000
33569  6.540  -41.828  13.417 0.0000000000
33570  5.961  -41.741  13.756 0.0000000000
33571  5.372  -41.858  14.394 0.0000000000
33578  7.819  -41.342  12.461 0.0000000000
33579  7.103  -41.620  13.018 0.0000000000
33580  6.345  -41.453  13.299 0.0000000000
33588  8.943  -40.956  11.412 0.0000000000
33589  8.416  -41.400  11.918 0.0000000000
33601  9.355  -40.867  10.602 0.0000000000
33621  9.299  -41.168  9.460 0.0000000000
33622  9.012  -41.721  9.328 0.0000000000
33637  9.244  -40.997  8.790 0.0000000000
33638  8.904  -41.493  8.658 0.0000000000
33650  8.302  -41.573  7.815 0.0000000000
33651  7.613  -41.579  7.221 0.0000000000
33652  6.977  -41.864  6.845 0.0000000000
33658  20.408  -42.071  6.989 0.0000000000
33659  19.813  -42.236  6.681 0.0000000000
33660  19.023  -42.070  6.471 0.0000000000
33661  17.949  -41.889  6.459 0.0000000000
33662  16.851  -41.736  6.390 0.0000000000
33663  15.791  -41.601  6.414 0.0000000000
33664  14.764  -41.519  6.536 0.0000000000
33665  13.775  -41.492  6.625 0.0000000000
33666  12.894  -41.480  6.513 0.0000000000
33667  12.152  -41.561  6.232 0.0000000000
33668  7.071  -41.252  6.650 0.0000000000
33669  6.250  -41.600  6.275 0.0000000000
33670  5.475  -41.762  5.816 0.0000000000
33676  11.502  -41.645  5.732 0.0000000000
33677  10.894  -41.645  5.172 0.0000000000
33678  5.526  -41.178  5.726 0.0000000000
33679  4.864  -41.445  5.268 0.0000000000
33680  4.336  -41.492  4.277 0.0000000000
33686  10.283  -41.649  4.662 0.0000000000
33687  9.448  -41.665  4.433 0.0000000000
33688  8.400  -41.590  4.395 0.0000000000
33689  7.278  -41.483  4.246 0.0000000000
33690  6.367  -41.562  3.771 0.0000000000
33691  4.176  -41.517  3.358 0.0000000000
33697  5.589  -41.593  3.292 0.0000000000
33698  5.069  -41.494  2.773 0.0000000000
33699  4.341  -41.365  2.812 0.0000000000
33705  4.704  -41.292  2.590 0.0000000000
33706  4.520  -41.176  2.581 0.0000000000
34646  5.075  -40.815  14.359 0.0000000000
34647  4.537  -40.233  13.778 0.0000000000
34654  5.866  -41.267  13.375 0.0000000000
34655  5.112  -40.978  13.549 0.0000000000
34656  4.402  -40.074  13.226 0.0000000000
34662  8.077  -40.884  12.287 0.0000000000
34663  7.390  -40.839  12.561 0.0000000000
34664  6.219  -40.796  12.905 0.0000000000
34665  5.060  -40.210  12.765 0.0000000000
34666  4.453  -39.679  12.744 0.0000000000
34674  9.075  -40.181  11.340 0.0000000000
34675  8.470  -40.549  11.864 0.0000000000
34687  9.510  -39.908  10.624 0.0000000000
34701  9.717  -40.169  9.793 0.0000000000
34709  9.491  -40.350  8.633 0.0000000000
34710  9.152  -40.881  8.405 0.0000000000
34719  21.714  -40.964  7.626 0.0000000000
34720  20.408  -41.099  7.241 0.0000000000
34721  19.390  -40.587  7.160 0.0000000000
34722  18.829  -40.260  7.157 0.0000000000
34723  9.340  -39.964  7.917 0.0000000000
34724  8.766  -40.558  7.637 0.0000000000
34725  8.113  -41.089  7.345 0.0000000000
34731  20.142  -41.772  6.817 0.0000000000
34732  19.607  -41.487  6.817 0.0000000000
34733  18.536  -40.840  6.810 0.0000000000
34734  17.341  -40.748  6.510 0.0000000000
34735  16.278  -40.630  6.436 0.0000000000
34736  15.246  -40.535  6.531 0.0000000000
34737  14.235  -40.510  6.653 0.0000000000
34738  13.294  -40.559  6.548 0.0000000000
34739  12.506  -40.662  6.308 0.0000000000
34740  11.861  -40.706  5.947 0.0000000000
34741  8.287  -40.110  6.928 0.0000000000
34742  7.731  -40.600  6.782 0.0000000000
34743  6.746  -40.625  6.235 0.0000000000
34748  11.247  -40.698  5.497 0.0000000000
34749  10.601  -40.707  5.082 0.0000000000
34750  5.974  -40.631  5.785 0.0000000000
34751  5.206  -40.543  5.461 0.0000000000
34752  4.535  -40.524  4.841 0.0000000000
34757  9.908  -40.665  4.704 0.0000000000
34758  8.980  -40.584  4.522 0.0000000000
34759  7.909  -40.528  4.271 0.0000000000
34760  6.753  -40.488  3.606 0.0000000000
34761  6.022  -41.049  3.372 0.0000000000
34762  4.208  -40.466  3.847 0.0000000000
34767  6.449  -40.029  2.938 0.0000000000
34768  5.608  -40.616  2.708 0.0000000000
34769  5.011  -41.080  2.477 0.0000000000
34770  4.186  -40.709  2.944 0.0000000000
34775  5.228  -40.332  2.126 0.0000000000
34776  4.810  -40.725  2.318 0.0000000000
34777  4.460  -40.857  2.596 0.0000000000
35697  4.645  -39.567  14.072 0.0000000000
35698  4.151  -39.455  13.569 0.0000000000
35706  3.950  -39.393  12.967 0.0000000000
35713  7.880  -40.363  12.221 0.0000000000
35714  7.088  -40.090  12.327 0.0000000000
35715  5.975  -39.791  12.357 0.0000000000
35716  4.963  -39.281  12.264 0.0000000000
35717  4.276  -39.188  12.542 0.0000000000
35724  9.264  -39.216  11.139 0.0000000000
35725  8.192  -39.522  11.896 0.0000000000
35726  6.885  -39.164  12.120 0.0000000000
35727  5.858  -38.941  12.064 0.0000000000
35728  5.301  -38.760  11.972 0.0000000000
35735  10.201  -38.348  9.819 0.0000000000
35736  9.959  -39.023  10.174 0.0000000000
35745  10.216  -38.587  9.326 0.0000000000
35746  10.027  -39.426  9.113 0.0000000000
35749  10.090  -38.760  8.643 0.0000000000
35750  9.680  -39.289  8.118 0.0000000000
35761  23.055  -39.549  7.400 0.0000000000
35762  22.070  -39.792  7.436 0.0000000000
35763  20.991  -39.969  7.520 0.0000000000
35764  19.906  -39.889  7.444 0.0000000000
35765  19.065  -39.760  7.314 0.0000000000
35766  9.111  -39.508  7.479 0.0000000000
35767  8.585  -39.596  7.007 0.0000000000
35778  18.465  -39.761  7.061 0.0000000000
35779  17.707  -39.751  6.716 0.0000000000
35780  16.735  -39.667  6.420 0.0000000000
35781  15.724  -39.546  6.381 0.0000000000
35782  14.687  -39.489  6.518 0.0000000000
35783  13.677  -39.588  6.488 0.0000000000
35784  12.788  -39.751  6.281 0.0000000000
35785  12.220  -40.043  6.055 0.0000000000
35786  7.912  -39.603  6.527 0.0000000000
35787  7.112  -39.811  6.166 0.0000000000
35788  6.369  -39.886  5.808 0.0000000000
35797  12.318  -39.475  5.953 0.0000000000
35798  11.725  -39.735  5.690 0.0000000000
35799  10.972  -39.819  5.318 0.0000000000
35800  5.709  -39.938  5.535 0.0000000000
35801  5.089  -39.707  5.164 0.0000000000
35802  4.549  -39.674  4.481 0.0000000000
35809  10.389  -39.795  4.959 0.0000000000
35810  9.639  -39.643  4.601 0.0000000000
35811  8.618  -39.526  4.235 0.0000000000
35812  7.691  -39.738  3.831 0.0000000000
35813  4.359  -39.578  3.879 0.0000000000
35822  8.149  -39.127  3.638 0.0000000000
35823  7.284  -39.303  2.950 0.0000000000
35824  6.324  -39.798  2.439 0.0000000000
35825  4.350  -39.827  3.197 0.0000000000
35835  6.742  -39.271  1.793 0.0000000000
35836  5.713  -39.781  1.967 0.0000000000
35837  5.007  -40.029  1.877 0.0000000000
35838  4.543  -40.032  2.374 0.0000000000
35850  6.741  -39.113  1.138 0.0000000000
35851  6.132  -39.294  1.229 0.0000000000
35852  5.386  -39.357  1.565 0.0000000000
35853  4.868  -39.511  1.851 0.0000000000
36776  5.187  -38.545  14.094 0.0000000000
36777  4.219  -38.382  13.924 0.0000000000
36778  3.876  -37.764  13.959 0.0000000000
36782  3.836  -38.698  13.315 0.0000000000
36783  3.759  -37.972  13.602 0.0000000000
36786  4.415  -38.780  12.238 0.0000000000
36787  3.926  -38.509  12.604 0.0000000000
36788  3.666  -38.098  13.100 0.0000000000
36790  8.707  -38.359  11.442 0.0000000000
36791  7.632  -38.381  11.827 0.0000000000
36792  6.532  -38.306  11.849 0.0000000000
36793  5.627  -38.288  11.783 0.0000000000
36794  4.875  -38.432  11.889 0.0000000000
36795  4.332  -38.238  12.101 0.0000000000
36798  10.114  -37.976  10.220 0.0000000000
36799  9.561  -38.228  10.846 0.0000000000
36806  10.307  -37.721  9.435 0.0000000000
36814  10.219  -38.066  8.681 0.0000000000
36815  9.907  -38.316  8.053 0.0000000000
36826  23.366  -38.457  7.197 0.0000000000
36827  22.419  -38.639  7.430 0.0000000000
36828  21.367  -38.835  7.546 0.0000000000
36829  20.339  -38.975  7.517 0.0000000000
36830  19.282  -38.795  7.314 0.0000000000
36831  18.716  -39.241  7.178 0.0000000000
36832  9.246  -38.506  7.278 0.0000000000
36833  8.853  -39.072  7.078 0.0000000000
36841  23.965  -38.567  6.827 0.0000000000
36842  18.826  -38.089  6.922 0.0000000000
36843  18.217  -38.717  6.775 0.0000000000
36844  17.189  -38.827  6.341 0.0000000000
36845  16.239  -38.573  6.115 0.0000000000
36846  15.182  -38.460  6.238 0.0000000000
36847  14.069  -38.493  6.200 0.0000000000
36848  13.086  -38.952  6.136 0.0000000000
36849  12.614  -39.208  6.022 0.0000000000
36850  8.834  -38.136  6.774 0.0000000000
36851  8.424  -38.677  6.594 0.0000000000
36852  7.241  -38.788  5.928 0.0000000000
36853  6.681  -39.359  5.821 0.0000000000
36862  15.992  -38.004  5.952 0.0000000000
36863  15.714  -38.160  6.047 0.0000000000
36864  13.774  -37.891  5.909 0.0000000000
36865  13.163  -38.142  5.850 0.0000000000
36866  12.279  -38.732  5.704 0.0000000000
36867  11.243  -38.805  5.252 0.0000000000
36868  10.763  -39.274  5.103 0.0000000000
36869  6.644  -38.293  5.486 0.0000000000
36870  6.038  -38.961  5.408 0.0000000000
36871  5.103  -38.837  4.670 0.0000000000
36872  4.599  -39.084  4.185 0.0000000000
36880  10.958  -38.419  4.951 0.0000000000
36881  10.471  -38.758  4.759 0.0000000000
36882  9.464  -38.671  4.193 0.0000000000
36883  8.757  -38.777  3.821 0.0000000000
36884  4.778  -38.509  4.131 0.0000000000
36885  4.547  -38.931  3.552 0.0000000000
36894  9.169  -38.321  3.654 0.0000000000
36895  8.463  -38.461  3.147 0.0000000000
36896  7.902  -38.684  2.639 0.0000000000
36897  4.554  -39.136  2.677 0.0000000000
36908  8.289  -38.338  2.334 0.0000000000
36909  7.610  -38.742  2.069 0.0000000000
36910  4.671  -39.219  2.043 0.0000000000
36927  8.136  -38.349  1.644 0.0000000000
36928  7.441  -38.724  1.063 0.0000000000
36929  6.594  -38.928  0.685 0.0000000000
36930  5.687  -38.804  0.807 0.0000000000
36931  5.008  -38.833  1.544 0.0000000000
36951  7.114  -38.559  0.290 0.0000000000
36952  6.411  -38.483  0.085 0.0000000000
36953  5.727  -38.143  0.202 0.0000000000
37933  4.834  -37.448  14.323 0.0000000000
37934  4.106  -37.305  14.210 0.0000000000
37935  3.766  -37.241  13.842 0.0000000000
37938  3.697  -37.380  13.252 0.0000000000
37941  4.125  -37.515  12.186 0.0000000000
37942  3.778  -37.669  12.734 0.0000000000
37944  9.202  -37.302  11.202 0.0000000000
37945  8.196  -37.461  11.556 0.0000000000
37946  7.136  -37.491  11.686 0.0000000000
37947  6.123  -37.520  11.620 0.0000000000
37948  5.231  -37.598  11.647 0.0000000000
37949  4.601  -37.742  11.835 0.0000000000
37952  10.247  -36.996  10.079 0.0000000000
37953  9.797  -37.398  10.622 0.0000000000
37965  10.411  -36.822  9.308 0.0000000000
37976  10.320  -37.133  8.459 0.0000000000
37977  10.108  -37.751  8.179 0.0000000000
37988  23.307  -37.818  7.068 0.0000000000
37989  22.823  -37.677  7.203 0.0000000000
37990  21.744  -37.603  7.326 0.0000000000
37991  20.605  -38.045  7.427 0.0000000000
37992  19.937  -38.331  7.382 0.0000000000
37993  10.148  -36.829  7.809 0.0000000000
37994  9.777  -37.405  7.579 0.0000000000
38005  23.717  -37.716  6.653 0.0000000000
38006  23.236  -37.554  6.949 0.0000000000
38007  21.419  -36.971  6.962 0.0000000000
38008  20.764  -37.185  7.017 0.0000000000
38009  19.625  -37.612  6.955 0.0000000000
38010  18.430  -37.471  6.242 0.0000000000
38011  17.465  -38.049  6.074 0.0000000000
38012  16.864  -38.302  5.982 0.0000000000
38013  14.921  -37.914  6.102 0.0000000000
38014  14.639  -38.093  6.133 0.0000000000
38015  9.058  -37.565  6.823 0.0000000000
38016  8.530  -37.807  6.499 0.0000000000
38017  7.952  -37.849  6.019 0.0000000000
38030  18.099  -36.976  5.635 0.0000000000
38031  17.560  -37.283  5.604 0.0000000000
38032  16.562  -37.675  5.749 0.0000000000
38033  15.476  -37.658  5.906 0.0000000000
38034  14.412  -37.588  5.892 0.0000000000
38035  13.446  -37.408  5.664 0.0000000000
38036  12.362  -37.539  5.310 0.0000000000
38037  11.750  -38.180  5.297 0.0000000000
38038  7.126  -37.745  5.558 0.0000000000
38039  6.208  -37.706  5.023 0.0000000000
38040  5.638  -38.293  4.860 0.0000000000
38053  11.810  -37.067  4.746 0.0000000000
38054  11.160  -37.770  4.777 0.0000000000
38055  10.117  -37.870  4.098 0.0000000000
38056  9.570  -38.102  3.816 0.0000000000
38057  5.845  -37.187  4.539 0.0000000000
38058  5.281  -37.713  4.293 0.0000000000
38059  4.749  -38.153  3.708 0.0000000000
38076  10.208  -37.362  3.564 0.0000000000
38077  9.539  -37.682  3.224 0.0000000000
38078  8.855  -37.945  2.597 0.0000000000
38079  4.904  -37.519  3.389 0.0000000000
38080  4.683  -38.283  2.973 0.0000000000
38099  9.301  -37.511  2.325 0.0000000000
38100  8.701  -37.892  1.902 0.0000000000
38101  4.862  -37.565  2.398 0.0000000000
38102  4.757  -38.478  2.036 0.0000000000
38119  9.129  -37.417  1.590 0.0000000000
38120  8.429  -37.847  0.949 0.0000000000
38121  7.695  -38.211  0.369 0.0000000000
38122  5.157  -37.907  1.203 0.0000000000
38123  4.969  -38.405  1.599 0.0000000000
38146  8.037  -37.687  0.132 0.0000000000
38147  7.246  -37.934  -0.357 0.0000000000
38148  6.249  -37.871  -0.473 0.0000000000
38149  5.645  -37.237  -0.100 0.0000000000
38171  6.730  -37.441  -0.860 0.0000000000
38172  6.162  -37.186  -0.897 0.0000000000
38173  5.853  -36.890  -0.793 0.0000000000
39261  4.513  -36.431  14.549 0.0000000000
39262  3.902  -36.397  14.193 0.0000000000
39271  3.763  -36.451  13.520 0.0000000000
39276  4.151  -36.796  12.056 0.0000000000
39277  3.883  -36.649  12.621 0.0000000000
39283  9.217  -36.546  11.127 0.0000000000
39284  8.635  -36.591  11.363 0.0000000000
39285  7.684  -36.618  11.539 0.0000000000
39286  6.661  -36.644  11.514 0.0000000000
39287  5.673  -36.680  11.488 0.0000000000
39288  4.677  -36.752  11.682 0.0000000000
39297  10.208  -36.294  10.207 0.0000000000
39298  9.753  -36.437  10.698 0.0000000000
39311  10.434  -36.171  9.694 0.0000000000
39320  10.585  -36.037  8.778 0.0000000000
39333  22.797  -37.324  7.018 0.0000000000
39334  22.500  -37.251  7.051 0.0000000000
39335  10.309  -36.261  7.964 0.0000000000
39336  9.879  -36.410  7.403 0.0000000000
39347  23.547  -37.274  6.452 0.0000000000
39348  23.060  -37.139  6.699 0.0000000000
39349  22.071  -36.741  6.718 0.0000000000
39350  21.160  -36.580  6.524 0.0000000000
39351  20.217  -36.671  6.396 0.0000000000
39352  19.317  -36.852  6.154 0.0000000000
39353  9.307  -36.645  6.828 0.0000000000
39354  8.418  -36.883  6.225 0.0000000000
39355  7.688  -37.139  5.696 0.0000000000
39365  23.825  -37.068  5.928 0.0000000000
39366  22.782  -36.291  5.738 0.0000000000
39367  21.760  -36.144  5.979 0.0000000000
39368  20.846  -36.081  5.837 0.0000000000
39369  19.825  -36.206  5.489 0.0000000000
39370  18.688  -36.591  5.464 0.0000000000
39371  17.837  -36.675  5.187 0.0000000000
39372  16.951  -36.639  5.185 0.0000000000
39373  16.030  -36.816  5.562 0.0000000000
39374  15.043  -36.748  5.630 0.0000000000
39375  13.959  -36.611  5.512 0.0000000000
39376  13.047  -36.790  5.341 0.0000000000
39377  7.837  -36.499  5.577 0.0000000000
39378  7.053  -36.749  5.129 0.0000000000
39379  6.268  -36.896  4.666 0.0000000000
39390  23.019  -36.011  5.040 0.0000000000
39391  19.213  -36.043  4.739 0.0000000000
39392  18.309  -36.203  4.691 0.0000000000
39393  17.470  -36.189  4.838 0.0000000000
39394  17.084  -36.189  4.971 0.0000000000
39395  13.253  -36.080  5.102 0.0000000000
39396  12.373  -36.483  4.754 0.0000000000
39397  11.390  -36.591  4.050 0.0000000000
39398  10.628  -37.195  3.947 0.0000000000
39399  6.568  -36.386  4.495 0.0000000000
39400  5.782  -36.564  4.024 0.0000000000
39401  5.209  -37.050  3.733 0.0000000000
39415  11.210  -36.289  3.319 0.0000000000
39416  10.529  -36.810  2.942 0.0000000000
39417  9.797  -37.247  2.620 0.0000000000
39418  5.665  -36.167  3.374 0.0000000000
39419  5.220  -36.610  3.011 0.0000000000
39431  10.181  -36.348  1.789 0.0000000000
39432  9.732  -37.013  2.008 0.0000000000
39433  5.056  -36.735  1.755 0.0000000000
39450  9.978  -36.097  1.259 0.0000000000
39451  9.284  -36.718  0.853 0.0000000000
39452  8.484  -37.304  0.363 0.0000000000
39453  5.195  -36.842  0.772 0.0000000000
39478  8.782  -36.219  0.212 0.0000000000
39479  7.997  -36.780  -0.339 0.0000000000
39480  7.225  -37.266  -0.823 0.0000000000
39481  5.454  -36.409  0.168 0.0000000000
39498  7.457  -36.202  -1.010 0.0000000000
39499  6.799  -36.576  -1.364 0.0000000000
39500  5.995  -36.634  -1.285 0.0000000000
39501  5.697  -36.357  -0.704 0.0000000000
39513  6.345  -35.995  -1.853 0.0000000000
39514  6.163  -36.224  -1.715 0.0000000000
39515  5.826  -35.991  -1.536 0.0000000000
40653  5.010  -35.458  14.849 0.0000000000
40654  4.199  -35.428  14.529 0.0000000000
40655  3.750  -35.415  13.934 0.0000000000
40672  3.828  -35.492  13.084 0.0000000000
40680  4.192  -36.158  11.963 0.0000000000
40681  3.972  -35.530  12.266 0.0000000000
40690  9.128  -35.841  11.120 0.0000000000
40691  8.214  -35.766  11.381 0.0000000000
40692  7.214  -35.765  11.421 0.0000000000
40693  6.217  -35.758  11.339 0.0000000000
40694  5.288  -35.707  11.345 0.0000000000
40695  4.574  -35.576  11.590 0.0000000000
40696  4.212  -35.515  11.852 0.0000000000
40706  10.201  -35.546  10.234 0.0000000000
40707  9.638  -35.536  10.713 0.0000000000
40718  10.513  -35.295  9.389 0.0000000000
40730  10.547  -35.103  8.678 0.0000000000
40742  10.417  -35.329  7.974 0.0000000000
40743  10.118  -35.757  7.456 0.0000000000
40751  10.189  -35.172  7.258 0.0000000000
40752  9.629  -35.570  6.777 0.0000000000
40753  8.928  -36.017  6.324 0.0000000000
40761  22.158  -35.909  5.489 0.0000000000
40762  21.575  -35.725  5.313 0.0000000000
40763  20.688  -35.665  5.049 0.0000000000
40764  19.971  -35.749  4.736 0.0000000000
40765  16.395  -36.276  5.292 0.0000000000
40766  15.744  -35.979  5.355 0.0000000000
40767  14.673  -35.901  5.361 0.0000000000
40768  13.933  -35.867  5.270 0.0000000000
40769  9.081  -35.336  6.003 0.0000000000
40770  8.357  -35.754  5.601 0.0000000000
40771  7.650  -36.032  5.207 0.0000000000
40781  22.496  -35.708  4.848 0.0000000000
40782  21.515  -35.382  4.466 0.0000000000
40783  20.554  -35.364  4.247 0.0000000000
40784  19.675  -35.504  4.179 0.0000000000
40785  18.814  -35.610  4.199 0.0000000000
40786  17.866  -35.560  4.323 0.0000000000
40787  16.832  -35.730  4.898 0.0000000000
40788  16.005  -35.227  5.042 0.0000000000
40789  14.260  -35.454  5.159 0.0000000000
40790  13.644  -35.363  4.894 0.0000000000
40791  12.769  -35.513  4.466 0.0000000000
40792  12.094  -35.916  4.119 0.0000000000
40793  7.906  -35.541  4.978 0.0000000000
40794  7.254  -35.804  4.531 0.0000000000
40795  6.522  -35.972  4.078 0.0000000000
40808  21.345  -34.977  3.451 0.0000000000
40809  20.233  -35.058  3.566 0.0000000000
40810  19.340  -35.100  3.661 0.0000000000
40811  18.528  -35.061  3.777 0.0000000000
40812  17.903  -34.906  3.917 0.0000000000
40813  12.274  -35.314  3.904 0.0000000000
40814  11.693  -35.666  3.427 0.0000000000
40815  11.171  -36.062  2.916 0.0000000000
40816  6.950  -35.548  3.798 0.0000000000
40817  6.202  -35.708  3.396 0.0000000000
40818  5.632  -35.906  2.958 0.0000000000
40834  11.370  -35.468  2.730 0.0000000000
40835  10.838  -35.908  2.319 0.0000000000
40836  5.933  -35.470  2.692 0.0000000000
40837  5.454  -35.771  2.160 0.0000000000
40860  11.089  -35.226  2.188 0.0000000000
40861  10.460  -35.381  1.494 0.0000000000
40862  9.839  -35.843  0.954 0.0000000000
40863  5.357  -35.900  0.964 0.0000000000
40883  9.929  -35.232  0.833 0.0000000000
40884  9.322  -35.642  0.411 0.0000000000
40885  8.529  -35.685  -0.182 0.0000000000
40886  5.558  -35.656  -0.089 0.0000000000
40899  7.853  -35.698  -0.828 0.0000000000
40900  7.275  -35.657  -1.498 0.0000000000
40901  5.597  -35.470  -1.054 0.0000000000
40911  6.574  -35.433  -2.093 0.0000000000
40912  6.018  -35.692  -2.126 0.0000000000
40913  5.733  -35.288  -1.858 0.0000000000
40922  6.381  -34.906  -2.411 0.0000000000
40923  6.118  -35.080  -2.373 0.0000000000
40924  5.901  -35.184  -2.225 0.0000000000
42061  4.643  -34.433  14.667 0.0000000000
42062  3.969  -34.399  14.291 0.0000000000
42084  3.753  -34.290  13.501 0.0000000000
42097  3.845  -34.547  12.543 0.0000000000
42106  9.315  -35.214  10.892 0.0000000000
42107  8.741  -34.855  11.104 0.0000000000
42108  7.769  -34.979  11.318 0.0000000000
42109  6.787  -34.848  11.249 0.0000000000
42110  5.835  -34.878  11.109 0.0000000000
42111  4.953  -34.533  11.018 0.0000000000
42112  4.219  -34.727  11.716 0.0000000000
42122  10.383  -34.503  9.831 0.0000000000
42123  9.672  -34.638  10.613 0.0000000000
42124  9.082  -34.228  10.891 0.0000000000
42125  6.276  -34.308  10.962 0.0000000000
42126  5.686  -34.124  10.786 0.0000000000
42127  5.268  -33.894  10.725 0.0000000000
42140  10.647  -34.414  8.994 0.0000000000
42151  10.578  -34.458  8.206 0.0000000000
42159  10.395  -34.508  7.462 0.0000000000
42167  10.075  -34.613  6.767 0.0000000000
42168  9.548  -34.646  6.110 0.0000000000
42177  15.193  -35.291  5.199 0.0000000000
42178  14.644  -35.358  5.191 0.0000000000
42179  8.916  -34.702  5.180 0.0000000000
42180  8.311  -35.247  5.039 0.0000000000
42191  17.335  -34.929  4.334 0.0000000000
42192  16.565  -34.635  4.521 0.0000000000
42193  15.608  -34.645  4.815 0.0000000000
42194  14.499  -34.787  4.878 0.0000000000
42195  13.305  -34.515  4.268 0.0000000000
42196  12.605  -34.938  4.066 0.0000000000
42197  8.782  -34.219  4.163 0.0000000000
42198  8.035  -34.989  4.374 0.0000000000
42199  7.412  -35.327  4.053 0.0000000000
42211  20.712  -34.700  2.839 0.0000000000
42212  19.820  -34.649  3.040 0.0000000000
42213  19.020  -34.578  3.274 0.0000000000
42214  18.278  -34.447  3.426 0.0000000000
42215  17.567  -34.413  3.851 0.0000000000
42216  17.107  -34.451  4.196 0.0000000000
42217  13.044  -34.010  3.688 0.0000000000
42218  12.345  -34.537  3.362 0.0000000000
42219  11.728  -35.099  3.037 0.0000000000
42220  8.743  -34.010  3.758 0.0000000000
42221  8.310  -34.181  3.468 0.0000000000
42222  7.411  -34.967  3.471 0.0000000000
42223  6.823  -35.345  3.313 0.0000000000
42239  20.252  -34.427  2.233 0.0000000000
42240  19.349  -34.210  2.531 0.0000000000
42241  18.744  -34.172  2.979 0.0000000000
42242  12.019  -34.134  2.660 0.0000000000
42243  11.614  -34.721  2.571 0.0000000000
42244  8.118  -33.838  2.807 0.0000000000
42245  7.581  -34.248  2.663 0.0000000000
42246  6.668  -34.985  2.674 0.0000000000
42247  5.976  -35.125  2.150 0.0000000000
42269  19.798  -33.994  1.699 0.0000000000
42270  11.126  -34.573  1.833 0.0000000000
42271  10.692  -34.449  1.359 0.0000000000
42272  7.031  -34.254  2.082 0.0000000000
42273  6.388  -34.511  1.764 0.0000000000
42274  5.668  -34.952  1.376 0.0000000000
42292  10.275  -34.591  0.951 0.0000000000
42293  9.618  -34.616  0.350 0.0000000000
42294  8.994  -35.021  -0.078 0.0000000000
42295  5.532  -34.989  0.502 0.0000000000
42311  9.050  -34.376  -0.271 0.0000000000
42312  8.327  -34.728  -0.751 0.0000000000
42313  7.676  -35.064  -1.324 0.0000000000
42328  7.739  -34.431  -1.481 0.0000000000
42329  7.250  -34.742  -2.032 0.0000000000
42345  6.657  -34.556  -2.445 0.0000000000
43471  5.141  -33.445  14.509 0.0000000000
43472  4.354  -33.447  14.415 0.0000000000
43473  3.814  -33.401  14.072 0.0000000000
43496  3.717  -33.250  13.502 0.0000000000
43516  3.756  -33.533  12.828 0.0000000000
43533  8.120  -34.461  11.190 0.0000000000
43534  7.537  -34.269  11.160 0.0000000000
43535  6.842  -34.093  11.032 0.0000000000
43536  4.420  -33.604  11.171 0.0000000000
43537  3.965  -33.664  11.983 0.0000000000
43551  10.090  -33.644  10.109 0.0000000000
43552  9.335  -33.695  10.586 0.0000000000
43553  8.394  -33.829  10.935 0.0000000000
43554  7.353  -33.600  10.794 0.0000000000
43555  6.407  -33.630  10.643 0.0000000000
43556  5.615  -33.464  10.499 0.0000000000
43557  4.993  -33.478  10.622 0.0000000000
43570  10.504  -33.573  9.291 0.0000000000
43579  10.609  -33.615  8.408 0.0000000000
43587  10.567  -33.806  7.700 0.0000000000
43594  10.371  -33.687  6.888 0.0000000000
43595  10.008  -34.019  6.271 0.0000000000
43603  10.162  -33.383  6.122 0.0000000000
43604  9.740  -33.758  5.528 0.0000000000
43615  16.536  -34.196  4.308 0.0000000000
43616  16.138  -34.097  4.398 0.0000000000
43617  15.230  -33.961  4.504 0.0000000000
43618  14.309  -33.936  4.343 0.0000000000
43619  9.366  -33.676  4.597 0.0000000000
43629  18.391  -34.024  3.056 0.0000000000
43630  17.864  -33.843  3.241 0.0000000000
43631  16.883  -33.891  3.948 0.0000000000
43632  15.925  -33.453  3.957 0.0000000000
43633  14.919  -33.274  3.926 0.0000000000
43634  13.766  -33.448  3.632 0.0000000000
43635  12.964  -33.678  3.258 0.0000000000
43636  8.991  -33.563  3.700 0.0000000000
43637  8.522  -33.415  2.939 0.0000000000
43648  19.230  -33.838  2.027 0.0000000000
43649  18.609  -33.724  2.450 0.0000000000
43650  17.815  -33.275  2.529 0.0000000000
43651  13.285  -33.126  2.964 0.0000000000
43652  12.485  -33.334  2.508 0.0000000000
43653  11.675  -33.927  2.140 0.0000000000
43654  7.959  -33.451  2.192 0.0000000000
43655  7.417  -33.880  2.061 0.0000000000
43670  19.111  -33.495  1.357 0.0000000000
43671  18.203  -33.182  1.675 0.0000000000
43672  17.599  -32.866  1.950 0.0000000000
43673  11.819  -33.220  1.812 0.0000000000
43674  11.088  -33.611  1.297 0.0000000000
43675  10.569  -34.086  1.077 0.0000000000
43679  5.708  -34.561  0.807 0.0000000000
43691  18.375  -33.089  0.591 0.0000000000
43692  17.590  -32.802  1.099 0.0000000000
43693  10.767  -33.171  0.722 0.0000000000
43694  10.265  -33.709  0.571 0.0000000000
43695  9.431  -33.707  -0.156 0.0000000000
43715  8.709  -33.750  -0.724 0.0000000000
43716  8.086  -33.789  -1.345 0.0000000000
43734  7.500  -33.822  -2.001 0.0000000000
44753  6.233  -32.286  14.009 0.0000000000
44754  5.500  -32.450  14.279 0.0000000000
44755  4.703  -32.501  14.432 0.0000000000
44756  4.075  -32.530  14.307 0.0000000000
44769  3.740  -32.527  13.853 0.0000000000
44780  3.897  -32.245  12.394 0.0000000000
44781  3.729  -32.543  13.082 0.0000000000
44793  4.137  -32.594  11.588 0.0000000000
44794  3.838  -32.915  12.354 0.0000000000
44807  9.578  -33.062  10.117 0.0000000000
44808  8.857  -33.013  10.376 0.0000000000
44809  7.951  -32.979  10.476 0.0000000000
44810  7.054  -32.964  10.327 0.0000000000
44811  6.200  -32.876  10.187 0.0000000000
44812  5.423  -32.723  10.210 0.0000000000
44813  4.693  -32.492  10.533 0.0000000000
44825  10.063  -32.708  9.467 0.0000000000
44826  9.298  -32.462  9.796 0.0000000000
44827  8.423  -32.367  9.948 0.0000000000
44828  7.616  -32.445  10.029 0.0000000000
44829  6.885  -32.314  9.808 0.0000000000
44830  6.017  -32.188  9.659 0.0000000000
44831  5.264  -31.902  9.687 0.0000000000
44841  10.428  -32.758  8.627 0.0000000000
44850  10.502  -32.834  7.563 0.0000000000
44858  10.299  -32.704  6.450 0.0000000000
44868  10.080  -32.778  5.556 0.0000000000
44869  9.792  -33.060  4.946 0.0000000000
44879  9.892  -32.448  4.938 0.0000000000
44880  9.587  -32.661  4.180 0.0000000000
44887  17.324  -33.305  3.186 0.0000000000
44888  16.607  -33.033  3.323 0.0000000000
44889  15.679  -32.766  3.290 0.0000000000
44890  14.676  -32.708  3.149 0.0000000000
44891  13.888  -32.749  2.937 0.0000000000
44892  9.075  -32.597  3.015 0.0000000000
44893  8.587  -32.898  2.432 0.0000000000
44903  17.181  -32.821  2.592 0.0000000000
44904  16.377  -32.530  2.520 0.0000000000
44905  15.423  -32.309  2.376 0.0000000000
44906  14.407  -32.245  2.323 0.0000000000
44907  13.388  -32.510  2.353 0.0000000000
44908  12.799  -32.584  2.067 0.0000000000
44925  16.977  -32.597  1.761 0.0000000000
44926  16.140  -32.336  1.542 0.0000000000
44927  15.093  -31.919  1.193 0.0000000000
44928  13.952  -31.921  1.592 0.0000000000
44929  13.092  -32.147  1.627 0.0000000000
44930  12.328  -32.547  1.574 0.0000000000
44931  11.668  -32.842  1.301 0.0000000000
44944  16.788  -32.603  0.797 0.0000000000
44945  16.026  -32.345  0.542 0.0000000000
44946  15.448  -32.118  -0.001 0.0000000000
44947  11.903  -32.387  1.003 0.0000000000
44948  11.246  -32.582  0.645 0.0000000000
44949  10.462  -32.822  0.271 0.0000000000
44950  9.824  -33.059  -0.077 0.0000000000
44964  16.548  -32.665  0.022 0.0000000000
44965  16.020  -32.586  -0.295 0.0000000000
44967  10.722  -32.124  -0.096 0.0000000000
44968  9.969  -32.418  -0.389 0.0000000000
44969  9.004  -32.714  -0.878 0.0000000000
44970  8.425  -33.251  -1.220 0.0000000000
45934  5.843  -31.528  14.092 0.0000000000
45935  5.066  -31.550  14.418 0.0000000000
45936  4.366  -31.643  14.400 0.0000000000
45937  3.873  -31.744  14.165 0.0000000000
45947  7.578  -31.484  13.587 0.0000000000
45948  6.662  -31.523  13.808 0.0000000000
45949  3.753  -31.773  13.602 0.0000000000
45955  4.098  -31.562  12.061 0.0000000000
45956  3.828  -31.634  12.940 0.0000000000
45960  4.384  -31.591  10.940 0.0000000000
45968  4.709  -31.396  9.867 0.0000000000
45977  9.990  -32.317  9.202 0.0000000000
45978  9.699  -32.141  9.241 0.0000000000
45979  8.928  -31.808  9.336 0.0000000000
45980  7.793  -31.762  9.439 0.0000000000
45981  6.742  -31.654  9.240 0.0000000000
45982  5.894  -31.506  9.066 0.0000000000
45983  5.224  -31.069  8.912 0.0000000000
45991  10.108  -32.165  8.894 0.0000000000
45992  9.534  -31.659  8.619 0.0000000000
45993  8.492  -31.191  8.466 0.0000000000
45994  7.435  -31.226  8.700 0.0000000000
45995  6.567  -31.171  8.572 0.0000000000
45996  5.827  -31.020  8.404 0.0000000000
45997  5.453  -30.742  8.308 0.0000000000
46005  10.239  -31.899  8.049 0.0000000000
46006  9.345  -31.147  7.608 0.0000000000
46007  8.706  -30.918  7.819 0.0000000000
46015  10.121  -31.751  6.831 0.0000000000
46016  9.489  -31.025  6.604 0.0000000000
46024  10.115  -32.009  5.768 0.0000000000
46025  9.693  -31.262  5.809 0.0000000000
46029  9.992  -32.198  5.260 0.0000000000
46030  9.793  -31.657  4.781 0.0000000000
46034  9.505  -31.651  3.473 0.0000000000
46058  14.217  -31.712  0.811 0.0000000000
46059  13.454  -31.729  0.933 0.0000000000
46060  12.660  -31.925  1.015 0.0000000000
46061  12.237  -32.179  1.006 0.0000000000
46075  14.665  -31.720  0.129 0.0000000000
46076  13.809  -31.466  0.148 0.0000000000
46077  12.900  -31.505  0.263 0.0000000000
46078  11.960  -31.844  0.415 0.0000000000
46079  11.287  -31.950  0.118 0.0000000000
46092  15.018  -31.931  -0.728 0.0000000000
46093  14.232  -31.479  -0.717 0.0000000000
46094  13.205  -31.187  -0.701 0.0000000000
46095  12.250  -31.278  -0.447 0.0000000000
46096  11.181  -31.370  -0.625 0.0000000000
46097  10.132  -31.753  -0.775 0.0000000000
46098  9.574  -32.104  -0.903 0.0000000000
46106  13.740  -31.214  -1.557 0.0000000000
47017  6.321  -30.773  13.939 0.0000000000
47018  5.604  -30.621  14.248 0.0000000000
47019  4.715  -30.623  14.454 0.0000000000
47020  4.065  -31.052  14.368 0.0000000000
47032  8.108  -30.536  13.531 0.0000000000
47033  7.118  -30.537  13.709 0.0000000000
47034  4.198  -30.333  14.192 0.0000000000
47035  3.797  -31.072  13.896 0.0000000000
47042  4.194  -30.594  13.059 0.0000000000
47043  3.816  -31.242  13.414 0.0000000000
47048  4.450  -30.734  11.526 0.0000000000
47053  4.543  -30.663  10.283 0.0000000000
47057  4.762  -30.496  9.173 0.0000000000
47061  7.818  -30.958  8.248 0.0000000000
47062  7.228  -30.877  8.097 0.0000000000
47063  6.427  -30.791  7.927 0.0000000000
47064  5.745  -30.610  7.845 0.0000000000
47069  8.757  -30.804  7.494 0.0000000000
47070  8.087  -30.723  7.667 0.0000000000
47071  7.083  -30.598  7.411 0.0000000000
47072  6.271  -30.465  7.273 0.0000000000
47077  8.737  -30.633  6.864 0.0000000000
47078  7.722  -30.406  6.799 0.0000000000
47079  6.836  -30.321  6.756 0.0000000000
47085  9.120  -30.627  5.936 0.0000000000
47086  8.270  -30.286  5.896 0.0000000000
47087  7.274  -30.141  6.188 0.0000000000
47093  9.270  -30.577  5.011 0.0000000000
47094  8.839  -30.336  5.466 0.0000000000
47099  9.488  -30.739  3.962 0.0000000000
47144  13.005  -30.826  -1.542 0.0000000000
47145  12.350  -30.872  -1.202 0.0000000000
47146  11.802  -30.998  -0.943 0.0000000000
48017  8.065  -29.250  13.842 0.0000000000
48018  7.584  -29.177  14.051 0.0000000000
48019  6.652  -29.733  14.107 0.0000000000
48020  5.512  -29.640  14.485 0.0000000000
48021  4.834  -29.596  14.430 0.0000000000
48030  8.712  -29.518  13.699 0.0000000000
48031  7.607  -29.797  13.759 0.0000000000
48032  7.102  -30.001  13.808 0.0000000000
48033  4.945  -29.039  13.909 0.0000000000
48034  4.685  -29.394  13.972 0.0000000000
48041  5.139  -29.113  13.496 0.0000000000
48042  4.788  -29.637  13.054 0.0000000000
48049  5.371  -29.194  12.518 0.0000000000
48050  4.865  -29.944  12.069 0.0000000000
48055  5.398  -29.271  11.393 0.0000000000
48056  4.856  -29.965  10.846 0.0000000000
48078  8.194  -30.030  5.502 0.0000000000
48079  7.719  -29.904  5.562 0.0000000000
48087  9.022  -30.179  4.810 0.0000000000
48088  8.531  -29.976  5.061 0.0000000000
48096  9.087  -30.092  4.376 0.0000000000
49027  6.678  -28.110  15.005 0.0000000000
49028  6.070  -28.086  15.274 0.0000000000
49029  5.690  -27.839  15.383 0.0000000000
49035  10.191  -28.388  14.127 0.0000000000
49036  9.360  -28.435  14.192 0.0000000000
49037  8.391  -28.655  14.135 0.0000000000
49038  7.252  -28.551  14.492 0.0000000000
49039  6.223  -28.741  14.650 0.0000000000
49040  5.538  -28.501  14.584 0.0000000000
49041  4.946  -29.075  14.353 0.0000000000
49047  9.593  -28.976  13.849 0.0000000000
49048  9.021  -28.871  13.937 0.0000000000
49049  5.310  -28.660  14.046 0.0000000000
49050  5.011  -28.864  14.374 0.0000000000
49054  6.106  -28.062  12.583 0.0000000000
49055  5.727  -28.472  13.073 0.0000000000
49060  6.197  -27.903  12.266 0.0000000000
49061  5.989  -28.389  11.958 0.0000000000
50146  6.342  -27.235  16.215 0.0000000000
50147  5.772  -27.116  16.440 0.0000000000
50148  5.138  -26.849  16.641 0.0000000000
50149  4.833  -26.586  16.770 0.0000000000
50156  9.558  -27.387  14.823 0.0000000000
50157  8.829  -27.293  15.095 0.0000000000
50158  7.837  -27.335  15.400 0.0000000000
50159  6.768  -27.510  15.641 0.0000000000
50160  5.925  -27.617  15.878 0.0000000000
50161  5.307  -27.322  15.733 0.0000000000
50162  4.887  -26.677  16.408 0.0000000000
50168  10.694  -27.709  14.453 0.0000000000
50169  9.849  -27.836  14.467 0.0000000000
50170  9.028  -27.888  14.548 0.0000000000
50171  8.098  -27.849  14.696 0.0000000000
50172  7.314  -27.838  15.023 0.0000000000
50173  5.478  -27.545  14.636 0.0000000000
50177  6.024  -27.297  13.165 0.0000000000
50178  5.753  -27.786  13.679 0.0000000000
50181  6.207  -27.541  12.578 0.0000000000
50182  6.064  -27.854  13.043 0.0000000000
50190  6.222  -27.548  12.026 0.0000000000
51404  7.760  -25.894  17.372 0.0000000000
51405  7.260  -26.028  17.422 0.0000000000
51406  6.216  -26.143  17.424 0.0000000000
51407  5.304  -26.152  17.420 0.0000000000
51408  4.725  -26.079  17.290 0.0000000000
51419  11.418  -26.033  16.000 0.0000000000
51420  10.387  -26.109  16.146 0.0000000000
51421  9.246  -26.173  16.420 0.0000000000
51422  8.009  -26.151  16.945 0.0000000000
51423  6.642  -26.619  16.730 0.0000000000
51424  5.612  -26.610  17.027 0.0000000000
51425  4.917  -26.502  17.084 0.0000000000
51426  4.581  -26.249  16.741 0.0000000000
51435  10.990  -26.531  15.428 0.0000000000
51436  9.832  -26.764  15.386 0.0000000000
51437  8.531  -26.701  15.858 0.0000000000
51438  7.419  -26.858  16.111 0.0000000000
51439  6.782  -27.065  16.186 0.0000000000
51440  5.207  -26.961  15.280 0.0000000000
51441  4.825  -26.341  15.729 0.0000000000
51448  10.850  -27.057  14.898 0.0000000000
51449  10.173  -27.318  14.773 0.0000000000
51450  5.200  -26.626  14.812 0.0000000000
51451  4.900  -25.911  14.875 0.0000000000
51456  5.962  -26.872  13.146 0.0000000000
51457  5.656  -26.808  13.797 0.0000000000
51462  6.167  -26.965  12.690 0.0000000000
51463  5.781  -26.487  12.915 0.0000000000
51473  6.213  -27.169  12.303 0.0000000000
52728  11.400  -25.171  17.314 0.0000000000
52729  10.385  -25.199  17.511 0.0000000000
52730  9.316  -25.236  17.683 0.0000000000
52731  8.075  -25.506  17.576 0.0000000000
52732  6.836  -25.474  17.538 0.0000000000
52733  5.797  -25.614  17.402 0.0000000000
52734  5.024  -25.662  17.350 0.0000000000
52735  4.625  -25.594  17.013 0.0000000000
52744  11.874  -25.603  16.627 0.0000000000
52745  10.893  -25.610  16.753 0.0000000000
52746  9.843  -25.673  16.966 0.0000000000
52747  8.794  -25.733  17.159 0.0000000000
52748  8.307  -25.817  17.275 0.0000000000
52749  4.553  -25.488  16.227 0.0000000000
52758  4.573  -25.326  15.238 0.0000000000
52769  5.154  -26.095  14.225 0.0000000000
52770  4.718  -25.282  14.126 0.0000000000
52781  5.259  -25.913  13.422 0.0000000000
54093  10.483  -24.002  18.285 0.0000000000
54094  9.672  -23.970  18.286 0.0000000000
54095  9.333  -23.820  18.198 0.0000000000
54107  10.915  -24.616  17.867 0.0000000000
54108  9.929  -24.609  18.054 0.0000000000
54109  8.895  -24.333  18.028 0.0000000000
54110  7.525  -24.440  17.375 0.0000000000
54111  6.289  -24.929  17.306 0.0000000000
54112  5.385  -25.174  17.178 0.0000000000
54113  4.934  -25.331  17.104 0.0000000000
54121  7.217  -23.856  16.954 0.0000000000
54122  6.656  -24.212  16.870 0.0000000000
54123  5.791  -24.589  16.799 0.0000000000
54124  4.957  -24.809  16.603 0.0000000000
54132  4.639  -24.548  15.593 0.0000000000
54145  4.422  -24.394  14.576 0.0000000000
55473  10.015  -23.257  18.346 0.0000000000
55474  9.547  -23.610  18.260 0.0000000000
55487  9.644  -22.841  18.250 0.0000000000
55488  9.254  -23.296  18.097 0.0000000000
55489  8.439  -23.445  17.582 0.0000000000
55501  7.687  -23.369  17.074 0.0000000000
55502  6.977  -23.294  16.494 0.0000000000
55503  6.108  -23.903  16.350 0.0000000000
55504  5.540  -24.306  16.362 0.0000000000
55515  6.761  -22.765  16.148 0.0000000000
55516  6.339  -23.127  15.914 0.0000000000
55517  5.416  -23.759  15.711 0.0000000000
55526  4.716  -23.576  14.871 0.0000000000
56781  9.968  -22.364  18.374 0.0000000000
56798  9.412  -22.393  18.130 0.0000000000
56799  8.846  -22.528  17.787 0.0000000000
56800  8.209  -22.523  17.339 0.0000000000
56812  7.620  -22.471  16.800 0.0000000000
56813  7.114  -22.328  16.316 0.0000000000
56820  6.623  -22.290  15.880 0.0000000000
56821  5.928  -22.478  15.347 0.0000000000
56822  5.200  -22.892  15.007 0.0000000000
56825  5.387  -22.154  14.800 0.0000000000
56826  4.755  -22.455  14.332 0.0000000000
58228  9.576  -21.451  18.543 0.0000000000
58229  8.903  -21.299  18.314 0.0000000000
58244  9.072  -21.849  18.069 0.0000000000
58245  8.544  -21.616  17.772 0.0000000000
58246  7.929  -21.642  17.263 0.0000000000
58250  7.446  -21.576  16.725 0.0000000000
58251  6.927  -21.501  16.236 0.0000000000
58254  6.410  -21.459  15.642 0.0000000000
58255  5.774  -21.447  15.079 0.0000000000
58259  5.196  -21.433  14.475 0.0000000000
59700  5.386  -20.076  20.375 0.0000000000
59701  4.790  -19.917  20.239 0.0000000000
59710  8.498  -20.300  19.272 0.0000000000
59711  7.901  -20.172  18.979 0.0000000000
59712  5.091  -19.848  19.873 0.0000000000
59713  4.791  -19.598  19.771 0.0000000000
59722  8.984  -20.804  18.758 0.0000000000
59723  8.393  -20.723  18.409 0.0000000000
59724  7.587  -20.314  18.328 0.0000000000
59725  7.072  -20.096  17.956 0.0000000000
59731  8.047  -20.960  17.778 0.0000000000
59732  7.497  -20.759  17.400 0.0000000000
59733  6.844  -20.195  17.284 0.0000000000
59738  7.122  -20.876  16.756 0.0000000000
59739  6.571  -20.524  16.346 0.0000000000
59744  6.034  -20.588  15.545 0.0000000000
59745  5.498  -20.580  14.896 0.0000000000
59751  4.969  -20.539  14.255 0.0000000000
61118  7.036  -19.928  20.116 0.0000000000
61119  6.253  -19.862  19.922 0.0000000000
61120  5.630  -19.777  19.743 0.0000000000
61121  4.544  -19.386  20.285 0.0000000000
61124  7.769  -19.989  19.717 0.0000000000
61125  7.118  -19.895  19.264 0.0000000000
61126  6.266  -19.714  19.172 0.0000000000
61127  5.409  -19.445  19.195 0.0000000000
61128  4.592  -19.051  19.094 0.0000000000
61138  6.891  -19.899  18.595 0.0000000000
61139  6.329  -19.606  18.207 0.0000000000
61140  5.319  -19.038  18.018 0.0000000000
61141  4.753  -18.707  18.394 0.0000000000
61145  6.174  -19.593  17.121 0.0000000000
61146  5.462  -19.166  16.826 0.0000000000
61151  5.907  -19.784  16.173 0.0000000000
61152  5.226  -19.228  15.918 0.0000000000
61153  4.794  -18.912  15.322 0.0000000000
61157  5.589  -19.942  15.462 0.0000000000
61158  5.132  -19.663  14.870 0.0000000000
61159  4.612  -19.096  14.540 0.0000000000
61163  4.748  -19.813  14.153 0.0000000000
61170  9.190  -19.646  13.733 0.0000000000
62477  4.445  -18.153  19.611 0.0000000000
62489  4.804  -18.537  17.897 0.0000000000
62490  4.497  -18.171  18.441 0.0000000000
62494  5.004  -18.647  17.157 0.0000000000
62495  4.608  -18.061  17.377 0.0000000000
62499  5.077  -18.853  16.540 0.0000000000
62500  4.751  -18.333  16.219 0.0000000000
62503  4.576  -18.301  15.087 0.0000000000
62507  10.205  -17.973  14.373 0.0000000000
62508  9.187  -18.114  14.391 0.0000000000
62509  7.963  -18.099  14.257 0.0000000000
62510  6.810  -17.988  13.996 0.0000000000
62511  6.184  -17.953  13.911 0.0000000000
62512  4.526  -18.527  14.214 0.0000000000
62516  9.773  -18.871  14.083 0.0000000000
62517  8.602  -18.851  13.958 0.0000000000
62518  7.317  -18.702  13.736 0.0000000000
62519  6.054  -18.422  13.591 0.0000000000
63918  4.600  -17.086  19.437 0.0000000000
63931  4.449  -17.221  18.775 0.0000000000
63935  4.528  -17.246  17.782 0.0000000000
63939  4.490  -17.325  16.716 0.0000000000
63942  4.539  -17.434  15.672 0.0000000000
63945  10.310  -17.102  14.578 0.0000000000
63946  9.619  -17.341  14.745 0.0000000000
63947  8.501  -17.379  14.650 0.0000000000
63948  7.292  -17.370  14.433 0.0000000000
63949  6.076  -17.498  14.216 0.0000000000
63950  5.162  -17.463  14.337 0.0000000000
63951  4.680  -17.618  14.712 0.0000000000
63954  5.893  -17.944  13.878 0.0000000000
63955  5.426  -17.939  13.814 0.0000000000
63956  4.774  -18.074  13.910 0.0000000000
65266  4.797  -16.333  19.705 0.0000000000
65278  4.432  -16.253  19.041 0.0000000000
65289  4.500  -16.277  18.152 0.0000000000
65292  4.418  -16.387  17.148 0.0000000000
65295  4.450  -16.515  16.189 0.0000000000
65298  10.714  -15.505  15.027 0.0000000000
65299  10.278  -15.739  15.223 0.0000000000
65300  9.383  -15.937  15.333 0.0000000000
65301  8.416  -16.036  15.228 0.0000000000
65302  5.177  -16.243  15.172 0.0000000000
65303  4.769  -16.605  15.278 0.0000000000
65306  10.551  -16.158  14.572 0.0000000000
65307  9.995  -16.565  15.055 0.0000000000
65308  8.989  -16.668  15.032 0.0000000000
65309  7.740  -16.586  14.903 0.0000000000
65310  6.640  -16.734  14.687 0.0000000000
65311  5.514  -16.694  14.784 0.0000000000
65312  4.935  -17.059  14.717 0.0000000000
66586  5.083  -15.462  20.008 0.0000000000
66608  4.519  -15.356  19.391 0.0000000000
66623  4.275  -15.196  18.550 0.0000000000
66627  4.315  -15.404  17.556 0.0000000000
66630  4.399  -15.594  16.626 0.0000000000
66634  10.560  -14.836  15.272 0.0000000000
66635  9.672  -15.077  15.449 0.0000000000
66636  8.579  -15.254  15.362 0.0000000000
66637  7.273  -15.611  15.260 0.0000000000
66638  5.996  -15.476  15.405 0.0000000000
66639  5.097  -15.677  15.512 0.0000000000
66640  4.602  -15.839  15.910 0.0000000000
66643  10.802  -15.068  14.776 0.0000000000
66644  6.986  -16.286  15.013 0.0000000000
66645  6.310  -16.158  15.089 0.0000000000
66646  5.571  -16.058  15.203 0.0000000000
67974  4.699  -14.523  19.780 0.0000000000
67995  4.116  -14.390  19.148 0.0000000000
67996  3.870  -13.970  18.790 0.0000000000
68017  3.981  -14.330  18.537 0.0000000000
68018  3.823  -13.971  18.482 0.0000000000
68029  4.100  -14.459  17.929 0.0000000000
68030  3.885  -14.103  18.227 0.0000000000
68033  4.176  -14.614  16.993 0.0000000000
68036  10.613  -13.896  15.335 0.0000000000
68037  9.939  -14.152  15.565 0.0000000000
68038  8.872  -14.320  15.516 0.0000000000
68039  7.680  -14.494  15.520 0.0000000000
68040  6.464  -14.618  15.606 0.0000000000
68041  5.434  -14.773  15.779 0.0000000000
68042  4.641  -14.893  16.110 0.0000000000
68046  11.003  -14.102  15.025 0.0000000000
69453  4.975  -13.552  20.046 0.0000000000
69454  4.396  -13.834  19.521 0.0000000000
69469  4.483  -13.292  19.442 0.0000000000
69470  3.998  -13.502  19.041 0.0000000000
69471  3.841  -13.696  18.588 0.0000000000
69489  3.980  -13.375  18.351 0.0000000000
69490  3.867  -13.791  18.202 0.0000000000
69504  4.090  -13.720  17.611 0.0000000000
69505  3.904  -14.007  17.972 0.0000000000
69516  5.235  -13.343  16.409 0.0000000000
69517  4.695  -13.770  16.565 0.0000000000
69522  11.035  -13.039  15.283 0.0000000000
69523  10.219  -13.208  15.555 0.0000000000
69524  9.180  -13.350  15.543 0.0000000000
69525  8.021  -13.491  15.605 0.0000000000
69526  6.855  -13.635  15.725 0.0000000000
69527  5.653  -13.768  16.033 0.0000000000
69528  5.014  -14.257  16.027 0.0000000000
70769  5.464  -12.846  20.017 0.0000000000
70782  5.827  -12.469  19.670 0.0000000000
70783  4.988  -12.691  19.301 0.0000000000
70784  4.347  -13.032  19.171 0.0000000000
70798  4.911  -12.572  18.356 0.0000000000
70799  4.302  -12.912  18.717 0.0000000000
70810  4.990  -12.639  17.568 0.0000000000
70811  4.322  -12.932  17.941 0.0000000000
70823  5.819  -12.401  16.553 0.0000000000
70824  5.149  -12.891  16.801 0.0000000000
70825  4.581  -13.145  17.263 0.0000000000
70830  11.074  -12.140  15.259 0.0000000000
70831  10.506  -12.275  15.481 0.0000000000
70832  9.517  -12.374  15.604 0.0000000000
70833  8.351  -12.485  15.603 0.0000000000
70834  7.208  -12.629  15.739 0.0000000000
70835  6.259  -12.872  16.114 0.0000000000
70836  5.602  -13.046  16.378 0.0000000000
72053  5.822  -12.195  19.158 0.0000000000
72063  6.170  -11.629  18.578 0.0000000000
72064  5.509  -12.282  18.658 0.0000000000
72073  6.068  -11.525  17.533 0.0000000000
72074  5.558  -12.168  17.960 0.0000000000
72086  6.031  -11.715  16.810 0.0000000000
72087  5.571  -12.205  17.176 0.0000000000
72098  10.820  -11.421  15.348 0.0000000000
72099  9.901  -11.400  15.668 0.0000000000
72100  8.728  -11.469  15.609 0.0000000000
72101  7.542  -11.576  15.687 0.0000000000
72102  6.524  -11.777  16.169 0.0000000000
73422  6.791  -10.698  19.210 0.0000000000
73431  6.507  -10.616  18.043 0.0000000000
73439  6.412  -10.761  16.847 0.0000000000
73450  10.972  -10.444  15.155 0.0000000000
73451  10.266  -10.445  15.478 0.0000000000
73452  9.189  -10.462  15.588 0.0000000000
73453  7.935  -10.501  15.539 0.0000000000
73454  6.887  -10.600  15.867 0.0000000000
74805  6.762  -9.563  18.785 0.0000000000
74813  6.546  -9.561  17.522 0.0000000000
74822  6.583  -9.591  16.414 0.0000000000
74837  10.515  -9.546  15.245 0.0000000000
74838  9.707  -9.505  15.504 0.0000000000
74839  8.518  -9.472  15.474 0.0000000000
74840  7.170  -9.369  15.565 0.0000000000
76198  6.573  -8.653  19.651 0.0000000000
76209  6.270  -8.297  18.375 0.0000000000
76210  5.736  -7.902  17.459 0.0000000000
76220  6.174  -8.656  17.011 0.0000000000
76221  5.717  -7.924  16.560 0.0000000000
76233  6.303  -8.623  16.039 0.0000000000
76234  5.954  -7.806  15.849 0.0000000000
76251  10.157  -8.685  15.308 0.0000000000
76252  9.252  -8.525  15.455 0.0000000000
76253  8.020  -8.420  15.444 0.0000000000
76254  6.788  -8.121  15.478 0.0000000000
76255  6.292  -7.600  15.610 0.0000000000
77579  6.085  -8.121  20.326 0.0000000000
77580  5.233  -7.635  20.552 0.0000000000
77581  4.233  -7.102  20.417 0.0000000000
77591  5.963  -7.829  19.567 0.0000000000
77592  5.151  -7.352  19.509 0.0000000000
77593  4.378  -6.795  19.181 0.0000000000
77604  5.727  -7.652  18.942 0.0000000000
77605  5.295  -7.403  18.344 0.0000000000
77606  4.451  -6.907  17.881 0.0000000000
77617  5.076  -7.403  17.156 0.0000000000
77618  4.422  -6.897  16.775 0.0000000000
77633  5.007  -7.281  16.087 0.0000000000
77634  4.437  -6.848  16.179 0.0000000000
77656  9.998  -7.628  15.267 0.0000000000
77657  8.861  -7.526  15.489 0.0000000000
77658  7.706  -7.423  15.499 0.0000000000
77659  6.700  -7.244  15.491 0.0000000000
77660  5.844  -7.176  15.596 0.0000000000
78964  3.911  -6.458  20.169 0.0000000000
78974  3.788  -6.147  19.436 0.0000000000
78975  3.723  -5.837  18.846 0.0000000000
78986  3.894  -6.374  18.482 0.0000000000
78987  3.642  -5.829  18.113 0.0000000000
79000  3.910  -6.388  17.407 0.0000000000
79001  3.622  -5.645  17.138 0.0000000000
79015  4.550  -6.763  15.912 0.0000000000
79016  4.001  -6.235  16.155 0.0000000000
79017  3.712  -5.645  16.450 0.0000000000
79028  9.398  -6.619  15.348 0.0000000000
79029  8.504  -6.620  15.535 0.0000000000
79030  7.466  -6.523  15.503 0.0000000000
79031  6.371  -6.435  15.456 0.0000000000
79032  5.085  -6.381  15.581 0.0000000000
79033  4.483  -5.801  15.692 0.0000000000
80332  4.068  -5.665  20.408 0.0000000000
80345  3.953  -5.422  19.411 0.0000000000
80346  3.793  -5.272  18.703 0.0000000000
80357  3.646  -5.159  18.028 0.0000000000
80368  3.613  -4.906  17.426 0.0000000000
80376  3.767  -5.546  16.145 0.0000000000
80377  3.669  -4.970  16.539 0.0000000000
80385  9.039  -5.939  15.491 0.0000000000
80386  8.282  -5.750  15.539 0.0000000000
80387  7.236  -5.597  15.518 0.0000000000
80388  6.071  -5.482  15.468 0.0000000000
80389  5.001  -5.287  15.537 0.0000000000
80390  4.029  -5.122  15.697 0.0000000000
80391  3.680  -4.369  15.957 0.0000000000
81673  5.062  -4.578  20.322 0.0000000000
81674  4.280  -5.019  19.851 0.0000000000
81684  4.881  -4.124  19.642 0.0000000000
81685  4.282  -4.492  19.162 0.0000000000
81686  3.847  -4.830  18.534 0.0000000000
81696  4.198  -4.007  18.593 0.0000000000
81697  3.826  -4.378  18.152 0.0000000000
81707  3.614  -4.254  17.284 0.0000000000
81715  3.547  -3.964  16.524 0.0000000000
81722  9.020  -5.119  15.489 0.0000000000
81723  8.126  -4.767  15.595 0.0000000000
81724  6.999  -4.583  15.576 0.0000000000
81725  5.836  -4.442  15.528 0.0000000000
81726  4.778  -4.243  15.494 0.0000000000
81727  3.975  -3.974  15.493 0.0000000000
81728  3.616  -3.592  15.879 0.0000000000
83050  5.299  -3.649  19.774 0.0000000000
83059  4.812  -3.744  19.320 0.0000000000
83060  4.505  -3.618  18.852 0.0000000000
83069  4.113  -3.481  18.210 0.0000000000
83070  3.768  -3.865  17.757 0.0000000000
83078  4.044  -2.944  17.869 0.0000000000
83079  3.694  -3.311  17.314 0.0000000000
83087  3.524  -3.094  16.391 0.0000000000
83093  8.947  -3.970  15.427 0.0000000000
83094  7.862  -3.663  15.650 0.0000000000
83095  6.676  -3.533  15.576 0.0000000000
83096  5.550  -3.397  15.431 0.0000000000
83097  4.503  -3.069  15.300 0.0000000000
83098  3.849  -3.128  15.463 0.0000000000
83099  3.558  -2.829  15.784 0.0000000000
83107  4.260  -2.486  15.116 0.0000000000
83108  3.983  -2.603  15.158 0.0000000000
83109  3.731  -2.569  15.424 0.0000000000
84459  5.067  -2.835  19.129 0.0000000000
84460  4.546  -3.127  18.645 0.0000000000
84467  4.895  -2.392  18.730 0.0000000000
84468  4.512  -2.574  18.342 0.0000000000
84474  3.982  -2.401  17.537 0.0000000000
84475  3.619  -2.434  16.811 0.0000000000
84480  3.472  -2.322  16.175 0.0000000000
84486  8.545  -2.686  15.380 0.0000000000
84487  7.366  -2.542  15.612 0.0000000000
84488  6.234  -2.556  15.478 0.0000000000
84489  5.317  -2.447  15.264 0.0000000000
84490  3.545  -2.152  15.616 0.0000000000
84497  4.589  -2.193  15.050 0.0000000000
84498  4.083  -2.115  14.923 0.0000000000
84499  3.756  -2.111  15.168 0.0000000000
85908  5.114  -1.781  18.682 0.0000000000
85909  4.477  -1.654  17.797 0.0000000000
85920  3.873  -1.518  16.950 0.0000000000
85921  3.559  -1.935  16.492 0.0000000000
85928  3.867  -0.968  16.432 0.0000000000
85929  3.521  -1.460  16.045 0.0000000000
85935  7.901  -1.455  15.538 0.0000000000
85936  6.521  -1.440  15.455 0.0000000000
85937  5.831  -1.970  15.353 0.0000000000
85938  3.647  -1.561  15.324 0.0000000000
85944  5.813  -0.892  15.238 0.0000000000
85945  5.243  -1.441  15.114 0.0000000000
85946  4.327  -1.538  14.882 0.0000000000
85947  3.880  -1.603  14.927 0.0000000000
87423  5.659  -0.627  19.139 0.0000000000
87437  5.010  -0.589  17.907 0.0000000000
87438  4.429  -1.053  17.370 0.0000000000
87451  4.825  0.035  17.366 0.0000000000
87452  4.373  -0.438  16.865 0.0000000000
87465  3.910  -0.470  15.936 0.0000000000
87466  3.711  -0.992  15.472 0.0000000000
87479  7.277  -0.394  15.444 0.0000000000
87480  4.009  -0.429  15.257 0.0000000000
87481  3.832  -1.048  14.994 0.0000000000
87493  6.224  -0.347  15.246 0.0000000000
87494  5.344  -0.415  14.922 0.0000000000
87495  4.425  -0.676  14.880 0.0000000000
87496  4.048  -1.209  14.814 0.0000000000
89088  5.869  0.481  19.730 0.0000000000
89101  5.514  0.386  18.609 0.0000000000
89115  5.140  0.531  17.747 0.0000000000
89116  4.728  0.633  16.993 0.0000000000
89128  4.294  0.507  16.217 0.0000000000
89137  7.670  0.634  15.420 0.0000000000
89138  6.663  0.542  15.315 0.0000000000
89139  4.190  0.424  15.534 0.0000000000
89145  5.657  0.470  15.038 0.0000000000
89146  4.789  0.395  14.823 0.0000000000
89147  4.319  0.222  15.091 0.0000000000
90417  5.562  1.449  20.097 0.0000000000
90431  5.472  1.357  19.090 0.0000000000
90432  5.136  1.728  18.476 0.0000000000
90446  5.316  1.136  18.275 0.0000000000
90447  4.863  1.571  17.624 0.0000000000
90462  4.321  1.581  16.567 0.0000000000
90463  3.893  1.994  16.117 0.0000000000
90476  7.946  1.634  15.426 0.0000000000
90477  6.964  1.517  15.451 0.0000000000
90478  4.079  1.343  15.810 0.0000000000
90479  3.805  2.102  15.618 0.0000000000
90490  5.956  1.342  15.159 0.0000000000
90491  5.118  1.295  14.880 0.0000000000
90492  4.284  1.433  15.141 0.0000000000
90493  3.815  2.304  15.198 0.0000000000
91673  5.123  2.118  19.664 0.0000000000
91674  4.559  2.789  19.727 0.0000000000
91683  5.143  1.960  18.931 0.0000000000
91684  4.652  2.488  18.541 0.0000000000
91691  4.058  2.556  17.141 0.0000000000
91692  3.536  2.957  16.881 0.0000000000
91701  3.951  2.229  16.491 0.0000000000
91702  3.562  2.695  16.294 0.0000000000
91714  8.297  2.590  15.215 0.0000000000
91715  7.316  2.527  15.439 0.0000000000
91716  5.980  2.392  15.207 0.0000000000
91717  5.242  2.803  15.018 0.0000000000
91718  3.586  2.818  15.479 0.0000000000
91733  5.440  1.832  14.958 0.0000000000
91734  4.821  2.298  14.860 0.0000000000
91735  3.989  2.432  14.924 0.0000000000
91736  3.734  2.649  15.150 0.0000000000
92871  4.488  3.513  19.042 0.0000000000
92884  3.834  3.472  17.807 0.0000000000
92885  3.485  3.922  17.402 0.0000000000
92895  3.587  3.110  17.194 0.0000000000
92896  3.352  3.553  16.877 0.0000000000
92905  3.221  3.519  15.927 0.0000000000
92915  8.247  3.653  15.153 0.0000000000
92916  7.697  3.518  15.386 0.0000000000
92917  6.621  3.459  15.427 0.0000000000
92918  5.534  3.345  15.232 0.0000000000
92919  3.556  3.425  15.455 0.0000000000
92934  4.753  3.166  15.026 0.0000000000
92935  4.130  3.019  14.929 0.0000000000
92936  3.735  2.962  15.143 0.0000000000
94031  5.219  5.084  19.248 0.0000000000
94032  4.986  4.231  19.554 0.0000000000
94045  4.871  5.372  18.752 0.0000000000
94046  4.307  4.681  18.299 0.0000000000
94047  3.704  4.149  17.678 0.0000000000
94055  3.807  5.119  17.627 0.0000000000
94056  3.437  4.584  17.222 0.0000000000
94064  3.090  4.302  16.335 0.0000000000
94076  8.236  3.975  15.126 0.0000000000
94077  8.074  4.315  15.247 0.0000000000
94078  7.175  4.501  15.461 0.0000000000
94079  5.804  4.423  15.402 0.0000000000
94080  4.539  4.611  15.340 0.0000000000
94081  3.448  4.459  15.546 0.0000000000
94096  4.913  3.840  15.268 0.0000000000
94097  4.192  3.733  15.196 0.0000000000
94098  3.784  3.471  15.271 0.0000000000
95343  4.637  5.790  18.464 0.0000000000
95352  4.074  5.687  17.869 0.0000000000
95353  3.469  5.613  17.262 0.0000000000
95362  3.035  5.493  16.386 0.0000000000
95363  2.884  6.247  15.986 0.0000000000
95374  7.821  5.635  15.263 0.0000000000
95375  6.590  5.580  15.526 0.0000000000
95376  5.251  5.578  15.449 0.0000000000
95377  4.040  5.643  15.426 0.0000000000
95378  3.193  5.955  15.768 0.0000000000
95379  3.025  6.429  15.764 0.0000000000
96707  3.676  6.636  17.693 0.0000000000
96708  3.048  6.934  17.123 0.0000000000
96718  3.134  6.256  16.958 0.0000000000
96719  2.890  6.686  16.448 0.0000000000
96728  7.755  6.709  15.244 0.0000000000
96729  7.162  6.674  15.504 0.0000000000
96730  5.970  6.619  15.543 0.0000000000
96731  4.710  6.600  15.495 0.0000000000
96732  3.667  6.673  15.586 0.0000000000
96733  2.921  6.806  15.820 0.0000000000
96743  8.069  6.736  14.858 0.0000000000
98025  2.720  7.585  16.939 0.0000000000
98037  2.791  7.548  16.256 0.0000000000
98046  7.627  7.752  15.260 0.0000000000
98047  6.559  7.669  15.521 0.0000000000
98048  5.350  7.588  15.525 0.0000000000
98049  4.209  7.543  15.490 0.0000000000
98050  3.336  7.539  15.686 0.0000000000
98051  2.920  7.549  15.887 0.0000000000
99348  2.681  8.395  16.664 0.0000000000
99358  7.417  8.751  15.162 0.0000000000
99359  6.942  8.720  15.482 0.0000000000
99360  5.875  8.605  15.538 0.0000000000
99361  4.732  8.482  15.520 0.0000000000
99362  3.738  8.389  15.604 0.0000000000
99363  2.967  8.345  15.972 0.0000000000
100767  2.823  9.128  16.405 0.0000000000
100779  5.165  9.473  15.522 0.0000000000
100780  4.140  9.291  15.580 0.0000000000
100781  3.387  9.122  15.849 0.0000000000
100782  3.027  9.059  16.081 0.0000000000
