#!ascii label  , from subject colin27_FS vox2ras=TkReg
490
121266  8.343  26.106  -29.784 0.0000000000
121290  8.891  26.005  -30.371 0.0000000000
121291  8.410  26.364  -30.429 0.0000000000
121317  9.482  26.232  -30.912 0.0000000000
121318  8.796  26.416  -30.813 0.0000000000
121319  8.452  26.516  -30.745 0.0000000000
122251  7.176  26.404  -27.367 0.0000000000
122252  6.770  26.780  -26.797 0.0000000000
122260  7.567  26.414  -28.269 0.0000000000
122272  7.845  26.614  -29.157 0.0000000000
122289  8.222  27.112  -30.571 0.0000000000
122290  8.068  26.849  -30.049 0.0000000000
122309  10.906  26.550  -31.596 0.0000000000
122310  10.081  26.659  -31.420 0.0000000000
122311  9.266  26.853  -31.241 0.0000000000
122312  8.582  26.936  -30.936 0.0000000000
122313  8.284  26.683  -30.592 0.0000000000
122334  13.073  26.809  -32.210 0.0000000000
122335  12.213  26.840  -32.095 0.0000000000
122336  11.560  26.679  -31.856 0.0000000000
123243  6.399  27.242  -26.529 0.0000000000
123249  7.183  27.099  -27.872 0.0000000000
123250  6.752  27.449  -27.238 0.0000000000
123256  7.410  27.336  -28.547 0.0000000000
123268  7.694  27.582  -29.379 0.0000000000
123285  8.405  27.587  -30.843 0.0000000000
123286  8.042  27.800  -30.233 0.0000000000
123301  11.170  26.933  -31.905 0.0000000000
123302  10.667  27.115  -31.847 0.0000000000
123303  9.845  27.364  -31.698 0.0000000000
123304  8.998  27.835  -31.441 0.0000000000
123326  14.576  27.349  -32.673 0.0000000000
123327  13.611  27.428  -32.611 0.0000000000
123328  12.638  27.533  -32.493 0.0000000000
123329  11.502  27.486  -32.220 0.0000000000
123330  10.473  27.851  -32.110 0.0000000000
123331  9.671  28.083  -31.949 0.0000000000
123332  9.259  28.261  -31.859 0.0000000000
124238  5.979  27.481  -26.180 0.0000000000
124239  5.500  27.941  -25.962 0.0000000000
124240  4.766  28.802  -25.543 0.0000000000
124241  4.310  29.312  -25.167 0.0000000000
124245  6.130  27.968  -26.662 0.0000000000
124246  5.602  28.888  -26.574 0.0000000000
124247  5.084  29.245  -26.191 0.0000000000
124252  7.020  27.821  -27.963 0.0000000000
124253  6.514  28.683  -27.535 0.0000000000
124254  5.995  29.211  -27.141 0.0000000000
124261  7.252  28.490  -28.614 0.0000000000
124262  6.923  29.061  -28.163 0.0000000000
124269  7.734  28.514  -29.582 0.0000000000
124282  8.399  28.495  -30.845 0.0000000000
124283  8.027  28.683  -30.181 0.0000000000
124297  8.781  28.728  -31.481 0.0000000000
124316  18.007  27.937  -33.135 0.0000000000
124317  16.985  27.883  -33.162 0.0000000000
124318  15.983  27.886  -33.154 0.0000000000
124319  15.014  27.926  -33.111 0.0000000000
124320  14.071  28.028  -33.045 0.0000000000
124321  13.162  28.168  -32.926 0.0000000000
124322  12.170  28.526  -32.828 0.0000000000
124323  11.044  28.509  -32.519 0.0000000000
124324  10.138  28.637  -32.325 0.0000000000
124325  9.453  28.704  -32.088 0.0000000000
124326  9.069  28.555  -31.799 0.0000000000
124333  19.268  28.881  -33.553 0.0000000000
124334  18.219  28.585  -33.635 0.0000000000
124335  17.231  28.457  -33.694 0.0000000000
124336  16.264  28.423  -33.694 0.0000000000
124337  15.307  28.446  -33.626 0.0000000000
124338  14.433  28.499  -33.506 0.0000000000
124339  13.509  28.765  -33.452 0.0000000000
124340  12.876  28.686  -33.139 0.0000000000
124346  18.863  29.300  -33.892 0.0000000000
124347  18.305  29.159  -33.991 0.0000000000
124348  17.262  29.086  -34.252 0.0000000000
124349  16.455  28.874  -34.210 0.0000000000
124350  15.457  29.014  -34.263 0.0000000000
124351  14.570  28.921  -33.977 0.0000000000
124352  14.046  28.880  -33.775 0.0000000000
124357  16.739  29.365  -34.614 0.0000000000
124358  16.391  29.256  -34.571 0.0000000000
124359  15.971  29.152  -34.504 0.0000000000
125202  4.425  29.744  -25.469 0.0000000000
125203  4.086  29.767  -24.883 0.0000000000
125206  5.273  29.639  -26.537 0.0000000000
125207  4.847  29.706  -26.040 0.0000000000
125212  6.236  29.674  -27.442 0.0000000000
125213  5.701  29.637  -26.954 0.0000000000
125219  7.185  29.515  -28.498 0.0000000000
125220  6.765  29.576  -27.971 0.0000000000
125227  7.917  29.750  -29.692 0.0000000000
125228  7.612  29.430  -29.189 0.0000000000
125240  8.178  29.515  -30.343 0.0000000000
125241  7.886  29.171  -29.809 0.0000000000
125253  8.572  29.490  -31.216 0.0000000000
125269  12.022  29.265  -33.115 0.0000000000
125270  11.423  29.206  -32.922 0.0000000000
125271  10.568  29.283  -32.742 0.0000000000
125272  9.740  29.414  -32.484 0.0000000000
125273  9.055  29.381  -31.949 0.0000000000
125283  20.644  30.376  -34.550 0.0000000000
125284  20.451  30.233  -34.636 0.0000000000
125285  13.150  29.241  -33.715 0.0000000000
125286  12.615  29.197  -33.376 0.0000000000
125292  20.133  30.491  -34.481 0.0000000000
125293  19.815  30.420  -34.430 0.0000000000
125294  18.986  30.496  -34.103 0.0000000000
125295  18.385  30.475  -33.984 0.0000000000
125296  15.000  29.442  -34.601 0.0000000000
125297  14.487  29.394  -34.426 0.0000000000
125298  13.661  29.325  -34.052 0.0000000000
125299  12.820  29.594  -33.879 0.0000000000
125306  16.917  29.603  -34.558 0.0000000000
125307  16.283  29.661  -34.697 0.0000000000
125308  15.507  29.602  -34.668 0.0000000000
125309  14.540  29.847  -34.700 0.0000000000
125310  11.287  30.476  -35.738 0.0000000000
125311  11.097  30.351  -35.801 0.0000000000
126260  3.885  30.497  -24.505 0.0000000000
126262  4.637  30.466  -25.833 0.0000000000
126263  4.216  30.483  -25.194 0.0000000000
126265  5.449  30.024  -26.807 0.0000000000
126266  5.172  30.404  -26.518 0.0000000000
126268  7.169  31.040  -28.206 0.0000000000
126269  6.717  30.538  -27.869 0.0000000000
126270  5.804  30.453  -27.098 0.0000000000
126271  5.440  30.781  -26.813 0.0000000000
126276  6.614  31.505  -29.610 0.0000000000
126277  6.432  31.279  -29.328 0.0000000000
126278  7.048  30.032  -28.275 0.0000000000
126284  6.804  31.496  -29.843 0.0000000000
126285  7.796  30.071  -29.345 0.0000000000
126294  8.424  30.483  -30.825 0.0000000000
126307  8.759  30.398  -31.736 0.0000000000
126323  12.144  29.513  -33.316 0.0000000000
126324  11.728  29.639  -33.279 0.0000000000
126325  9.727  30.162  -35.841 0.0000000000
126326  9.237  30.480  -35.722 0.0000000000
126327  8.760  30.830  -35.432 0.0000000000
126340  20.890  30.892  -34.184 0.0000000000
126341  20.069  30.943  -33.883 0.0000000000
126342  19.332  30.928  -33.694 0.0000000000
126343  18.615  30.964  -33.522 0.0000000000
126344  18.100  31.106  -33.350 0.0000000000
126345  17.627  31.261  -33.219 0.0000000000
126346  12.195  29.716  -33.596 0.0000000000
126347  10.060  30.232  -35.980 0.0000000000
126348  9.551  30.319  -35.953 0.0000000000
126349  8.835  30.763  -35.714 0.0000000000
126350  8.622  30.994  -35.373 0.0000000000
126357  20.306  30.621  -34.318 0.0000000000
126358  19.783  30.627  -34.182 0.0000000000
126359  19.117  30.656  -34.007 0.0000000000
126360  18.520  30.711  -33.791 0.0000000000
126361  17.938  30.848  -33.642 0.0000000000
126362  15.830  30.748  -34.302 0.0000000000
126363  15.123  30.764  -34.505 0.0000000000
126364  10.666  30.400  -35.888 0.0000000000
126365  10.259  30.395  -36.018 0.0000000000
126366  9.556  30.792  -35.938 0.0000000000
126367  8.795  31.447  -35.993 0.0000000000
126374  18.110  30.582  -33.885 0.0000000000
126375  16.417  30.096  -34.559 0.0000000000
126376  15.645  30.204  -34.654 0.0000000000
126377  14.713  30.419  -34.689 0.0000000000
126378  11.379  30.701  -35.712 0.0000000000
126379  11.035  30.575  -35.747 0.0000000000
126380  10.383  30.950  -35.738 0.0000000000
126381  9.658  31.491  -35.638 0.0000000000
127313  3.828  31.341  -24.227 0.0000000000
127315  4.500  31.336  -25.419 0.0000000000
127316  4.078  31.106  -24.847 0.0000000000
127318  5.900  31.999  -26.767 0.0000000000
127319  5.377  31.625  -26.427 0.0000000000
127320  4.963  31.141  -26.142 0.0000000000
127323  6.953  31.675  -27.859 0.0000000000
127324  6.258  31.395  -27.302 0.0000000000
127325  5.655  31.215  -26.868 0.0000000000
127326  5.285  31.039  -26.597 0.0000000000
127330  6.865  31.973  -29.796 0.0000000000
127331  6.623  31.740  -29.417 0.0000000000
127332  6.392  31.534  -29.060 0.0000000000
127337  7.168  32.022  -30.202 0.0000000000
127338  7.039  31.931  -29.922 0.0000000000
127344  7.526  32.139  -30.447 0.0000000000
127355  8.587  31.388  -31.422 0.0000000000
127374  8.828  31.192  -32.233 0.0000000000
127388  21.322  31.433  -33.895 0.0000000000
127389  20.456  31.525  -33.577 0.0000000000
127390  19.646  31.392  -33.345 0.0000000000
127391  18.900  31.354  -33.107 0.0000000000
127392  18.189  31.410  -32.967 0.0000000000
127393  17.804  31.488  -32.910 0.0000000000
127394  17.276  31.737  -32.767 0.0000000000
127395  14.596  31.818  -33.777 0.0000000000
127396  8.518  31.165  -35.434 0.0000000000
127397  8.457  31.610  -34.944 0.0000000000
127410  15.163  31.114  -34.236 0.0000000000
127411  14.287  31.331  -34.282 0.0000000000
127412  11.527  31.965  -34.976 0.0000000000
127413  11.141  32.054  -34.880 0.0000000000
127414  10.584  32.319  -34.760 0.0000000000
127415  10.208  32.563  -34.695 0.0000000000
127416  8.495  31.168  -35.693 0.0000000000
127425  14.052  30.792  -34.677 0.0000000000
127426  11.359  31.072  -35.536 0.0000000000
127427  11.068  31.330  -35.421 0.0000000000
127428  10.485  31.685  -35.298 0.0000000000
128288  3.925  32.986  -23.733 0.0000000000
128292  4.773  33.093  -24.870 0.0000000000
128293  4.308  32.832  -24.390 0.0000000000
128294  3.878  32.217  -23.991 0.0000000000
128297  5.679  33.105  -25.933 0.0000000000
128298  5.195  32.897  -25.484 0.0000000000
128299  4.654  32.323  -25.136 0.0000000000
128300  4.182  31.860  -24.700 0.0000000000
128304  6.025  32.875  -26.483 0.0000000000
128305  5.540  32.398  -26.165 0.0000000000
128306  5.025  31.952  -25.823 0.0000000000
128310  7.010  32.381  -27.772 0.0000000000
128311  6.557  32.541  -27.254 0.0000000000
128315  6.971  32.158  -29.830 0.0000000000
128316  7.002  32.264  -29.609 0.0000000000
128317  6.733  32.091  -29.100 0.0000000000
128318  7.036  32.914  -27.727 0.0000000000
128322  6.978  31.988  -30.018 0.0000000000
128323  7.270  32.334  -29.997 0.0000000000
128327  7.685  32.593  -30.493 0.0000000000
128338  8.248  32.863  -31.421 0.0000000000
128351  14.188  32.848  -32.834 0.0000000000
128352  8.588  32.833  -33.329 0.0000000000
128362  14.574  32.278  -33.299 0.0000000000
128363  12.370  33.248  -33.415 0.0000000000
128364  12.063  33.113  -33.768 0.0000000000
128365  11.629  33.081  -33.866 0.0000000000
128366  11.110  33.124  -33.833 0.0000000000
128367  8.667  32.680  -34.626 0.0000000000
128377  14.091  32.039  -33.755 0.0000000000
128378  11.976  32.749  -34.212 0.0000000000
128379  11.653  32.634  -34.418 0.0000000000
128380  11.150  32.632  -34.302 0.0000000000
128381  10.483  32.999  -34.261 0.0000000000
128388  9.878  32.813  -34.602 0.0000000000
129160  4.278  35.516  -23.214 0.0000000000
129161  4.083  35.532  -22.966 0.0000000000
129164  5.075  33.764  -24.934 0.0000000000
129165  4.606  33.721  -24.379 0.0000000000
129170  5.986  33.711  -26.076 0.0000000000
129171  5.549  33.746  -25.503 0.0000000000
129176  6.408  33.597  -26.726 0.0000000000
129180  6.851  33.597  -27.382 0.0000000000
129184  7.510  32.897  -29.878 0.0000000000
129185  7.358  32.776  -29.565 0.0000000000
129186  7.301  33.653  -27.987 0.0000000000
129190  7.830  33.227  -30.343 0.0000000000
129194  8.253  33.423  -31.094 0.0000000000
129208  8.477  33.537  -32.239 0.0000000000
129219  12.903  33.754  -32.438 0.0000000000
129220  12.330  33.892  -32.537 0.0000000000
129221  11.741  33.894  -32.870 0.0000000000
129222  11.197  33.972  -33.031 0.0000000000
129223  8.639  33.539  -33.418 0.0000000000
129233  12.371  33.467  -33.114 0.0000000000
129234  11.985  33.495  -33.296 0.0000000000
129235  11.433  33.513  -33.398 0.0000000000
129236  10.683  33.718  -33.552 0.0000000000
130043  4.004  35.748  -22.773 0.0000000000
130046  4.534  35.732  -23.485 0.0000000000
130047  4.269  35.694  -23.143 0.0000000000
130055  5.570  36.173  -24.765 0.0000000000
130056  5.020  35.978  -24.076 0.0000000000
130062  6.365  36.382  -25.884 0.0000000000
130063  6.012  36.299  -25.374 0.0000000000
130067  6.702  34.435  -26.961 0.0000000000
130071  7.658  36.271  -27.973 0.0000000000
130072  7.479  36.321  -27.673 0.0000000000
130076  8.032  34.003  -30.002 0.0000000000
130077  7.536  34.490  -28.315 0.0000000000
130078  7.309  34.214  -27.986 0.0000000000
130083  8.291  34.218  -30.743 0.0000000000
130092  8.385  34.332  -31.667 0.0000000000
130104  11.030  34.836  -32.249 0.0000000000
130105  8.509  34.352  -32.646 0.0000000000
130114  11.888  34.221  -32.323 0.0000000000
130115  11.370  34.331  -32.550 0.0000000000
130116  10.652  34.554  -32.866 0.0000000000
130117  10.108  34.734  -33.125 0.0000000000
130118  8.678  34.333  -33.412 0.0000000000
130127  10.259  34.309  -33.382 0.0000000000
131061  3.839  36.266  -22.439 0.0000000000
131066  4.470  36.431  -23.222 0.0000000000
131067  4.247  36.155  -22.935 0.0000000000
131075  4.620  36.084  -23.509 0.0000000000
131076  4.368  35.905  -23.188 0.0000000000
131085  5.431  36.351  -24.510 0.0000000000
131086  5.030  36.170  -24.021 0.0000000000
131090  6.313  36.567  -25.740 0.0000000000
131091  5.830  36.362  -25.113 0.0000000000
131095  7.181  36.737  -27.193 0.0000000000
131096  6.734  36.550  -26.533 0.0000000000
131100  7.586  36.471  -27.843 0.0000000000
131101  7.227  36.450  -27.302 0.0000000000
131104  8.231  35.828  -29.440 0.0000000000
131105  7.865  36.243  -28.447 0.0000000000
131109  8.402  35.275  -30.387 0.0000000000
131120  8.301  35.183  -31.250 0.0000000000
131129  10.302  35.585  -32.239 0.0000000000
131130  9.684  35.869  -32.699 0.0000000000
131131  8.200  35.328  -32.191 0.0000000000
131132  7.945  35.927  -32.514 0.0000000000
131138  10.197  35.047  -32.845 0.0000000000
131139  8.421  35.066  -32.965 0.0000000000
131140  8.096  35.707  -32.896 0.0000000000
131146  8.550  35.237  -33.436 0.0000000000
131147  8.291  35.519  -33.195 0.0000000000
131996  4.355  36.972  -22.964 0.0000000000
131997  4.002  36.757  -22.545 0.0000000000
132007  5.146  37.236  -23.961 0.0000000000
132008  4.718  36.751  -23.508 0.0000000000
132014  5.523  36.969  -24.539 0.0000000000
132015  5.088  36.534  -23.990 0.0000000000
132019  6.414  37.175  -25.792 0.0000000000
132020  5.934  36.752  -25.124 0.0000000000
132023  7.137  37.332  -27.215 0.0000000000
132024  6.759  36.944  -26.496 0.0000000000
132028  7.598  37.035  -27.906 0.0000000000
132031  8.180  36.721  -29.415 0.0000000000
132032  7.937  36.596  -28.625 0.0000000000
132036  8.330  36.288  -30.107 0.0000000000
132047  8.171  36.200  -31.014 0.0000000000
132048  7.857  36.744  -31.409 0.0000000000
132057  8.128  35.763  -31.607 0.0000000000
132058  7.830  36.340  -32.010 0.0000000000
132064  9.301  36.212  -33.050 0.0000000000
132065  7.734  36.373  -32.896 0.0000000000
132070  7.997  36.138  -33.568 0.0000000000
132075  8.030  36.616  -34.474 0.0000000000
132076  8.003  36.417  -34.119 0.0000000000
132882  4.430  37.976  -22.811 0.0000000000
132883  4.055  37.538  -22.377 0.0000000000
132891  5.145  38.098  -23.936 0.0000000000
132892  4.740  37.553  -23.423 0.0000000000
132895  5.578  37.769  -24.517 0.0000000000
132899  6.477  38.004  -25.845 0.0000000000
132900  6.026  37.462  -25.131 0.0000000000
132903  6.994  38.050  -27.304 0.0000000000
132904  6.763  37.645  -26.568 0.0000000000
132908  7.432  37.807  -27.952 0.0000000000
132911  8.067  37.192  -29.559 0.0000000000
132912  7.839  37.450  -28.931 0.0000000000
132916  8.225  36.995  -30.049 0.0000000000
132917  7.856  37.585  -29.925 0.0000000000
132927  8.170  36.681  -30.491 0.0000000000
132928  7.847  37.217  -30.854 0.0000000000
132937  7.552  37.182  -31.771 0.0000000000
132945  7.278  37.255  -32.681 0.0000000000
132946  6.789  37.783  -32.985 0.0000000000
132950  8.979  36.593  -33.430 0.0000000000
132951  7.447  36.969  -33.608 0.0000000000
132952  6.860  37.614  -33.545 0.0000000000
132957  7.673  36.982  -34.577 0.0000000000
132958  7.045  37.431  -34.276 0.0000000000
132962  7.301  37.199  -35.853 0.0000000000
132963  6.872  37.562  -35.181 0.0000000000
132968  6.622  37.576  -36.286 0.0000000000
133758  4.524  38.987  -22.706 0.0000000000
133763  5.090  38.993  -23.930 0.0000000000
133764  4.787  38.502  -23.363 0.0000000000
133767  5.511  38.697  -24.506 0.0000000000
133770  6.314  38.947  -25.926 0.0000000000
133771  5.998  38.352  -25.159 0.0000000000
133774  6.890  38.477  -27.372 0.0000000000
133775  6.720  38.587  -26.837 0.0000000000
133778  7.048  38.606  -27.916 0.0000000000
133779  6.840  38.739  -27.445 0.0000000000
133782  7.407  38.339  -28.746 0.0000000000
133785  7.518  38.210  -29.608 0.0000000000
133797  7.324  38.288  -30.599 0.0000000000
133798  6.840  38.825  -30.936 0.0000000000
133809  7.301  37.863  -31.554 0.0000000000
133810  6.859  38.573  -31.506 0.0000000000
133820  7.231  37.616  -32.110 0.0000000000
133821  6.822  38.122  -32.406 0.0000000000
133831  6.434  38.225  -33.311 0.0000000000
133832  6.197  38.729  -33.233 0.0000000000
133840  6.390  38.053  -34.374 0.0000000000
133841  6.025  38.735  -33.810 0.0000000000
133846  6.148  38.166  -35.614 0.0000000000
133847  5.679  38.727  -34.885 0.0000000000
133852  6.018  38.092  -36.758 0.0000000000
133853  5.310  38.714  -36.168 0.0000000000
133854  4.866  39.052  -36.357 0.0000000000
134623  4.567  40.002  -22.621 0.0000000000
134627  5.100  39.484  -23.899 0.0000000000
134628  4.911  39.545  -23.403 0.0000000000
134630  5.360  39.724  -24.363 0.0000000000
134631  5.110  39.733  -23.871 0.0000000000
134636  6.067  39.863  -25.970 0.0000000000
134637  5.845  39.351  -25.202 0.0000000000
134643  6.409  39.561  -26.721 0.0000000000
134651  6.853  39.110  -28.229 0.0000000000
134652  6.694  39.339  -27.678 0.0000000000
134660  7.017  38.993  -28.724 0.0000000000
134661  6.653  39.531  -28.609 0.0000000000
134669  7.160  38.816  -29.471 0.0000000000
134670  6.689  39.394  -29.422 0.0000000000
134685  7.231  38.633  -30.005 0.0000000000
134686  6.794  39.100  -30.325 0.0000000000
134699  6.406  39.294  -31.289 0.0000000000
134700  6.045  39.762  -31.599 0.0000000000
134712  6.401  38.906  -32.169 0.0000000000
134713  6.134  39.504  -32.023 0.0000000000
134725  6.344  38.652  -32.819 0.0000000000
134726  6.054  39.321  -32.943 0.0000000000
134737  5.757  39.506  -34.125 0.0000000000
134743  5.292  39.567  -35.402 0.0000000000
134744  5.107  40.029  -35.824 0.0000000000
134753  4.999  39.204  -36.082 0.0000000000
134754  4.825  39.605  -36.363 0.0000000000
135533  4.580  40.985  -22.531 0.0000000000
135537  4.989  40.544  -23.101 0.0000000000
135541  5.352  40.814  -24.377 0.0000000000
135542  5.148  40.234  -23.794 0.0000000000
135549  5.902  40.426  -26.063 0.0000000000
135550  5.642  40.558  -25.382 0.0000000000
135557  6.069  40.342  -26.600 0.0000000000
135558  5.773  40.964  -26.304 0.0000000000
135566  6.265  40.255  -27.414 0.0000000000
135567  5.896  41.006  -27.135 0.0000000000
135574  6.318  40.212  -28.342 0.0000000000
135575  5.878  40.950  -28.032 0.0000000000
135582  6.199  40.054  -29.257 0.0000000000
135583  5.731  40.842  -29.004 0.0000000000
135595  6.243  39.783  -30.123 0.0000000000
135596  5.620  40.548  -30.030 0.0000000000
135613  6.328  39.559  -30.689 0.0000000000
135614  5.936  40.053  -30.994 0.0000000000
135629  5.807  40.201  -32.048 0.0000000000
135640  5.810  40.352  -33.231 0.0000000000
135653  5.654  40.463  -34.387 0.0000000000
135662  5.370  40.565  -35.357 0.0000000000
135663  4.982  40.531  -36.091 0.0000000000
136472  4.531  41.925  -22.517 0.0000000000
136476  5.315  42.031  -23.535 0.0000000000
136477  5.079  41.503  -22.929 0.0000000000
136483  5.343  41.651  -24.161 0.0000000000
136484  5.250  41.113  -23.628 0.0000000000
136493  5.292  41.662  -24.933 0.0000000000
136502  5.470  41.699  -25.854 0.0000000000
136511  5.641  41.786  -26.761 0.0000000000
136520  5.836  41.793  -27.668 0.0000000000
136528  5.686  41.735  -28.650 0.0000000000
136543  5.125  41.690  -29.770 0.0000000000
136564  5.251  41.225  -31.134 0.0000000000
136579  5.471  41.175  -32.369 0.0000000000
136590  5.575  41.371  -33.440 0.0000000000
136602  5.552  41.502  -34.583 0.0000000000
136615  5.263  41.440  -35.617 0.0000000000
137455  4.449  42.690  -22.525 0.0000000000
137456  3.983  42.428  -22.250 0.0000000000
137463  5.046  42.504  -22.870 0.0000000000
137569  5.086  41.730  -31.865 0.0000000000
137585  5.098  42.073  -32.510 0.0000000000
137601  5.179  42.484  -33.554 0.0000000000
137620  5.317  42.521  -34.945 0.0000000000
165499  8.602  32.158  -35.608 0.0000000000
165500  9.100  32.249  -35.685 0.0000000000
165501  8.820  32.486  -35.264 0.0000000000
165502  8.432  31.661  -35.451 0.0000000000
165503  9.845  32.256  -35.095 0.0000000000
165504  9.183  32.983  -34.699 0.0000000000
165505  8.962  33.712  -34.252 0.0000000000
165506  8.782  33.526  -34.076 0.0000000000
165507  8.754  33.032  -34.333 0.0000000000
165508  9.790  33.448  -34.219 0.0000000000
165509  8.881  33.185  -34.437 0.0000000000
165510  9.199  34.550  -33.886 0.0000000000
165511  8.856  34.364  -33.789 0.0000000000
165512  9.972  33.986  -33.760 0.0000000000
165513  9.814  34.551  -33.458 0.0000000000
165514  10.253  33.541  -33.995 0.0000000000
165515  8.763  35.068  -33.688 0.0000000000
165516  9.682  35.301  -33.096 0.0000000000
165517  9.002  35.976  -33.505 0.0000000000
165518  8.373  36.196  -33.578 0.0000000000
165520  8.509  37.073  -33.951 0.0000000000
165521  7.945  36.914  -35.480 0.0000000000
165525  7.411  37.013  -36.596 0.0000000000
165529  6.997  37.187  -36.746 0.0000000000
