#!ascii label  , from subject colin27_FS vox2ras=TkReg
2213
37518  25.647  -36.593  52.227 0.0000000000
37524  16.065  -37.637  52.604 0.0000000000
37528  15.472  -37.685  51.941 0.0000000000
37529  14.680  -37.724  51.507 0.0000000000
37530  13.765  -37.732  51.225 0.0000000000
37531  12.661  -37.559  51.108 0.0000000000
37532  11.615  -37.482  51.055 0.0000000000
37533  11.016  -37.170  51.231 0.0000000000
38769  24.571  -35.717  54.000 0.0000000000
38770  23.895  -35.674  54.323 0.0000000000
38777  25.502  -35.889  53.256 0.0000000000
38778  25.067  -35.991  53.668 0.0000000000
38785  26.320  -35.638  52.255 0.0000000000
38786  26.032  -35.843  52.643 0.0000000000
38787  25.390  -36.296  52.989 0.0000000000
38788  17.485  -36.353  53.878 0.0000000000
38789  16.970  -36.731  53.325 0.0000000000
38790  16.453  -37.028  52.665 0.0000000000
38791  11.276  -35.985  52.010 0.0000000000
38792  11.058  -36.129  52.123 0.0000000000
38793  10.561  -36.173  52.197 0.0000000000
38794  26.500  -35.684  51.980 0.0000000000
38795  26.341  -36.254  51.837 0.0000000000
38796  16.607  -36.464  52.377 0.0000000000
38797  15.953  -36.712  51.846 0.0000000000
38798  15.100  -36.952  51.255 0.0000000000
38799  14.144  -36.918  50.958 0.0000000000
38800  13.017  -36.572  51.007 0.0000000000
38801  11.697  -36.313  51.517 0.0000000000
38802  10.976  -36.649  51.628 0.0000000000
38803  10.216  -36.404  51.789 0.0000000000
38804  9.609  -36.315  51.456 0.0000000000
38805  7.366  -36.200  50.973 0.0000000000
38806  6.805  -36.465  51.115 0.0000000000
38810  26.773  -35.874  51.215 0.0000000000
38812  15.427  -36.292  51.175 0.0000000000
38813  14.704  -36.217  50.809 0.0000000000
38814  13.754  -36.064  50.724 0.0000000000
38815  13.062  -35.804  50.819 0.0000000000
38816  10.641  -36.895  51.278 0.0000000000
38817  10.032  -36.840  51.039 0.0000000000
38818  9.030  -36.616  50.840 0.0000000000
38819  7.776  -36.616  50.818 0.0000000000
38822  26.793  -35.840  50.459 0.0000000000
40100  22.989  -34.558  55.221 0.0000000000
40101  22.649  -34.615  55.305 0.0000000000
40107  10.256  -34.940  55.051 0.0000000000
40108  10.030  -35.075  55.065 0.0000000000
40109  24.711  -35.208  53.814 0.0000000000
40110  24.342  -35.238  54.127 0.0000000000
40111  23.293  -34.939  54.946 0.0000000000
40115  18.722  -35.282  54.718 0.0000000000
40116  18.058  -35.939  54.621 0.0000000000
40117  10.672  -34.865  54.411 0.0000000000
40118  10.397  -35.038  54.571 0.0000000000
40119  9.982  -35.316  54.295 0.0000000000
40120  25.151  -35.515  53.423 0.0000000000
40121  24.825  -35.605  53.822 0.0000000000
40122  18.268  -35.268  53.725 0.0000000000
40123  17.800  -35.930  53.961 0.0000000000
40124  10.892  -35.012  53.735 0.0000000000
40125  10.421  -35.431  53.451 0.0000000000
40126  9.919  -35.456  53.578 0.0000000000
40127  26.292  -35.384  52.106 0.0000000000
40128  25.690  -35.447  52.692 0.0000000000
40129  24.228  -34.930  52.113 0.0000000000
40130  23.131  -34.795  52.265 0.0000000000
40131  22.553  -34.530  52.251 0.0000000000
40132  18.071  -35.078  52.993 0.0000000000
40133  17.545  -35.624  52.822 0.0000000000
40134  16.957  -36.144  52.518 0.0000000000
40135  11.185  -35.593  52.475 0.0000000000
40136  10.633  -35.836  52.607 0.0000000000
40137  9.854  -35.763  52.650 0.0000000000
40138  9.316  -35.318  52.316 0.0000000000
40139  26.728  -35.340  51.402 0.0000000000
40140  25.509  -34.722  51.029 0.0000000000
40141  24.540  -34.964  51.183 0.0000000000
40142  23.418  -35.062  51.385 0.0000000000
40143  22.323  -34.762  51.613 0.0000000000
40144  21.702  -34.533  51.389 0.0000000000
40145  17.286  -35.248  51.909 0.0000000000
40146  16.598  -35.667  51.666 0.0000000000
40147  15.863  -36.050  51.348 0.0000000000
40148  12.403  -35.511  51.205 0.0000000000
40149  11.700  -35.595  51.748 0.0000000000
40150  9.708  -36.035  51.897 0.0000000000
40151  8.980  -35.664  51.569 0.0000000000
40152  7.584  -35.619  51.183 0.0000000000
40153  6.288  -35.543  51.372 0.0000000000
40154  5.209  -35.621  51.570 0.0000000000
40157  27.294  -35.054  50.312 0.0000000000
40158  26.994  -35.367  50.708 0.0000000000
40159  25.659  -34.541  50.520 0.0000000000
40160  24.902  -34.742  50.118 0.0000000000
40161  23.659  -35.217  50.383 0.0000000000
40162  22.557  -35.264  50.627 0.0000000000
40163  21.559  -34.813  50.793 0.0000000000
40164  20.986  -34.465  50.491 0.0000000000
40165  16.213  -35.118  50.896 0.0000000000
40166  15.507  -35.563  50.781 0.0000000000
40167  14.352  -35.451  50.458 0.0000000000
40168  13.458  -35.334  50.572 0.0000000000
40169  12.921  -35.365  50.765 0.0000000000
40170  8.517  -36.157  50.989 0.0000000000
40171  8.221  -35.945  51.045 0.0000000000
40173  27.426  -35.040  49.785 0.0000000000
40174  27.216  -35.396  50.060 0.0000000000
40175  24.646  -34.870  48.897 0.0000000000
40176  23.747  -35.243  49.304 0.0000000000
40177  22.722  -35.496  49.593 0.0000000000
40178  21.735  -35.370  49.835 0.0000000000
40179  20.964  -34.825  49.967 0.0000000000
40183  24.545  -34.929  47.894 0.0000000000
40184  23.754  -35.277  48.246 0.0000000000
40185  22.826  -35.534  48.544 0.0000000000
40186  21.863  -35.606  48.806 0.0000000000
40187  21.017  -35.189  49.048 0.0000000000
40198  23.822  -35.268  47.280 0.0000000000
40199  22.956  -35.489  47.555 0.0000000000
40200  22.023  -35.641  47.776 0.0000000000
40201  21.138  -35.343  48.019 0.0000000000
40220  23.136  -35.328  46.673 0.0000000000
40221  22.270  -35.448  46.867 0.0000000000
40222  21.356  -35.358  46.984 0.0000000000
40234  22.569  -35.200  46.096 0.0000000000
40235  21.764  -35.261  46.236 0.0000000000
41421  9.916  -33.900  58.195 0.0000000000
41422  9.615  -33.783  58.318 0.0000000000
41423  9.941  -34.298  57.385 0.0000000000
41424  9.381  -33.982  57.767 0.0000000000
41425  8.890  -33.737  57.548 0.0000000000
41426  10.015  -34.552  56.477 0.0000000000
41427  9.462  -34.372  56.829 0.0000000000
41428  8.825  -33.994  57.026 0.0000000000
41429  22.936  -34.211  55.262 0.0000000000
41430  22.199  -34.186  55.479 0.0000000000
41431  21.424  -34.439  55.489 0.0000000000
41432  20.672  -34.483  55.420 0.0000000000
41433  19.771  -34.595  55.145 0.0000000000
41434  19.161  -35.032  54.973 0.0000000000
41435  10.624  -34.400  55.131 0.0000000000
41436  10.263  -34.680  55.471 0.0000000000
41437  9.549  -34.627  55.778 0.0000000000
41438  8.886  -34.242  56.273 0.0000000000
41439  24.820  -35.188  53.606 0.0000000000
41440  24.274  -34.886  53.963 0.0000000000
41441  23.401  -34.476  54.539 0.0000000000
41442  19.664  -34.162  54.537 0.0000000000
41443  19.279  -34.711  54.730 0.0000000000
41444  10.832  -34.471  54.381 0.0000000000
41445  10.549  -34.747  54.809 0.0000000000
41446  9.435  -34.813  54.765 0.0000000000
41447  8.486  -34.057  55.267 0.0000000000
41448  7.644  -33.582  55.013 0.0000000000
41449  25.179  -35.230  53.074 0.0000000000
41450  24.470  -34.910  53.448 0.0000000000
41451  23.355  -34.252  53.851 0.0000000000
41452  22.684  -33.786  53.668 0.0000000000
41453  19.630  -33.839  54.075 0.0000000000
41454  19.132  -34.378  53.932 0.0000000000
41455  11.114  -34.415  53.608 0.0000000000
41456  9.507  -35.107  53.876 0.0000000000
41457  8.685  -34.390  54.067 0.0000000000
41458  7.629  -33.707  54.381 0.0000000000
41459  26.196  -34.998  51.978 0.0000000000
41460  25.741  -35.129  52.315 0.0000000000
41461  24.877  -34.974  52.701 0.0000000000
41462  23.805  -34.725  52.972 0.0000000000
41463  22.473  -34.171  52.941 0.0000000000
41464  21.798  -33.577  52.642 0.0000000000
41465  18.496  -34.401  52.852 0.0000000000
41466  17.962  -34.913  52.606 0.0000000000
41467  11.331  -34.731  52.872 0.0000000000
41468  9.660  -35.339  53.309 0.0000000000
41469  9.082  -34.875  52.914 0.0000000000
41470  7.535  -34.025  53.047 0.0000000000
41471  6.307  -34.003  52.535 0.0000000000
41472  5.377  -33.968  52.428 0.0000000000
41473  4.641  -33.826  52.324 0.0000000000
41474  4.271  -33.655  52.232 0.0000000000
41475  26.532  -34.994  51.459 0.0000000000
41476  26.028  -34.856  51.604 0.0000000000
41477  25.243  -34.905  51.874 0.0000000000
41478  22.230  -34.386  52.171 0.0000000000
41479  21.569  -34.003  51.872 0.0000000000
41480  21.045  -33.542  51.319 0.0000000000
41481  18.513  -33.880  52.100 0.0000000000
41482  17.787  -34.508  51.794 0.0000000000
41483  17.119  -34.997  51.555 0.0000000000
41484  12.314  -34.614  51.184 0.0000000000
41485  11.749  -34.894  51.880 0.0000000000
41486  8.948  -35.121  52.188 0.0000000000
41487  8.272  -34.753  51.961 0.0000000000
41488  6.972  -34.594  51.822 0.0000000000
41489  5.789  -34.643  51.810 0.0000000000
41490  4.868  -34.619  51.801 0.0000000000
41491  4.107  -34.337  51.681 0.0000000000
41492  27.186  -34.843  50.395 0.0000000000
41493  27.033  -34.922  50.680 0.0000000000
41494  26.300  -34.624  50.683 0.0000000000
41495  25.791  -34.459  50.114 0.0000000000
41496  21.446  -34.388  51.248 0.0000000000
41497  21.052  -34.082  50.976 0.0000000000
41498  17.472  -34.030  51.081 0.0000000000
41499  16.848  -34.521  50.971 0.0000000000
41500  15.836  -34.616  50.378 0.0000000000
41501  14.918  -34.786  50.182 0.0000000000
41502  13.889  -34.584  50.114 0.0000000000
41503  12.935  -34.729  50.629 0.0000000000
41505  27.267  -34.869  50.141 0.0000000000
41506  26.988  -34.542  50.039 0.0000000000
41507  26.354  -34.442  49.734 0.0000000000
41508  25.570  -34.513  49.369 0.0000000000
41509  20.567  -33.978  50.172 0.0000000000
41510  20.159  -33.688  49.522 0.0000000000
41511  15.308  -34.242  49.944 0.0000000000
41512  14.646  -34.079  49.786 0.0000000000
41513  13.981  -33.843  49.755 0.0000000000
41515  27.274  -34.776  49.470 0.0000000000
41516  26.928  -34.445  49.159 0.0000000000
41517  26.218  -34.415  48.832 0.0000000000
41518  25.367  -34.583  48.414 0.0000000000
41519  20.422  -34.462  49.313 0.0000000000
41520  19.889  -33.921  48.801 0.0000000000
41528  20.383  -34.747  48.357 0.0000000000
41529  19.668  -34.165  47.804 0.0000000000
41548  20.392  -34.994  47.253 0.0000000000
41549  19.485  -34.456  46.603 0.0000000000
41550  18.960  -34.141  45.995 0.0000000000
41569  22.029  -35.006  45.466 0.0000000000
41570  20.750  -35.088  45.852 0.0000000000
41571  19.634  -34.488  45.437 0.0000000000
41572  18.882  -33.976  45.270 0.0000000000
41591  21.538  -34.715  44.715 0.0000000000
41592  20.475  -34.543  44.655 0.0000000000
41593  19.492  -34.096  44.411 0.0000000000
41594  18.868  -33.775  44.687 0.0000000000
42851  10.329  -33.171  59.180 0.0000000000
42852  10.107  -33.219  59.270 0.0000000000
42853  10.639  -33.232  58.477 0.0000000000
42854  10.389  -33.348  58.731 0.0000000000
42855  9.698  -33.465  58.848 0.0000000000
42856  9.244  -33.345  58.677 0.0000000000
42857  10.626  -33.355  58.078 0.0000000000
42858  10.310  -33.847  57.765 0.0000000000
42859  9.392  -33.638  58.369 0.0000000000
42860  8.954  -33.417  58.059 0.0000000000
42861  10.619  -33.614  57.178 0.0000000000
42862  10.313  -34.183  56.868 0.0000000000
42863  8.437  -33.315  57.159 0.0000000000
42864  7.736  -33.002  56.434 0.0000000000
42865  22.814  -33.850  55.296 0.0000000000
42866  22.517  -33.631  55.335 0.0000000000
42867  21.570  -33.648  55.366 0.0000000000
42868  20.675  -33.792  55.104 0.0000000000
42869  20.168  -33.862  54.763 0.0000000000
42870  10.629  -33.951  56.016 0.0000000000
42871  10.283  -34.369  56.222 0.0000000000
42872  8.164  -33.572  56.183 0.0000000000
42873  7.088  -32.963  55.580 0.0000000000
42874  6.404  -32.871  54.882 0.0000000000
42875  22.980  -33.790  55.080 0.0000000000
42876  22.605  -33.262  54.870 0.0000000000
42877  21.190  -33.135  54.983 0.0000000000
42878  20.599  -33.193  54.571 0.0000000000
42879  19.994  -33.529  54.277 0.0000000000
42880  10.975  -33.803  54.944 0.0000000000
42881  7.627  -33.466  55.405 0.0000000000
42882  6.871  -33.280  54.853 0.0000000000
42883  5.843  -33.049  54.407 0.0000000000
42884  5.412  -32.907  53.876 0.0000000000
42885  22.991  -33.770  54.552 0.0000000000
42886  22.524  -33.210  54.047 0.0000000000
42887  21.956  -32.650  53.694 0.0000000000
42888  20.255  -33.006  53.982 0.0000000000
42889  19.672  -33.245  53.474 0.0000000000
42890  19.093  -33.807  53.208 0.0000000000
42891  11.208  -33.651  53.928 0.0000000000
42892  6.463  -33.451  53.873 0.0000000000
42893  5.517  -33.187  53.691 0.0000000000
42894  5.065  -32.965  53.333 0.0000000000
42895  4.801  -32.938  53.014 0.0000000000
42896  22.401  -33.537  53.509 0.0000000000
42897  21.886  -33.117  53.197 0.0000000000
42898  19.564  -32.740  52.834 0.0000000000
42899  19.124  -33.247  52.517 0.0000000000
42900  11.362  -33.916  53.013 0.0000000000
42901  6.504  -33.689  53.160 0.0000000000
42902  5.827  -33.558  53.141 0.0000000000
42903  5.140  -33.333  52.924 0.0000000000
42904  4.537  -33.199  52.667 0.0000000000
42905  4.021  -33.431  52.156 0.0000000000
42906  21.448  -33.010  52.373 0.0000000000
42907  21.032  -32.968  51.602 0.0000000000
42908  18.452  -33.214  51.420 0.0000000000
42909  17.799  -33.764  51.171 0.0000000000
42910  12.035  -33.817  51.493 0.0000000000
42911  11.569  -34.167  52.287 0.0000000000
42912  3.752  -33.587  51.370 0.0000000000
42913  20.703  -33.134  50.782 0.0000000000
42914  18.254  -32.647  50.803 0.0000000000
42915  17.495  -33.241  50.478 0.0000000000
42916  16.340  -33.877  50.123 0.0000000000
42917  15.736  -34.092  49.963 0.0000000000
42918  13.325  -33.600  50.131 0.0000000000
42919  12.591  -33.971  50.790 0.0000000000
42920  3.691  -33.667  50.259 0.0000000000
42921  20.327  -33.013  49.968 0.0000000000
42922  19.892  -32.982  49.274 0.0000000000
42923  17.184  -32.681  49.794 0.0000000000
42924  16.612  -33.062  49.630 0.0000000000
42925  15.477  -33.500  49.529 0.0000000000
42926  14.422  -33.341  49.512 0.0000000000
42927  13.869  -33.411  49.695 0.0000000000
42929  19.450  -33.109  48.432 0.0000000000
42934  18.909  -33.280  47.303 0.0000000000
42935  18.536  -32.694  46.863 0.0000000000
42945  18.912  -33.837  46.525 0.0000000000
42946  18.500  -33.301  46.158 0.0000000000
42958  18.481  -33.347  45.044 0.0000000000
42982  18.757  -33.500  44.105 0.0000000000
44230  10.856  -32.313  60.086 0.0000000000
44231  10.321  -32.191  60.274 0.0000000000
44232  9.916  -32.059  60.338 0.0000000000
44233  11.008  -32.607  59.413 0.0000000000
44234  10.431  -32.845  59.483 0.0000000000
44235  9.621  -32.637  59.607 0.0000000000
44236  9.095  -32.388  59.257 0.0000000000
44237  10.921  -32.907  58.576 0.0000000000
44238  10.694  -32.957  59.075 0.0000000000
44239  9.338  -33.132  59.054 0.0000000000
44240  8.934  -32.814  58.783 0.0000000000
44241  11.004  -32.979  57.607 0.0000000000
44242  8.535  -32.762  57.765 0.0000000000
44243  11.062  -33.091  56.616 0.0000000000
44244  8.030  -32.624  56.870 0.0000000000
44245  7.410  -32.501  56.068 0.0000000000
44246  22.079  -32.946  55.209 0.0000000000
44247  21.612  -33.032  55.146 0.0000000000
44248  11.260  -33.100  55.581 0.0000000000
44249  6.874  -32.429  55.252 0.0000000000
44250  6.520  -32.697  55.043 0.0000000000
44251  22.134  -32.739  54.525 0.0000000000
44252  21.513  -32.744  54.662 0.0000000000
44253  21.029  -32.806  54.609 0.0000000000
44254  11.783  -32.116  54.156 0.0000000000
44255  11.415  -32.964  54.592 0.0000000000
44256  6.532  -32.330  54.396 0.0000000000
44257  6.043  -32.686  54.434 0.0000000000
44258  5.583  -32.844  54.090 0.0000000000
44259  22.115  -32.628  54.076 0.0000000000
44260  21.554  -32.463  53.853 0.0000000000
44261  20.743  -32.512  53.910 0.0000000000
44262  20.194  -32.699  53.539 0.0000000000
44263  11.837  -32.156  53.296 0.0000000000
44264  11.538  -32.782  53.821 0.0000000000
44265  7.431  -32.172  53.320 0.0000000000
44266  6.531  -32.238  53.555 0.0000000000
44267  5.809  -32.437  53.657 0.0000000000
44268  5.306  -32.802  53.556 0.0000000000
44269  4.974  -32.830  53.157 0.0000000000
44270  21.467  -32.359  53.089 0.0000000000
44271  20.698  -31.970  52.770 0.0000000000
44272  19.969  -32.143  52.774 0.0000000000
44273  19.514  -32.520  52.518 0.0000000000
44274  11.954  -32.364  52.445 0.0000000000
44275  11.524  -33.017  53.111 0.0000000000
44276  7.844  -32.299  52.383 0.0000000000
44277  6.849  -32.328  52.611 0.0000000000
44278  5.906  -32.348  52.778 0.0000000000
44279  5.160  -32.582  52.819 0.0000000000
44280  4.635  -32.889  52.732 0.0000000000
44281  4.147  -33.071  52.486 0.0000000000
44282  21.446  -32.578  52.719 0.0000000000
44283  20.897  -32.180  52.109 0.0000000000
44284  19.757  -31.658  52.129 0.0000000000
44285  19.380  -32.138  51.927 0.0000000000
44286  12.217  -32.669  51.587 0.0000000000
44287  11.692  -33.316  52.280 0.0000000000
44288  9.158  -32.037  51.311 0.0000000000
44289  8.309  -32.327  51.455 0.0000000000
44290  7.338  -32.450  51.617 0.0000000000
44291  6.312  -32.482  51.782 0.0000000000
44292  5.317  -32.483  51.892 0.0000000000
44293  4.469  -32.582  51.944 0.0000000000
44294  3.879  -32.934  52.048 0.0000000000
44295  20.628  -32.173  51.088 0.0000000000
44296  18.727  -32.018  51.083 0.0000000000
44297  18.150  -32.050  50.425 0.0000000000
44298  13.199  -32.385  50.051 0.0000000000
44299  12.607  -33.037  50.755 0.0000000000
44300  9.395  -31.947  50.640 0.0000000000
44301  8.768  -32.255  50.632 0.0000000000
44302  7.886  -32.454  50.666 0.0000000000
44303  6.875  -32.527  50.742 0.0000000000
44304  5.805  -32.555  50.829 0.0000000000
44305  4.787  -32.567  50.873 0.0000000000
44306  3.901  -32.826  50.862 0.0000000000
44307  20.455  -32.325  50.382 0.0000000000
44308  20.162  -32.123  49.763 0.0000000000
44309  17.557  -32.141  49.907 0.0000000000
44310  16.946  -32.112  49.402 0.0000000000
44311  16.009  -32.471  49.060 0.0000000000
44312  14.816  -32.369  48.918 0.0000000000
44313  13.864  -32.796  49.543 0.0000000000
44314  9.278  -32.093  49.981 0.0000000000
44315  8.466  -32.382  49.835 0.0000000000
44316  7.499  -32.516  49.776 0.0000000000
44317  6.440  -32.579  49.773 0.0000000000
44318  5.351  -32.575  49.775 0.0000000000
44319  4.434  -32.683  49.713 0.0000000000
44320  3.823  -32.976  49.469 0.0000000000
44321  19.667  -32.080  49.041 0.0000000000
44322  16.459  -31.671  48.933 0.0000000000
44323  15.693  -31.694  48.733 0.0000000000
44324  15.149  -31.580  48.701 0.0000000000
44325  9.111  -32.262  49.117 0.0000000000
44326  8.168  -32.488  48.909 0.0000000000
44327  7.129  -32.607  48.802 0.0000000000
44328  6.025  -32.636  48.736 0.0000000000
44329  4.969  -32.549  48.670 0.0000000000
44332  19.137  -32.116  48.211 0.0000000000
44333  18.665  -32.056  47.406 0.0000000000
44334  8.864  -32.379  48.125 0.0000000000
44335  7.828  -32.532  47.915 0.0000000000
44336  6.742  -32.569  47.782 0.0000000000
44341  18.229  -32.087  46.561 0.0000000000
44342  17.798  -31.753  45.901 0.0000000000
44343  8.507  -32.409  47.061 0.0000000000
44344  7.440  -32.507  46.937 0.0000000000
44350  18.054  -32.568  45.559 0.0000000000
44351  17.725  -31.876  45.043 0.0000000000
44352  8.026  -32.392  46.222 0.0000000000
44357  18.116  -32.720  44.513 0.0000000000
44358  17.737  -31.941  44.013 0.0000000000
44364  18.355  -32.713  43.318 0.0000000000
44365  17.846  -31.826  42.995 0.0000000000
45467  10.640  -31.004  61.335 0.0000000000
45468  10.449  -31.150  61.187 0.0000000000
45469  11.548  -31.117  60.875 0.0000000000
45470  10.960  -31.484  60.878 0.0000000000
45471  10.201  -31.505  60.784 0.0000000000
45472  9.690  -31.675  60.272 0.0000000000
45473  11.773  -31.343  60.409 0.0000000000
45474  11.402  -31.987  59.951 0.0000000000
45475  9.184  -31.823  59.467 0.0000000000
45476  8.861  -32.192  58.921 0.0000000000
45477  11.998  -31.501  59.492 0.0000000000
45478  11.524  -32.192  59.007 0.0000000000
45479  8.886  -31.697  58.571 0.0000000000
45480  8.604  -32.226  58.195 0.0000000000
45481  12.084  -31.522  58.403 0.0000000000
45482  11.534  -32.291  57.972 0.0000000000
45483  8.586  -31.746  57.440 0.0000000000
45484  8.301  -32.265  57.353 0.0000000000
45485  12.161  -31.499  57.004 0.0000000000
45486  11.445  -32.437  57.084 0.0000000000
45487  8.449  -31.628  56.337 0.0000000000
45488  7.786  -32.061  56.440 0.0000000000
45489  7.258  -32.232  55.863 0.0000000000
45490  12.185  -31.431  55.620 0.0000000000
45491  11.591  -32.277  56.165 0.0000000000
45492  8.514  -31.593  55.414 0.0000000000
45493  7.747  -31.840  55.651 0.0000000000
45494  7.265  -32.091  55.685 0.0000000000
45495  12.230  -31.400  54.556 0.0000000000
45496  11.699  -32.192  55.102 0.0000000000
45497  8.738  -31.650  54.483 0.0000000000
45498  7.850  -31.892  54.830 0.0000000000
45499  7.154  -32.073  55.056 0.0000000000
45500  12.267  -31.420  53.615 0.0000000000
45501  9.017  -31.749  53.538 0.0000000000
45502  8.083  -32.013  53.939 0.0000000000
45503  7.185  -32.114  54.227 0.0000000000
45504  20.300  -31.507  52.177 0.0000000000
45505  20.257  -31.657  52.349 0.0000000000
45506  12.291  -31.513  52.720 0.0000000000
45507  9.193  -31.838  52.723 0.0000000000
45508  8.394  -32.092  53.028 0.0000000000
45509  20.337  -31.333  51.821 0.0000000000
45510  19.958  -31.168  51.934 0.0000000000
45511  19.646  -31.461  51.831 0.0000000000
45512  12.418  -31.693  51.844 0.0000000000
45513  10.141  -31.185  51.449 0.0000000000
45514  9.588  -31.569  51.943 0.0000000000
45515  8.793  -32.121  52.149 0.0000000000
45516  20.477  -31.354  51.216 0.0000000000
45517  19.839  -30.771  51.386 0.0000000000
45518  19.411  -31.124  51.264 0.0000000000
45519  18.656  -31.151  50.574 0.0000000000
45520  13.273  -31.404  50.095 0.0000000000
45521  12.737  -31.825  50.865 0.0000000000
45522  10.303  -31.093  50.742 0.0000000000
45523  9.767  -31.594  51.053 0.0000000000
45524  20.398  -31.405  50.411 0.0000000000
45525  20.058  -31.177  49.547 0.0000000000
45526  17.988  -31.112  49.940 0.0000000000
45527  17.445  -31.593  49.601 0.0000000000
45528  14.702  -31.226  48.769 0.0000000000
45529  13.860  -31.617  49.335 0.0000000000
45530  10.401  -31.143  49.880 0.0000000000
45531  9.870  -31.634  50.281 0.0000000000
45532  19.519  -31.141  48.805 0.0000000000
45533  17.847  -30.502  49.600 0.0000000000
45534  17.251  -31.004  49.197 0.0000000000
45535  16.293  -30.934  48.680 0.0000000000
45536  15.453  -30.979  48.606 0.0000000000
45537  10.382  -31.230  48.941 0.0000000000
45538  9.828  -31.733  49.434 0.0000000000
45539  18.990  -31.113  48.060 0.0000000000
45540  18.479  -31.090  47.275 0.0000000000
45541  10.369  -31.430  47.927 0.0000000000
45542  9.734  -31.896  48.476 0.0000000000
45543  17.984  -31.043  46.471 0.0000000000
45544  17.606  -31.027  45.587 0.0000000000
45545  10.291  -31.584  46.801 0.0000000000
45546  9.550  -32.069  47.372 0.0000000000
45551  17.531  -31.070  44.584 0.0000000000
45552  10.298  -31.491  45.678 0.0000000000
45553  9.132  -32.083  45.950 0.0000000000
45560  17.584  -31.090  43.582 0.0000000000
45561  10.461  -31.290  44.713 0.0000000000
45562  9.550  -31.591  44.804 0.0000000000
45569  17.690  -31.098  42.712 0.0000000000
45570  10.666  -31.117  43.985 0.0000000000
45571  9.875  -31.348  43.878 0.0000000000
45584  10.799  -30.959  43.556 0.0000000000
45585  10.406  -31.119  43.441 0.0000000000
46582  11.616  -30.256  61.388 0.0000000000
46583  10.932  -30.576  61.457 0.0000000000
46584  10.383  -30.645  61.320 0.0000000000
46585  10.221  -30.502  61.279 0.0000000000
46586  12.703  -30.117  60.372 0.0000000000
46587  12.001  -30.685  60.830 0.0000000000
46588  11.419  -30.864  61.174 0.0000000000
46589  10.219  -31.067  61.168 0.0000000000
46590  9.981  -30.889  60.928 0.0000000000
46591  13.035  -30.201  59.470 0.0000000000
46592  12.419  -30.851  59.978 0.0000000000
46593  9.739  -30.486  59.580 0.0000000000
46594  9.494  -31.040  60.062 0.0000000000
46595  13.221  -30.130  58.443 0.0000000000
46596  12.567  -30.822  58.958 0.0000000000
46597  9.720  -30.602  58.533 0.0000000000
46598  9.207  -31.081  59.103 0.0000000000
46599  13.283  -29.937  57.387 0.0000000000
46600  12.663  -30.710  57.852 0.0000000000
46601  9.736  -30.721  57.432 0.0000000000
46602  9.198  -31.192  58.039 0.0000000000
46603  13.283  -29.864  56.349 0.0000000000
46604  12.810  -30.506  56.909 0.0000000000
46605  9.677  -30.860  56.544 0.0000000000
46606  9.131  -31.261  56.986 0.0000000000
46607  13.183  -29.893  55.319 0.0000000000
46608  12.721  -30.627  56.009 0.0000000000
46609  9.940  -30.757  55.674 0.0000000000
46610  9.195  -31.292  56.018 0.0000000000
46611  13.099  -29.928  54.320 0.0000000000
46612  12.668  -30.632  54.948 0.0000000000
46613  10.189  -30.700  54.609 0.0000000000
46614  9.402  -31.282  55.044 0.0000000000
46615  12.998  -29.961  53.364 0.0000000000
46616  12.657  -30.664  53.961 0.0000000000
46617  10.324  -30.583  53.530 0.0000000000
46618  9.617  -31.238  54.022 0.0000000000
46619  12.905  -30.029  52.429 0.0000000000
46620  12.616  -30.719  53.032 0.0000000000
46621  10.449  -30.464  52.494 0.0000000000
46622  9.840  -31.263  52.904 0.0000000000
46623  20.048  -30.780  51.470 0.0000000000
46624  19.992  -30.567  51.372 0.0000000000
46625  12.975  -30.238  51.537 0.0000000000
46626  12.626  -30.845  52.146 0.0000000000
46627  10.506  -30.445  51.429 0.0000000000
46628  10.153  -31.001  52.050 0.0000000000
46629  20.237  -30.748  51.088 0.0000000000
46630  19.726  -30.460  50.855 0.0000000000
46631  18.995  -30.268  50.471 0.0000000000
46632  18.516  -30.595  50.249 0.0000000000
46633  13.170  -30.651  50.670 0.0000000000
46634  12.740  -31.028  51.383 0.0000000000
46635  10.616  -30.357  50.379 0.0000000000
46636  20.344  -30.889  50.736 0.0000000000
46637  20.128  -30.405  50.191 0.0000000000
46638  18.869  -29.801  50.142 0.0000000000
46639  18.416  -30.090  49.879 0.0000000000
46640  14.299  -30.472  49.138 0.0000000000
46641  13.648  -30.588  49.792 0.0000000000
46642  10.736  -30.467  49.452 0.0000000000
46643  19.762  -30.375  49.265 0.0000000000
46644  17.666  -29.985  49.339 0.0000000000
46645  16.837  -30.061  48.818 0.0000000000
46646  15.901  -30.129  48.571 0.0000000000
46647  15.047  -30.290  48.714 0.0000000000
46648  11.207  -30.169  47.876 0.0000000000
46649  10.892  -30.564  48.472 0.0000000000
46650  19.379  -30.300  48.602 0.0000000000
46651  18.869  -30.205  47.875 0.0000000000
46652  11.347  -30.164  47.106 0.0000000000
46653  10.952  -30.879  47.464 0.0000000000
46654  18.286  -30.179  47.051 0.0000000000
46655  17.737  -30.187  46.162 0.0000000000
46656  11.476  -30.159  46.135 0.0000000000
46657  11.032  -30.973  46.452 0.0000000000
46658  17.464  -30.212  45.131 0.0000000000
46659  11.589  -30.137  45.181 0.0000000000
46660  11.077  -30.894  45.454 0.0000000000
46661  17.425  -30.249  44.062 0.0000000000
46662  11.657  -30.148  44.313 0.0000000000
46663  11.154  -30.790  44.576 0.0000000000
46666  17.488  -30.319  43.051 0.0000000000
46667  11.669  -30.208  43.519 0.0000000000
46668  11.180  -30.724  43.821 0.0000000000
46680  11.665  -30.163  42.850 0.0000000000
46681  10.967  -30.769  43.006 0.0000000000
46682  9.728  -31.091  42.889 0.0000000000
46696  11.422  -30.288  42.172 0.0000000000
46697  10.530  -30.629  42.023 0.0000000000
46712  11.250  -30.266  41.279 0.0000000000
47632  11.508  -29.017  61.887 0.0000000000
47633  11.009  -29.113  61.804 0.0000000000
47634  10.837  -29.036  61.705 0.0000000000
47635  12.558  -29.114  61.422 0.0000000000
47636  11.873  -29.547  61.648 0.0000000000
47637  11.216  -29.717  61.630 0.0000000000
47638  10.621  -29.717  61.437 0.0000000000
47639  10.373  -30.302  61.346 0.0000000000
47640  13.036  -29.371  60.722 0.0000000000
47641  12.304  -29.898  61.122 0.0000000000
47642  10.248  -29.754  60.828 0.0000000000
47643  10.206  -30.269  61.159 0.0000000000
47644  13.884  -28.816  59.536 0.0000000000
47645  13.362  -29.517  59.922 0.0000000000
47646  10.737  -29.317  59.480 0.0000000000
47647  10.165  -29.869  60.015 0.0000000000
47648  9.925  -30.377  60.493 0.0000000000
47649  14.077  -28.740  58.606 0.0000000000
47650  13.608  -29.487  58.998 0.0000000000
47651  10.986  -29.378  58.340 0.0000000000
47652  10.275  -29.992  59.004 0.0000000000
47653  14.131  -28.613  57.673 0.0000000000
47654  13.689  -29.310  57.983 0.0000000000
47655  11.176  -29.442  57.118 0.0000000000
47656  10.418  -30.122  57.849 0.0000000000
47657  14.127  -28.505  57.130 0.0000000000
47658  13.790  -29.009  56.866 0.0000000000
47659  11.265  -29.379  55.879 0.0000000000
47660  10.441  -30.241  56.540 0.0000000000
47661  13.623  -29.105  55.714 0.0000000000
47662  11.297  -29.226  54.712 0.0000000000
47663  10.691  -30.075  55.250 0.0000000000
47664  13.516  -29.165  54.693 0.0000000000
47665  11.253  -29.078  53.644 0.0000000000
47666  10.771  -29.915  54.124 0.0000000000
47667  13.406  -29.232  53.719 0.0000000000
47668  11.237  -28.984  52.618 0.0000000000
47669  10.824  -29.792  53.060 0.0000000000
47670  13.292  -29.275  52.760 0.0000000000
47671  11.166  -28.892  51.672 0.0000000000
47672  10.837  -29.670  52.021 0.0000000000
47673  13.253  -29.382  51.794 0.0000000000
47674  11.155  -28.838  51.122 0.0000000000
47675  10.920  -29.456  50.912 0.0000000000
47676  19.247  -29.921  50.254 0.0000000000
47677  19.111  -29.749  50.197 0.0000000000
47678  13.358  -29.670  50.922 0.0000000000
47679  10.893  -29.705  49.897 0.0000000000
47680  19.484  -29.800  50.034 0.0000000000
47681  18.910  -29.462  49.826 0.0000000000
47682  18.208  -29.353  49.423 0.0000000000
47683  14.011  -29.527  49.572 0.0000000000
47684  13.564  -29.930  50.244 0.0000000000
47685  11.216  -29.178  48.724 0.0000000000
47686  11.111  -29.853  49.102 0.0000000000
47687  19.570  -29.812  49.440 0.0000000000
47688  19.138  -29.342  49.388 0.0000000000
47689  17.374  -29.250  48.864 0.0000000000
47690  16.359  -29.231  48.594 0.0000000000
47691  15.391  -29.354  48.692 0.0000000000
47692  14.661  -29.629  48.970 0.0000000000
47693  11.311  -29.350  47.787 0.0000000000
47694  11.211  -29.826  48.417 0.0000000000
47695  19.555  -29.902  48.988 0.0000000000
47696  19.126  -29.504  48.632 0.0000000000
47697  11.516  -29.290  46.752 0.0000000000
47698  18.500  -29.415  47.679 0.0000000000
47699  17.890  -29.367  46.751 0.0000000000
47700  11.708  -29.263  45.757 0.0000000000
47701  17.456  -29.370  45.684 0.0000000000
47702  11.866  -29.273  44.776 0.0000000000
47703  17.251  -29.399  44.554 0.0000000000
47704  12.255  -28.795  43.503 0.0000000000
47705  12.016  -29.409  43.923 0.0000000000
47706  17.258  -29.418  43.398 0.0000000000
47707  12.347  -28.907  42.759 0.0000000000
47708  12.039  -29.558  43.170 0.0000000000
47712  12.371  -29.012  41.874 0.0000000000
47713  12.009  -29.668  42.398 0.0000000000
47722  12.357  -29.115  40.981 0.0000000000
47723  11.920  -29.748  41.557 0.0000000000
47732  12.380  -29.243  40.235 0.0000000000
47733  11.892  -29.769  40.657 0.0000000000
47743  12.632  -28.966  39.634 0.0000000000
47744  12.093  -29.699  39.608 0.0000000000
47754  13.154  -28.726  38.287 0.0000000000
47755  12.850  -29.026  38.694 0.0000000000
47765  13.187  -28.926  37.919 0.0000000000
47775  13.168  -29.134  37.151 0.0000000000
47784  13.211  -29.263  36.321 0.0000000000
48629  12.222  -27.868  62.419 0.0000000000
48630  11.839  -28.253  62.245 0.0000000000
48631  11.327  -28.539  62.035 0.0000000000
48632  11.044  -28.675  61.821 0.0000000000
48633  12.603  -28.245  61.903 0.0000000000
48634  12.052  -28.887  61.892 0.0000000000
48635  11.122  -28.039  61.422 0.0000000000
48636  10.929  -28.648  61.592 0.0000000000
48637  13.882  -27.870  60.613 0.0000000000
48638  13.436  -28.397  60.960 0.0000000000
48639  11.050  -28.254  60.938 0.0000000000
48640  10.536  -28.998  60.988 0.0000000000
48641  14.024  -28.107  60.150 0.0000000000
48642  13.593  -28.868  60.274 0.0000000000
48643  11.125  -28.590  60.077 0.0000000000
48644  10.528  -29.334  60.352 0.0000000000
48645  14.394  -28.106  59.228 0.0000000000
48646  11.405  -28.557  58.819 0.0000000000
48647  14.488  -28.036  58.268 0.0000000000
48648  11.623  -28.546  57.628 0.0000000000
48649  14.398  -27.992  57.303 0.0000000000
48650  14.149  -28.364  56.753 0.0000000000
48651  11.739  -28.493  56.433 0.0000000000
48652  14.347  -27.830  56.465 0.0000000000
48653  14.006  -28.400  56.084 0.0000000000
48654  11.683  -28.365  55.276 0.0000000000
48655  14.260  -27.811  55.716 0.0000000000
48656  13.938  -28.301  55.080 0.0000000000
48657  11.484  -28.215  54.222 0.0000000000
48658  13.687  -28.455  54.093 0.0000000000
48659  11.380  -28.131  53.203 0.0000000000
48660  13.527  -28.471  53.146 0.0000000000
48661  11.342  -28.099  52.207 0.0000000000
48662  13.458  -28.497  52.134 0.0000000000
48663  11.271  -28.167  51.219 0.0000000000
48664  11.171  -28.738  50.727 0.0000000000
48665  13.734  -28.062  50.621 0.0000000000
48666  13.525  -28.586  51.009 0.0000000000
48667  11.221  -28.138  50.297 0.0000000000
48668  11.133  -28.965  50.101 0.0000000000
48669  18.861  -29.212  49.569 0.0000000000
48670  18.637  -29.173  49.429 0.0000000000
48671  13.861  -28.374  49.998 0.0000000000
48672  13.607  -29.212  50.309 0.0000000000
48673  11.219  -28.400  49.302 0.0000000000
48674  11.154  -29.234  49.439 0.0000000000
48675  18.812  -29.080  49.290 0.0000000000
48676  18.010  -28.656  48.771 0.0000000000
48677  16.796  -28.426  48.408 0.0000000000
48678  15.721  -28.394  48.517 0.0000000000
48679  14.652  -28.579  49.003 0.0000000000
48680  11.277  -28.421  48.245 0.0000000000
48681  18.688  -28.929  48.792 0.0000000000
48682  18.139  -28.519  48.188 0.0000000000
48683  11.414  -28.432  47.295 0.0000000000
48684  18.524  -28.946  48.189 0.0000000000
48685  17.950  -28.617  47.385 0.0000000000
48686  11.665  -28.371  46.326 0.0000000000
48687  17.409  -28.562  46.226 0.0000000000
48688  11.943  -28.343  45.304 0.0000000000
48689  17.029  -28.588  45.059 0.0000000000
48690  12.269  -28.405  43.642 0.0000000000
48691  12.176  -28.308  44.120 0.0000000000
48692  16.980  -28.573  43.867 0.0000000000
48693  12.368  -28.091  43.250 0.0000000000
48694  12.321  -27.724  43.702 0.0000000000
48695  17.148  -28.404  42.610 0.0000000000
48696  12.499  -28.132  42.227 0.0000000000
48704  12.539  -28.226  41.264 0.0000000000
48716  12.617  -28.379  40.256 0.0000000000
48724  12.900  -28.258  39.334 0.0000000000
48734  13.305  -28.174  38.189 0.0000000000
48735  13.118  -28.250  38.788 0.0000000000
48746  13.385  -28.317  37.306 0.0000000000
48755  13.438  -28.603  36.630 0.0000000000
48763  13.642  -28.583  35.844 0.0000000000
48774  14.283  -28.247  34.192 0.0000000000
48775  13.945  -28.667  34.785 0.0000000000
48790  14.425  -28.197  33.483 0.0000000000
48791  14.095  -28.928  33.780 0.0000000000
48816  14.537  -28.114  32.590 0.0000000000
48844  14.523  -27.896  31.856 0.0000000000
49706  12.587  -27.337  62.323 0.0000000000
49707  11.946  -27.340  62.598 0.0000000000
49708  11.546  -27.567  62.169 0.0000000000
49709  11.244  -28.231  61.970 0.0000000000
49710  14.034  -27.053  61.262 0.0000000000
49711  13.516  -27.463  61.466 0.0000000000
49712  11.266  -27.725  61.772 0.0000000000
49713  11.107  -28.383  61.781 0.0000000000
49714  14.556  -26.875  60.504 0.0000000000
49715  14.278  -27.305  60.702 0.0000000000
49716  13.817  -27.772  60.905 0.0000000000
49717  11.299  -27.448  61.076 0.0000000000
49718  14.647  -26.903  60.170 0.0000000000
49719  14.528  -27.436  59.804 0.0000000000
49720  11.524  -27.558  60.209 0.0000000000
49721  14.741  -26.893  59.588 0.0000000000
49722  14.703  -27.278  58.917 0.0000000000
49723  11.716  -27.660  59.199 0.0000000000
49724  14.713  -27.292  57.941 0.0000000000
49725  11.939  -27.624  58.090 0.0000000000
49726  14.617  -27.170  57.011 0.0000000000
49727  12.007  -27.526  56.952 0.0000000000
49728  4.574  -25.758  56.038 0.0000000000
49729  4.315  -25.702  55.795 0.0000000000
49730  4.004  -25.727  55.442 0.0000000000
49731  14.552  -27.152  56.035 0.0000000000
49732  11.930  -27.411  55.837 0.0000000000
49733  4.558  -25.825  55.797 0.0000000000
49734  4.271  -25.840  55.380 0.0000000000
49735  3.846  -25.915  55.053 0.0000000000
49736  14.358  -27.318  55.004 0.0000000000
49737  13.986  -27.797  54.353 0.0000000000
49738  11.687  -27.304  54.798 0.0000000000
49739  4.067  -25.946  55.018 0.0000000000
49740  3.889  -25.927  54.835 0.0000000000
49743  14.088  -27.138  54.038 0.0000000000
49744  13.768  -27.747  53.586 0.0000000000
49745  11.540  -27.237  53.790 0.0000000000
49749  13.875  -27.100  53.244 0.0000000000
49750  13.640  -27.604  52.593 0.0000000000
49751  11.404  -27.196  52.789 0.0000000000
49755  13.746  -27.126  51.255 0.0000000000
49756  13.627  -27.657  51.522 0.0000000000
49757  11.295  -27.195  51.789 0.0000000000
49762  13.859  -27.420  50.617 0.0000000000
49763  13.682  -27.916  50.927 0.0000000000
49764  11.231  -27.208  50.765 0.0000000000
49770  14.375  -27.451  49.523 0.0000000000
49771  11.245  -27.310  49.697 0.0000000000
49777  17.722  -28.225  48.125 0.0000000000
49778  16.988  -27.649  47.939 0.0000000000
49779  16.019  -27.489  48.247 0.0000000000
49780  15.111  -27.492  48.702 0.0000000000
49781  11.261  -27.484  48.614 0.0000000000
49786  17.528  -28.013  47.617 0.0000000000
49787  16.913  -27.251  47.146 0.0000000000
49788  11.337  -27.693  47.751 0.0000000000
49789  17.276  -27.812  46.710 0.0000000000
49790  16.589  -26.975  46.171 0.0000000000
49791  11.507  -27.504  46.908 0.0000000000
49792  16.812  -27.703  45.488 0.0000000000
49793  16.490  -26.908  45.222 0.0000000000
49794  11.849  -27.423  45.899 0.0000000000
49795  16.722  -27.825  44.288 0.0000000000
49796  16.528  -27.077  44.451 0.0000000000
49797  12.157  -27.385  44.870 0.0000000000
49798  16.829  -27.751  43.254 0.0000000000
49799  16.620  -27.135  43.539 0.0000000000
49800  12.375  -27.196  43.351 0.0000000000
49801  12.269  -27.280  44.011 0.0000000000
49802  16.991  -27.383  42.403 0.0000000000
49803  16.735  -27.143  42.845 0.0000000000
49804  12.463  -27.221  42.548 0.0000000000
49806  12.540  -27.283  41.587 0.0000000000
49818  12.611  -27.362  40.617 0.0000000000
49831  12.794  -27.397  39.697 0.0000000000
49839  13.382  -27.203  38.127 0.0000000000
49840  13.120  -27.456  38.833 0.0000000000
49847  13.514  -27.410  37.461 0.0000000000
49855  13.736  -27.689  36.552 0.0000000000
49864  14.344  -27.278  34.839 0.0000000000
49865  14.109  -27.641  35.463 0.0000000000
49873  14.479  -27.475  34.158 0.0000000000
49874  14.264  -27.870  34.702 0.0000000000
49888  14.780  -27.365  33.285 0.0000000000
49909  15.131  -26.807  31.940 0.0000000000
49910  14.941  -27.263  32.364 0.0000000000
49932  15.075  -26.829  31.552 0.0000000000
49933  14.805  -27.262  31.430 0.0000000000
50863  12.002  -26.029  63.444 0.0000000000
50864  11.839  -25.976  63.324 0.0000000000
50865  13.709  -26.203  61.752 0.0000000000
50866  13.302  -26.510  62.070 0.0000000000
50867  12.183  -26.307  63.048 0.0000000000
50868  11.528  -26.310  62.772 0.0000000000
50869  11.066  -25.908  62.631 0.0000000000
50870  14.491  -26.215  60.902 0.0000000000
50871  14.176  -26.418  61.276 0.0000000000
50872  13.786  -26.874  61.496 0.0000000000
50873  11.282  -26.513  62.206 0.0000000000
50874  10.947  -25.783  62.372 0.0000000000
50875  14.575  -26.411  60.550 0.0000000000
50876  14.475  -26.783  60.727 0.0000000000
50877  11.317  -26.590  61.347 0.0000000000
50878  14.714  -26.385  59.854 0.0000000000
50879  11.864  -26.253  59.709 0.0000000000
50880  11.722  -26.451  60.147 0.0000000000
50881  14.884  -26.450  59.114 0.0000000000
50882  14.878  -26.746  58.445 0.0000000000
50883  11.915  -26.291  59.452 0.0000000000
50884  11.879  -26.836  59.421 0.0000000000
50885  5.895  -25.372  57.663 0.0000000000
50886  5.667  -25.383  57.604 0.0000000000
50887  5.217  -25.442  57.493 0.0000000000
50888  14.958  -26.235  58.496 0.0000000000
50889  14.871  -26.447  57.751 0.0000000000
50890  12.001  -26.323  59.001 0.0000000000
50891  12.016  -26.676  58.516 0.0000000000
50892  5.891  -25.457  57.281 0.0000000000
50893  5.355  -25.583  56.986 0.0000000000
50894  4.760  -25.574  56.912 0.0000000000
50895  4.215  -25.489  56.520 0.0000000000
50896  3.795  -25.347  56.316 0.0000000000
50897  14.706  -26.246  56.654 0.0000000000
50898  12.039  -26.578  57.470 0.0000000000
50899  5.840  -25.703  56.176 0.0000000000
50900  4.891  -25.811  56.248 0.0000000000
50901  4.466  -25.677  56.230 0.0000000000
50902  3.880  -25.581  55.853 0.0000000000
50903  3.444  -25.245  56.024 0.0000000000
50904  14.524  -26.373  55.520 0.0000000000
50905  11.950  -26.445  56.425 0.0000000000
50906  5.759  -25.756  54.830 0.0000000000
50907  4.809  -25.930  55.324 0.0000000000
50908  4.304  -25.940  55.102 0.0000000000
50909  3.606  -25.665  55.133 0.0000000000
50910  3.183  -25.406  55.286 0.0000000000
50911  2.864  -25.278  54.984 0.0000000000
50915  14.332  -26.411  54.511 0.0000000000
50916  11.801  -26.362  55.395 0.0000000000
50917  5.775  -25.765  53.734 0.0000000000
50918  4.953  -25.962  54.153 0.0000000000
50919  4.141  -26.009  54.567 0.0000000000
50920  3.563  -25.814  54.589 0.0000000000
50921  3.130  -25.550  54.650 0.0000000000
50922  2.829  -25.329  54.695 0.0000000000
50927  14.045  -26.421  53.557 0.0000000000
50928  11.662  -26.319  54.397 0.0000000000
50929  5.791  -25.711  53.138 0.0000000000
50930  5.133  -25.821  52.925 0.0000000000
50931  4.223  -26.047  53.444 0.0000000000
50932  3.533  -25.906  53.790 0.0000000000
50933  2.993  -25.618  53.956 0.0000000000
50934  2.756  -25.403  54.244 0.0000000000
50939  13.777  -26.622  52.439 0.0000000000
50940  13.643  -27.202  52.062 0.0000000000
50941  11.574  -26.290  53.399 0.0000000000
50942  4.794  -25.781  51.846 0.0000000000
50943  4.202  -25.907  52.403 0.0000000000
50944  3.548  -25.890  52.889 0.0000000000
50945  3.044  -25.701  53.258 0.0000000000
50949  13.815  -26.505  51.251 0.0000000000
50950  13.693  -26.994  51.696 0.0000000000
50951  11.434  -26.276  52.399 0.0000000000
50952  4.641  -25.694  51.322 0.0000000000
50953  4.125  -25.711  51.469 0.0000000000
50954  3.498  -25.709  52.030 0.0000000000
50955  3.073  -25.645  52.586 0.0000000000
50961  14.156  -26.451  50.091 0.0000000000
50962  11.277  -26.273  51.381 0.0000000000
50963  3.771  -25.572  51.191 0.0000000000
50964  3.613  -25.573  51.492 0.0000000000
50972  14.669  -26.528  49.010 0.0000000000
50973  11.268  -26.191  50.237 0.0000000000
50981  16.474  -26.827  47.397 0.0000000000
50982  15.951  -26.500  47.807 0.0000000000
50983  15.370  -26.706  48.381 0.0000000000
50984  11.289  -26.425  49.007 0.0000000000
50994  16.331  -26.342  46.841 0.0000000000
50995  16.173  -26.321  47.324 0.0000000000
50996  11.345  -26.639  47.735 0.0000000000
51005  16.181  -26.302  46.088 0.0000000000
51006  11.641  -26.476  46.497 0.0000000000
51011  16.235  -26.339  45.383 0.0000000000
51012  12.039  -26.436  45.419 0.0000000000
51013  16.355  -26.322  44.505 0.0000000000
51014  12.226  -26.448  44.381 0.0000000000
51015  16.497  -26.418  43.630 0.0000000000
51016  12.412  -26.269  42.899 0.0000000000
51017  12.331  -26.559  43.643 0.0000000000
51018  16.887  -26.828  42.392 0.0000000000
51019  16.685  -26.546  42.795 0.0000000000
51020  12.477  -26.330  41.917 0.0000000000
51021  17.137  -26.583  41.753 0.0000000000
51022  16.895  -26.490  42.265 0.0000000000
51023  12.531  -26.403  40.927 0.0000000000
51028  12.615  -26.462  39.980 0.0000000000
51041  12.872  -26.488  39.124 0.0000000000
51056  13.444  -26.519  37.698 0.0000000000
51057  13.208  -26.503  38.395 0.0000000000
51072  13.701  -26.568  36.929 0.0000000000
51085  14.064  -26.643  36.069 0.0000000000
51099  14.470  -26.768  34.587 0.0000000000
51100  14.317  -26.652  35.227 0.0000000000
51113  14.707  -26.580  33.947 0.0000000000
51132  15.227  -26.185  32.696 0.0000000000
51133  15.112  -26.391  33.009 0.0000000000
51157  15.237  -26.280  32.350 0.0000000000
51158  15.138  -26.698  32.428 0.0000000000
51186  15.225  -26.348  31.511 0.0000000000
51187  15.034  -26.821  31.305 0.0000000000
51210  15.250  -26.097  30.629 0.0000000000
51211  14.902  -26.768  30.832 0.0000000000
51231  15.201  -25.881  30.060 0.0000000000
52190  12.342  -25.114  63.250 0.0000000000
52191  11.977  -25.618  63.423 0.0000000000
52192  11.259  -25.466  63.192 0.0000000000
52193  10.767  -25.132  62.931 0.0000000000
52194  13.655  -25.685  61.991 0.0000000000
52195  12.679  -25.577  62.876 0.0000000000
52196  12.247  -25.873  63.249 0.0000000000
52197  11.013  -25.670  62.888 0.0000000000
52198  10.743  -25.327  62.592 0.0000000000
52199  14.517  -25.761  60.938 0.0000000000
52200  14.199  -25.520  61.493 0.0000000000
52201  11.117  -25.709  61.694 0.0000000000
52202  10.774  -25.337  62.110 0.0000000000
52203  14.679  -25.732  60.256 0.0000000000
52204  11.540  -25.633  60.679 0.0000000000
52205  14.815  -25.787  59.564 0.0000000000
52206  11.920  -26.038  59.588 0.0000000000
52207  11.873  -25.483  59.619 0.0000000000
52208  7.065  -24.568  59.021 0.0000000000
52209  6.594  -24.736  58.848 0.0000000000
52210  5.939  -24.870  58.691 0.0000000000
52211  5.399  -24.835  58.406 0.0000000000
52212  14.941  -25.770  58.912 0.0000000000
52213  11.999  -25.893  59.134 0.0000000000
52214  11.955  -25.366  58.690 0.0000000000
52215  7.142  -24.780  58.531 0.0000000000
52216  6.248  -25.170  57.959 0.0000000000
52217  5.527  -25.209  58.033 0.0000000000
52218  4.844  -25.115  57.664 0.0000000000
52219  4.280  -25.009  57.144 0.0000000000
52220  14.945  -25.742  58.247 0.0000000000
52221  14.850  -25.645  57.515 0.0000000000
52222  12.049  -25.981  58.631 0.0000000000
52223  12.018  -25.772  58.002 0.0000000000
52224  8.027  -24.782  57.244 0.0000000000
52225  7.526  -24.907  57.503 0.0000000000
52226  6.607  -25.384  56.964 0.0000000000
52227  4.404  -25.327  57.011 0.0000000000
52228  3.965  -25.231  56.721 0.0000000000
52229  3.524  -25.098  56.323 0.0000000000
52230  14.711  -25.378  56.847 0.0000000000
52231  11.852  -25.550  57.064 0.0000000000
52232  8.073  -24.820  56.811 0.0000000000
52233  7.419  -25.151  56.509 0.0000000000
52234  6.806  -25.480  56.133 0.0000000000
52235  3.001  -25.032  55.814 0.0000000000
52236  2.760  -24.958  55.342 0.0000000000
52240  14.584  -25.488  56.003 0.0000000000
52241  11.753  -25.437  56.035 0.0000000000
52242  8.130  -24.866  55.914 0.0000000000
52243  7.448  -25.223  55.591 0.0000000000
52244  6.682  -25.565  55.264 0.0000000000
52245  2.865  -25.194  55.226 0.0000000000
52246  2.591  -25.062  54.806 0.0000000000
52247  2.391  -24.889  54.256 0.0000000000
52253  14.451  -25.551  54.998 0.0000000000
52254  11.589  -25.426  55.043 0.0000000000
52255  8.108  -24.851  55.087 0.0000000000
52256  7.536  -25.148  54.502 0.0000000000
52257  6.597  -25.591  54.176 0.0000000000
52258  2.526  -25.152  54.248 0.0000000000
52259  2.300  -24.857  53.838 0.0000000000
52264  14.204  -25.612  54.033 0.0000000000
52265  11.468  -25.423  54.059 0.0000000000
52266  7.260  -25.207  53.496 0.0000000000
52267  6.400  -25.549  53.170 0.0000000000
52268  5.846  -25.632  52.712 0.0000000000
52269  2.783  -25.495  53.447 0.0000000000
52270  2.508  -25.243  53.600 0.0000000000
52271  2.170  -24.728  53.270 0.0000000000
52275  13.941  -25.656  53.058 0.0000000000
52276  11.434  -25.402  53.058 0.0000000000
52277  7.076  -25.125  52.618 0.0000000000
52278  6.344  -25.385  52.279 0.0000000000
52279  5.579  -25.599  52.008 0.0000000000
52280  2.696  -25.442  52.922 0.0000000000
52281  2.258  -25.009  52.719 0.0000000000
52282  1.968  -24.564  52.804 0.0000000000
52286  13.775  -25.630  51.995 0.0000000000
52287  11.338  -25.413  52.054 0.0000000000
52288  6.899  -24.996  51.856 0.0000000000
52289  6.259  -25.238  51.215 0.0000000000
52290  5.189  -25.578  51.050 0.0000000000
52291  4.537  -25.635  50.931 0.0000000000
52292  3.300  -25.529  51.633 0.0000000000
52293  2.738  -25.385  51.957 0.0000000000
52294  2.152  -24.890  52.078 0.0000000000
52300  13.857  -25.421  50.775 0.0000000000
52301  11.177  -25.432  51.089 0.0000000000
52302  5.864  -25.275  49.844 0.0000000000
52303  4.792  -25.567  50.176 0.0000000000
52304  4.019  -25.541  50.638 0.0000000000
52305  3.304  -25.372  51.115 0.0000000000
52306  2.682  -25.071  51.259 0.0000000000
52316  14.368  -25.499  49.528 0.0000000000
52317  11.196  -25.290  50.317 0.0000000000
52318  5.729  -25.321  48.526 0.0000000000
52319  4.993  -25.549  49.073 0.0000000000
52320  4.217  -25.401  49.557 0.0000000000
52321  3.470  -25.081  50.079 0.0000000000
52322  2.897  -24.931  50.707 0.0000000000
52328  15.525  -25.798  47.758 0.0000000000
52329  15.000  -25.690  48.314 0.0000000000
52330  11.240  -25.443  49.471 0.0000000000
52331  5.663  -25.256  47.567 0.0000000000
52332  5.039  -25.530  48.001 0.0000000000
52333  4.368  -25.356  48.470 0.0000000000
52334  3.730  -25.070  48.986 0.0000000000
52341  15.935  -25.825  46.732 0.0000000000
52342  15.741  -25.676  47.207 0.0000000000
52343  15.285  -25.356  47.699 0.0000000000
52344  11.250  -25.507  48.360 0.0000000000
52345  5.580  -25.073  46.742 0.0000000000
52346  5.067  -25.357  47.089 0.0000000000
52347  4.496  -25.261  47.477 0.0000000000
52348  3.901  -24.890  47.877 0.0000000000
52358  15.910  -25.867  46.273 0.0000000000
52359  15.607  -25.363  46.425 0.0000000000
52360  11.426  -25.384  47.136 0.0000000000
52361  5.511  -24.981  46.288 0.0000000000
52362  5.089  -25.135  46.237 0.0000000000
52363  4.603  -25.126  46.680 0.0000000000
52364  4.254  -24.842  46.907 0.0000000000
52374  15.923  -25.819  45.558 0.0000000000
52375  15.654  -25.314  45.689 0.0000000000
52376  11.756  -25.451  45.941 0.0000000000
52377  4.838  -24.908  45.801 0.0000000000
52378  4.600  -24.877  46.098 0.0000000000
52379  4.399  -24.842  46.419 0.0000000000
52386  15.984  -25.482  44.626 0.0000000000
52387  15.754  -25.366  45.172 0.0000000000
52388  12.036  -25.432  44.794 0.0000000000
52394  16.336  -25.585  43.685 0.0000000000
52395  12.366  -25.621  42.919 0.0000000000
52396  12.233  -25.564  43.555 0.0000000000
52401  16.592  -25.775  42.857 0.0000000000
52402  12.388  -25.325  42.304 0.0000000000
52403  12.311  -25.271  42.898 0.0000000000
52408  17.138  -25.546  41.502 0.0000000000
52409  16.876  -26.021  42.195 0.0000000000
52410  12.438  -25.436  41.245 0.0000000000
52416  12.510  -25.522  40.259 0.0000000000
52422  12.632  -25.568  39.339 0.0000000000
52428  13.292  -25.886  37.964 0.0000000000
52429  12.960  -25.575  38.475 0.0000000000
52440  13.463  -25.609  37.296 0.0000000000
52441  13.210  -25.306  37.842 0.0000000000
52456  13.815  -25.613  36.387 0.0000000000
52470  14.473  -25.884  34.705 0.0000000000
52471  14.182  -25.758  35.548 0.0000000000
52483  14.836  -25.609  33.811 0.0000000000
52498  15.257  -25.872  32.695 0.0000000000
52499  15.140  -25.541  33.148 0.0000000000
52514  15.342  -25.629  32.142 0.0000000000
52531  15.466  -25.443  31.322 0.0000000000
52554  15.454  -25.366  30.412 0.0000000000
52577  15.201  -25.449  29.586 0.0000000000
52598  15.240  -25.104  29.097 0.0000000000
53551  12.749  -24.495  62.969 0.0000000000
53552  12.002  -24.598  63.384 0.0000000000
53553  11.273  -24.663  63.473 0.0000000000
53554  10.555  -24.418  63.113 0.0000000000
53555  10.172  -23.913  62.931 0.0000000000
53556  14.034  -24.708  61.946 0.0000000000
53557  13.375  -24.875  62.502 0.0000000000
53558  10.402  -24.372  62.587 0.0000000000
53559  10.263  -24.103  62.835 0.0000000000
53560  14.603  -24.879  60.775 0.0000000000
53561  14.408  -25.018  61.334 0.0000000000
53562  10.949  -25.006  61.612 0.0000000000
53563  10.615  -24.610  61.910 0.0000000000
53564  14.739  -25.025  59.983 0.0000000000
53565  11.280  -24.972  60.973 0.0000000000
53566  10.935  -24.476  61.044 0.0000000000
53567  8.337  -23.693  60.102 0.0000000000
53568  7.644  -23.728  59.941 0.0000000000
53569  7.058  -23.707  59.735 0.0000000000
53570  6.469  -23.644  59.547 0.0000000000
53571  6.097  -23.539  59.453 0.0000000000
53572  14.778  -25.211  59.340 0.0000000000
53573  11.518  -24.699  60.025 0.0000000000
53574  11.191  -24.538  60.521 0.0000000000
53575  9.342  -23.869  59.374 0.0000000000
53576  8.644  -23.954  59.510 0.0000000000
53577  7.765  -24.257  59.189 0.0000000000
53578  7.047  -24.270  59.315 0.0000000000
53579  6.445  -24.289  59.173 0.0000000000
53580  5.739  -24.118  59.022 0.0000000000
53581  14.789  -25.084  58.743 0.0000000000
53582  14.714  -24.717  58.345 0.0000000000
53583  11.677  -24.616  59.062 0.0000000000
53584  11.117  -24.087  58.579 0.0000000000
53585  10.084  -23.903  58.658 0.0000000000
53586  8.842  -24.172  58.566 0.0000000000
53587  7.934  -24.606  58.182 0.0000000000
53588  5.018  -24.328  58.235 0.0000000000
53590  14.837  -25.216  58.082 0.0000000000
53591  14.647  -24.785  57.587 0.0000000000
53592  11.665  -24.760  57.899 0.0000000000
53593  10.715  -24.107  57.476 0.0000000000
53594  9.714  -24.047  57.525 0.0000000000
53595  8.513  -24.513  57.380 0.0000000000
53596  7.970  -24.722  57.719 0.0000000000
53604  14.515  -24.659  56.554 0.0000000000
53605  11.440  -24.661  56.752 0.0000000000
53606  10.664  -24.193  56.527 0.0000000000
53607  9.754  -24.089  56.530 0.0000000000
53608  8.834  -24.465  56.208 0.0000000000
53610  2.655  -24.651  55.155 0.0000000000
53618  14.374  -24.648  55.528 0.0000000000
53619  11.279  -24.676  55.753 0.0000000000
53620  10.544  -24.253  55.569 0.0000000000
53621  9.682  -24.196  55.394 0.0000000000
53622  8.819  -24.447  55.194 0.0000000000
53623  2.392  -24.591  54.482 0.0000000000
53624  2.317  -24.645  53.985 0.0000000000
53632  14.196  -24.747  54.513 0.0000000000
53633  11.168  -24.688  54.769 0.0000000000
53634  10.466  -24.306  54.554 0.0000000000
53635  9.610  -24.224  54.362 0.0000000000
53636  8.603  -24.525  54.177 0.0000000000
53637  8.009  -24.844  53.625 0.0000000000
53638  2.269  -24.402  53.928 0.0000000000
53639  2.122  -24.433  53.529 0.0000000000
53645  14.038  -24.879  53.580 0.0000000000
53646  11.099  -24.697  53.773 0.0000000000
53647  10.418  -24.310  53.529 0.0000000000
53648  9.546  -24.228  53.336 0.0000000000
53649  8.695  -24.451  53.086 0.0000000000
53650  7.894  -24.796  52.825 0.0000000000
53651  1.884  -24.355  53.066 0.0000000000
53657  13.816  -24.816  52.678 0.0000000000
53658  13.663  -24.285  52.253 0.0000000000
53659  11.089  -24.666  52.753 0.0000000000
53660  10.361  -24.251  52.430 0.0000000000
53661  9.455  -24.143  52.407 0.0000000000
53662  8.578  -24.269  52.099 0.0000000000
53663  7.650  -24.695  51.974 0.0000000000
53664  1.961  -24.588  52.396 0.0000000000
53665  1.681  -24.161  52.554 0.0000000000
53671  13.682  -24.795  51.724 0.0000000000
53672  13.609  -24.071  51.644 0.0000000000
53673  11.040  -24.704  51.750 0.0000000000
53674  10.561  -24.273  51.416 0.0000000000
53675  8.173  -24.256  51.287 0.0000000000
53676  7.268  -24.647  51.049 0.0000000000
53677  6.684  -24.877  50.361 0.0000000000
53678  2.319  -24.872  51.609 0.0000000000
53679  1.883  -24.277  51.836 0.0000000000
53680  1.581  -23.767  52.151 0.0000000000
53687  13.662  -24.476  50.944 0.0000000000
53688  13.581  -23.861  51.046 0.0000000000
53689  10.970  -24.757  50.847 0.0000000000
53690  10.627  -24.236  50.573 0.0000000000
53691  7.986  -24.115  50.472 0.0000000000
53692  7.327  -24.420  50.036 0.0000000000
53693  6.759  -24.748  49.595 0.0000000000
53694  2.383  -24.491  51.040 0.0000000000
53695  1.967  -23.841  51.186 0.0000000000
53708  13.972  -24.566  50.065 0.0000000000
53709  11.067  -24.693  49.987 0.0000000000
53710  10.641  -24.159  49.769 0.0000000000
53711  7.926  -23.943  49.700 0.0000000000
53712  7.431  -24.154  48.929 0.0000000000
53713  6.503  -24.879  48.771 0.0000000000
53714  3.344  -24.636  49.462 0.0000000000
53715  2.822  -24.371  50.133 0.0000000000
53725  14.319  -24.447  48.926 0.0000000000
53726  11.047  -24.598  49.009 0.0000000000
53727  10.613  -23.969  49.133 0.0000000000
53728  6.895  -24.365  47.775 0.0000000000
53729  6.256  -25.060  47.945 0.0000000000
53730  3.545  -24.411  48.725 0.0000000000
53737  15.195  -24.968  47.344 0.0000000000
53738  14.799  -24.634  47.873 0.0000000000
53739  11.103  -24.536  47.907 0.0000000000
53740  10.746  -24.046  48.507 0.0000000000
53741  6.774  -24.270  46.624 0.0000000000
53742  6.193  -24.829  47.132 0.0000000000
53743  3.905  -24.101  47.986 0.0000000000
53754  15.192  -24.662  46.680 0.0000000000
53755  14.893  -24.387  47.225 0.0000000000
53756  11.249  -24.510  47.160 0.0000000000
53757  6.635  -24.119  45.663 0.0000000000
53758  5.929  -24.706  46.103 0.0000000000
53759  5.426  -24.907  46.038 0.0000000000
53760  4.115  -24.267  47.058 0.0000000000
53773  15.339  -24.553  45.755 0.0000000000
53774  11.447  -24.552  46.430 0.0000000000
53775  6.583  -23.987  45.113 0.0000000000
53776  6.009  -24.278  44.929 0.0000000000
53777  5.192  -24.742  45.449 0.0000000000
53778  4.578  -24.603  45.491 0.0000000000
53779  4.312  -24.394  46.052 0.0000000000
53786  15.877  -24.841  44.310 0.0000000000
53787  15.628  -24.698  44.830 0.0000000000
53788  11.614  -24.468  45.363 0.0000000000
53789  5.636  -24.064  43.941 0.0000000000
53790  5.138  -24.405  44.395 0.0000000000
53791  4.580  -24.406  44.725 0.0000000000
53792  4.120  -24.113  44.885 0.0000000000
53798  16.093  -24.546  43.696 0.0000000000
53799  15.839  -24.511  44.221 0.0000000000
53800  11.816  -24.327  44.069 0.0000000000
53801  5.407  -23.880  43.449 0.0000000000
53802  5.013  -24.141  43.602 0.0000000000
53803  4.493  -24.155  43.977 0.0000000000
53804  4.224  -24.114  44.315 0.0000000000
53809  17.014  -24.201  42.152 0.0000000000
53810  16.508  -24.849  42.837 0.0000000000
53811  12.283  -24.653  42.209 0.0000000000
53812  12.168  -24.565  42.810 0.0000000000
53817  17.253  -24.556  41.473 0.0000000000
53818  16.795  -25.156  42.102 0.0000000000
53819  12.278  -24.407  41.580 0.0000000000
53820  12.198  -24.296  42.164 0.0000000000
53825  17.473  -24.963  40.782 0.0000000000
53826  12.379  -24.581  40.549 0.0000000000
53833  12.476  -24.634  39.598 0.0000000000
53840  12.649  -24.671  38.708 0.0000000000
53846  13.302  -24.897  37.469 0.0000000000
53847  12.980  -24.655  37.908 0.0000000000
53856  13.471  -24.553  36.783 0.0000000000
53857  13.217  -24.467  37.392 0.0000000000
53867  14.279  -25.230  35.131 0.0000000000
53868  13.943  -24.669  35.617 0.0000000000
53876  14.439  -24.693  34.570 0.0000000000
53877  14.107  -24.170  35.086 0.0000000000
53884  15.262  -25.241  32.719 0.0000000000
53885  14.997  -24.628  33.332 0.0000000000
53894  15.397  -24.577  32.186 0.0000000000
53895  15.183  -24.082  32.829 0.0000000000
53908  15.682  -24.549  30.972 0.0000000000
53921  15.694  -24.681  29.950 0.0000000000
53940  15.469  -24.802  29.289 0.0000000000
53961  15.269  -24.662  28.674 0.0000000000
54920  10.589  -23.820  63.535 0.0000000000
54921  9.868  -23.454  63.038 0.0000000000
54924  14.075  -23.773  61.982 0.0000000000
54925  13.499  -23.883  62.449 0.0000000000
54926  10.035  -23.770  62.285 0.0000000000
54927  9.877  -23.598  62.493 0.0000000000
54928  9.065  -23.041  62.321 0.0000000000
54929  8.376  -22.487  62.120 0.0000000000
54930  7.987  -22.329  61.821 0.0000000000
54931  14.472  -24.122  60.974 0.0000000000
54932  14.319  -24.189  61.415 0.0000000000
54933  10.163  -23.846  61.841 0.0000000000
54934  9.596  -23.485  61.775 0.0000000000
54935  8.999  -23.180  61.702 0.0000000000
54936  8.331  -22.921  61.503 0.0000000000
54937  7.759  -22.574  61.222 0.0000000000
54938  7.152  -22.587  60.571 0.0000000000
54939  6.828  -22.519  60.326 0.0000000000
54940  14.588  -24.229  60.436 0.0000000000
54941  10.486  -23.872  61.009 0.0000000000
54942  9.738  -23.496  60.965 0.0000000000
54943  8.984  -23.311  60.925 0.0000000000
54944  8.277  -23.248  60.780 0.0000000000
54945  7.684  -23.184  60.556 0.0000000000
54946  7.086  -23.126  60.267 0.0000000000
54947  6.508  -22.979  59.894 0.0000000000
54948  14.647  -24.204  59.513 0.0000000000
54949  14.466  -23.424  59.317 0.0000000000
54950  11.300  -24.358  59.700 0.0000000000
54951  10.951  -24.172  60.086 0.0000000000
54952  10.076  -23.671  59.935 0.0000000000
54953  9.144  -23.634  60.143 0.0000000000
54954  5.830  -23.273  59.280 0.0000000000
54955  14.681  -24.498  58.785 0.0000000000
54956  14.468  -23.883  58.509 0.0000000000
54957  11.454  -24.438  59.495 0.0000000000
54958  11.239  -24.213  59.337 0.0000000000
54959  10.719  -23.939  59.295 0.0000000000
54967  14.282  -23.819  57.272 0.0000000000
54968  10.214  -24.005  57.132 0.0000000000
54969  9.967  -23.969  56.984 0.0000000000
54980  14.185  -23.783  56.179 0.0000000000
54981  10.454  -24.054  56.968 0.0000000000
54982  10.213  -24.022  56.811 0.0000000000
54993  13.903  -23.634  55.019 0.0000000000
54994  13.739  -22.963  54.584 0.0000000000
55005  13.810  -24.130  53.989 0.0000000000
55006  13.739  -23.387  54.169 0.0000000000
55010  2.077  -24.143  53.590 0.0000000000
55017  13.807  -24.318  53.274 0.0000000000
55018  13.709  -23.545  53.338 0.0000000000
55021  2.003  -23.827  53.348 0.0000000000
55022  1.729  -23.938  53.096 0.0000000000
55030  13.715  -24.117  52.785 0.0000000000
55031  13.629  -23.544  52.343 0.0000000000
55032  10.015  -24.035  51.805 0.0000000000
55033  9.416  -23.993  51.619 0.0000000000
55034  8.854  -23.983  51.333 0.0000000000
55036  1.612  -23.500  52.425 0.0000000000
55043  13.569  -23.371  51.483 0.0000000000
55044  10.083  -23.913  51.111 0.0000000000
55045  9.439  -23.858  50.872 0.0000000000
55046  8.734  -23.876  50.687 0.0000000000
55047  1.634  -23.341  51.768 0.0000000000
55048  1.546  -23.523  52.128 0.0000000000
55055  13.682  -23.976  50.479 0.0000000000
55056  13.589  -23.293  50.657 0.0000000000
55057  10.079  -23.895  50.338 0.0000000000
55058  9.407  -23.752  50.126 0.0000000000
55059  8.638  -23.720  49.915 0.0000000000
55060  2.292  -23.837  50.578 0.0000000000
55061  1.909  -23.122  50.735 0.0000000000
55073  13.791  -23.534  49.763 0.0000000000
55074  13.630  -23.033  50.198 0.0000000000
55075  10.073  -23.789  49.581 0.0000000000
55076  9.395  -23.550  49.320 0.0000000000
55077  8.469  -23.563  49.006 0.0000000000
55078  8.049  -23.660  48.499 0.0000000000
55079  3.112  -24.040  49.374 0.0000000000
55080  2.486  -23.225  49.767 0.0000000000
55081  2.092  -22.733  50.246 0.0000000000
55093  14.038  -23.419  48.860 0.0000000000
55094  10.163  -23.679  48.782 0.0000000000
55095  9.477  -23.445  48.408 0.0000000000
55096  8.635  -23.438  48.087 0.0000000000
55097  7.803  -23.716  47.928 0.0000000000
55098  3.329  -23.342  48.668 0.0000000000
55099  2.667  -22.792  49.029 0.0000000000
55106  14.403  -23.677  48.197 0.0000000000
55107  11.011  -24.144  47.451 0.0000000000
55108  10.488  -23.713  47.783 0.0000000000
55109  9.500  -23.351  47.485 0.0000000000
55110  8.520  -23.386  47.250 0.0000000000
55111  7.577  -23.752  47.006 0.0000000000
55112  4.384  -22.702  46.820 0.0000000000
55113  4.147  -23.278  47.349 0.0000000000
55121  14.790  -23.724  46.768 0.0000000000
55122  14.613  -23.758  47.474 0.0000000000
55123  11.008  -23.948  46.940 0.0000000000
55124  10.321  -23.433  46.778 0.0000000000
55125  9.342  -23.095  46.617 0.0000000000
55126  8.285  -23.276  46.376 0.0000000000
55127  7.376  -23.696  46.050 0.0000000000
55128  4.419  -23.048  46.201 0.0000000000
55129  4.231  -23.753  46.218 0.0000000000
55142  15.089  -23.625  45.989 0.0000000000
55143  11.111  -23.698  46.056 0.0000000000
55144  10.247  -23.001  45.764 0.0000000000
55145  9.030  -22.786  45.772 0.0000000000
55146  7.998  -23.116  45.438 0.0000000000
55147  7.088  -23.605  45.128 0.0000000000
55148  6.571  -23.838  44.702 0.0000000000
55149  4.202  -23.323  45.351 0.0000000000
55150  4.104  -23.835  45.388 0.0000000000
55161  15.978  -23.017  44.161 0.0000000000
55162  15.510  -23.421  44.977 0.0000000000
55163  11.140  -23.484  44.908 0.0000000000
55164  10.457  -22.900  44.846 0.0000000000
55165  7.633  -23.111  44.676 0.0000000000
55166  6.964  -23.419  44.114 0.0000000000
55167  6.252  -23.866  44.177 0.0000000000
55168  4.102  -23.027  44.799 0.0000000000
55169  3.944  -23.363  44.594 0.0000000000
55176  15.786  -23.897  44.139 0.0000000000
55177  11.359  -23.322  43.880 0.0000000000
55178  10.857  -22.939  44.284 0.0000000000
55179  6.824  -23.156  43.489 0.0000000000
55180  6.039  -23.476  43.243 0.0000000000
55181  5.082  -23.748  43.006 0.0000000000
55182  4.451  -23.757  43.247 0.0000000000
55183  3.927  -23.584  43.791 0.0000000000
55189  16.705  -23.839  42.823 0.0000000000
55190  11.738  -23.607  43.149 0.0000000000
55191  5.809  -23.046  42.583 0.0000000000
55192  5.203  -23.109  42.374 0.0000000000
55193  4.515  -23.320  42.549 0.0000000000
55194  3.922  -23.226  42.724 0.0000000000
55201  12.067  -23.688  41.388 0.0000000000
55202  11.908  -23.608  42.083 0.0000000000
55203  4.886  -22.730  41.918 0.0000000000
55204  4.555  -22.822  41.990 0.0000000000
55205  4.126  -22.879  42.122 0.0000000000
55213  12.168  -23.720  40.788 0.0000000000
55214  11.766  -23.116  41.134 0.0000000000
55221  12.280  -23.742  39.907 0.0000000000
55222  11.805  -23.001  40.212 0.0000000000
55230  12.399  -23.680  38.919 0.0000000000
55231  11.974  -23.033  39.379 0.0000000000
55238  12.658  -23.874  38.125 0.0000000000
55243  13.295  -23.671  36.648 0.0000000000
55244  13.041  -23.866  37.329 0.0000000000
55247  13.521  -23.805  36.070 0.0000000000
55252  14.211  -23.708  34.726 0.0000000000
55253  13.818  -23.688  35.354 0.0000000000
55259  14.577  -23.784  33.987 0.0000000000
55271  15.248  -23.561  32.488 0.0000000000
55272  14.919  -23.615  33.212 0.0000000000
55285  15.596  -23.489  31.544 0.0000000000
55299  16.158  -22.845  30.143 0.0000000000
55300  16.001  -23.641  30.322 0.0000000000
55317  16.199  -23.133  29.452 0.0000000000
55318  15.855  -24.049  29.172 0.0000000000
55337  16.054  -23.234  28.495 0.0000000000
55338  15.539  -23.877  28.210 0.0000000000
55357  15.720  -23.254  27.776 0.0000000000
56244  7.966  -22.084  61.925 0.0000000000
56245  7.755  -22.074  61.656 0.0000000000
56247  14.370  -23.738  61.244 0.0000000000
56248  14.177  -23.078  61.559 0.0000000000
56249  7.458  -22.246  61.075 0.0000000000
56252  14.439  -23.569  60.936 0.0000000000
56253  14.341  -22.740  60.888 0.0000000000
56255  14.509  -23.524  60.386 0.0000000000
56256  14.416  -22.856  60.023 0.0000000000
56262  14.196  -22.715  59.126 0.0000000000
56273  13.965  -22.724  57.972 0.0000000000
56274  13.778  -22.154  57.242 0.0000000000
56285  13.978  -22.927  56.829 0.0000000000
56286  13.764  -22.111  56.400 0.0000000000
56297  13.901  -22.941  55.921 0.0000000000
56298  13.738  -22.227  55.185 0.0000000000
56309  13.708  -22.577  53.963 0.0000000000
56318  13.665  -22.667  52.876 0.0000000000
56325  1.805  -23.683  53.072 0.0000000000
56331  13.609  -22.697  51.953 0.0000000000
56338  1.796  -23.493  52.856 0.0000000000
56344  13.601  -22.683  51.171 0.0000000000
56351  13.881  -22.105  49.964 0.0000000000
56352  13.676  -22.507  50.496 0.0000000000
56362  13.917  -22.517  49.255 0.0000000000
56363  13.718  -22.734  49.916 0.0000000000
56364  2.205  -22.260  49.947 0.0000000000
56377  14.268  -22.757  48.424 0.0000000000
56378  3.010  -22.118  48.719 0.0000000000
56379  2.477  -22.239  49.330 0.0000000000
56390  14.876  -22.261  47.297 0.0000000000
56391  14.539  -22.927  47.737 0.0000000000
56392  4.307  -22.030  47.309 0.0000000000
56393  3.684  -22.442  48.069 0.0000000000
56399  15.033  -22.637  46.464 0.0000000000
56400  14.663  -23.047  47.109 0.0000000000
56401  4.938  -21.674  45.642 0.0000000000
56402  4.687  -22.267  46.325 0.0000000000
56414  15.452  -22.657  45.619 0.0000000000
56415  9.672  -22.655  44.991 0.0000000000
56416  8.700  -22.688  44.959 0.0000000000
56417  8.100  -22.843  44.873 0.0000000000
56418  4.858  -21.841  45.087 0.0000000000
56419  4.516  -22.466  45.133 0.0000000000
56437  15.730  -22.584  45.106 0.0000000000
56438  10.200  -22.580  44.227 0.0000000000
56439  9.242  -22.479  44.233 0.0000000000
56440  8.201  -22.676  44.279 0.0000000000
56441  7.566  -22.981  44.151 0.0000000000
56442  3.931  -22.644  44.339 0.0000000000
56443  3.586  -22.754  43.812 0.0000000000
56459  11.348  -23.117  43.306 0.0000000000
56460  10.834  -22.721  43.485 0.0000000000
56461  9.863  -22.364  43.403 0.0000000000
56462  8.761  -22.323  43.436 0.0000000000
56463  7.549  -22.700  43.494 0.0000000000
56464  6.789  -22.892  43.084 0.0000000000
56465  3.539  -22.646  42.958 0.0000000000
56478  11.323  -22.932  42.713 0.0000000000
56479  10.497  -22.384  42.519 0.0000000000
56480  9.435  -22.053  42.506 0.0000000000
56481  8.285  -22.105  42.614 0.0000000000
56482  7.273  -22.377  42.579 0.0000000000
56483  6.346  -22.703  42.507 0.0000000000
56484  5.689  -22.704  42.243 0.0000000000
56485  3.707  -22.460  42.095 0.0000000000
56494  11.223  -22.594  41.744 0.0000000000
56495  10.124  -21.878  41.308 0.0000000000
56496  8.882  -21.697  41.730 0.0000000000
56497  7.830  -21.822  41.859 0.0000000000
56498  6.878  -22.096  41.869 0.0000000000
56499  6.028  -22.306  41.818 0.0000000000
56500  5.248  -22.465  41.741 0.0000000000
56501  4.674  -22.429  41.605 0.0000000000
56502  4.140  -22.251  41.486 0.0000000000
56510  11.143  -22.402  40.640 0.0000000000
56511  10.504  -21.830  40.044 0.0000000000
56512  4.900  -22.135  41.404 0.0000000000
56513  4.523  -21.955  41.245 0.0000000000
56514  4.242  -21.795  41.084 0.0000000000
56520  11.303  -22.206  39.454 0.0000000000
56521  10.721  -21.682  39.465 0.0000000000
56527  12.474  -23.282  38.301 0.0000000000
56528  12.092  -22.590  38.430 0.0000000000
56530  12.615  -23.029  37.692 0.0000000000
56531  12.339  -22.411  37.699 0.0000000000
56533  13.324  -23.324  36.308 0.0000000000
56534  12.990  -22.907  36.693 0.0000000000
56537  13.441  -22.976  35.811 0.0000000000
56538  13.144  -22.262  36.067 0.0000000000
56540  14.298  -23.176  34.313 0.0000000000
56541  13.902  -22.874  34.893 0.0000000000
56546  14.552  -22.992  33.697 0.0000000000
56552  15.306  -22.940  32.183 0.0000000000
56553  14.930  -22.740  32.877 0.0000000000
56565  15.483  -22.620  31.717 0.0000000000
56583  16.140  -22.444  30.265 0.0000000000
56584  15.885  -22.541  30.874 0.0000000000
56606  16.286  -22.436  29.762 0.0000000000
56625  16.373  -22.449  28.885 0.0000000000
56643  16.176  -22.446  27.634 0.0000000000
56644  15.570  -22.971  27.334 0.0000000000
56665  15.981  -21.794  26.721 0.0000000000
56666  15.226  -22.535  26.666 0.0000000000
57663  13.874  -21.508  54.316 0.0000000000
57676  13.751  -21.758  53.300 0.0000000000
57688  14.149  -21.141  52.678 0.0000000000
57689  13.721  -21.895  52.329 0.0000000000
57705  14.144  -21.349  51.708 0.0000000000
57706  13.711  -22.032  51.462 0.0000000000
57718  14.053  -21.652  50.686 0.0000000000
57719  13.697  -22.189  50.944 0.0000000000
57735  14.499  -21.442  49.595 0.0000000000
57736  2.331  -21.646  49.618 0.0000000000
57750  14.345  -21.939  48.721 0.0000000000
57751  2.908  -21.407  48.529 0.0000000000
57752  2.562  -21.292  48.999 0.0000000000
57767  14.657  -22.074  48.039 0.0000000000
57768  4.007  -20.911  47.151 0.0000000000
57769  3.370  -21.323  47.970 0.0000000000
57770  2.772  -20.988  48.373 0.0000000000
57779  5.006  -20.701  45.805 0.0000000000
57780  4.621  -21.302  46.519 0.0000000000
57790  5.075  -21.204  44.796 0.0000000000
57791  4.696  -21.832  44.746 0.0000000000
57806  4.816  -21.094  44.143 0.0000000000
57807  4.292  -21.673  44.037 0.0000000000
57808  3.718  -22.257  43.864 0.0000000000
57825  3.950  -21.309  43.357 0.0000000000
57826  3.643  -21.783  43.230 0.0000000000
57843  3.479  -21.669  42.213 0.0000000000
57853  9.172  -21.507  40.939 0.0000000000
57854  8.317  -21.477  41.058 0.0000000000
57855  7.343  -21.534  41.211 0.0000000000
57856  6.407  -21.741  41.326 0.0000000000
57857  5.610  -21.958  41.366 0.0000000000
57858  5.173  -22.068  41.391 0.0000000000
57859  3.702  -21.611  41.410 0.0000000000
57866  9.651  -21.448  40.257 0.0000000000
57867  8.790  -21.180  40.397 0.0000000000
57868  7.819  -20.967  40.375 0.0000000000
57869  6.740  -21.207  40.742 0.0000000000
57870  5.849  -21.471  40.870 0.0000000000
57871  5.025  -21.645  41.080 0.0000000000
57872  4.386  -21.420  40.780 0.0000000000
57873  4.013  -21.506  40.839 0.0000000000
57876  10.863  -21.552  39.065 0.0000000000
57877  10.181  -21.137  39.287 0.0000000000
57878  9.154  -20.900  39.746 0.0000000000
57879  8.514  -20.843  39.974 0.0000000000
57880  4.216  -21.097  40.508 0.0000000000
57881  4.093  -21.303  40.626 0.0000000000
57884  11.331  -21.563  38.426 0.0000000000
57885  10.754  -21.166  38.665 0.0000000000
57892  12.526  -22.367  37.208 0.0000000000
57893  12.078  -21.700  37.441 0.0000000000
57904  12.653  -21.803  36.546 0.0000000000
57905  12.325  -21.380  36.811 0.0000000000
57918  13.505  -22.018  35.371 0.0000000000
57919  13.062  -21.671  35.869 0.0000000000
57934  14.245  -22.612  34.218 0.0000000000
57935  13.977  -21.991  34.511 0.0000000000
57949  14.442  -22.090  33.628 0.0000000000
57950  14.044  -21.399  34.006 0.0000000000
57961  15.191  -22.356  32.237 0.0000000000
57962  14.826  -21.724  32.664 0.0000000000
57974  15.392  -21.820  31.715 0.0000000000
57975  14.998  -21.116  32.108 0.0000000000
57990  16.147  -21.989  30.265 0.0000000000
57991  15.797  -21.530  30.855 0.0000000000
58011  16.361  -21.729  29.545 0.0000000000
58033  16.529  -21.515  28.554 0.0000000000
58053  16.482  -21.147  27.345 0.0000000000
58074  16.156  -21.143  26.380 0.0000000000
58075  15.414  -21.376  25.912 0.0000000000
58097  15.066  -20.925  25.375 0.0000000000
59176  14.558  -20.895  51.076 0.0000000000
59197  14.574  -21.096  50.365 0.0000000000
59251  3.869  -20.353  47.001 0.0000000000
59252  3.473  -20.223  47.386 0.0000000000
59253  3.005  -20.513  48.053 0.0000000000
59256  4.860  -19.705  45.879 0.0000000000
59257  4.326  -20.202  46.600 0.0000000000
59258  3.800  -20.074  46.936 0.0000000000
59261  5.204  -20.042  45.069 0.0000000000
59265  5.027  -20.339  44.026 0.0000000000
59266  4.637  -20.955  43.811 0.0000000000
59273  4.807  -20.080  43.435 0.0000000000
59274  4.307  -20.592  43.243 0.0000000000
59275  3.817  -21.113  43.060 0.0000000000
59286  4.046  -20.083  42.612 0.0000000000
59287  3.677  -20.632  42.399 0.0000000000
59300  3.490  -20.604  41.281 0.0000000000
59301  3.458  -20.084  40.825 0.0000000000
59313  7.541  -20.541  39.917 0.0000000000
59314  6.923  -20.647  40.210 0.0000000000
59315  6.054  -20.926  40.337 0.0000000000
59316  5.251  -21.091  40.557 0.0000000000
59317  4.762  -21.246  40.680 0.0000000000
59318  3.692  -20.924  40.723 0.0000000000
59319  3.563  -20.259  40.551 0.0000000000
59328  10.003  -20.561  38.866 0.0000000000
59329  9.440  -20.488  39.140 0.0000000000
59330  8.234  -20.233  39.373 0.0000000000
59331  7.101  -20.170  39.625 0.0000000000
59332  6.207  -20.320  39.797 0.0000000000
59333  5.360  -20.476  39.996 0.0000000000
59334  4.565  -20.746  40.287 0.0000000000
59335  4.036  -20.775  40.315 0.0000000000
59336  3.761  -20.462  40.321 0.0000000000
59342  10.977  -20.975  38.278 0.0000000000
59343  10.497  -20.456  38.311 0.0000000000
59344  9.811  -20.135  38.610 0.0000000000
59345  9.117  -19.882  38.768 0.0000000000
59352  11.305  -20.679  37.652 0.0000000000
59353  10.820  -20.127  37.712 0.0000000000
59363  12.463  -21.224  36.491 0.0000000000
59364  12.099  -20.822  36.736 0.0000000000
59373  13.225  -21.407  35.484 0.0000000000
59374  12.744  -20.930  35.826 0.0000000000
59375  12.173  -20.117  36.045 0.0000000000
59391  13.490  -21.092  34.799 0.0000000000
59392  12.939  -20.352  34.976 0.0000000000
59412  14.341  -21.299  33.344 0.0000000000
59413  13.849  -20.643  33.677 0.0000000000
59434  14.446  -20.757  32.716 0.0000000000
59435  13.996  -20.087  32.996 0.0000000000
59455  15.368  -20.947  31.434 0.0000000000
59456  14.818  -20.447  31.910 0.0000000000
59478  16.092  -21.307  30.178 0.0000000000
59479  15.714  -20.652  30.590 0.0000000000
59496  16.266  -20.673  29.564 0.0000000000
59497  15.823  -20.163  30.135 0.0000000000
59518  16.540  -20.485  28.457 0.0000000000
59541  16.612  -20.026  27.590 0.0000000000
59564  16.395  -20.292  26.369 0.0000000000
59565  15.963  -20.813  25.915 0.0000000000
59586  16.250  -19.841  25.727 0.0000000000
59587  15.596  -20.261  25.264 0.0000000000
59607  15.177  -19.744  24.585 0.0000000000
60721  4.675  -19.176  45.863 0.0000000000
60722  4.327  -19.117  46.241 0.0000000000
60723  3.733  -19.489  46.852 0.0000000000
60731  4.926  -19.021  45.428 0.0000000000
60732  4.590  -18.950  45.847 0.0000000000
60739  5.182  -19.233  44.469 0.0000000000
60745  5.025  -19.336  43.440 0.0000000000
60746  4.668  -19.892  43.160 0.0000000000
60751  4.807  -18.928  42.843 0.0000000000
60752  4.430  -19.504  42.709 0.0000000000
60753  3.955  -19.576  42.107 0.0000000000
60761  3.598  -19.593  41.258 0.0000000000
60762  3.447  -19.938  40.996 0.0000000000
60772  3.524  -19.136  40.645 0.0000000000
60773  3.487  -19.560  40.472 0.0000000000
60784  7.823  -19.510  38.792 0.0000000000
60785  7.243  -19.633  39.019 0.0000000000
60786  6.357  -19.710  39.191 0.0000000000
60787  5.492  -19.810  39.352 0.0000000000
60788  4.728  -19.932  39.515 0.0000000000
60789  4.164  -20.028  39.621 0.0000000000
60790  3.698  -19.820  39.785 0.0000000000
60802  10.101  -19.849  38.170 0.0000000000
60803  9.550  -19.485  38.185 0.0000000000
60804  8.379  -19.090  38.233 0.0000000000
60805  7.343  -19.071  38.401 0.0000000000
60806  6.495  -19.136  38.534 0.0000000000
60807  5.634  -19.227  38.651 0.0000000000
60808  4.836  -19.323  38.777 0.0000000000
60809  4.248  -19.436  38.893 0.0000000000
60810  3.910  -19.427  39.063 0.0000000000
60823  11.015  -19.994  37.391 0.0000000000
60824  10.375  -19.370  37.349 0.0000000000
60825  9.237  -18.774  37.555 0.0000000000
60826  8.549  -18.584  37.429 0.0000000000
60842  11.432  -19.843  36.693 0.0000000000
60843  10.942  -18.922  36.006 0.0000000000
60855  12.485  -20.010  35.363 0.0000000000
60856  11.792  -19.211  35.347 0.0000000000
60857  11.195  -18.722  35.375 0.0000000000
60869  13.298  -20.237  34.334 0.0000000000
60870  12.637  -19.561  34.503 0.0000000000
60871  12.082  -19.001  34.561 0.0000000000
60879  13.393  -19.697  33.581 0.0000000000
60880  12.785  -19.120  33.713 0.0000000000
60889  14.334  -20.053  32.356 0.0000000000
60890  13.779  -19.437  32.540 0.0000000000
60899  15.221  -20.251  31.272 0.0000000000
60900  14.545  -19.628  31.571 0.0000000000
60901  13.830  -18.986  31.784 0.0000000000
60918  15.343  -19.782  30.648 0.0000000000
60919  14.750  -19.223  30.822 0.0000000000
60937  16.318  -20.039  29.094 0.0000000000
60938  15.840  -19.610  29.664 0.0000000000
60956  16.281  -19.455  28.602 0.0000000000
60957  15.822  -19.035  29.156 0.0000000000
60979  16.423  -19.303  27.831 0.0000000000
61001  16.512  -19.372  27.060 0.0000000000
61022  16.450  -19.338  26.165 0.0000000000
61023  16.163  -19.277  25.368 0.0000000000
61042  15.522  -19.000  24.509 0.0000000000
61064  15.270  -18.536  23.979 0.0000000000
61065  14.892  -18.799  23.817 0.0000000000
62139  4.747  -18.245  45.431 0.0000000000
62140  4.442  -18.478  45.843 0.0000000000
62154  5.109  -18.351  44.893 0.0000000000
62168  5.325  -18.246  43.986 0.0000000000
62180  5.103  -18.356  43.039 0.0000000000
62181  4.635  -18.455  42.248 0.0000000000
62182  4.187  -19.017  42.155 0.0000000000
62194  4.443  -18.005  41.668 0.0000000000
62195  4.018  -18.548  41.489 0.0000000000
62200  3.630  -18.643  40.706 0.0000000000
62201  3.430  -18.710  40.197 0.0000000000
62205  3.397  -18.851  39.563 0.0000000000
62213  7.409  -18.605  37.731 0.0000000000
62214  6.620  -18.629  37.825 0.0000000000
62215  5.793  -18.696  37.953 0.0000000000
62216  4.990  -18.752  38.087 0.0000000000
62217  4.298  -18.973  38.158 0.0000000000
62218  3.866  -19.064  38.396 0.0000000000
62219  3.578  -18.930  38.761 0.0000000000
62229  9.486  -18.486  36.755 0.0000000000
62230  8.681  -18.334  36.762 0.0000000000
62231  7.835  -18.318  37.009 0.0000000000
62232  6.799  -18.201  37.027 0.0000000000
62233  5.945  -18.308  37.229 0.0000000000
62234  5.208  -18.346  37.441 0.0000000000
62235  4.457  -18.352  37.466 0.0000000000
62236  3.875  -18.630  37.835 0.0000000000
62237  3.700  -18.734  38.198 0.0000000000
62252  9.981  -18.383  35.987 0.0000000000
62253  8.935  -18.062  35.869 0.0000000000
62254  8.030  -17.973  35.942 0.0000000000
62255  7.046  -17.796  35.957 0.0000000000
62256  6.128  -17.903  36.568 0.0000000000
62257  5.364  -18.021  36.961 0.0000000000
62258  4.906  -18.122  37.195 0.0000000000
62273  11.308  -18.628  35.011 0.0000000000
62274  10.632  -18.329  35.011 0.0000000000
62275  9.299  -17.735  34.754 0.0000000000
62276  8.267  -17.767  35.129 0.0000000000
62277  7.620  -17.712  35.288 0.0000000000
62295  12.285  -18.915  34.056 0.0000000000
62296  11.494  -18.483  34.220 0.0000000000
62297  10.241  -17.663  33.764 0.0000000000
62298  9.448  -17.466  33.948 0.0000000000
62311  13.170  -19.009  33.126 0.0000000000
62312  12.350  -18.539  33.184 0.0000000000
62313  11.278  -17.740  32.834 0.0000000000
62314  10.528  -17.432  33.017 0.0000000000
62325  13.165  -18.664  32.333 0.0000000000
62326  12.309  -17.899  31.991 0.0000000000
62327  11.628  -17.578  32.125 0.0000000000
62336  14.220  -18.931  31.189 0.0000000000
62337  13.424  -18.304  31.265 0.0000000000
62338  12.730  -17.766  31.304 0.0000000000
62347  15.162  -19.179  30.257 0.0000000000
62348  14.448  -18.623  30.420 0.0000000000
62349  13.719  -17.897  30.285 0.0000000000
62356  15.293  -18.781  29.632 0.0000000000
62357  14.589  -18.038  29.499 0.0000000000
62358  13.851  -17.525  29.624 0.0000000000
62365  16.191  -18.961  28.200 0.0000000000
62366  15.638  -18.440  28.617 0.0000000000
62367  14.841  -17.699  28.758 0.0000000000
62377  16.218  -18.736  27.700 0.0000000000
62378  15.808  -18.012  27.609 0.0000000000
62390  16.292  -18.527  26.804 0.0000000000
62391  15.880  -17.795  26.876 0.0000000000
62403  16.341  -18.581  25.893 0.0000000000
62404  16.094  -18.399  25.153 0.0000000000
62416  15.791  -18.087  24.602 0.0000000000
62427  15.492  -18.128  24.079 0.0000000000
62428  15.073  -18.125  23.637 0.0000000000
63577  4.862  -17.867  45.230 0.0000000000
63594  5.075  -17.420  44.792 0.0000000000
63611  5.325  -17.349  43.981 0.0000000000
63626  5.277  -17.526  43.325 0.0000000000
63627  5.095  -17.561  42.558 0.0000000000
63642  4.747  -17.467  41.854 0.0000000000
63643  4.329  -17.465  41.255 0.0000000000
63653  3.792  -17.609  40.484 0.0000000000
63654  3.518  -18.203  40.243 0.0000000000
63659  3.545  -17.153  39.845 0.0000000000
63660  3.386  -17.841  39.625 0.0000000000
63665  3.346  -18.145  38.753 0.0000000000
63669  4.252  -17.980  37.170 0.0000000000
63670  3.887  -18.010  37.382 0.0000000000
63671  3.538  -18.271  38.013 0.0000000000
63679  6.811  -17.541  35.514 0.0000000000
63680  6.380  -17.462  35.992 0.0000000000
63681  5.495  -17.605  36.623 0.0000000000
63682  4.688  -17.830  37.011 0.0000000000
63683  4.168  -17.709  37.073 0.0000000000
63694  8.383  -17.535  34.609 0.0000000000
63695  7.787  -17.562  34.829 0.0000000000
63696  7.207  -17.457  35.170 0.0000000000
63697  6.857  -17.367  35.472 0.0000000000
63712  9.591  -17.329  33.641 0.0000000000
63713  8.910  -17.276  34.052 0.0000000000
63714  8.068  -17.316  34.621 0.0000000000
63715  7.650  -17.337  34.805 0.0000000000
63732  10.702  -17.297  32.626 0.0000000000
63733  10.074  -17.131  33.057 0.0000000000
63734  9.545  -17.185  33.583 0.0000000000
63751  11.816  -17.463  31.795 0.0000000000
63752  11.231  -17.225  31.923 0.0000000000
63753  10.603  -17.000  32.396 0.0000000000
63767  13.030  -17.660  30.832 0.0000000000
63768  12.210  -17.231  31.148 0.0000000000
63769  11.585  -16.919  31.471 0.0000000000
63780  13.064  -17.222  30.116 0.0000000000
63781  12.548  -16.935  30.464 0.0000000000
63788  14.270  -17.459  29.083 0.0000000000
63789  13.692  -17.036  29.172 0.0000000000
63796  15.205  -17.651  28.155 0.0000000000
63797  14.381  -17.093  28.333 0.0000000000
63798  13.931  -16.745  28.756 0.0000000000
63807  15.210  -17.189  27.379 0.0000000000
63808  14.661  -16.779  27.751 0.0000000000
63819  16.142  -18.017  26.311 0.0000000000
63820  15.737  -17.330  26.272 0.0000000000
63831  16.120  -17.937  25.746 0.0000000000
63832  15.837  -17.446  25.207 0.0000000000
63844  15.604  -17.363  24.319 0.0000000000
63856  15.325  -17.495  23.737 0.0000000000
63857  14.761  -17.334  23.198 0.0000000000
64896  5.205  -16.737  44.225 0.0000000000
64911  5.284  -16.836  43.570 0.0000000000
64930  5.253  -16.803  42.973 0.0000000000
64931  5.068  -16.671  42.251 0.0000000000
64949  4.627  -16.582  41.539 0.0000000000
64950  4.151  -16.509  40.870 0.0000000000
64963  3.658  -16.459  40.129 0.0000000000
64969  3.433  -16.718  39.266 0.0000000000
64970  3.304  -17.392  38.759 0.0000000000
64976  3.471  -16.794  38.292 0.0000000000
64977  3.389  -17.560  38.049 0.0000000000
64982  7.447  -16.309  36.621 0.0000000000
64983  6.911  -16.455  36.598 0.0000000000
64984  5.975  -16.538  36.693 0.0000000000
64985  5.032  -16.741  37.015 0.0000000000
64986  3.912  -17.096  37.274 0.0000000000
64987  3.613  -17.741  37.626 0.0000000000
64994  8.277  -16.414  35.780 0.0000000000
64995  7.643  -16.534  35.941 0.0000000000
64996  6.600  -16.924  35.733 0.0000000000
64997  5.640  -17.101  36.368 0.0000000000
64998  4.825  -17.335  36.850 0.0000000000
64999  4.357  -17.512  36.991 0.0000000000
65007  9.016  -16.498  34.758 0.0000000000
65008  8.390  -16.616  35.105 0.0000000000
65009  7.421  -17.024  34.948 0.0000000000
65010  6.985  -17.228  35.264 0.0000000000
65019  8.887  -16.758  34.331 0.0000000000
65020  8.159  -17.052  34.515 0.0000000000
65021  7.779  -17.191  34.670 0.0000000000
65032  10.184  -16.686  33.139 0.0000000000
65033  9.646  -16.742  33.638 0.0000000000
65047  10.948  -16.663  32.172 0.0000000000
65048  10.592  -16.559  32.707 0.0000000000
65064  11.866  -16.544  31.326 0.0000000000
65065  11.358  -16.581  31.766 0.0000000000
65083  12.803  -16.695  30.180 0.0000000000
65084  12.476  -16.463  30.689 0.0000000000
65100  13.264  -16.484  29.690 0.0000000000
65101  12.937  -16.283  30.152 0.0000000000
65116  14.061  -16.404  28.553 0.0000000000
65117  13.712  -16.404  29.050 0.0000000000
65133  14.813  -16.405  27.398 0.0000000000
65134  14.421  -16.359  27.998 0.0000000000
65153  15.205  -16.501  26.687 0.0000000000
65169  15.460  -16.525  25.761 0.0000000000
65185  15.563  -16.496  24.781 0.0000000000
65203  15.365  -16.429  23.705 0.0000000000
66235  5.287  -16.258  43.739 0.0000000000
66254  5.259  -16.432  43.296 0.0000000000
66255  5.204  -15.900  43.024 0.0000000000
66270  4.931  -15.796  42.019 0.0000000000
66271  4.502  -15.647  41.381 0.0000000000
66284  4.128  -15.330  40.639 0.0000000000
66294  3.707  -15.614  39.655 0.0000000000
66304  8.675  -15.371  38.157 0.0000000000
66305  7.850  -15.440  38.167 0.0000000000
66306  6.988  -15.506  38.195 0.0000000000
66307  6.068  -15.549  38.230 0.0000000000
66308  5.152  -15.653  38.362 0.0000000000
66309  4.303  -15.697  38.491 0.0000000000
66310  3.682  -15.971  38.760 0.0000000000
66316  9.832  -15.544  37.143 0.0000000000
66317  8.995  -15.784  37.281 0.0000000000
66318  8.197  -15.862  37.349 0.0000000000
66319  7.392  -16.010  37.302 0.0000000000
66320  6.465  -16.027  37.401 0.0000000000
66321  5.520  -16.126  37.539 0.0000000000
66322  4.590  -16.265  37.749 0.0000000000
66323  3.886  -16.296  38.024 0.0000000000
66328  10.887  -15.469  35.991 0.0000000000
66329  10.023  -15.753  36.156 0.0000000000
66330  9.223  -16.010  36.356 0.0000000000
66331  8.416  -16.187  36.448 0.0000000000
66332  7.827  -16.192  36.720 0.0000000000
66341  10.992  -15.551  34.994 0.0000000000
66342  10.185  -15.911  35.175 0.0000000000
66343  9.299  -16.235  35.360 0.0000000000
66344  8.717  -16.311  35.785 0.0000000000
66353  11.052  -15.546  34.056 0.0000000000
66354  10.338  -15.931  34.258 0.0000000000
66355  9.595  -16.348  34.436 0.0000000000
66364  11.225  -15.555  33.310 0.0000000000
66365  10.513  -16.147  33.296 0.0000000000
66366  9.999  -16.312  33.874 0.0000000000
66376  12.098  -15.426  32.045 0.0000000000
66377  11.324  -15.904  32.385 0.0000000000
66378  10.761  -16.206  32.755 0.0000000000
66389  12.217  -15.788  31.404 0.0000000000
66390  11.649  -16.209  31.692 0.0000000000
66402  13.646  -15.329  30.134 0.0000000000
66403  13.109  -15.695  30.431 0.0000000000
66415  14.397  -15.253  29.085 0.0000000000
66416  13.787  -15.662  29.518 0.0000000000
66417  13.220  -16.023  29.908 0.0000000000
66428  14.329  -15.711  28.520 0.0000000000
66429  13.877  -16.026  28.848 0.0000000000
66441  15.023  -15.792  27.088 0.0000000000
66442  14.751  -15.706  27.717 0.0000000000
66458  15.301  -15.656  26.377 0.0000000000
66476  15.476  -15.613  25.380 0.0000000000
66495  15.480  -15.555  24.444 0.0000000000
66515  15.338  -15.364  23.784 0.0000000000
67678  4.828  -14.936  42.585 0.0000000000
67679  4.518  -14.092  42.631 0.0000000000
67690  4.729  -15.203  41.856 0.0000000000
67691  4.519  -14.511  41.677 0.0000000000
67704  4.358  -14.204  40.919 0.0000000000
67715  6.924  -14.188  39.289 0.0000000000
67716  6.163  -14.230  39.381 0.0000000000
67717  5.343  -14.269  39.487 0.0000000000
67718  4.653  -14.317  39.676 0.0000000000
67719  4.204  -14.454  40.133 0.0000000000
67729  10.687  -14.065  38.365 0.0000000000
67730  9.963  -14.272  38.626 0.0000000000
67731  9.087  -14.509  38.741 0.0000000000
67732  8.286  -14.724  38.760 0.0000000000
67733  7.492  -14.690  38.895 0.0000000000
67734  6.567  -14.885  38.867 0.0000000000
67735  5.686  -14.966  38.940 0.0000000000
67736  4.835  -15.036  39.071 0.0000000000
67737  4.084  -15.091  39.215 0.0000000000
67747  11.892  -14.042  37.330 0.0000000000
67748  11.244  -14.351  37.744 0.0000000000
67749  10.395  -14.893  37.923 0.0000000000
67750  9.554  -15.229  38.116 0.0000000000
67759  12.345  -14.211  36.595 0.0000000000
67760  11.541  -14.838  36.794 0.0000000000
67761  10.704  -15.243  36.993 0.0000000000
67769  13.095  -14.152  35.241 0.0000000000
67770  12.457  -14.620  35.536 0.0000000000
67771  11.738  -15.105  35.810 0.0000000000
67779  13.171  -14.351  34.310 0.0000000000
67780  12.473  -14.774  34.569 0.0000000000
67781  11.774  -15.200  34.802 0.0000000000
67791  13.133  -14.440  33.347 0.0000000000
67792  12.436  -14.850  33.639 0.0000000000
67793  11.787  -15.226  33.901 0.0000000000
67802  13.166  -14.455  32.425 0.0000000000
67803  12.324  -15.016  32.657 0.0000000000
67804  11.766  -15.251  33.143 0.0000000000
67815  13.356  -14.513  31.550 0.0000000000
67816  12.605  -14.987  31.814 0.0000000000
67827  14.347  -14.067  30.607 0.0000000000
67828  13.720  -14.779  30.585 0.0000000000
67829  12.987  -15.156  31.145 0.0000000000
67843  15.256  -13.916  29.353 0.0000000000
67844  14.584  -14.531  29.685 0.0000000000
67845  13.955  -15.106  29.997 0.0000000000
67858  15.325  -14.278  28.753 0.0000000000
67859  14.828  -14.986  28.591 0.0000000000
67872  16.168  -13.907  27.074 0.0000000000
67873  15.513  -14.749  27.473 0.0000000000
67874  14.854  -15.305  28.073 0.0000000000
67887  16.167  -14.083  26.407 0.0000000000
67888  15.714  -14.832  26.027 0.0000000000
67899  16.016  -14.129  25.584 0.0000000000
67900  15.701  -14.636  24.947 0.0000000000
67913  15.457  -14.775  24.165 0.0000000000
69135  4.298  -13.386  42.342 0.0000000000
69136  4.192  -13.016  42.015 0.0000000000
69146  4.341  -13.532  41.505 0.0000000000
69147  4.274  -12.900  41.445 0.0000000000
69161  4.418  -13.303  40.847 0.0000000000
69162  4.367  -12.711  41.157 0.0000000000
69175  9.203  -12.807  39.508 0.0000000000
69176  8.707  -13.105  39.559 0.0000000000
69177  7.714  -13.629  39.487 0.0000000000
69178  6.653  -13.497  39.631 0.0000000000
69179  5.803  -13.519  39.772 0.0000000000
69180  5.079  -13.516  39.857 0.0000000000
69181  4.640  -13.550  40.233 0.0000000000
69192  11.131  -13.350  38.280 0.0000000000
69193  10.403  -13.330  38.778 0.0000000000
69194  9.475  -13.384  39.210 0.0000000000
69195  8.556  -13.933  39.195 0.0000000000
69196  8.021  -14.251  39.131 0.0000000000
69208  12.249  -13.137  37.346 0.0000000000
69209  11.650  -13.463  37.777 0.0000000000
69222  13.083  -12.882  36.294 0.0000000000
69223  12.704  -13.267  36.682 0.0000000000
69235  13.319  -13.377  35.715 0.0000000000
69236  12.936  -13.808  36.078 0.0000000000
69248  14.035  -13.108  34.420 0.0000000000
69249  13.654  -13.453  34.975 0.0000000000
69261  14.213  -13.223  33.710 0.0000000000
69262  13.743  -13.816  33.995 0.0000000000
69272  14.370  -13.265  32.850 0.0000000000
69273  13.808  -13.914  33.091 0.0000000000
69283  14.431  -13.266  31.939 0.0000000000
69284  13.872  -13.917  32.188 0.0000000000
69294  14.989  -13.060  30.574 0.0000000000
69295  14.567  -13.300  31.048 0.0000000000
69296  14.037  -13.972  31.311 0.0000000000
69310  15.243  -13.319  29.852 0.0000000000
69311  14.749  -13.664  30.359 0.0000000000
69327  16.075  -13.204  28.463 0.0000000000
69328  15.667  -13.383  28.986 0.0000000000
69343  16.277  -13.436  27.695 0.0000000000
69344  15.801  -13.834  28.286 0.0000000000
69362  16.549  -13.249  26.689 0.0000000000
70476  4.103  -12.459  41.846 0.0000000000
70491  4.772  -12.357  40.710 0.0000000000
70492  4.542  -12.421  40.971 0.0000000000
70493  4.243  -12.336  41.463 0.0000000000
70506  9.036  -12.278  39.675 0.0000000000
70507  8.147  -12.588  39.862 0.0000000000
70508  7.167  -12.758  39.907 0.0000000000
70509  6.248  -12.824  40.025 0.0000000000
70510  5.492  -12.868  40.134 0.0000000000
70511  4.931  -12.884  40.276 0.0000000000
70512  4.643  -12.882  40.599 0.0000000000
70522  10.847  -12.467  38.644 0.0000000000
70523  10.125  -12.523  39.172 0.0000000000
70524  9.533  -12.549  39.432 0.0000000000
70535  12.158  -12.158  37.464 0.0000000000
70536  11.599  -12.509  37.987 0.0000000000
70547  13.015  -12.107  36.297 0.0000000000
70548  12.629  -12.309  36.845 0.0000000000
70560  13.405  -12.460  35.698 0.0000000000
70574  14.181  -12.436  34.212 0.0000000000
70575  13.787  -12.406  34.899 0.0000000000
70587  14.479  -12.458  33.479 0.0000000000
70601  15.156  -12.023  32.068 0.0000000000
70602  14.787  -12.402  32.592 0.0000000000
70613  15.241  -12.088  31.416 0.0000000000
70614  14.859  -12.631  31.680 0.0000000000
70625  15.385  -12.307  30.544 0.0000000000
70626  14.998  -12.678  31.048 0.0000000000
70638  16.299  -12.121  28.895 0.0000000000
70639  15.959  -12.274  29.369 0.0000000000
70653  16.394  -12.416  28.424 0.0000000000
70654  16.037  -12.829  28.822 0.0000000000
70670  16.804  -12.351  27.266 0.0000000000
71753  8.059  -11.171  40.481 0.0000000000
71754  7.169  -11.430  40.667 0.0000000000
71755  6.278  -11.586  40.720 0.0000000000
71756  5.520  -11.711  40.786 0.0000000000
71757  4.957  -11.804  40.918 0.0000000000
71758  4.613  -11.887  41.153 0.0000000000
71759  4.303  -11.969  41.471 0.0000000000
71774  9.897  -11.158  39.493 0.0000000000
71775  9.303  -11.399  39.804 0.0000000000
71776  8.545  -11.738  40.085 0.0000000000
71777  7.638  -11.985  40.234 0.0000000000
71778  6.699  -12.127  40.289 0.0000000000
71779  5.863  -12.221  40.360 0.0000000000
71780  5.211  -12.286  40.467 0.0000000000
71794  11.247  -11.621  38.479 0.0000000000
71795  10.473  -11.587  39.078 0.0000000000
71796  9.731  -11.892  39.438 0.0000000000
71810  12.320  -11.431  37.163 0.0000000000
71811  11.851  -11.505  37.830 0.0000000000
71824  13.096  -11.657  35.953 0.0000000000
71825  12.702  -11.363  36.437 0.0000000000
71834  13.336  -11.467  35.300 0.0000000000
71835  12.886  -11.064  35.801 0.0000000000
71846  14.273  -11.824  33.938 0.0000000000
71847  13.829  -11.566  34.499 0.0000000000
71858  14.558  -11.496  33.331 0.0000000000
71859  14.115  -11.202  33.936 0.0000000000
71874  14.934  -11.418  32.549 0.0000000000
73098  11.182  -10.357  39.030 0.0000000000
73099  10.467  -10.528  39.403 0.0000000000
73100  9.630  -10.467  39.964 0.0000000000
73101  8.887  -10.905  40.268 0.0000000000
73115  11.634  -10.659  38.358 0.0000000000
73116  11.008  -10.969  38.893 0.0000000000
73132  12.453  -10.610  36.849 0.0000000000
73133  12.158  -10.661  37.551 0.0000000000
73150  12.634  -10.428  36.075 0.0000000000
73166  13.373  -10.868  34.729 0.0000000000
73167  12.902  -10.404  35.214 0.0000000000
73182  13.681  -10.837  34.196 0.0000000000
74476  11.573  -9.815  38.739 0.0000000000
74494  12.235  -9.540  37.828 0.0000000000
74507  12.538  -9.564  36.615 0.0000000000
74508  12.367  -10.118  37.218 0.0000000000
