#!ascii label  , from subject colin27_FS vox2ras=TkReg
226
137462  5.335  42.795  -23.492 0.0000000000
137470  5.332  42.691  -24.333 0.0000000000
137471  5.275  43.330  -24.576 0.0000000000
137477  5.140  42.670  -25.421 0.0000000000
137478  5.052  43.245  -24.920 0.0000000000
138444  4.674  43.214  -22.707 0.0000000000
138445  4.030  43.404  -22.412 0.0000000000
138446  3.569  44.095  -22.291 0.0000000000
138454  5.467  43.315  -23.737 0.0000000000
138455  5.143  43.471  -23.150 0.0000000000
138464  5.484  43.603  -24.219 0.0000000000
138465  5.178  43.832  -24.749 0.0000000000
138474  4.989  43.786  -25.545 0.0000000000
139453  4.623  44.014  -22.756 0.0000000000
139454  4.050  44.486  -22.486 0.0000000000
139455  3.472  44.870  -22.219 0.0000000000
139463  5.403  44.055  -23.623 0.0000000000
139464  5.091  44.427  -23.107 0.0000000000
139473  5.488  44.447  -24.227 0.0000000000
139474  5.006  44.654  -24.918 0.0000000000
139484  4.868  44.895  -25.600 0.0000000000
140215  7.253  45.788  -4.490 0.0000000000
140216  6.522  45.449  -4.733 0.0000000000
140231  6.153  45.910  -5.441 0.0000000000
140378  5.113  45.395  -22.977 0.0000000000
140379  4.749  45.098  -22.778 0.0000000000
140380  3.714  45.517  -22.264 0.0000000000
140390  5.278  45.107  -23.379 0.0000000000
140391  5.112  44.860  -23.047 0.0000000000
140399  5.379  45.438  -24.318 0.0000000000
140400  4.808  45.586  -25.033 0.0000000000
141039  7.661  46.358  -4.521 0.0000000000
141040  7.114  46.001  -4.837 0.0000000000
141046  7.615  46.757  -5.175 0.0000000000
141047  6.838  46.438  -5.546 0.0000000000
141048  5.719  46.197  -5.904 0.0000000000
141057  6.554  46.934  -6.262 0.0000000000
141058  5.982  46.688  -6.389 0.0000000000
141208  5.083  46.037  -22.896 0.0000000000
141209  4.327  46.100  -22.470 0.0000000000
141210  3.806  46.188  -22.215 0.0000000000
141219  5.448  46.322  -23.591 0.0000000000
141231  5.202  46.568  -24.559 0.0000000000
141232  4.743  46.257  -25.230 0.0000000000
141856  7.991  47.314  -4.939 0.0000000000
141857  7.538  47.073  -5.564 0.0000000000
141862  7.824  47.613  -5.757 0.0000000000
141863  7.148  47.347  -6.320 0.0000000000
141864  6.262  47.227  -6.766 0.0000000000
141865  5.401  47.127  -6.986 0.0000000000
141874  6.668  47.647  -7.070 0.0000000000
141875  5.910  47.593  -7.568 0.0000000000
141876  5.007  47.344  -7.788 0.0000000000
142033  4.261  47.603  -21.917 0.0000000000
142034  3.581  47.356  -21.743 0.0000000000
142046  5.484  47.382  -22.814 0.0000000000
142047  4.682  46.975  -22.430 0.0000000000
142048  3.982  46.763  -22.111 0.0000000000
142060  5.608  47.523  -23.699 0.0000000000
142076  5.284  47.893  -24.521 0.0000000000
142077  5.259  48.483  -24.503 0.0000000000
142733  8.193  48.621  -5.764 0.0000000000
142734  8.093  48.395  -5.419 0.0000000000
142746  8.248  48.625  -6.058 0.0000000000
142747  7.886  48.122  -6.385 0.0000000000
142748  7.262  47.958  -6.959 0.0000000000
142752  8.197  48.733  -6.653 0.0000000000
142753  7.748  48.560  -7.288 0.0000000000
142754  6.763  48.192  -7.658 0.0000000000
142755  5.995  48.149  -8.130 0.0000000000
142756  5.318  47.893  -8.284 0.0000000000
142757  4.698  47.639  -8.475 0.0000000000
142766  7.327  48.844  -8.109 0.0000000000
142767  6.493  48.586  -8.455 0.0000000000
142768  5.703  48.380  -8.748 0.0000000000
142769  4.868  48.250  -9.005 0.0000000000
142944  3.429  48.771  -21.121 0.0000000000
142961  5.189  48.680  -21.876 0.0000000000
142962  4.515  48.421  -21.661 0.0000000000
142963  3.802  48.206  -21.522 0.0000000000
142975  5.454  48.368  -22.403 0.0000000000
142976  4.967  47.907  -22.177 0.0000000000
142988  5.905  48.828  -22.912 0.0000000000
142989  5.668  49.660  -23.301 0.0000000000
143001  5.604  48.300  -23.808 0.0000000000
143002  5.289  49.004  -23.952 0.0000000000
143701  8.211  48.876  -5.762 0.0000000000
143719  8.256  49.258  -6.247 0.0000000000
143730  8.334  49.308  -7.165 0.0000000000
143731  7.959  49.158  -7.806 0.0000000000
143736  8.273  49.673  -7.883 0.0000000000
143737  7.831  49.536  -8.499 0.0000000000
143738  6.984  49.210  -8.809 0.0000000000
143739  6.141  48.990  -9.073 0.0000000000
143740  5.452  48.721  -9.308 0.0000000000
143748  7.469  49.754  -9.256 0.0000000000
143749  6.683  49.499  -9.501 0.0000000000
143750  5.793  49.323  -9.802 0.0000000000
143751  4.824  48.902  -9.745 0.0000000000
143763  5.203  49.399  -10.339 0.0000000000
143900  5.062  49.840  -21.102 0.0000000000
143901  4.345  49.652  -20.902 0.0000000000
143902  3.687  49.480  -20.766 0.0000000000
143903  3.191  49.289  -20.706 0.0000000000
143907  5.956  49.549  -21.972 0.0000000000
143908  5.423  49.375  -21.648 0.0000000000
143909  4.754  49.171  -21.420 0.0000000000
143910  4.058  48.959  -21.221 0.0000000000
143913  5.622  48.964  -22.166 0.0000000000
144612  8.251  49.890  -6.664 0.0000000000
144630  8.328  50.251  -7.412 0.0000000000
144635  8.318  50.301  -8.418 0.0000000000
144636  8.052  50.067  -9.056 0.0000000000
144643  8.257  50.677  -9.289 0.0000000000
144644  7.849  50.326  -9.665 0.0000000000
144645  7.181  50.051  -9.909 0.0000000000
144646  6.485  49.811  -10.071 0.0000000000
144657  8.235  50.814  -10.029 0.0000000000
144658  7.660  50.610  -10.448 0.0000000000
144659  6.842  50.278  -10.527 0.0000000000
144660  5.925  49.944  -10.591 0.0000000000
144661  5.035  49.827  -10.918 0.0000000000
144673  7.218  50.675  -10.986 0.0000000000
144674  6.547  50.495  -11.170 0.0000000000
144675  5.716  50.294  -11.404 0.0000000000
144676  4.870  50.175  -11.718 0.0000000000
144687  4.536  50.318  -12.244 0.0000000000
144771  4.384  50.768  -20.023 0.0000000000
144772  3.719  50.648  -19.890 0.0000000000
144782  6.140  50.767  -20.848 0.0000000000
144783  5.428  50.459  -20.702 0.0000000000
144784  4.681  50.290  -20.567 0.0000000000
144785  3.975  50.180  -20.445 0.0000000000
144786  3.414  50.007  -20.323 0.0000000000
144790  6.174  50.390  -21.622 0.0000000000
144791  5.731  50.069  -21.339 0.0000000000
145425  8.306  50.916  -7.961 0.0000000000
145441  8.320  51.172  -8.739 0.0000000000
145449  8.363  51.481  -9.783 0.0000000000
145453  8.187  51.306  -10.783 0.0000000000
145454  7.709  50.960  -11.133 0.0000000000
145458  7.869  51.423  -11.693 0.0000000000
145459  7.194  50.958  -11.641 0.0000000000
145460  6.350  50.768  -11.850 0.0000000000
145461  5.582  50.608  -12.090 0.0000000000
145462  4.997  50.509  -12.330 0.0000000000
145470  7.459  51.384  -12.231 0.0000000000
145471  6.855  51.186  -12.298 0.0000000000
145472  6.126  51.101  -12.453 0.0000000000
145473  5.371  51.002  -12.639 0.0000000000
145474  4.608  50.747  -12.755 0.0000000000
145483  6.633  51.394  -12.853 0.0000000000
145484  5.975  51.376  -13.134 0.0000000000
145485  5.133  51.197  -13.339 0.0000000000
145486  4.386  51.099  -13.535 0.0000000000
145494  4.158  51.217  -14.054 0.0000000000
145524  6.706  52.066  -18.918 0.0000000000
145525  6.375  51.947  -18.888 0.0000000000
145526  5.570  51.828  -18.852 0.0000000000
145527  4.684  51.688  -18.755 0.0000000000
145528  3.989  51.513  -18.617 0.0000000000
145539  7.060  52.103  -19.408 0.0000000000
145540  6.823  51.968  -19.267 0.0000000000
145541  6.041  51.609  -19.489 0.0000000000
145542  5.052  51.318  -19.578 0.0000000000
145543  4.151  51.235  -19.393 0.0000000000
145544  3.570  51.065  -19.287 0.0000000000
145550  7.015  52.021  -19.671 0.0000000000
145551  6.544  51.657  -20.168 0.0000000000
145552  5.731  51.101  -20.184 0.0000000000
145553  5.046  50.789  -20.214 0.0000000000
145558  6.524  51.248  -21.158 0.0000000000
145563  6.357  50.815  -22.042 0.0000000000
146192  8.429  51.978  -10.647 0.0000000000
146200  8.403  52.072  -11.623 0.0000000000
146206  7.940  51.853  -12.758 0.0000000000
146207  7.203  51.503  -12.762 0.0000000000
146213  7.811  52.284  -14.011 0.0000000000
146214  6.884  51.708  -13.653 0.0000000000
146215  5.691  51.539  -13.945 0.0000000000
146216  4.835  51.347  -14.057 0.0000000000
146217  4.403  51.260  -14.074 0.0000000000
146226  7.835  52.616  -15.007 0.0000000000
146227  7.102  52.239  -14.811 0.0000000000
146228  6.104  52.003  -14.712 0.0000000000
146229  5.156  51.697  -14.754 0.0000000000
146230  4.342  51.419  -14.661 0.0000000000
146240  7.898  52.824  -15.816 0.0000000000
146241  7.293  52.532  -15.783 0.0000000000
146242  6.399  52.277  -15.671 0.0000000000
146243  5.446  52.075  -15.593 0.0000000000
146244  4.611  51.885  -15.530 0.0000000000
146245  4.030  51.689  -15.526 0.0000000000
146253  7.998  52.992  -16.240 0.0000000000
146254  7.581  52.760  -16.743 0.0000000000
146255  6.644  52.441  -16.621 0.0000000000
146256  5.690  52.271  -16.493 0.0000000000
146257  4.824  52.151  -16.388 0.0000000000
146258  4.160  52.029  -16.301 0.0000000000
146269  7.427  52.718  -17.917 0.0000000000
146270  6.787  52.447  -17.603 0.0000000000
146271  5.905  52.304  -17.403 0.0000000000
146272  5.004  52.285  -17.255 0.0000000000
146273  4.275  52.107  -17.128 0.0000000000
146283  7.295  52.638  -18.731 0.0000000000
146284  6.848  52.288  -18.591 0.0000000000
146285  6.124  52.188  -18.257 0.0000000000
146286  5.236  52.136  -18.110 0.0000000000
146287  4.428  52.005  -17.970 0.0000000000
146288  3.896  51.746  -17.779 0.0000000000
146296  7.146  52.392  -19.349 0.0000000000
146297  7.084  52.288  -18.993 0.0000000000
146300  7.072  52.333  -19.988 0.0000000000
146301  6.761  52.162  -20.689 0.0000000000
146989  8.185  52.566  -12.306 0.0000000000
147003  8.230  52.734  -13.327 0.0000000000
147008  8.236  52.959  -14.335 0.0000000000
147015  8.169  53.128  -15.202 0.0000000000
147020  8.060  53.188  -15.851 0.0000000000
147021  7.823  53.494  -16.402 0.0000000000
147029  7.714  53.375  -17.414 0.0000000000
147034  7.584  53.248  -18.363 0.0000000000
147040  7.463  53.015  -19.083 0.0000000000
147045  7.215  52.873  -19.630 0.0000000000
165581  6.162  49.912  -22.248 0.0000000000
165582  6.045  50.068  -22.736 0.0000000000
