#!ascii label  , from subject colin27_FS vox2ras=TkReg
699
42314  5.585  -34.762  -0.427 0.0000000000
42330  5.616  -34.609  -1.398 0.0000000000
42346  6.265  -34.475  -2.470 0.0000000000
42347  5.831  -34.557  -2.217 0.0000000000
43676  7.835  -33.077  1.580 0.0000000000
43677  7.081  -33.536  1.322 0.0000000000
43678  6.053  -34.143  1.009 0.0000000000
43696  6.841  -33.106  0.556 0.0000000000
43697  6.295  -33.391  0.260 0.0000000000
43698  5.765  -34.228  0.256 0.0000000000
43717  6.141  -33.165  -0.357 0.0000000000
43718  5.800  -33.647  -0.724 0.0000000000
43735  7.072  -33.883  -2.591 0.0000000000
43736  5.734  -33.880  -1.749 0.0000000000
43749  6.590  -33.747  -2.640 0.0000000000
43750  6.083  -33.832  -2.489 0.0000000000
43751  5.839  -33.921  -2.226 0.0000000000
44909  8.809  -32.367  2.266 0.0000000000
44910  8.375  -32.630  1.797 0.0000000000
44932  7.829  -32.626  1.068 0.0000000000
44933  7.214  -32.865  0.664 0.0000000000
44951  7.442  -32.356  0.484 0.0000000000
44952  6.755  -32.582  0.031 0.0000000000
44953  6.347  -32.962  -0.208 0.0000000000
44971  6.552  -32.370  -0.418 0.0000000000
44972  6.191  -32.707  -0.761 0.0000000000
44973  5.888  -33.158  -0.959 0.0000000000
44982  8.626  -32.284  -1.644 0.0000000000
44983  7.906  -32.772  -2.002 0.0000000000
44984  7.326  -33.339  -2.483 0.0000000000
44985  6.056  -32.605  -1.795 0.0000000000
44986  5.860  -33.204  -1.384 0.0000000000
44991  7.554  -32.349  -2.848 0.0000000000
44992  7.105  -32.835  -3.145 0.0000000000
44993  6.401  -32.799  -2.635 0.0000000000
44994  5.912  -33.370  -2.134 0.0000000000
44999  6.936  -32.126  -3.462 0.0000000000
45000  6.745  -32.222  -3.214 0.0000000000
45077  11.501  -32.833  -8.847 0.0000000000
45078  10.905  -32.700  -9.247 0.0000000000
45092  10.850  -32.312  -9.393 0.0000000000
45093  10.698  -32.203  -9.298 0.0000000000
46042  9.106  -31.652  2.207 0.0000000000
46043  8.751  -32.105  1.883 0.0000000000
46062  8.891  -31.310  1.556 0.0000000000
46063  8.527  -31.775  1.311 0.0000000000
46080  7.942  -31.891  0.621 0.0000000000
46081  7.434  -31.810  0.078 0.0000000000
46099  6.770  -31.883  -0.538 0.0000000000
46100  6.375  -31.834  -1.367 0.0000000000
46107  10.789  -30.941  -1.308 0.0000000000
46108  10.244  -31.214  -1.316 0.0000000000
46109  9.187  -31.636  -1.707 0.0000000000
46110  8.423  -32.075  -2.040 0.0000000000
46111  6.296  -31.901  -2.191 0.0000000000
46116  8.752  -31.192  -2.483 0.0000000000
46117  8.049  -31.680  -2.837 0.0000000000
46118  7.411  -32.161  -3.173 0.0000000000
46119  6.483  -31.742  -2.935 0.0000000000
46124  7.673  -31.266  -3.602 0.0000000000
46125  7.232  -31.754  -3.623 0.0000000000
46126  6.787  -31.598  -3.472 0.0000000000
46182  12.065  -32.112  -8.667 0.0000000000
46183  11.419  -32.039  -9.266 0.0000000000
46184  10.344  -31.842  -8.990 0.0000000000
46191  10.862  -31.868  -9.556 0.0000000000
46192  10.470  -31.351  -9.543 0.0000000000
47065  5.174  -30.308  8.080 0.0000000000
47073  5.609  -30.170  7.202 0.0000000000
47074  5.226  -30.013  7.431 0.0000000000
47080  6.116  -30.110  6.613 0.0000000000
47081  5.733  -30.046  6.776 0.0000000000
47088  6.660  -30.095  6.343 0.0000000000
47104  9.393  -30.725  2.806 0.0000000000
47117  9.037  -30.686  1.576 0.0000000000
47118  8.734  -31.150  1.164 0.0000000000
47131  8.925  -30.205  0.954 0.0000000000
47132  8.285  -30.842  0.288 0.0000000000
47133  7.395  -31.334  -0.352 0.0000000000
47147  7.886  -30.284  -0.607 0.0000000000
47148  7.060  -30.792  -1.165 0.0000000000
47149  6.478  -31.383  -1.773 0.0000000000
47152  12.341  -30.522  -2.084 0.0000000000
47153  11.354  -30.640  -1.626 0.0000000000
47154  10.338  -30.747  -1.831 0.0000000000
47155  9.774  -31.006  -1.826 0.0000000000
47156  6.744  -30.318  -2.434 0.0000000000
47157  6.471  -31.114  -2.311 0.0000000000
47161  12.518  -30.516  -3.099 0.0000000000
47162  11.412  -30.142  -2.954 0.0000000000
47163  10.482  -30.327  -2.490 0.0000000000
47164  9.337  -30.587  -2.608 0.0000000000
47165  8.547  -30.973  -2.878 0.0000000000
47166  6.561  -30.161  -2.979 0.0000000000
47167  6.596  -30.721  -3.187 0.0000000000
47172  11.965  -30.192  -3.984 0.0000000000
47173  8.933  -30.190  -3.354 0.0000000000
47174  8.241  -30.575  -3.682 0.0000000000
47175  7.377  -30.951  -4.017 0.0000000000
47176  6.854  -30.841  -3.953 0.0000000000
47183  7.929  -30.058  -4.446 0.0000000000
47184  7.476  -30.343  -4.334 0.0000000000
47185  7.118  -30.596  -4.255 0.0000000000
47206  10.873  -30.672  -7.356 0.0000000000
47215  12.537  -31.111  -7.924 0.0000000000
47217  10.628  -31.049  -8.151 0.0000000000
47224  11.842  -31.175  -8.994 0.0000000000
47225  11.309  -31.126  -9.623 0.0000000000
47226  10.079  -30.749  -9.272 0.0000000000
47227  9.762  -30.224  -9.703 0.0000000000
47234  10.702  -30.841  -9.930 0.0000000000
47235  10.031  -30.448  -10.076 0.0000000000
47236  9.662  -30.042  -9.978 0.0000000000
47242  9.912  -29.946  -10.231 0.0000000000
47243  9.651  -29.937  -10.219 0.0000000000
48060  5.210  -29.253  10.374 0.0000000000
48061  4.790  -29.705  9.624 0.0000000000
48065  4.788  -29.680  8.530 0.0000000000
48068  5.318  -29.914  7.125 0.0000000000
48069  5.062  -29.554  7.390 0.0000000000
48072  6.027  -29.935  6.316 0.0000000000
48073  5.586  -29.830  6.534 0.0000000000
48074  5.026  -29.151  6.335 0.0000000000
48080  6.494  -29.796  5.843 0.0000000000
48081  5.503  -29.306  5.476 0.0000000000
48082  5.001  -28.761  5.624 0.0000000000
48089  7.476  -29.427  4.836 0.0000000000
48090  6.373  -29.244  4.846 0.0000000000
48091  5.722  -28.898  4.677 0.0000000000
48097  8.461  -29.445  4.046 0.0000000000
48098  7.660  -29.031  4.048 0.0000000000
48103  9.209  -29.938  3.418 0.0000000000
48104  8.745  -29.195  3.001 0.0000000000
48115  9.176  -29.843  2.347 0.0000000000
48116  8.817  -28.957  1.906 0.0000000000
48130  9.047  -29.807  1.481 0.0000000000
48131  8.817  -29.443  0.696 0.0000000000
48143  8.325  -29.595  -0.426 0.0000000000
48144  7.796  -29.928  -1.090 0.0000000000
48149  8.023  -29.296  -1.206 0.0000000000
48150  7.452  -29.628  -1.914 0.0000000000
48153  10.860  -29.792  -3.455 0.0000000000
48154  10.435  -29.910  -3.157 0.0000000000
48155  9.941  -30.128  -2.915 0.0000000000
48156  6.797  -29.568  -2.971 0.0000000000
48157  6.601  -30.078  -3.255 0.0000000000
48161  11.178  -29.684  -3.972 0.0000000000
48162  10.383  -29.512  -3.815 0.0000000000
48163  9.487  -29.804  -3.512 0.0000000000
48164  8.768  -29.978  -3.750 0.0000000000
48165  6.765  -29.254  -3.508 0.0000000000
48166  6.724  -29.804  -3.755 0.0000000000
48169  11.536  -29.949  -5.109 0.0000000000
48170  10.571  -29.283  -4.793 0.0000000000
48171  9.718  -29.229  -4.381 0.0000000000
48172  8.534  -29.465  -4.514 0.0000000000
48173  7.515  -29.483  -4.741 0.0000000000
48174  7.014  -30.047  -4.358 0.0000000000
48182  11.263  -30.310  -6.371 0.0000000000
48183  10.849  -29.484  -5.867 0.0000000000
48184  8.133  -29.007  -5.166 0.0000000000
48185  7.882  -29.211  -5.049 0.0000000000
48193  12.685  -30.089  -7.221 0.0000000000
48194  11.020  -30.512  -6.997 0.0000000000
48195  10.677  -29.921  -7.150 0.0000000000
48203  11.849  -29.973  -8.529 0.0000000000
48204  11.377  -29.313  -9.070 0.0000000000
48205  9.922  -29.807  -8.509 0.0000000000
48206  9.511  -29.213  -8.826 0.0000000000
48213  11.554  -30.580  -9.284 0.0000000000
48214  11.179  -29.988  -9.668 0.0000000000
48215  9.745  -30.166  -9.325 0.0000000000
48216  9.601  -29.620  -9.445 0.0000000000
48222  10.441  -29.932  -10.061 0.0000000000
48223  10.032  -29.768  -10.254 0.0000000000
48224  9.696  -29.630  -9.954 0.0000000000
48231  9.792  -29.718  -10.209 0.0000000000
48232  9.721  -29.733  -10.140 0.0000000000
49066  5.689  -28.497  10.723 0.0000000000
49072  5.275  -28.634  9.442 0.0000000000
49073  4.834  -29.182  8.929 0.0000000000
49080  5.284  -28.206  8.699 0.0000000000
49081  4.918  -28.708  8.189 0.0000000000
49089  4.972  -28.664  7.020 0.0000000000
49096  4.915  -28.401  6.142 0.0000000000
49101  5.167  -28.610  4.927 0.0000000000
49102  4.871  -28.132  5.341 0.0000000000
49107  7.011  -28.949  4.313 0.0000000000
49108  6.333  -28.698  4.181 0.0000000000
49109  5.562  -28.328  4.136 0.0000000000
49110  5.007  -27.889  4.520 0.0000000000
49116  8.088  -28.882  3.499 0.0000000000
49117  7.235  -28.485  3.573 0.0000000000
49118  6.262  -28.238  3.540 0.0000000000
49119  5.681  -27.886  3.493 0.0000000000
49125  8.120  -28.472  2.763 0.0000000000
49126  7.404  -28.097  2.835 0.0000000000
49136  8.271  -28.208  1.971 0.0000000000
49151  8.431  -28.258  1.077 0.0000000000
49166  8.448  -28.623  0.054 0.0000000000
49176  8.241  -28.654  -0.802 0.0000000000
49177  7.957  -28.642  -1.667 0.0000000000
49184  7.522  -28.728  -2.596 0.0000000000
49191  7.047  -28.761  -3.342 0.0000000000
49192  6.777  -28.843  -3.893 0.0000000000
49198  10.296  -29.062  -5.042 0.0000000000
49199  10.023  -28.913  -4.986 0.0000000000
49200  9.338  -28.916  -4.969 0.0000000000
49201  7.273  -29.020  -4.965 0.0000000000
49202  6.951  -28.905  -4.650 0.0000000000
49211  10.305  -29.040  -5.424 0.0000000000
49212  9.706  -28.748  -5.620 0.0000000000
49213  8.722  -28.652  -5.532 0.0000000000
49214  7.532  -28.561  -5.439 0.0000000000
49215  6.860  -28.376  -5.228 0.0000000000
49226  12.960  -28.944  -6.482 0.0000000000
49227  10.267  -28.993  -6.347 0.0000000000
49228  9.450  -28.559  -6.597 0.0000000000
49229  8.431  -27.983  -6.705 0.0000000000
49230  7.669  -27.901  -6.234 0.0000000000
49240  12.197  -28.883  -7.367 0.0000000000
49241  11.426  -28.618  -8.325 0.0000000000
49242  9.989  -29.094  -7.361 0.0000000000
49243  9.354  -28.566  -8.030 0.0000000000
49244  8.603  -27.865  -7.913 0.0000000000
49253  10.791  -28.796  -9.332 0.0000000000
49254  10.323  -28.377  -9.530 0.0000000000
49255  9.293  -28.809  -9.035 0.0000000000
49256  8.813  -28.160  -8.713 0.0000000000
49263  10.602  -29.471  -9.809 0.0000000000
49264  10.130  -29.011  -9.926 0.0000000000
49265  9.580  -28.826  -9.500 0.0000000000
49266  9.074  -28.365  -9.187 0.0000000000
49273  10.019  -29.504  -10.220 0.0000000000
49274  9.856  -29.484  -10.078 0.0000000000
50191  6.111  -27.588  11.231 0.0000000000
50199  5.931  -27.675  10.105 0.0000000000
50206  5.683  -27.710  9.083 0.0000000000
50213  5.378  -27.773  8.121 0.0000000000
50214  5.051  -28.132  7.427 0.0000000000
50222  5.360  -27.625  7.123 0.0000000000
50223  4.992  -27.981  6.682 0.0000000000
50232  5.164  -27.498  6.458 0.0000000000
50233  4.945  -27.653  5.904 0.0000000000
50242  4.796  -27.368  4.998 0.0000000000
50248  5.260  -27.699  3.833 0.0000000000
50249  4.863  -27.091  3.924 0.0000000000
50253  6.824  -27.999  3.081 0.0000000000
50254  6.162  -27.754  2.934 0.0000000000
50255  5.363  -27.304  3.038 0.0000000000
50256  4.884  -26.575  2.903 0.0000000000
50261  7.745  -27.998  2.334 0.0000000000
50262  7.010  -27.626  2.376 0.0000000000
50263  6.038  -27.224  2.195 0.0000000000
50264  5.183  -26.621  2.105 0.0000000000
50265  4.781  -26.347  2.347 0.0000000000
50271  7.762  -27.718  1.688 0.0000000000
50272  6.893  -27.097  1.299 0.0000000000
50273  5.816  -26.728  1.495 0.0000000000
50274  5.301  -26.486  1.485 0.0000000000
50287  7.838  -27.537  0.952 0.0000000000
50288  7.492  -27.273  0.337 0.0000000000
50304  8.118  -27.849  0.287 0.0000000000
50305  7.831  -27.599  -0.264 0.0000000000
50318  8.188  -28.072  -0.370 0.0000000000
50319  7.928  -27.768  -1.051 0.0000000000
50328  7.785  -27.764  -2.134 0.0000000000
50336  7.444  -27.851  -3.151 0.0000000000
50337  6.982  -28.225  -3.716 0.0000000000
50345  7.098  -27.642  -3.775 0.0000000000
50346  6.691  -27.975  -4.296 0.0000000000
50354  6.832  -28.002  -5.578 0.0000000000
50355  6.501  -27.862  -5.150 0.0000000000
50366  12.646  -27.923  -6.626 0.0000000000
50367  7.657  -27.610  -6.747 0.0000000000
50368  7.078  -27.695  -6.217 0.0000000000
50369  6.421  -27.464  -5.902 0.0000000000
50380  11.829  -27.774  -7.257 0.0000000000
50381  11.028  -27.541  -7.930 0.0000000000
50382  10.632  -27.093  -8.086 0.0000000000
50383  7.954  -27.500  -7.496 0.0000000000
50384  7.168  -27.193  -7.153 0.0000000000
50385  6.544  -27.177  -6.584 0.0000000000
50398  10.882  -28.129  -8.653 0.0000000000
50399  10.330  -27.605  -8.888 0.0000000000
50400  9.753  -27.132  -9.024 0.0000000000
50401  8.237  -27.517  -8.396 0.0000000000
50402  7.578  -27.072  -7.988 0.0000000000
50411  10.109  -28.156  -9.596 0.0000000000
50412  9.549  -27.715  -9.425 0.0000000000
50413  8.626  -27.594  -9.169 0.0000000000
50414  7.744  -27.102  -8.747 0.0000000000
51474  6.049  -26.676  11.975 0.0000000000
51482  6.124  -26.619  10.766 0.0000000000
51489  6.392  -26.469  9.065 0.0000000000
51490  6.178  -26.767  9.623 0.0000000000
51500  6.498  -26.684  8.323 0.0000000000
51501  6.033  -27.127  8.639 0.0000000000
51511  6.763  -26.643  6.959 0.0000000000
51512  6.455  -26.829  7.273 0.0000000000
51513  5.911  -27.229  7.650 0.0000000000
51524  6.888  -26.562  6.689 0.0000000000
51525  6.325  -26.598  6.254 0.0000000000
51526  5.573  -27.059  6.481 0.0000000000
51527  5.113  -27.269  6.121 0.0000000000
51542  5.923  -26.417  5.639 0.0000000000
51543  5.474  -26.497  5.451 0.0000000000
51544  5.002  -26.993  5.632 0.0000000000
51552  9.443  -26.210  3.712 0.0000000000
51553  9.187  -26.322  3.825 0.0000000000
51554  5.195  -26.270  4.847 0.0000000000
51555  4.937  -26.520  4.652 0.0000000000
51562  9.364  -26.155  3.423 0.0000000000
51563  9.235  -26.270  3.591 0.0000000000
51564  4.757  -26.252  3.519 0.0000000000
51571  4.704  -26.235  1.957 0.0000000000
51572  4.561  -26.030  2.457 0.0000000000
51577  6.132  -26.611  0.866 0.0000000000
51578  5.453  -26.368  0.986 0.0000000000
51579  4.896  -26.214  1.359 0.0000000000
51580  4.617  -25.850  1.572 0.0000000000
51586  6.702  -26.729  0.248 0.0000000000
51587  5.830  -26.296  0.246 0.0000000000
51588  4.995  -25.888  0.461 0.0000000000
51589  4.718  -25.824  1.045 0.0000000000
51601  7.333  -27.066  -0.508 0.0000000000
51602  6.408  -26.331  -0.803 0.0000000000
51603  5.495  -25.951  -0.293 0.0000000000
51619  7.408  -26.934  -1.525 0.0000000000
51620  6.830  -26.312  -2.074 0.0000000000
51631  7.519  -26.920  -2.610 0.0000000000
51632  7.032  -26.309  -3.096 0.0000000000
51640  7.369  -27.003  -3.526 0.0000000000
51641  6.952  -26.478  -3.994 0.0000000000
51647  6.987  -27.200  -4.123 0.0000000000
51648  6.496  -26.962  -4.763 0.0000000000
51654  6.035  -27.033  -5.586 0.0000000000
51655  5.569  -26.488  -6.013 0.0000000000
51666  5.953  -26.893  -6.368 0.0000000000
51667  5.383  -26.310  -6.808 0.0000000000
51678  12.779  -26.847  -7.011 0.0000000000
51679  11.780  -26.731  -7.350 0.0000000000
51680  11.053  -26.588  -7.703 0.0000000000
51681  7.083  -26.804  -7.689 0.0000000000
51682  6.352  -26.607  -7.378 0.0000000000
51683  5.415  -26.043  -7.790 0.0000000000
51696  10.513  -26.529  -8.163 0.0000000000
51697  9.933  -26.535  -8.626 0.0000000000
51698  7.110  -26.622  -8.298 0.0000000000
51699  6.269  -26.164  -8.545 0.0000000000
51700  5.460  -25.761  -8.524 0.0000000000
51709  9.384  -26.577  -9.145 0.0000000000
51710  8.558  -26.578  -9.523 0.0000000000
51711  7.377  -26.467  -9.324 0.0000000000
51712  6.440  -25.942  -9.293 0.0000000000
51721  7.805  -26.091  -9.843 0.0000000000
51722  7.252  -25.893  -9.872 0.0000000000
52782  4.720  -25.161  12.950 0.0000000000
52790  5.413  -25.787  12.469 0.0000000000
52791  4.939  -25.132  12.105 0.0000000000
52801  5.587  -25.575  11.459 0.0000000000
52802  4.964  -24.767  11.582 0.0000000000
52813  6.667  -25.361  9.903 0.0000000000
52814  6.211  -25.543  10.289 0.0000000000
52823  9.794  -25.059  8.953 0.0000000000
52824  9.372  -25.249  8.971 0.0000000000
52825  8.293  -25.423  8.954 0.0000000000
52826  6.969  -25.734  9.239 0.0000000000
52827  6.438  -26.134  9.557 0.0000000000
52839  9.877  -25.152  8.544 0.0000000000
52840  9.077  -25.593  8.215 0.0000000000
52841  7.877  -25.988  8.134 0.0000000000
52842  7.018  -26.446  7.952 0.0000000000
52854  10.268  -25.316  7.174 0.0000000000
52855  10.098  -25.405  7.445 0.0000000000
52856  8.611  -26.129  7.139 0.0000000000
52857  7.311  -26.404  7.227 0.0000000000
52858  6.874  -26.591  7.361 0.0000000000
52870  10.248  -25.366  6.915 0.0000000000
52871  9.689  -25.821  6.297 0.0000000000
52872  8.376  -26.267  6.099 0.0000000000
52873  7.225  -26.459  6.303 0.0000000000
52874  6.594  -26.504  6.023 0.0000000000
52892  9.695  -25.904  5.070 0.0000000000
52893  8.733  -26.313  5.262 0.0000000000
52894  7.443  -26.379  5.386 0.0000000000
52895  6.348  -26.375  5.546 0.0000000000
52896  5.765  -26.316  5.344 0.0000000000
52914  9.808  -25.918  4.125 0.0000000000
52915  8.984  -26.368  4.146 0.0000000000
52916  7.624  -26.247  4.431 0.0000000000
52917  6.450  -26.056  4.660 0.0000000000
52918  5.519  -26.090  4.840 0.0000000000
52919  5.065  -26.144  4.631 0.0000000000
52929  9.572  -25.785  3.168 0.0000000000
52930  8.859  -26.129  3.225 0.0000000000
52931  7.675  -25.917  3.445 0.0000000000
52932  6.541  -25.729  3.759 0.0000000000
52933  5.601  -25.694  3.949 0.0000000000
52934  4.954  -25.915  4.147 0.0000000000
52943  8.877  -25.786  2.146 0.0000000000
52944  7.481  -25.432  2.259 0.0000000000
52945  6.512  -25.337  2.864 0.0000000000
52946  5.680  -25.354  3.123 0.0000000000
52947  4.980  -25.575  2.985 0.0000000000
52955  9.042  -25.499  1.179 0.0000000000
52956  8.060  -25.333  1.290 0.0000000000
52957  4.745  -25.456  1.856 0.0000000000
52962  9.143  -25.300  0.340 0.0000000000
52963  8.414  -25.239  0.454 0.0000000000
52964  4.768  -25.446  0.141 0.0000000000
52965  4.699  -25.381  0.796 0.0000000000
52970  9.077  -25.185  -0.518 0.0000000000
52971  8.692  -25.234  -0.054 0.0000000000
52972  5.567  -25.806  -0.885 0.0000000000
52973  4.977  -25.529  -0.430 0.0000000000
52974  4.650  -25.151  -0.176 0.0000000000
52986  9.354  -25.123  -0.885 0.0000000000
52987  6.021  -25.997  -1.550 0.0000000000
52988  5.015  -25.551  -1.071 0.0000000000
52989  4.779  -25.206  -0.941 0.0000000000
53002  6.406  -25.714  -2.708 0.0000000000
53003  5.494  -25.280  -2.199 0.0000000000
53004  4.997  -25.279  -1.455 0.0000000000
53014  6.678  -25.834  -3.600 0.0000000000
53015  6.132  -25.253  -3.635 0.0000000000
53021  6.476  -25.930  -4.475 0.0000000000
53022  5.973  -25.290  -4.982 0.0000000000
53031  5.970  -26.226  -5.356 0.0000000000
53032  5.420  -25.580  -6.121 0.0000000000
53043  4.773  -25.502  -7.231 0.0000000000
53044  4.420  -25.070  -7.928 0.0000000000
53058  12.684  -26.028  -7.655 0.0000000000
53059  11.763  -25.865  -7.701 0.0000000000
53060  11.010  -25.857  -7.814 0.0000000000
53061  4.864  -25.482  -8.203 0.0000000000
53062  4.386  -25.022  -8.683 0.0000000000
53077  12.620  -25.379  -8.492 0.0000000000
53078  11.576  -25.342  -8.300 0.0000000000
53079  10.569  -25.551  -8.346 0.0000000000
53080  9.707  -25.670  -8.797 0.0000000000
53081  5.844  -25.728  -9.022 0.0000000000
53082  5.107  -25.393  -9.059 0.0000000000
53083  4.598  -24.920  -9.343 0.0000000000
53089  12.778  -24.937  -9.291 0.0000000000
53090  9.041  -25.715  -9.327 0.0000000000
53091  8.305  -25.602  -9.715 0.0000000000
53092  6.757  -25.857  -9.706 0.0000000000
53093  5.979  -25.477  -9.637 0.0000000000
53094  5.144  -24.988  -9.821 0.0000000000
53095  4.683  -24.556  -9.698 0.0000000000
53102  7.599  -25.452  -9.972 0.0000000000
53103  6.788  -25.318  -10.099 0.0000000000
53104  5.931  -24.920  -10.217 0.0000000000
53105  5.393  -24.550  -10.185 0.0000000000
54160  4.309  -24.304  13.463 0.0000000000
54175  4.428  -24.299  12.238 0.0000000000
54190  5.426  -24.797  11.064 0.0000000000
54191  4.825  -24.038  11.256 0.0000000000
54212  8.115  -24.482  10.263 0.0000000000
54213  6.865  -24.799  10.204 0.0000000000
54214  5.648  -24.240  10.738 0.0000000000
54215  5.112  -23.695  10.986 0.0000000000
54233  8.814  -24.952  9.597 0.0000000000
54234  7.677  -25.140  9.678 0.0000000000
54235  7.138  -25.240  9.720 0.0000000000
54314  6.640  -24.993  1.735 0.0000000000
54315  6.247  -24.981  2.057 0.0000000000
54316  5.641  -25.094  2.408 0.0000000000
54317  5.299  -25.283  2.630 0.0000000000
54327  6.927  -24.987  1.268 0.0000000000
54328  6.073  -24.694  1.369 0.0000000000
54329  5.465  -24.807  1.680 0.0000000000
54330  5.091  -25.134  2.131 0.0000000000
54338  7.333  -24.874  0.447 0.0000000000
54339  6.174  -24.612  0.550 0.0000000000
54340  5.345  -24.577  0.835 0.0000000000
54341  4.869  -24.900  1.271 0.0000000000
54348  8.559  -24.965  -0.913 0.0000000000
54349  7.930  -24.846  -0.459 0.0000000000
54350  6.421  -24.490  -0.418 0.0000000000
54351  5.359  -24.492  -0.161 0.0000000000
54352  4.803  -24.788  0.291 0.0000000000
54360  9.044  -25.000  -1.363 0.0000000000
54361  7.971  -24.623  -1.328 0.0000000000
54362  6.698  -24.326  -1.383 0.0000000000
54363  5.390  -24.339  -1.426 0.0000000000
54364  4.794  -24.770  -0.692 0.0000000000
54374  9.235  -24.713  -2.289 0.0000000000
54375  8.145  -24.551  -2.107 0.0000000000
54376  7.287  -24.334  -1.839 0.0000000000
54377  5.269  -24.768  -2.272 0.0000000000
54378  4.868  -24.954  -1.574 0.0000000000
54391  9.474  -24.597  -3.152 0.0000000000
54392  8.560  -24.596  -2.999 0.0000000000
54393  5.652  -24.768  -3.151 0.0000000000
54409  9.637  -24.380  -3.984 0.0000000000
54410  8.952  -24.537  -3.661 0.0000000000
54411  5.862  -24.609  -4.329 0.0000000000
54423  10.103  -23.969  -4.678 0.0000000000
54424  9.899  -24.163  -4.437 0.0000000000
54425  5.544  -24.489  -5.641 0.0000000000
54440  4.943  -24.717  -6.678 0.0000000000
54441  4.541  -24.657  -7.415 0.0000000000
54455  4.369  -24.397  -8.210 0.0000000000
54466  12.142  -24.923  -8.889 0.0000000000
54467  11.367  -24.732  -8.884 0.0000000000
54468  10.361  -24.779  -8.944 0.0000000000
54469  9.563  -25.014  -9.146 0.0000000000
54470  4.369  -24.255  -9.197 0.0000000000
54473  12.299  -24.496  -9.727 0.0000000000
54474  11.150  -24.032  -9.785 0.0000000000
54475  9.950  -24.292  -9.465 0.0000000000
54476  8.925  -24.727  -9.520 0.0000000000
54477  8.086  -24.815  -9.888 0.0000000000
54478  4.967  -24.460  -10.033 0.0000000000
54479  4.711  -24.006  -9.962 0.0000000000
54484  11.489  -23.747  -10.538 0.0000000000
54485  7.446  -24.656  -10.141 0.0000000000
54486  6.704  -24.406  -10.351 0.0000000000
54487  5.903  -24.221  -10.407 0.0000000000
54488  5.267  -24.021  -10.281 0.0000000000
54489  5.081  -23.734  -10.151 0.0000000000
55528  4.221  -23.372  13.976 0.0000000000
55531  4.108  -23.280  12.879 0.0000000000
55535  8.276  -23.166  11.360 0.0000000000
55536  7.649  -23.037  11.265 0.0000000000
55537  4.366  -23.187  11.824 0.0000000000
55543  8.686  -23.806  10.858 0.0000000000
55544  7.393  -23.572  10.844 0.0000000000
55545  6.149  -23.577  10.705 0.0000000000
55546  5.334  -23.383  10.922 0.0000000000
55547  4.823  -23.203  11.163 0.0000000000
55653  5.832  -24.162  -1.998 0.0000000000
55654  5.947  -24.776  -2.138 0.0000000000
55662  7.307  -24.292  -2.221 0.0000000000
55663  6.480  -24.081  -2.247 0.0000000000
55664  5.677  -24.307  -2.738 0.0000000000
55672  7.461  -24.323  -2.784 0.0000000000
55673  6.598  -23.986  -3.258 0.0000000000
55674  5.884  -24.158  -3.750 0.0000000000
55690  8.991  -24.401  -4.133 0.0000000000
55691  7.996  -24.311  -3.929 0.0000000000
55692  6.668  -23.821  -4.345 0.0000000000
55693  5.766  -23.858  -4.787 0.0000000000
55715  10.233  -23.640  -5.130 0.0000000000
55716  9.327  -24.096  -4.869 0.0000000000
55717  7.787  -23.820  -5.157 0.0000000000
55718  6.549  -23.586  -5.484 0.0000000000
55719  5.713  -23.716  -5.798 0.0000000000
55735  10.058  -23.407  -5.838 0.0000000000
55736  8.910  -23.550  -5.992 0.0000000000
55737  7.597  -23.403  -6.256 0.0000000000
55738  6.300  -23.331  -6.760 0.0000000000
55739  5.091  -23.853  -6.614 0.0000000000
55740  4.707  -24.290  -7.039 0.0000000000
55751  6.258  -23.152  -7.828 0.0000000000
55752  5.437  -23.450  -7.600 0.0000000000
55753  4.636  -23.937  -7.530 0.0000000000
55764  6.342  -22.912  -8.340 0.0000000000
55765  5.839  -23.088  -8.409 0.0000000000
55766  4.903  -23.478  -8.622 0.0000000000
55769  10.301  -23.735  -9.985 0.0000000000
55770  9.437  -23.828  -9.890 0.0000000000
55771  8.505  -24.034  -10.005 0.0000000000
55772  7.922  -24.253  -10.108 0.0000000000
55773  4.850  -23.535  -9.567 0.0000000000
55777  11.602  -23.575  -10.985 0.0000000000
55778  10.906  -23.503  -10.600 0.0000000000
55779  9.992  -23.353  -10.465 0.0000000000
55780  9.083  -23.335  -10.492 0.0000000000
55781  7.805  -23.494  -10.555 0.0000000000
55782  6.574  -23.629  -10.584 0.0000000000
55783  5.872  -23.597  -10.483 0.0000000000
55784  5.494  -23.425  -10.273 0.0000000000
55785  5.078  -23.483  -10.052 0.0000000000
55790  11.236  -23.288  -11.392 0.0000000000
55791  10.436  -23.047  -11.170 0.0000000000
55792  9.730  -23.003  -10.861 0.0000000000
55793  7.818  -22.805  -11.088 0.0000000000
55794  7.110  -22.976  -10.974 0.0000000000
55795  6.358  -23.119  -10.695 0.0000000000
55796  5.957  -23.167  -10.509 0.0000000000
55803  10.889  -22.932  -11.759 0.0000000000
56829  4.289  -22.330  13.423 0.0000000000
56836  4.244  -22.218  12.453 0.0000000000
56842  7.775  -22.573  11.688 0.0000000000
56843  6.824  -22.260  11.504 0.0000000000
56844  5.837  -22.136  11.403 0.0000000000
56845  4.770  -22.154  11.454 0.0000000000
56849  7.198  -22.850  11.244 0.0000000000
56850  6.449  -22.857  11.081 0.0000000000
56851  5.538  -22.811  11.039 0.0000000000
56852  5.034  -22.856  11.027 0.0000000000
57042  9.834  -22.931  -6.656 0.0000000000
57043  8.715  -23.169  -6.956 0.0000000000
57044  7.571  -23.106  -7.264 0.0000000000
57045  6.856  -22.980  -7.611 0.0000000000
57059  10.568  -22.323  -7.224 0.0000000000
57060  9.671  -22.609  -7.463 0.0000000000
57061  8.616  -22.880  -7.881 0.0000000000
57062  7.579  -22.800  -8.109 0.0000000000
57063  6.787  -22.755  -8.233 0.0000000000
57074  10.548  -22.164  -7.900 0.0000000000
57075  9.594  -22.338  -8.312 0.0000000000
57076  8.486  -22.383  -8.754 0.0000000000
57077  7.417  -22.493  -8.824 0.0000000000
57078  6.529  -22.631  -8.885 0.0000000000
57079  5.750  -22.800  -9.163 0.0000000000
57080  5.299  -23.094  -9.462 0.0000000000
57084  8.023  -22.132  -9.372 0.0000000000
57085  7.320  -22.176  -9.546 0.0000000000
57086  6.555  -22.339  -9.691 0.0000000000
57087  5.925  -22.595  -9.915 0.0000000000
57088  5.323  -23.047  -9.974 0.0000000000
57093  9.352  -22.907  -10.890 0.0000000000
57094  8.876  -22.870  -10.888 0.0000000000
57095  6.510  -22.502  -10.627 0.0000000000
57096  6.063  -22.776  -10.413 0.0000000000
57097  5.443  -23.185  -10.171 0.0000000000
57101  10.471  -22.743  -11.670 0.0000000000
57102  9.727  -22.639  -11.408 0.0000000000
57103  8.582  -22.489  -11.330 0.0000000000
57104  7.832  -22.310  -11.371 0.0000000000
57105  6.789  -22.505  -10.863 0.0000000000
57106  6.154  -22.988  -10.646 0.0000000000
57112  9.585  -22.141  -12.096 0.0000000000
57113  8.829  -22.027  -11.912 0.0000000000
57114  8.358  -21.826  -11.793 0.0000000000
58260  4.614  -21.410  13.849 0.0000000000
58264  4.282  -21.295  13.075 0.0000000000
58273  8.126  -21.404  12.534 0.0000000000
58274  7.223  -21.135  12.291 0.0000000000
58275  4.435  -21.191  12.290 0.0000000000
58284  8.269  -22.086  12.236 0.0000000000
58285  7.425  -21.811  12.007 0.0000000000
58286  6.380  -21.419  11.834 0.0000000000
58287  5.368  -21.346  11.656 0.0000000000
58288  4.801  -21.025  11.853 0.0000000000
58529  10.581  -21.948  -8.741 0.0000000000
58530  9.549  -21.947  -9.145 0.0000000000
58531  8.727  -21.908  -9.468 0.0000000000
58540  10.470  -21.455  -9.608 0.0000000000
58541  9.366  -21.475  -9.831 0.0000000000
58542  8.286  -21.584  -10.064 0.0000000000
58543  7.331  -21.796  -10.214 0.0000000000
58544  6.777  -22.030  -10.252 0.0000000000
58545  6.349  -22.434  -10.308 0.0000000000
58552  11.498  -21.210  -9.948 0.0000000000
58553  10.714  -21.108  -10.300 0.0000000000
58554  7.999  -21.402  -10.679 0.0000000000
58555  7.513  -21.593  -10.884 0.0000000000
58556  6.748  -22.250  -10.698 0.0000000000
58557  6.369  -22.494  -10.467 0.0000000000
58562  7.688  -21.787  -11.318 0.0000000000
58563  6.947  -22.089  -11.004 0.0000000000
58569  9.011  -21.394  -12.204 0.0000000000
58570  8.582  -21.336  -11.954 0.0000000000
58576  9.189  -21.088  -12.430 0.0000000000
59752  4.581  -20.456  13.617 0.0000000000
59760  8.707  -20.243  13.329 0.0000000000
59761  4.417  -20.328  12.933 0.0000000000
59769  8.915  -20.952  13.039 0.0000000000
59770  7.757  -20.537  12.819 0.0000000000
59771  6.479  -20.529  12.311 0.0000000000
59772  5.480  -20.298  12.219 0.0000000000
59773  4.803  -20.337  12.304 0.0000000000
59781  5.704  -20.846  11.958 0.0000000000
59782  5.094  -20.692  11.881 0.0000000000
59783  4.849  -20.666  11.995 0.0000000000
59982  10.007  -21.199  -10.241 0.0000000000
59983  9.278  -21.167  -10.525 0.0000000000
59984  8.622  -21.173  -10.781 0.0000000000
59992  11.340  -20.914  -10.785 0.0000000000
59993  10.255  -20.941  -10.937 0.0000000000
59994  9.325  -20.929  -11.228 0.0000000000
59995  8.488  -21.102  -11.202 0.0000000000
59996  8.222  -21.383  -11.448 0.0000000000
60006  12.022  -20.584  -11.463 0.0000000000
60007  11.064  -20.624  -11.534 0.0000000000
60008  10.205  -20.616  -11.744 0.0000000000
60009  9.385  -20.791  -11.892 0.0000000000
60010  8.796  -20.980  -11.911 0.0000000000
60011  8.527  -21.222  -11.699 0.0000000000
60015  11.573  -20.469  -11.941 0.0000000000
60019  8.958  -21.129  -12.170 0.0000000000
60020  8.618  -20.993  -11.973 0.0000000000
60025  9.067  -20.953  -12.351 0.0000000000
61164  4.569  -19.467  13.682 0.0000000000
61171  7.877  -19.609  13.409 0.0000000000
61172  6.593  -19.251  13.177 0.0000000000
61173  5.534  -19.174  12.986 0.0000000000
61174  4.771  -19.478  12.919 0.0000000000
61179  6.945  -19.899  12.802 0.0000000000
61180  5.993  -19.776  12.606 0.0000000000
61181  5.156  -19.756  12.509 0.0000000000
61182  4.849  -19.853  12.565 0.0000000000
62520  5.058  -18.513  13.294 0.0000000000
62521  4.662  -18.784  13.578 0.0000000000
