#!ascii label  , from subject colin27_FS vox2ras=TkReg
1434
88827  12.180  0.485  32.195 0.0000000000
88828  11.961  0.327  32.957 0.0000000000
88845  12.383  0.265  31.391 0.0000000000
90220  11.366  1.614  33.706 0.0000000000
90221  11.049  2.176  33.377 0.0000000000
90230  11.925  1.090  32.017 0.0000000000
90231  11.627  1.225  32.648 0.0000000000
90232  10.892  2.037  32.756 0.0000000000
90233  10.440  2.217  32.317 0.0000000000
90241  12.160  1.003  31.502 0.0000000000
90242  11.552  1.496  31.675 0.0000000000
90243  10.980  1.842  32.140 0.0000000000
90244  10.601  2.037  32.257 0.0000000000
90251  12.401  0.832  30.668 0.0000000000
90252  11.990  1.491  30.938 0.0000000000
90259  12.445  1.296  29.704 0.0000000000
90260  12.237  1.465  30.380 0.0000000000
91523  10.781  2.607  33.214 0.0000000000
91524  10.346  2.532  32.413 0.0000000000
91525  9.754  2.626  31.894 0.0000000000
91527  11.320  1.713  31.454 0.0000000000
91528  11.031  1.877  31.555 0.0000000000
91529  10.214  2.151  31.814 0.0000000000
91530  9.157  2.637  31.416 0.0000000000
91531  8.207  2.791  31.177 0.0000000000
91535  11.405  1.786  31.129 0.0000000000
91536  10.743  2.140  30.968 0.0000000000
91537  9.657  2.303  30.915 0.0000000000
91538  8.589  2.521  30.835 0.0000000000
91539  7.510  2.733  30.824 0.0000000000
91540  6.603  2.867  30.714 0.0000000000
91541  5.962  3.064  30.596 0.0000000000
91544  12.211  1.811  29.713 0.0000000000
91545  11.756  2.002  30.161 0.0000000000
91546  10.410  2.490  30.038 0.0000000000
91547  9.186  2.503  30.174 0.0000000000
91548  8.130  2.571  30.174 0.0000000000
91549  7.135  2.746  30.198 0.0000000000
91550  6.265  2.927  30.219 0.0000000000
91551  5.617  3.199  30.236 0.0000000000
91556  12.195  1.997  29.217 0.0000000000
91557  11.347  2.571  29.047 0.0000000000
91558  10.416  2.841  29.173 0.0000000000
92739  10.556  3.250  32.846 0.0000000000
92740  9.869  2.981  32.171 0.0000000000
92741  9.325  2.913  31.743 0.0000000000
92743  10.169  3.444  32.149 0.0000000000
92744  9.447  3.327  31.785 0.0000000000
92745  8.540  3.098  31.507 0.0000000000
92746  7.427  3.060  31.231 0.0000000000
92747  6.698  3.171  31.142 0.0000000000
92751  6.826  2.929  31.062 0.0000000000
92752  6.199  3.192  30.964 0.0000000000
92753  5.389  3.556  30.493 0.0000000000
92754  4.559  3.934  30.227 0.0000000000
92757  9.712  2.741  29.503 0.0000000000
92758  8.825  2.784  29.397 0.0000000000
92759  7.761  2.869  29.413 0.0000000000
92760  6.757  3.071  29.548 0.0000000000
92761  5.823  3.282  29.697 0.0000000000
92762  4.868  3.537  29.868 0.0000000000
92763  4.112  3.928  29.951 0.0000000000
92766  10.731  3.021  28.510 0.0000000000
92767  9.759  3.154  28.631 0.0000000000
92768  8.477  3.314  28.428 0.0000000000
92769  7.325  3.365  28.708 0.0000000000
92770  6.307  3.628  28.844 0.0000000000
92771  5.318  3.763  29.181 0.0000000000
92772  4.748  3.875  29.340 0.0000000000
92780  9.412  3.619  27.598 0.0000000000
92781  8.505  3.871  27.399 0.0000000000
92782  7.656  3.806  27.841 0.0000000000
92783  6.916  3.827  28.172 0.0000000000
92795  9.098  4.097  26.915 0.0000000000
93898  11.234  4.530  32.047 0.0000000000
93899  10.812  3.936  32.500 0.0000000000
93902  11.017  4.657  31.212 0.0000000000
93903  10.138  4.050  31.611 0.0000000000
93904  8.877  3.749  31.342 0.0000000000
93905  7.796  3.607  31.199 0.0000000000
93906  6.857  3.516  31.116 0.0000000000
93907  6.426  3.413  31.059 0.0000000000
93912  10.922  4.846  30.717 0.0000000000
93913  10.324  4.683  30.840 0.0000000000
93914  9.328  4.415  30.855 0.0000000000
93915  8.211  4.284  30.849 0.0000000000
93916  7.110  4.215  30.899 0.0000000000
93917  5.994  4.014  30.841 0.0000000000
93918  4.821  4.373  30.452 0.0000000000
93919  3.938  4.544  30.180 0.0000000000
93920  3.669  4.977  30.018 0.0000000000
93924  4.288  4.071  29.425 0.0000000000
93925  3.861  4.462  29.614 0.0000000000
93926  3.654  4.916  29.716 0.0000000000
93929  6.327  4.100  28.063 0.0000000000
93930  5.596  4.163  28.354 0.0000000000
93931  4.700  4.295  28.708 0.0000000000
93932  3.860  4.764  28.865 0.0000000000
93933  3.697  4.863  29.345 0.0000000000
93940  8.481  4.297  26.709 0.0000000000
93941  7.740  4.287  26.983 0.0000000000
93942  6.805  4.329  27.384 0.0000000000
93943  5.834  4.480  27.485 0.0000000000
93944  5.016  4.631  27.708 0.0000000000
93945  4.188  4.849  27.888 0.0000000000
93956  7.866  4.594  26.135 0.0000000000
93957  6.873  4.585  26.350 0.0000000000
93958  5.945  4.685  26.575 0.0000000000
93959  5.183  4.794  26.809 0.0000000000
93960  4.581  5.020  27.005 0.0000000000
93973  6.860  4.630  25.413 0.0000000000
93974  5.896  4.688  25.632 0.0000000000
93975  5.007  4.801  25.822 0.0000000000
93976  4.741  4.954  26.407 0.0000000000
93985  5.635  4.610  24.669 0.0000000000
93986  5.296  4.759  25.204 0.0000000000
94007  6.210  5.011  21.200 0.0000000000
94016  6.161  5.227  20.763 0.0000000000
95178  12.215  5.983  32.640 0.0000000000
95179  11.815  5.345  32.519 0.0000000000
95191  12.271  5.754  31.965 0.0000000000
95192  11.720  5.147  31.570 0.0000000000
95205  12.236  5.665  31.080 0.0000000000
95206  11.469  5.230  30.687 0.0000000000
95207  10.708  5.138  30.306 0.0000000000
95208  9.766  5.052  30.272 0.0000000000
95209  8.704  4.951  30.279 0.0000000000
95210  7.595  4.907  30.312 0.0000000000
95211  6.456  4.947  30.359 0.0000000000
95212  5.238  5.203  30.320 0.0000000000
95213  4.226  5.244  30.297 0.0000000000
95214  3.784  5.154  30.145 0.0000000000
95224  12.074  5.810  30.268 0.0000000000
95225  11.329  5.698  29.848 0.0000000000
95226  10.286  5.569  29.657 0.0000000000
95227  9.216  5.538  29.663 0.0000000000
95228  8.140  5.531  29.696 0.0000000000
95229  7.046  5.624  29.784 0.0000000000
95230  5.976  5.847  29.918 0.0000000000
95231  5.131  6.109  29.965 0.0000000000
95232  3.842  5.602  30.107 0.0000000000
95233  3.663  5.448  29.794 0.0000000000
95246  3.672  5.216  28.733 0.0000000000
95247  3.624  5.435  29.089 0.0000000000
95261  3.745  5.498  28.267 0.0000000000
95262  3.672  6.095  28.530 0.0000000000
95271  4.124  5.632  27.255 0.0000000000
95282  4.862  5.486  25.576 0.0000000000
95283  4.570  5.575  26.239 0.0000000000
95292  5.526  5.207  24.384 0.0000000000
95293  5.187  5.384  24.926 0.0000000000
95297  5.723  5.136  23.765 0.0000000000
95302  6.133  5.286  22.752 0.0000000000
95311  6.399  5.508  21.814 0.0000000000
95320  6.387  5.621  21.072 0.0000000000
95321  6.134  5.639  20.483 0.0000000000
95330  5.717  5.736  19.800 0.0000000000
95342  5.234  5.986  19.053 0.0000000000
96495  13.029  6.879  32.175 0.0000000000
96496  12.576  6.386  32.421 0.0000000000
96507  13.190  6.839  31.232 0.0000000000
96508  12.697  6.280  31.573 0.0000000000
96523  13.150  6.920  30.246 0.0000000000
96524  12.672  6.292  30.598 0.0000000000
96525  4.457  5.926  30.110 0.0000000000
96526  4.027  5.811  30.171 0.0000000000
96542  13.078  7.059  29.663 0.0000000000
96543  12.349  6.555  29.350 0.0000000000
96544  10.914  6.118  29.003 0.0000000000
96545  9.735  5.989  28.982 0.0000000000
96546  8.667  5.997  29.038 0.0000000000
96547  7.628  6.116  29.108 0.0000000000
96548  6.582  6.360  29.270 0.0000000000
96549  5.564  6.604  29.454 0.0000000000
96550  4.646  6.606  29.551 0.0000000000
96551  3.880  6.183  29.719 0.0000000000
96552  3.645  5.855  29.431 0.0000000000
96569  12.235  6.974  28.487 0.0000000000
96570  11.466  6.750  28.152 0.0000000000
96571  10.228  6.334  28.201 0.0000000000
96572  9.128  6.288  28.318 0.0000000000
96573  8.164  6.418  28.444 0.0000000000
96574  7.208  6.711  28.435 0.0000000000
96575  6.143  7.023  28.783 0.0000000000
96576  5.115  7.232  28.905 0.0000000000
96577  4.116  7.001  28.702 0.0000000000
96578  3.679  6.241  29.016 0.0000000000
96596  11.268  6.995  27.519 0.0000000000
96597  10.559  6.757  27.372 0.0000000000
96598  9.521  6.529  27.645 0.0000000000
96599  8.517  6.666  27.719 0.0000000000
96600  7.861  6.710  28.069 0.0000000000
96601  3.914  6.570  27.735 0.0000000000
96602  3.787  6.516  28.507 0.0000000000
96620  10.223  6.886  26.892 0.0000000000
96621  9.650  6.752  27.088 0.0000000000
96622  9.076  6.685  27.323 0.0000000000
96623  4.358  6.372  26.675 0.0000000000
96640  4.977  6.371  25.501 0.0000000000
96641  4.578  6.289  26.097 0.0000000000
96653  5.673  5.792  24.195 0.0000000000
96654  5.538  6.432  24.580 0.0000000000
96658  6.151  6.226  23.466 0.0000000000
96659  5.826  6.431  24.017 0.0000000000
96662  6.464  6.207  22.435 0.0000000000
96669  6.475  6.255  21.516 0.0000000000
96678  6.368  6.188  20.836 0.0000000000
96679  5.993  6.457  20.316 0.0000000000
96686  5.478  6.655  19.654 0.0000000000
96687  5.106  7.013  19.358 0.0000000000
96696  5.166  6.586  19.214 0.0000000000
96697  4.774  6.726  18.831 0.0000000000
96698  4.240  6.946  18.366 0.0000000000
96706  4.303  6.349  18.220 0.0000000000
97850  13.476  7.476  31.905 0.0000000000
97861  13.604  7.521  30.908 0.0000000000
97868  13.554  7.632  29.896 0.0000000000
97869  13.111  7.280  29.268 0.0000000000
97878  13.510  7.872  29.087 0.0000000000
97879  12.851  7.484  28.504 0.0000000000
97880  12.210  7.216  28.038 0.0000000000
97881  7.139  6.939  28.063 0.0000000000
97882  6.677  7.094  28.088 0.0000000000
97883  5.718  7.370  28.131 0.0000000000
97884  4.893  7.466  28.154 0.0000000000
97893  12.561  7.716  27.720 0.0000000000
97894  11.839  7.310  27.450 0.0000000000
97895  11.248  7.120  27.098 0.0000000000
97896  8.226  6.816  27.412 0.0000000000
97897  7.539  6.938  27.632 0.0000000000
97898  6.407  7.397  27.402 0.0000000000
97899  5.382  7.659  27.393 0.0000000000
97900  4.533  7.434  27.540 0.0000000000
97914  12.357  7.862  27.065 0.0000000000
97915  11.731  7.581  26.617 0.0000000000
97916  10.794  7.129  26.595 0.0000000000
97917  9.880  6.958  26.498 0.0000000000
97918  8.638  6.907  26.860 0.0000000000
97919  7.264  7.304  26.610 0.0000000000
97920  6.081  7.730  26.506 0.0000000000
97921  5.089  7.826  26.540 0.0000000000
97922  4.549  7.176  26.702 0.0000000000
97938  11.317  7.637  25.952 0.0000000000
97939  10.477  7.305  25.829 0.0000000000
97940  9.440  7.191  25.780 0.0000000000
97941  8.213  7.342  25.723 0.0000000000
97942  6.930  7.703  25.601 0.0000000000
97943  5.777  8.080  25.499 0.0000000000
97944  5.018  7.571  25.598 0.0000000000
97945  4.668  6.812  26.118 0.0000000000
97960  11.020  7.779  25.300 0.0000000000
97961  10.243  7.554  24.939 0.0000000000
97962  9.139  7.496  24.897 0.0000000000
97963  7.923  7.732  24.657 0.0000000000
97964  6.645  8.143  24.725 0.0000000000
97965  5.887  8.376  24.639 0.0000000000
97966  5.394  7.344  24.826 0.0000000000
97970  9.855  7.742  24.336 0.0000000000
97971  9.092  7.834  24.087 0.0000000000
97972  8.277  8.066  23.881 0.0000000000
97973  6.072  6.800  23.399 0.0000000000
97974  5.824  7.233  23.770 0.0000000000
97978  6.223  6.922  22.976 0.0000000000
97979  5.829  7.756  22.637 0.0000000000
97983  6.338  7.043  22.015 0.0000000000
97984  5.846  7.779  21.538 0.0000000000
97992  6.317  6.967  21.026 0.0000000000
97993  5.531  7.517  20.372 0.0000000000
97994  5.123  8.047  20.235 0.0000000000
98003  5.246  7.262  19.695 0.0000000000
98004  4.709  7.816  19.509 0.0000000000
98005  4.038  8.221  19.079 0.0000000000
98014  4.427  7.300  18.772 0.0000000000
98015  3.873  7.689  18.489 0.0000000000
98024  3.156  7.588  17.650 0.0000000000
99196  14.034  8.286  30.628 0.0000000000
99204  14.067  8.699  29.626 0.0000000000
99212  13.516  8.557  28.386 0.0000000000
99213  13.033  8.023  27.964 0.0000000000
99221  13.413  8.967  27.799 0.0000000000
99222  12.984  8.521  27.416 0.0000000000
99236  12.383  8.468  26.321 0.0000000000
99237  11.838  7.990  26.069 0.0000000000
99250  12.269  8.795  25.700 0.0000000000
99251  11.766  8.401  25.488 0.0000000000
99252  5.390  8.138  24.810 0.0000000000
99253  5.154  7.892  24.869 0.0000000000
99267  11.014  8.339  24.474 0.0000000000
99268  10.375  7.956  24.331 0.0000000000
99269  7.347  8.274  24.009 0.0000000000
99270  6.349  8.518  24.042 0.0000000000
99271  5.639  8.491  24.078 0.0000000000
99272  5.333  8.037  24.277 0.0000000000
99275  10.854  8.595  23.912 0.0000000000
99276  10.252  8.341  23.672 0.0000000000
99277  9.005  8.208  23.366 0.0000000000
99278  7.959  8.352  23.316 0.0000000000
99279  6.942  8.592  23.363 0.0000000000
99280  5.968  8.901  23.327 0.0000000000
99281  5.471  8.472  23.248 0.0000000000
99285  10.306  8.772  23.017 0.0000000000
99286  9.701  8.644  22.844 0.0000000000
99287  8.615  8.590  22.702 0.0000000000
99288  7.554  8.719  22.721 0.0000000000
99289  6.662  8.903  22.800 0.0000000000
99290  5.418  8.658  22.119 0.0000000000
99291  5.099  8.924  21.929 0.0000000000
99295  5.360  8.328  21.107 0.0000000000
99296  5.047  8.856  21.525 0.0000000000
99303  5.237  8.141  20.568 0.0000000000
99304  4.902  8.616  20.567 0.0000000000
99314  4.450  8.750  19.946 0.0000000000
99315  4.074  8.686  19.484 0.0000000000
99324  3.534  8.713  18.826 0.0000000000
99325  2.986  8.936  18.215 0.0000000000
99335  3.180  8.261  18.162 0.0000000000
99336  2.746  8.501  17.505 0.0000000000
100647  13.662  9.603  28.039 0.0000000000
100648  13.359  9.258  27.459 0.0000000000
100662  13.470  9.833  27.388 0.0000000000
100663  13.110  9.438  26.765 0.0000000000
100677  12.569  9.448  25.710 0.0000000000
100678  12.190  8.958  25.386 0.0000000000
100691  12.454  9.910  25.092 0.0000000000
100692  11.970  9.283  24.768 0.0000000000
100696  11.202  9.142  23.627 0.0000000000
100697  10.616  8.864  23.168 0.0000000000
100698  5.405  9.059  22.847 0.0000000000
100699  5.123  8.932  22.685 0.0000000000
100704  11.328  9.734  22.891 0.0000000000
100705  10.526  9.326  22.448 0.0000000000
100706  9.256  9.037  22.133 0.0000000000
100707  8.111  9.046  22.112 0.0000000000
100708  7.043  9.161  22.213 0.0000000000
100709  5.978  9.206  22.405 0.0000000000
100710  5.233  9.079  22.121 0.0000000000
100711  5.047  9.037  21.770 0.0000000000
100715  10.378  9.818  21.730 0.0000000000
100716  9.749  9.635  21.582 0.0000000000
100717  8.617  9.541  21.535 0.0000000000
100718  7.513  9.560  21.593 0.0000000000
100719  6.458  9.582  21.669 0.0000000000
100720  5.552  9.494  21.608 0.0000000000
100721  4.929  9.291  21.262 0.0000000000
100726  4.389  9.423  20.333 0.0000000000
100727  4.002  9.918  20.111 0.0000000000
100736  4.148  9.114  19.847 0.0000000000
100737  3.736  9.563  19.563 0.0000000000
100746  3.134  9.729  18.652 0.0000000000
100747  2.766  9.557  17.829 0.0000000000
100757  2.575  9.311  17.028 0.0000000000
100777  7.210  9.762  15.104 0.0000000000
100778  6.267  9.649  15.441 0.0000000000
101908  13.390  10.384  27.019 0.0000000000
101909  13.097  10.339  26.316 0.0000000000
101922  12.713  10.521  25.516 0.0000000000
101929  12.283  10.465  24.502 0.0000000000
101930  11.868  9.792  24.076 0.0000000000
101934  12.142  10.844  23.928 0.0000000000
101935  11.797  10.348  23.486 0.0000000000
101940  11.286  10.406  22.226 0.0000000000
101941  10.704  9.961  21.848 0.0000000000
101945  11.146  10.944  21.495 0.0000000000
101946  10.402  10.471  21.125 0.0000000000
101947  9.061  10.107  20.935 0.0000000000
101948  7.925  10.073  21.009 0.0000000000
101949  6.866  10.082  21.092 0.0000000000
101950  5.873  10.028  21.105 0.0000000000
101951  5.033  9.941  21.052 0.0000000000
101952  4.686  9.718  20.770 0.0000000000
101957  10.071  11.077  20.354 0.0000000000
101958  9.311  10.776  20.388 0.0000000000
101959  8.253  10.665  20.465 0.0000000000
101960  7.206  10.627  20.538 0.0000000000
101961  6.192  10.577  20.572 0.0000000000
101962  5.245  10.463  20.547 0.0000000000
101963  4.417  10.224  20.400 0.0000000000
101964  3.820  10.416  19.804 0.0000000000
101972  3.245  10.517  19.074 0.0000000000
101973  2.986  10.972  18.782 0.0000000000
101983  3.062  10.271  18.681 0.0000000000
101984  2.856  10.552  18.319 0.0000000000
101995  2.595  10.319  17.304 0.0000000000
102007  2.731  10.017  16.560 0.0000000000
102017  7.108  10.602  15.081 0.0000000000
102018  6.573  10.763  15.282 0.0000000000
102019  5.509  10.503  15.459 0.0000000000
102020  4.437  10.269  15.532 0.0000000000
102021  3.589  10.002  15.789 0.0000000000
102022  3.040  9.656  16.092 0.0000000000
102032  7.233  10.882  14.640 0.0000000000
102033  7.031  10.984  15.080 0.0000000000
103111  12.132  11.518  24.160 0.0000000000
103112  11.894  12.029  23.765 0.0000000000
103116  12.027  11.044  23.656 0.0000000000
103117  11.784  11.464  23.119 0.0000000000
103122  11.470  11.499  21.912 0.0000000000
103127  11.088  11.548  20.864 0.0000000000
103128  10.526  11.203  20.590 0.0000000000
103133  11.013  11.982  20.324 0.0000000000
103134  10.464  11.777  20.060 0.0000000000
103135  9.479  11.453  19.936 0.0000000000
103136  8.516  11.306  19.985 0.0000000000
103137  7.508  11.247  20.062 0.0000000000
103138  6.494  11.186  20.080 0.0000000000
103139  5.503  11.103  20.086 0.0000000000
103140  4.599  10.945  20.030 0.0000000000
103141  4.110  10.758  19.938 0.0000000000
103148  10.221  12.273  19.663 0.0000000000
103149  9.666  12.103  19.631 0.0000000000
103150  8.776  11.998  19.663 0.0000000000
103151  7.811  11.927  19.699 0.0000000000
103152  6.814  11.864  19.693 0.0000000000
103153  5.788  11.807  19.659 0.0000000000
103154  4.802  11.662  19.639 0.0000000000
103155  3.720  11.436  19.456 0.0000000000
103156  3.133  11.153  19.038 0.0000000000
103164  3.329  12.108  18.961 0.0000000000
103165  2.910  11.620  18.614 0.0000000000
103174  2.628  11.395  17.551 0.0000000000
103185  2.655  11.085  16.631 0.0000000000
103195  6.385  11.397  15.231 0.0000000000
103196  5.789  11.504  15.293 0.0000000000
103197  4.706  11.274  15.364 0.0000000000
103198  3.675  11.045  15.544 0.0000000000
103199  2.991  10.611  15.998 0.0000000000
103209  7.154  11.897  14.495 0.0000000000
103210  6.759  11.556  15.020 0.0000000000
103211  6.251  11.695  15.166 0.0000000000
103221  7.373  11.672  14.058 0.0000000000
104354  11.653  12.519  23.406 0.0000000000
104362  11.569  12.366  22.449 0.0000000000
104367  11.472  12.383  21.461 0.0000000000
104371  11.246  12.572  20.484 0.0000000000
104372  10.915  12.225  20.116 0.0000000000
104377  11.159  13.095  20.054 0.0000000000
104378  10.715  12.676  19.794 0.0000000000
104379  9.945  12.678  19.385 0.0000000000
104380  9.094  12.646  19.363 0.0000000000
104381  8.160  12.609  19.391 0.0000000000
104382  7.188  12.562  19.387 0.0000000000
104383  6.190  12.518  19.335 0.0000000000
104384  5.031  12.552  19.183 0.0000000000
104385  4.331  12.086  19.346 0.0000000000
104393  4.531  13.041  18.808 0.0000000000
104394  3.931  12.595  18.935 0.0000000000
104395  3.176  12.613  18.469 0.0000000000
104405  2.709  12.486  17.736 0.0000000000
104414  2.612  12.272  16.745 0.0000000000
104422  5.631  11.933  15.159 0.0000000000
104423  5.116  12.002  15.142 0.0000000000
104424  3.862  12.246  15.147 0.0000000000
104425  2.965  11.902  15.845 0.0000000000
104434  7.048  12.412  14.385 0.0000000000
104435  6.780  12.303  14.653 0.0000000000
104436  5.951  12.262  15.010 0.0000000000
104437  4.788  12.727  14.871 0.0000000000
104438  4.000  12.967  14.787 0.0000000000
104447  7.184  12.420  14.125 0.0000000000
104448  7.121  12.418  13.660 0.0000000000
105639  10.348  13.352  19.285 0.0000000000
105640  9.513  13.284  19.079 0.0000000000
105641  8.589  13.265  19.052 0.0000000000
105642  7.624  13.235  19.050 0.0000000000
105643  6.661  13.179  19.023 0.0000000000
105644  5.805  13.103  18.961 0.0000000000
105652  10.016  13.955  18.867 0.0000000000
105653  9.117  13.961  18.785 0.0000000000
105654  8.142  13.951  18.762 0.0000000000
105655  7.142  13.902  18.744 0.0000000000
105656  6.152  13.776  18.680 0.0000000000
105657  5.107  13.521  18.650 0.0000000000
105658  4.168  13.501  18.495 0.0000000000
105659  3.554  13.211  18.429 0.0000000000
105667  3.675  13.751  18.203 0.0000000000
105668  3.062  13.512  17.925 0.0000000000
105677  2.615  13.399  17.002 0.0000000000
105684  3.089  12.734  15.381 0.0000000000
105685  2.663  13.360  15.852 0.0000000000
105693  6.880  12.600  14.449 0.0000000000
105694  6.544  12.945  14.471 0.0000000000
105695  5.540  13.333  14.642 0.0000000000
105696  4.370  13.535  14.647 0.0000000000
105697  3.269  13.450  14.880 0.0000000000
105698  2.711  14.189  15.182 0.0000000000
105707  6.983  12.728  14.261 0.0000000000
105708  6.947  13.242  13.926 0.0000000000
105720  6.838  13.331  13.073 0.0000000000
105721  6.071  13.436  12.415 0.0000000000
106955  9.728  14.712  18.670 0.0000000000
106956  8.765  14.708  18.535 0.0000000000
106957  7.733  14.689  18.482 0.0000000000
106958  6.678  14.597  18.455 0.0000000000
106959  5.632  14.410  18.370 0.0000000000
106960  4.585  14.324  18.207 0.0000000000
106961  4.017  14.016  18.208 0.0000000000
106971  4.365  14.744  17.916 0.0000000000
106972  3.777  14.441  17.847 0.0000000000
106973  2.948  14.349  17.254 0.0000000000
106982  2.667  14.365  16.502 0.0000000000
106987  2.583  14.668  15.705 0.0000000000
106993  6.237  13.949  14.283 0.0000000000
106994  5.054  14.367  14.415 0.0000000000
106995  3.760  14.341  14.446 0.0000000000
106996  2.897  14.550  14.627 0.0000000000
106997  2.561  14.912  15.049 0.0000000000
107006  6.543  14.566  13.508 0.0000000000
107007  5.857  14.798  14.075 0.0000000000
107017  6.445  14.784  12.383 0.0000000000
107018  5.960  14.146  12.124 0.0000000000
107030  6.112  15.190  11.792 0.0000000000
107031  5.529  14.603  11.722 0.0000000000
108204  9.497  15.516  18.363 0.0000000000
108205  8.435  15.465  18.244 0.0000000000
108206  7.338  15.526  18.141 0.0000000000
108207  6.199  15.219  18.128 0.0000000000
108208  5.197  14.995  18.027 0.0000000000
108209  4.652  14.850  17.946 0.0000000000
108221  7.300  16.030  17.889 0.0000000000
108222  6.744  15.959  17.854 0.0000000000
108223  5.703  15.782  17.760 0.0000000000
108224  4.526  15.359  17.664 0.0000000000
108225  3.418  15.321  17.160 0.0000000000
108226  2.888  14.892  16.850 0.0000000000
108240  3.268  15.806  16.800 0.0000000000
108241  2.805  15.477  16.417 0.0000000000
108253  2.530  15.702  15.398 0.0000000000
108266  5.094  15.179  14.100 0.0000000000
108267  4.116  15.069  14.118 0.0000000000
108268  3.165  15.071  14.152 0.0000000000
108269  2.656  15.497  14.550 0.0000000000
108279  6.539  15.937  13.016 0.0000000000
108280  5.660  15.677  13.729 0.0000000000
108281  4.388  15.780  13.876 0.0000000000
108282  3.380  15.683  13.901 0.0000000000
108283  2.874  15.611  14.083 0.0000000000
108293  6.586  16.020  12.249 0.0000000000
108303  6.332  15.804  11.803 0.0000000000
108304  5.690  15.625  11.482 0.0000000000
109387  9.178  16.250  18.016 0.0000000000
109388  8.141  16.125  17.938 0.0000000000
109389  7.580  16.065  17.910 0.0000000000
109400  9.732  17.086  17.897 0.0000000000
109401  8.752  16.890  17.690 0.0000000000
109402  7.565  16.587  17.630 0.0000000000
109403  6.408  16.602  17.468 0.0000000000
109404  5.224  16.530  17.291 0.0000000000
109405  4.088  16.110  17.141 0.0000000000
109406  3.544  15.925  16.933 0.0000000000
109416  5.158  17.026  16.966 0.0000000000
109417  4.580  16.888  16.828 0.0000000000
109418  3.503  16.437  16.570 0.0000000000
109419  2.775  16.385  15.949 0.0000000000
109428  2.630  16.536  15.394 0.0000000000
109442  2.529  16.423  14.796 0.0000000000
109456  6.286  16.854  12.991 0.0000000000
109457  5.649  16.618  13.335 0.0000000000
109458  4.576  16.506  13.553 0.0000000000
109459  3.479  16.406  13.589 0.0000000000
109460  2.710  16.278  14.011 0.0000000000
109472  6.611  16.897  12.414 0.0000000000
109475  6.568  16.655  11.789 0.0000000000
109476  5.911  16.576  11.269 0.0000000000
110557  9.401  17.774  17.565 0.0000000000
110558  8.372  17.603  17.300 0.0000000000
110559  7.202  17.541  17.107 0.0000000000
110560  6.038  17.221  17.079 0.0000000000
110561  5.451  17.090  17.012 0.0000000000
110569  7.153  18.067  16.848 0.0000000000
110570  6.561  17.953  16.788 0.0000000000
110571  5.402  17.597  16.648 0.0000000000
110572  4.187  17.598  16.206 0.0000000000
110573  3.193  17.103  15.916 0.0000000000
110574  2.803  16.835  15.623 0.0000000000
110581  4.079  18.056  15.816 0.0000000000
110582  3.558  17.854  15.620 0.0000000000
110583  2.758  17.301  15.191 0.0000000000
110590  2.585  17.223  14.355 0.0000000000
110599  6.199  17.378  12.752 0.0000000000
110600  5.570  17.341  13.045 0.0000000000
110601  4.604  17.231  13.184 0.0000000000
110602  3.573  17.126  13.221 0.0000000000
110603  2.752  17.281  13.542 0.0000000000
110616  6.349  17.843  12.387 0.0000000000
110617  5.580  17.947  12.722 0.0000000000
110618  4.613  17.895  12.829 0.0000000000
110619  3.638  17.773  12.832 0.0000000000
110620  2.911  17.679  12.938 0.0000000000
110633  6.652  17.694  11.652 0.0000000000
110634  6.386  17.126  11.394 0.0000000000
110646  6.768  18.221  11.049 0.0000000000
110647  6.223  17.666  10.819 0.0000000000
111752  9.160  18.669  17.073 0.0000000000
111753  8.031  18.240  16.875 0.0000000000
111754  7.449  18.120  16.857 0.0000000000
111761  9.069  19.255  16.726 0.0000000000
111762  8.477  19.015  16.618 0.0000000000
111763  7.382  18.649  16.547 0.0000000000
111764  6.187  18.607  16.302 0.0000000000
111765  5.046  18.435  15.897 0.0000000000
111766  4.387  18.160  15.856 0.0000000000
111775  4.874  18.907  15.535 0.0000000000
111776  4.212  18.586  15.484 0.0000000000
111777  3.135  18.359  14.877 0.0000000000
111778  2.686  17.794  14.630 0.0000000000
111786  2.952  18.741  14.358 0.0000000000
111787  2.600  18.251  14.061 0.0000000000
111796  2.643  18.268  13.226 0.0000000000
111807  6.473  18.567  12.044 0.0000000000
111808  5.661  18.575  12.407 0.0000000000
111809  4.661  18.539  12.514 0.0000000000
111810  3.696  18.458  12.492 0.0000000000
111811  2.933  18.386  12.647 0.0000000000
111825  7.126  19.320  11.003 0.0000000000
111826  6.820  18.778  11.357 0.0000000000
111843  7.041  19.459  10.680 0.0000000000
111844  6.656  18.954  10.500 0.0000000000
111845  5.664  18.400  10.173 0.0000000000
111860  6.320  19.403  9.982 0.0000000000
111861  5.867  19.118  9.837 0.0000000000
113068  9.489  19.654  16.942 0.0000000000
113075  8.918  19.759  16.520 0.0000000000
113076  8.088  19.629  16.234 0.0000000000
113077  7.010  19.619  15.842 0.0000000000
113078  5.786  19.205  15.705 0.0000000000
113079  5.195  19.025  15.571 0.0000000000
113088  6.867  20.213  15.445 0.0000000000
113089  6.236  19.927  15.355 0.0000000000
113090  5.025  19.582  15.121 0.0000000000
113091  3.762  19.144  14.772 0.0000000000
113092  3.193  18.923  14.509 0.0000000000
113102  4.769  20.153  14.565 0.0000000000
113103  4.135  19.864  14.441 0.0000000000
113104  3.083  19.388  13.935 0.0000000000
113105  2.651  18.796  13.513 0.0000000000
113117  2.869  19.810  13.212 0.0000000000
113118  2.636  19.230  12.896 0.0000000000
113131  6.432  19.223  11.795 0.0000000000
113132  5.707  19.235  12.091 0.0000000000
113133  4.705  19.176  12.199 0.0000000000
113134  3.784  19.053  12.154 0.0000000000
113135  2.983  19.098  12.120 0.0000000000
113147  7.168  19.793  11.120 0.0000000000
113148  6.760  19.660  11.437 0.0000000000
113149  5.854  19.874  11.785 0.0000000000
113150  4.714  19.857  11.843 0.0000000000
113151  3.774  19.606  11.846 0.0000000000
113152  3.331  19.360  11.913 0.0000000000
113163  7.183  19.781  10.823 0.0000000000
113164  7.007  19.811  10.453 0.0000000000
113180  6.639  19.825  9.978 0.0000000000
113181  6.053  19.779  9.612 0.0000000000
114414  9.378  20.496  16.751 0.0000000000
114415  8.671  20.546  16.180 0.0000000000
114416  7.912  20.252  15.864 0.0000000000
114426  8.167  20.892  15.767 0.0000000000
114427  7.450  20.638  15.503 0.0000000000
114428  6.701  20.707  15.130 0.0000000000
114429  5.927  20.324  14.946 0.0000000000
114441  6.168  20.947  14.722 0.0000000000
114442  5.372  20.592  14.526 0.0000000000
114443  4.526  20.565  14.081 0.0000000000
114444  3.789  20.211  13.915 0.0000000000
114454  4.038  20.621  13.642 0.0000000000
114455  3.393  20.431  13.250 0.0000000000
114456  2.832  20.038  12.766 0.0000000000
114465  3.129  20.623  12.373 0.0000000000
114466  2.804  19.899  12.143 0.0000000000
114477  7.128  20.005  11.229 0.0000000000
114478  7.010  20.216  11.218 0.0000000000
114479  6.193  20.510  11.497 0.0000000000
114480  4.960  20.629  11.560 0.0000000000
114481  3.510  20.518  11.552 0.0000000000
114482  3.139  19.691  11.798 0.0000000000
114498  7.233  20.034  11.009 0.0000000000
114499  7.102  20.414  10.745 0.0000000000
114519  6.986  20.612  10.066 0.0000000000
114520  6.393  20.605  9.501 0.0000000000
114521  5.648  20.321  9.238 0.0000000000
114541  5.938  20.938  9.085 0.0000000000
115800  9.132  21.313  16.559 0.0000000000
115812  8.610  21.481  16.018 0.0000000000
115813  7.978  21.549  15.490 0.0000000000
115814  7.324  21.285  15.186 0.0000000000
115824  7.550  21.874  15.085 0.0000000000
115825  6.842  21.612  14.731 0.0000000000
115826  5.922  21.514  14.254 0.0000000000
115827  5.144  21.147  14.001 0.0000000000
115836  5.399  21.723  13.748 0.0000000000
115837  4.458  21.323  13.335 0.0000000000
115838  3.621  21.142  12.711 0.0000000000
115847  4.038  21.691  12.542 0.0000000000
115848  3.446  21.508  12.014 0.0000000000
115862  6.625  21.035  11.152 0.0000000000
115863  5.466  21.482  11.230 0.0000000000
115864  4.192  21.320  11.125 0.0000000000
115865  3.567  21.659  11.306 0.0000000000
115881  7.146  22.197  10.111 0.0000000000
115882  6.935  21.479  10.482 0.0000000000
115883  4.471  21.915  10.937 0.0000000000
115884  3.788  21.913  10.882 0.0000000000
115885  3.495  22.005  11.007 0.0000000000
115899  7.139  22.437  9.676 0.0000000000
115900  6.910  21.705  9.460 0.0000000000
115901  6.349  21.221  9.185 0.0000000000
115912  6.695  22.063  8.907 0.0000000000
115913  6.033  21.731  8.748 0.0000000000
117195  8.807  22.208  16.618 0.0000000000
117207  8.389  22.243  15.844 0.0000000000
117208  7.940  22.385  15.376 0.0000000000
117218  7.381  22.507  14.862 0.0000000000
117219  6.478  22.512  14.208 0.0000000000
117220  5.857  22.080  13.872 0.0000000000
117229  6.280  23.006  13.806 0.0000000000
117230  5.477  22.570  13.321 0.0000000000
117231  4.553  22.022  12.783 0.0000000000
117243  5.198  23.310  12.673 0.0000000000
117244  4.203  22.561  12.059 0.0000000000
117245  3.569  22.013  11.625 0.0000000000
117260  6.193  21.860  11.036 0.0000000000
117261  5.672  21.912  11.058 0.0000000000
117262  3.786  22.805  11.061 0.0000000000
117263  3.583  22.220  11.275 0.0000000000
117276  7.150  23.001  9.999 0.0000000000
117277  6.496  22.583  10.580 0.0000000000
117278  5.250  22.390  10.878 0.0000000000
117279  4.079  22.440  10.755 0.0000000000
117280  3.651  22.276  10.943 0.0000000000
117294  7.145  22.864  9.222 0.0000000000
117295  6.938  22.292  9.002 0.0000000000
117304  6.964  23.282  8.713 0.0000000000
117305  6.557  22.711  8.626 0.0000000000
117306  5.475  22.730  8.146 0.0000000000
117314  5.165  23.256  7.789 0.0000000000
118477  8.343  22.899  16.112 0.0000000000
118488  8.168  22.728  15.692 0.0000000000
118489  7.779  23.252  15.522 0.0000000000
118499  7.139  23.321  14.709 0.0000000000
118500  6.618  23.456  14.216 0.0000000000
118514  6.197  23.540  13.730 0.0000000000
118515  5.778  23.687  13.243 0.0000000000
118529  5.475  24.018  12.761 0.0000000000
118530  4.894  23.771  12.121 0.0000000000
118541  4.395  23.545  11.352 0.0000000000
118550  7.030  23.602  10.033 0.0000000000
118551  6.501  23.596  10.295 0.0000000000
118552  5.456  23.442  10.574 0.0000000000
118553  4.372  23.353  10.697 0.0000000000
118566  7.129  23.823  9.608 0.0000000000
118567  6.851  24.014  10.048 0.0000000000
118574  7.253  23.929  8.828 0.0000000000
118575  6.661  23.744  8.268 0.0000000000
118576  6.111  23.213  8.199 0.0000000000
118583  6.344  24.198  7.848 0.0000000000
118584  5.729  23.740  7.789 0.0000000000
119686  7.046  24.128  15.266 0.0000000000
119687  6.404  24.735  15.437 0.0000000000
119699  6.825  23.850  14.651 0.0000000000
119700  6.338  24.421  14.444 0.0000000000
119701  5.840  24.960  14.227 0.0000000000
119714  6.118  24.090  13.685 0.0000000000
119715  5.721  24.633  13.541 0.0000000000
119723  5.242  24.694  12.556 0.0000000000
119724  4.755  24.561  11.702 0.0000000000
119732  4.376  24.417  10.934 0.0000000000
119741  6.337  24.278  10.132 0.0000000000
119742  5.592  24.228  10.269 0.0000000000
119743  4.628  24.374  10.322 0.0000000000
119756  7.238  24.779  9.215 0.0000000000
119757  6.662  24.700  9.795 0.0000000000
119758  5.755  24.806  9.984 0.0000000000
119759  4.979  24.761  9.955 0.0000000000
119765  7.235  24.912  8.514 0.0000000000
119766  7.059  24.318  8.371 0.0000000000
119772  7.219  25.238  8.109 0.0000000000
119773  6.871  24.732  7.909 0.0000000000
119774  6.048  24.661  7.517 0.0000000000
120885  5.843  25.234  14.665 0.0000000000
120886  5.524  25.646  14.186 0.0000000000
120895  5.284  25.582  13.188 0.0000000000
120902  4.895  25.513  12.253 0.0000000000
120903  4.539  25.408  11.348 0.0000000000
120910  4.303  25.314  10.575 0.0000000000
120920  4.393  25.310  9.897 0.0000000000
120934  7.334  25.728  8.914 0.0000000000
120935  6.802  25.617  9.465 0.0000000000
120936  5.868  25.550  9.755 0.0000000000
120937  5.059  25.319  9.789 0.0000000000
120943  7.325  25.723  8.296 0.0000000000
120949  7.122  25.643  7.800 0.0000000000
120950  6.488  25.463  7.443 0.0000000000
120951  5.631  25.414  7.067 0.0000000000
121962  5.308  26.579  13.725 0.0000000000
121965  4.976  26.464  12.807 0.0000000000
121966  4.609  26.353  11.906 0.0000000000
121969  4.265  26.267  11.038 0.0000000000
121976  4.092  26.237  10.206 0.0000000000
121986  7.290  26.329  8.891 0.0000000000
121987  6.986  26.392  9.181 0.0000000000
121988  6.097  26.453  9.470 0.0000000000
121989  4.746  26.350  9.583 0.0000000000
121992  7.324  26.386  8.543 0.0000000000
121995  7.430  26.468  7.919 0.0000000000
121996  6.869  26.364  7.369 0.0000000000
121997  6.227  26.021  7.089 0.0000000000
122000  6.433  26.592  6.914 0.0000000000
122001  5.665  26.297  6.702 0.0000000000
122931  5.360  27.474  13.162 0.0000000000
122934  4.863  27.310  12.321 0.0000000000
122935  4.413  27.186  11.573 0.0000000000
122938  4.012  27.180  10.748 0.0000000000
122948  3.810  27.314  9.806 0.0000000000
122949  3.703  27.986  9.322 0.0000000000
122961  7.210  26.774  8.853 0.0000000000
122962  6.589  27.322  9.033 0.0000000000
122963  5.328  27.327  9.158 0.0000000000
122964  4.136  27.650  8.971 0.0000000000
122965  3.698  28.107  9.032 0.0000000000
122969  7.280  27.334  8.362 0.0000000000
122970  6.899  27.814  8.630 0.0000000000
122971  4.835  27.836  8.894 0.0000000000
122972  4.512  28.088  8.779 0.0000000000
122976  7.210  27.353  7.507 0.0000000000
122977  6.856  27.046  7.009 0.0000000000
122980  6.974  27.684  6.906 0.0000000000
122981  6.374  27.306  6.579 0.0000000000
123904  5.443  28.492  12.312 0.0000000000
123905  4.806  27.786  11.881 0.0000000000
123915  5.062  28.711  11.536 0.0000000000
123916  4.536  28.179  11.290 0.0000000000
123930  3.869  28.025  10.469 0.0000000000
123931  3.621  28.330  9.809 0.0000000000
123944  5.775  27.845  8.965 0.0000000000
123945  5.271  27.823  8.912 0.0000000000
123946  3.753  28.324  8.868 0.0000000000
123947  3.549  28.566  9.158 0.0000000000
123951  7.083  28.239  8.332 0.0000000000
123952  6.372  28.283  8.694 0.0000000000
123953  5.169  28.371  8.748 0.0000000000
123954  4.155  28.555  8.581 0.0000000000
123955  3.646  28.882  8.735 0.0000000000
123959  7.316  28.185  7.845 0.0000000000
123968  7.223  28.350  7.186 0.0000000000
123969  6.724  28.411  6.442 0.0000000000
123970  6.158  27.868  6.212 0.0000000000
123983  6.492  28.930  6.053 0.0000000000
124911  5.304  29.386  11.450 0.0000000000
124912  4.806  28.864  11.189 0.0000000000
124922  5.045  29.843  10.915 0.0000000000
124923  4.330  29.201  10.478 0.0000000000
124924  3.605  29.061  9.617 0.0000000000
124935  3.828  29.714  9.614 0.0000000000
124936  3.474  29.540  8.989 0.0000000000
124943  7.229  28.662  8.033 0.0000000000
124944  6.813  29.029  8.234 0.0000000000
124945  5.862  29.174  8.519 0.0000000000
124946  4.777  29.344  8.440 0.0000000000
124947  3.845  29.643  8.352 0.0000000000
124956  7.209  29.099  7.614 0.0000000000
124957  6.901  29.775  7.862 0.0000000000
124968  7.246  29.343  6.841 0.0000000000
124969  6.851  29.432  6.230 0.0000000000
124981  6.362  29.434  5.786 0.0000000000
125890  5.556  30.453  11.237 0.0000000000
125899  4.918  30.352  10.518 0.0000000000
125900  4.312  30.341  9.886 0.0000000000
125913  3.712  30.506  9.233 0.0000000000
125914  3.634  30.511  8.532 0.0000000000
125930  6.346  29.731  8.156 0.0000000000
125931  5.508  30.009  8.180 0.0000000000
125932  4.495  30.262  8.065 0.0000000000
125933  3.796  30.725  7.948 0.0000000000
125950  7.196  30.307  7.255 0.0000000000
125951  6.323  30.547  7.769 0.0000000000
125952  5.198  30.875  7.904 0.0000000000
125953  4.286  31.031  7.774 0.0000000000
125954  3.904  31.182  7.748 0.0000000000
125964  7.127  30.401  6.369 0.0000000000
125965  6.812  30.049  5.875 0.0000000000
125973  6.963  30.716  5.718 0.0000000000
125974  6.328  30.314  5.412 0.0000000000
126966  5.400  31.424  10.541 0.0000000000
126967  4.769  30.893  10.111 0.0000000000
126987  5.161  32.047  9.916 0.0000000000
126988  4.475  31.466  9.523 0.0000000000
126989  3.682  31.382  8.719 0.0000000000
127012  3.622  31.313  8.139 0.0000000000
127033  6.807  31.419  7.266 0.0000000000
127034  5.862  31.613  7.617 0.0000000000
127035  4.748  31.651  7.676 0.0000000000
127036  4.027  31.550  7.610 0.0000000000
127037  3.781  31.413  7.808 0.0000000000
127054  7.166  31.371  6.666 0.0000000000
127063  7.304  31.488  5.892 0.0000000000
127064  6.667  31.396  5.184 0.0000000000
127065  6.088  30.863  5.058 0.0000000000
127071  6.366  31.840  4.789 0.0000000000
127072  5.757  31.417  4.683 0.0000000000
128015  4.954  32.748  9.435 0.0000000000
128016  4.013  32.475  8.692 0.0000000000
128017  3.688  31.940  8.242 0.0000000000
128032  3.748  32.674  7.941 0.0000000000
128033  3.732  31.898  7.859 0.0000000000
128046  7.102  32.001  6.900 0.0000000000
128047  6.467  32.531  7.102 0.0000000000
128048  5.257  32.427  7.471 0.0000000000
128049  4.182  32.323  7.548 0.0000000000
128050  3.861  31.794  7.699 0.0000000000
128064  7.213  32.563  6.294 0.0000000000
128065  6.808  33.166  6.633 0.0000000000
128080  7.129  32.469  5.292 0.0000000000
128081  6.715  32.154  4.845 0.0000000000
128092  6.792  32.746  4.680 0.0000000000
128093  6.191  32.400  4.506 0.0000000000
128094  5.345  32.347  4.169 0.0000000000
128926  5.092  33.783  9.201 0.0000000000
128927  4.500  33.316  8.790 0.0000000000
128936  4.686  33.936  8.588 0.0000000000
128937  4.142  33.567  8.194 0.0000000000
128948  5.587  33.124  7.218 0.0000000000
128949  4.789  33.122  7.355 0.0000000000
128950  4.303  33.406  7.592 0.0000000000
128960  7.037  33.865  6.254 0.0000000000
128961  6.182  33.693  6.857 0.0000000000
128962  5.180  33.721  7.173 0.0000000000
128963  4.696  33.619  7.364 0.0000000000
128974  7.306  33.556  5.456 0.0000000000
128987  7.129  33.386  4.719 0.0000000000
128988  6.462  33.359  4.165 0.0000000000
128989  5.863  32.883  4.143 0.0000000000
129001  6.165  33.903  3.691 0.0000000000
129002  5.476  33.402  3.717 0.0000000000
129769  5.201  34.557  8.861 0.0000000000
129770  4.661  34.505  8.231 0.0000000000
129780  4.541  34.327  7.676 0.0000000000
129790  6.931  34.531  6.073 0.0000000000
129791  6.332  34.711  6.362 0.0000000000
129792  5.354  34.470  6.808 0.0000000000
129793  4.748  34.129  7.304 0.0000000000
129804  7.182  34.670  5.591 0.0000000000
129805  6.808  34.834  5.992 0.0000000000
129818  7.333  34.398  4.607 0.0000000000
129819  7.022  33.858  4.276 0.0000000000
129835  7.236  34.849  4.006 0.0000000000
129836  6.780  34.374  3.804 0.0000000000
129837  5.841  34.558  3.281 0.0000000000
129853  5.650  35.165  2.858 0.0000000000
130714  5.210  35.342  8.521 0.0000000000
130730  4.792  35.277  7.808 0.0000000000
130745  6.022  35.333  6.268 0.0000000000
130746  5.404  35.389  6.441 0.0000000000
130747  4.647  35.190  7.026 0.0000000000
130761  7.123  35.442  5.395 0.0000000000
130762  6.519  35.404  5.890 0.0000000000
130763  5.760  35.698  6.142 0.0000000000
130776  7.397  35.265  4.941 0.0000000000
130793  7.365  35.340  4.257 0.0000000000
130794  7.041  35.347  3.527 0.0000000000
130795  6.502  34.942  3.374 0.0000000000
130812  6.913  35.768  3.086 0.0000000000
130813  6.320  35.481  2.918 0.0000000000
131739  5.153  36.021  8.188 0.0000000000
131755  5.269  36.754  8.337 0.0000000000
131756  4.933  36.354  7.533 0.0000000000
131771  5.334  35.936  6.176 0.0000000000
131772  4.839  36.389  6.464 0.0000000000
131784  7.284  35.728  5.128 0.0000000000
131785  6.855  36.101  5.386 0.0000000000
131786  5.729  36.357  5.835 0.0000000000
131787  4.896  37.059  5.826 0.0000000000
131797  7.387  36.030  4.722 0.0000000000
131798  6.983  36.661  4.978 0.0000000000
131807  7.465  36.149  3.849 0.0000000000
131808  7.211  36.004  3.265 0.0000000000
131819  7.343  36.533  3.276 0.0000000000
131820  6.955  36.282  2.785 0.0000000000
131821  6.077  36.325  2.350 0.0000000000
132638  5.206  37.472  8.091 0.0000000000
132639  4.933  37.448  7.233 0.0000000000
132652  4.720  37.673  6.442 0.0000000000
132668  6.372  36.804  5.324 0.0000000000
132669  5.591  37.393  5.402 0.0000000000
132670  4.758  37.920  5.702 0.0000000000
132687  7.301  36.826  4.418 0.0000000000
132688  6.589  37.377  4.863 0.0000000000
132689  5.852  37.980  4.952 0.0000000000
132703  7.453  37.038  3.712 0.0000000000
132715  7.419  37.187  2.914 0.0000000000
132716  6.847  36.938  2.297 0.0000000000
132717  6.219  36.980  1.996 0.0000000000
132723  7.254  37.588  2.325 0.0000000000
132724  6.775  37.485  1.847 0.0000000000
133495  5.036  38.932  8.212 0.0000000000
133500  5.144  38.221  7.895 0.0000000000
133501  4.849  38.616  7.331 0.0000000000
133504  4.553  38.704  6.392 0.0000000000
133512  5.148  38.122  5.174 0.0000000000
133513  4.587  38.848  5.446 0.0000000000
133528  7.155  37.524  4.257 0.0000000000
133529  6.516  38.202  4.428 0.0000000000
133530  5.412  38.670  4.715 0.0000000000
133531  4.741  39.346  4.846 0.0000000000
133548  7.316  37.976  3.667 0.0000000000
133549  6.806  38.705  3.953 0.0000000000
133567  7.468  38.134  2.794 0.0000000000
133574  7.400  38.255  1.982 0.0000000000
133575  6.709  38.043  1.443 0.0000000000
133581  7.240  38.661  1.453 0.0000000000
133582  6.718  38.571  0.983 0.0000000000
134377  4.856  39.647  8.087 0.0000000000
134386  4.666  39.623  7.218 0.0000000000
134389  4.497  39.707  6.344 0.0000000000
134396  4.453  39.897  5.495 0.0000000000
134409  6.130  38.922  4.262 0.0000000000
134410  5.394  39.512  4.295 0.0000000000
134411  4.577  40.079  4.674 0.0000000000
134420  7.242  38.820  3.376 0.0000000000
134421  6.457  39.412  3.776 0.0000000000
134422  5.742  40.031  3.828 0.0000000000
134433  7.480  38.988  2.638 0.0000000000
134437  7.592  39.204  1.895 0.0000000000
134441  7.396  39.307  1.145 0.0000000000
134442  6.753  39.250  0.448 0.0000000000
134449  6.446  39.604  -0.090 0.0000000000
135257  4.749  40.450  7.900 0.0000000000
135268  4.655  40.515  7.177 0.0000000000
135276  4.562  40.703  6.354 0.0000000000
135289  4.433  40.869  5.429 0.0000000000
135302  5.009  40.206  4.055 0.0000000000
135303  4.499  41.001  4.369 0.0000000000
135312  7.150  39.528  3.215 0.0000000000
135313  6.514  40.231  3.335 0.0000000000
135314  5.373  40.711  3.546 0.0000000000
135315  4.693  41.448  3.599 0.0000000000
135325  7.394  39.962  2.598 0.0000000000
135326  6.873  40.702  2.785 0.0000000000
135329  7.627  40.101  1.681 0.0000000000
135332  7.542  40.231  0.733 0.0000000000
135333  7.083  39.964  0.069 0.0000000000
135337  7.388  40.662  0.047 0.0000000000
135338  6.719  40.323  -0.489 0.0000000000
136100  4.758  40.950  7.676 0.0000000000
136110  4.713  41.487  7.296 0.0000000000
136130  4.477  41.668  6.299 0.0000000000
136150  4.333  41.897  5.359 0.0000000000
136160  4.367  42.160  4.332 0.0000000000
136173  6.178  40.936  3.059 0.0000000000
136174  5.440  41.466  3.009 0.0000000000
136175  4.611  42.279  3.191 0.0000000000
136184  7.298  40.711  2.226 0.0000000000
136185  6.558  41.462  2.383 0.0000000000
136186  5.508  42.175  2.480 0.0000000000
136187  4.869  42.697  2.492 0.0000000000
136190  7.469  41.160  1.502 0.0000000000
136191  6.962  41.997  1.662 0.0000000000
136194  7.574  41.379  0.504 0.0000000000
136198  7.358  41.481  -0.452 0.0000000000
136199  6.602  41.056  -1.039 0.0000000000
136203  7.061  41.819  -1.158 0.0000000000
136204  6.358  41.653  -1.527 0.0000000000
137145  4.304  43.332  4.101 0.0000000000
137158  4.517  43.222  2.964 0.0000000000
137163  6.261  42.310  1.957 0.0000000000
137164  5.472  42.944  1.867 0.0000000000
137165  4.761  43.189  2.270 0.0000000000
137169  7.400  42.046  1.038 0.0000000000
137170  6.670  42.928  1.237 0.0000000000
137171  5.881  43.314  1.475 0.0000000000
137175  7.535  42.680  0.130 0.0000000000
137176  7.080  43.362  0.519 0.0000000000
137179  7.479  42.574  -1.015 0.0000000000
137183  6.896  42.448  -1.642 0.0000000000
137184  6.094  42.324  -2.099 0.0000000000
137486  5.379  42.587  -26.297 0.0000000000
137496  6.135  43.214  -27.747 0.0000000000
137497  5.796  42.753  -27.203 0.0000000000
137508  6.320  43.263  -28.179 0.0000000000
137509  6.042  42.607  -28.202 0.0000000000
137518  6.247  43.149  -28.666 0.0000000000
137519  5.756  42.644  -29.179 0.0000000000
138221  4.408  44.130  3.424 0.0000000000
138231  4.880  43.469  1.879 0.0000000000
138232  4.573  43.868  2.372 0.0000000000
138244  6.046  43.559  1.200 0.0000000000
138245  5.306  43.768  1.397 0.0000000000
138246  4.778  43.860  1.777 0.0000000000
138257  7.222  43.975  -0.056 0.0000000000
138258  6.434  43.825  0.681 0.0000000000
138259  5.825  43.886  1.026 0.0000000000
138271  7.636  43.661  -0.929 0.0000000000
138284  7.299  43.429  -2.014 0.0000000000
138285  6.709  42.880  -2.138 0.0000000000
138287  7.068  43.769  -2.685 0.0000000000
138288  6.310  43.351  -2.790 0.0000000000
138294  6.007  43.791  -3.476 0.0000000000
138473  5.098  43.132  -25.971 0.0000000000
138484  5.436  43.571  -26.464 0.0000000000
138485  5.128  44.411  -26.155 0.0000000000
138499  6.421  43.694  -27.818 0.0000000000
138500  6.055  43.818  -27.271 0.0000000000
138514  6.586  43.759  -28.387 0.0000000000
138532  6.371  43.579  -29.252 0.0000000000
139216  4.485  44.892  2.762 0.0000000000
139226  5.091  44.295  1.216 0.0000000000
139227  4.741  44.511  1.661 0.0000000000
139236  7.038  44.620  -0.293 0.0000000000
139237  6.437  44.726  0.055 0.0000000000
139238  5.556  44.427  0.827 0.0000000000
139239  5.028  44.611  1.132 0.0000000000
139249  7.328  44.825  -0.811 0.0000000000
139250  6.877  44.945  -0.403 0.0000000000
139267  7.690  44.556  -1.820 0.0000000000
139283  7.384  44.421  -2.911 0.0000000000
139284  6.909  43.931  -3.016 0.0000000000
139292  7.137  44.750  -3.580 0.0000000000
139293  6.557  44.295  -3.591 0.0000000000
139308  6.481  44.832  -4.173 0.0000000000
139495  6.276  44.812  -27.070 0.0000000000
139496  5.859  44.620  -26.779 0.0000000000
139497  5.082  45.230  -26.163 0.0000000000
139513  7.033  45.126  -27.870 0.0000000000
139514  6.623  44.621  -27.561 0.0000000000
139515  6.202  44.333  -27.196 0.0000000000
139531  7.098  44.981  -28.185 0.0000000000
139532  6.976  44.503  -28.749 0.0000000000
140144  4.603  45.714  1.990 0.0000000000
140151  6.028  45.271  -0.094 0.0000000000
140152  5.599  45.130  0.296 0.0000000000
140153  4.941  45.287  0.898 0.0000000000
140160  7.151  45.488  -0.997 0.0000000000
140161  6.498  45.581  -0.621 0.0000000000
140162  5.588  45.637  -0.126 0.0000000000
140163  5.213  45.510  0.287 0.0000000000
140170  7.411  45.664  -1.571 0.0000000000
140171  7.003  45.814  -1.098 0.0000000000
140185  7.750  45.440  -2.624 0.0000000000
140202  7.417  45.411  -3.790 0.0000000000
140203  6.853  44.944  -3.977 0.0000000000
140413  4.787  45.725  -25.641 0.0000000000
140431  6.273  45.261  -26.934 0.0000000000
140432  5.600  45.703  -26.443 0.0000000000
140433  4.958  46.039  -26.027 0.0000000000
140449  6.957  45.418  -27.625 0.0000000000
140450  6.714  45.624  -27.199 0.0000000000
140460  7.300  45.542  -28.059 0.0000000000
140461  7.272  45.223  -28.610 0.0000000000
140468  7.496  45.742  -28.641 0.0000000000
141003  4.652  46.519  1.067 0.0000000000
141008  6.168  46.236  -0.891 0.0000000000
141009  5.529  46.376  -0.631 0.0000000000
141010  4.961  46.058  0.158 0.0000000000
141014  7.233  46.283  -1.735 0.0000000000
141015  6.637  46.383  -1.354 0.0000000000
141016  5.974  46.522  -1.038 0.0000000000
141018  7.471  46.427  -2.276 0.0000000000
141019  7.086  46.572  -1.831 0.0000000000
141029  7.803  46.295  -3.322 0.0000000000
141255  4.819  47.004  -25.205 0.0000000000
141256  4.828  46.371  -25.663 0.0000000000
141274  6.908  46.534  -26.894 0.0000000000
141275  6.429  46.306  -26.716 0.0000000000
141276  5.269  46.784  -25.910 0.0000000000
141277  4.935  46.403  -25.893 0.0000000000
141285  7.106  46.186  -27.306 0.0000000000
141286  6.776  46.025  -27.059 0.0000000000
141289  7.604  46.296  -28.158 0.0000000000
141815  5.226  46.891  -0.724 0.0000000000
141816  4.770  47.281  -0.169 0.0000000000
141819  6.326  46.836  -1.576 0.0000000000
141820  5.627  47.070  -1.273 0.0000000000
141821  4.778  47.929  -1.061 0.0000000000
141824  7.295  46.854  -2.390 0.0000000000
141825  6.750  47.084  -2.050 0.0000000000
141826  5.831  47.710  -1.997 0.0000000000
141833  7.488  47.042  -2.847 0.0000000000
141834  6.932  47.606  -2.817 0.0000000000
141845  7.934  47.132  -3.854 0.0000000000
142095  5.564  48.174  -25.475 0.0000000000
142096  5.047  47.961  -25.206 0.0000000000
142097  5.156  48.278  -24.732 0.0000000000
142103  7.780  47.690  -27.144 0.0000000000
142104  7.090  47.173  -26.744 0.0000000000
142105  6.072  47.572  -26.045 0.0000000000
142106  5.438  47.615  -25.655 0.0000000000
142113  8.107  47.702  -27.778 0.0000000000
142114  7.681  46.988  -27.558 0.0000000000
142689  4.604  48.653  -0.469 0.0000000000
142698  5.211  48.029  -1.650 0.0000000000
142699  4.652  48.867  -1.489 0.0000000000
142702  6.289  47.845  -2.534 0.0000000000
142703  5.464  48.562  -2.400 0.0000000000
142704  4.726  49.339  -2.224 0.0000000000
142709  7.382  47.654  -3.398 0.0000000000
142710  6.613  48.374  -3.259 0.0000000000
142711  5.734  49.053  -3.139 0.0000000000
142719  7.643  48.120  -4.192 0.0000000000
142720  7.001  48.889  -4.000 0.0000000000
142990  5.504  50.323  -23.063 0.0000000000
143003  5.173  50.145  -23.617 0.0000000000
143011  7.122  48.958  -25.929 0.0000000000
143012  6.181  48.789  -25.498 0.0000000000
143013  5.322  48.973  -24.997 0.0000000000
143014  5.261  48.764  -24.585 0.0000000000
143017  8.205  48.486  -27.202 0.0000000000
143018  7.508  48.246  -26.581 0.0000000000
143019  6.794  48.142  -26.161 0.0000000000
143655  4.527  49.770  -0.764 0.0000000000
143667  4.500  49.926  -1.691 0.0000000000
143677  5.124  49.372  -2.786 0.0000000000
143678  4.642  50.122  -2.583 0.0000000000
143681  6.268  49.173  -3.664 0.0000000000
143682  5.428  49.887  -3.471 0.0000000000
143683  4.717  50.594  -3.176 0.0000000000
143689  7.512  48.935  -4.659 0.0000000000
143690  6.619  49.707  -4.402 0.0000000000
143691  5.702  50.424  -4.153 0.0000000000
143702  7.728  49.463  -5.401 0.0000000000
143703  6.959  50.197  -5.182 0.0000000000
143720  7.918  49.894  -6.113 0.0000000000
143930  8.222  49.942  -26.132 0.0000000000
143931  7.542  49.765  -25.727 0.0000000000
143932  6.723  49.777  -25.332 0.0000000000
143933  5.774  50.069  -24.725 0.0000000000
143934  4.878  49.994  -24.134 0.0000000000
143937  8.528  49.461  -26.883 0.0000000000
143938  7.887  49.123  -26.389 0.0000000000
144561  4.500  50.825  -1.960 0.0000000000
144573  4.488  51.006  -2.666 0.0000000000
144582  5.041  50.793  -3.732 0.0000000000
144583  4.613  51.283  -3.283 0.0000000000
144588  6.185  50.645  -4.780 0.0000000000
144589  5.363  51.142  -4.351 0.0000000000
144598  7.427  50.223  -5.762 0.0000000000
144599  6.679  50.913  -5.641 0.0000000000
144613  7.644  50.633  -6.527 0.0000000000
144614  6.859  51.398  -6.323 0.0000000000
144631  7.912  50.985  -7.377 0.0000000000
144795  4.239  51.007  -23.033 0.0000000000
144808  7.678  50.956  -25.180 0.0000000000
144814  9.038  51.008  -26.170 0.0000000000
144815  8.502  50.677  -25.842 0.0000000000
144816  7.915  50.448  -25.546 0.0000000000
144817  7.245  50.479  -25.231 0.0000000000
144821  8.755  50.315  -26.553 0.0000000000
145377  4.817  51.535  -3.871 0.0000000000
145386  5.769  51.478  -5.014 0.0000000000
145387  5.023  52.070  -4.449 0.0000000000
145388  4.691  51.987  -3.911 0.0000000000
145396  6.047  52.006  -5.755 0.0000000000
145397  5.480  52.094  -5.125 0.0000000000
145406  7.340  51.485  -7.008 0.0000000000
145407  6.626  52.059  -6.634 0.0000000000
145426  7.685  51.702  -7.977 0.0000000000
145427  7.028  52.077  -7.308 0.0000000000
145442  7.942  51.908  -9.065 0.0000000000
145450  8.175  52.017  -9.615 0.0000000000
145564  5.636  50.918  -22.546 0.0000000000
145565  4.999  51.320  -22.612 0.0000000000
145566  4.377  51.375  -22.820 0.0000000000
145574  4.981  51.005  -24.257 0.0000000000
145575  4.339  51.156  -23.509 0.0000000000
145582  8.408  51.673  -25.042 0.0000000000
145583  8.024  51.496  -24.969 0.0000000000
145584  7.085  51.329  -24.757 0.0000000000
145588  9.245  51.472  -25.917 0.0000000000
145589  8.737  51.469  -25.414 0.0000000000
145590  8.175  51.002  -25.376 0.0000000000
146129  5.782  52.674  -5.758 0.0000000000
146130  5.390  52.850  -5.212 0.0000000000
146140  6.106  52.716  -6.238 0.0000000000
146154  7.018  52.450  -7.777 0.0000000000
146155  6.465  52.785  -7.120 0.0000000000
146171  7.199  52.701  -8.596 0.0000000000
146172  6.647  53.040  -7.894 0.0000000000
146183  8.271  52.129  -10.028 0.0000000000
146184  7.716  52.536  -9.612 0.0000000000
146193  7.987  52.530  -10.527 0.0000000000
146201  8.222  52.366  -11.085 0.0000000000
146305  6.297  51.960  -21.548 0.0000000000
146306  5.517  52.513  -21.781 0.0000000000
146307  5.025  52.827  -21.905 0.0000000000
146313  6.124  51.358  -22.118 0.0000000000
146314  5.652  51.729  -22.175 0.0000000000
146315  4.753  52.294  -22.323 0.0000000000
146316  3.883  52.196  -22.940 0.0000000000
146323  8.028  52.752  -24.186 0.0000000000
146324  7.163  52.810  -24.026 0.0000000000
146325  6.334  52.891  -23.948 0.0000000000
146326  5.559  52.821  -23.962 0.0000000000
146327  4.834  52.210  -23.911 0.0000000000
146328  4.151  52.199  -23.472 0.0000000000
146333  9.229  52.389  -24.858 0.0000000000
146334  8.470  52.062  -24.786 0.0000000000
146335  7.568  52.105  -24.490 0.0000000000
146336  6.663  52.189  -24.332 0.0000000000
146337  5.988  52.357  -24.190 0.0000000000
146338  5.538  52.253  -24.152 0.0000000000
146341  9.561  52.032  -25.687 0.0000000000
146342  9.008  51.978  -25.171 0.0000000000
146898  5.724  53.135  -5.846 0.0000000000
146899  5.572  53.803  -5.684 0.0000000000
146911  5.868  53.585  -6.483 0.0000000000
146921  6.214  53.755  -7.417 0.0000000000
146932  6.931  53.195  -8.753 0.0000000000
146933  6.580  53.706  -8.470 0.0000000000
146945  7.061  53.257  -9.178 0.0000000000
146946  6.627  54.077  -9.428 0.0000000000
146958  7.265  53.401  -10.222 0.0000000000
146959  6.638  54.349  -10.219 0.0000000000
146974  8.193  52.510  -11.827 0.0000000000
146975  7.840  52.993  -11.508 0.0000000000
146990  7.893  53.413  -12.688 0.0000000000
147004  7.900  53.588  -13.702 0.0000000000
147009  7.854  53.732  -14.638 0.0000000000
147016  7.838  53.734  -15.518 0.0000000000
147035  7.278  53.536  -18.788 0.0000000000
147041  7.035  53.518  -19.349 0.0000000000
147046  6.753  53.171  -20.193 0.0000000000
147047  6.152  53.399  -20.680 0.0000000000
147052  6.433  52.749  -20.877 0.0000000000
147053  5.821  53.104  -21.233 0.0000000000
147054  5.137  53.227  -21.574 0.0000000000
147062  9.058  53.908  -23.119 0.0000000000
147063  8.090  53.914  -23.124 0.0000000000
147064  7.162  54.001  -23.127 0.0000000000
147065  6.386  54.044  -23.171 0.0000000000
147066  4.623  53.303  -22.031 0.0000000000
147067  4.077  53.190  -22.599 0.0000000000
147075  8.657  53.322  -23.764 0.0000000000
147076  7.638  53.380  -23.620 0.0000000000
147077  6.761  53.458  -23.562 0.0000000000
147078  5.815  53.579  -23.496 0.0000000000
147079  4.927  53.308  -23.578 0.0000000000
147080  4.044  53.134  -23.373 0.0000000000
147085  9.446  52.988  -24.304 0.0000000000
147086  8.755  52.707  -24.370 0.0000000000
147644  5.696  54.471  -6.932 0.0000000000
147656  5.820  54.831  -7.774 0.0000000000
147666  6.109  54.832  -8.780 0.0000000000
147676  6.180  55.015  -9.717 0.0000000000
147686  6.973  54.221  -11.062 0.0000000000
147687  6.274  55.143  -10.664 0.0000000000
147697  7.167  54.192  -12.137 0.0000000000
147698  6.451  55.176  -11.681 0.0000000000
147709  7.286  54.291  -13.164 0.0000000000
147710  6.608  55.166  -12.717 0.0000000000
147727  7.400  54.403  -14.071 0.0000000000
147728  6.783  55.086  -13.682 0.0000000000
147744  7.318  54.676  -14.984 0.0000000000
147745  6.971  54.932  -14.309 0.0000000000
147757  7.473  54.354  -15.983 0.0000000000
147765  7.289  54.392  -16.941 0.0000000000
147766  6.823  55.065  -17.156 0.0000000000
147777  7.413  53.990  -17.973 0.0000000000
147778  6.848  54.824  -17.784 0.0000000000
147790  7.326  53.738  -18.466 0.0000000000
147791  6.882  54.313  -18.714 0.0000000000
147800  6.330  54.287  -19.639 0.0000000000
147801  5.696  54.612  -20.243 0.0000000000
147805  6.079  53.920  -20.305 0.0000000000
147806  5.486  54.027  -20.761 0.0000000000
147807  4.970  54.308  -21.132 0.0000000000
147815  8.959  54.764  -21.960 0.0000000000
147816  7.984  54.913  -22.060 0.0000000000
147817  7.082  55.024  -22.157 0.0000000000
147818  5.182  53.736  -21.220 0.0000000000
147819  4.706  54.026  -21.594 0.0000000000
147828  8.517  54.366  -22.548 0.0000000000
147829  7.554  54.470  -22.595 0.0000000000
147830  6.515  54.658  -22.636 0.0000000000
147831  5.590  54.382  -22.864 0.0000000000
147832  4.490  54.243  -22.521 0.0000000000
147833  4.093  53.721  -22.896 0.0000000000
147839  5.017  53.956  -23.217 0.0000000000
147840  4.400  53.803  -23.226 0.0000000000
147841  4.028  53.714  -23.201 0.0000000000
148448  5.632  55.499  -8.255 0.0000000000
148464  5.658  55.686  -9.169 0.0000000000
148479  5.650  55.848  -10.139 0.0000000000
148523  6.237  56.145  -13.374 0.0000000000
148540  6.828  55.269  -15.171 0.0000000000
148541  6.531  55.664  -14.519 0.0000000000
148555  6.973  55.023  -15.726 0.0000000000
148556  6.544  55.750  -15.481 0.0000000000
148567  7.100  54.778  -16.280 0.0000000000
148568  6.697  55.451  -16.481 0.0000000000
148577  6.527  55.687  -17.435 0.0000000000
148590  6.261  55.669  -18.513 0.0000000000
148591  5.869  56.308  -19.044 0.0000000000
148607  6.331  54.984  -19.152 0.0000000000
148608  5.843  55.566  -19.676 0.0000000000
148627  7.875  55.809  -20.903 0.0000000000
148628  6.831  55.954  -21.047 0.0000000000
148629  6.206  56.091  -21.140 0.0000000000
148630  5.102  55.107  -20.866 0.0000000000
148631  4.807  54.575  -21.336 0.0000000000
148648  8.420  55.310  -21.452 0.0000000000
148649  7.361  55.429  -21.577 0.0000000000
148650  6.058  55.501  -21.789 0.0000000000
148651  4.982  55.355  -21.736 0.0000000000
148652  4.633  54.773  -21.699 0.0000000000
148658  5.799  54.961  -22.488 0.0000000000
148659  5.144  55.059  -22.400 0.0000000000
148660  4.634  54.978  -22.151 0.0000000000
149380  6.075  56.570  -15.083 0.0000000000
149381  5.714  57.210  -15.553 0.0000000000
149393  6.171  56.486  -15.966 0.0000000000
149394  5.705  57.245  -16.385 0.0000000000
149403  6.180  56.481  -16.891 0.0000000000
149404  5.714  57.258  -17.328 0.0000000000
149417  6.098  56.470  -17.736 0.0000000000
149418  5.755  56.973  -18.402 0.0000000000
149435  7.041  56.933  -19.919 0.0000000000
149436  5.742  56.760  -19.382 0.0000000000
149452  7.386  56.400  -20.407 0.0000000000
149453  6.362  56.517  -20.449 0.0000000000
149454  5.779  56.337  -20.314 0.0000000000
149471  5.855  56.177  -21.069 0.0000000000
149472  5.462  55.763  -21.200 0.0000000000
150142  5.398  57.823  -15.892 0.0000000000
150156  5.406  57.992  -16.743 0.0000000000
150163  5.555  58.034  -17.709 0.0000000000
150179  5.869  57.902  -18.807 0.0000000000
150194  6.385  57.341  -19.640 0.0000000000
150195  5.864  57.062  -19.785 0.0000000000
150205  5.923  56.917  -20.125 0.0000000000
150206  5.735  56.765  -20.067 0.0000000000
165583  6.529  50.630  -24.889 0.0000000000
165584  4.652  51.145  -22.766 0.0000000000
165585  5.135  51.016  -22.692 0.0000000000
165586  4.558  50.486  -23.591 0.0000000000
165587  5.886  51.517  -24.418 0.0000000000
165588  4.747  50.827  -22.976 0.0000000000
165589  4.332  50.506  -23.823 0.0000000000
