#!ascii label  , from subject colin27_FS vox2ras=TkReg
927
116587  -29.898  21.167  -58.049 0.0000000000
116588  -30.067  21.678  -57.342 0.0000000000
117681  -30.518  22.656  -44.947 0.0000000000
117811  -29.577  22.645  -57.132 0.0000000000
117812  -29.927  22.414  -56.811 0.0000000000
117822  -29.040  22.586  -58.039 0.0000000000
117823  -29.441  22.329  -57.718 0.0000000000
117824  -29.803  22.152  -57.275 0.0000000000
117834  -28.801  22.284  -58.544 0.0000000000
117835  -29.162  22.042  -58.324 0.0000000000
117850  -28.207  22.602  -59.289 0.0000000000
118912  -30.250  22.848  -45.440 0.0000000000
118913  -30.089  23.088  -44.322 0.0000000000
118923  -30.162  22.450  -47.295 0.0000000000
118924  -30.487  22.616  -46.411 0.0000000000
118928  -29.702  22.762  -47.748 0.0000000000
118932  -29.366  23.087  -48.213 0.0000000000
118933  -29.853  23.421  -48.432 0.0000000000
118934  -30.372  23.655  -48.494 0.0000000000
118939  -29.142  23.346  -48.768 0.0000000000
118940  -29.947  23.779  -48.788 0.0000000000
118941  -30.562  23.928  -48.573 0.0000000000
118947  -29.055  23.790  -49.258 0.0000000000
118948  -29.714  23.958  -49.080 0.0000000000
118957  -28.680  24.060  -49.571 0.0000000000
119024  -29.453  23.465  -56.138 0.0000000000
119025  -29.942  23.103  -55.943 0.0000000000
119035  -28.788  23.599  -57.233 0.0000000000
119036  -29.352  23.150  -56.880 0.0000000000
119037  -29.730  22.890  -56.527 0.0000000000
119048  -28.849  23.069  -57.853 0.0000000000
119049  -29.221  22.872  -57.486 0.0000000000
119058  -28.012  23.572  -59.095 0.0000000000
119059  -28.284  23.228  -58.854 0.0000000000
119071  -27.743  23.283  -59.661 0.0000000000
119072  -28.089  23.058  -59.265 0.0000000000
119086  -26.619  24.052  -61.277 0.0000000000
119087  -26.916  23.715  -60.968 0.0000000000
119101  -26.163  23.800  -61.764 0.0000000000
119102  -26.533  23.448  -61.441 0.0000000000
120148  -30.242  23.252  -46.054 0.0000000000
120149  -30.189  23.713  -45.120 0.0000000000
120158  -38.606  24.627  -43.424 0.0000000000
120163  -30.316  22.971  -47.570 0.0000000000
120164  -30.523  23.193  -46.946 0.0000000000
120165  -30.493  23.906  -46.172 0.0000000000
120166  -30.864  24.422  -45.238 0.0000000000
120167  -31.598  24.902  -44.523 0.0000000000
120168  -32.710  25.263  -44.211 0.0000000000
120169  -33.595  25.385  -43.824 0.0000000000
120172  -30.085  23.098  -47.935 0.0000000000
120173  -30.606  23.340  -47.686 0.0000000000
120174  -30.924  23.773  -47.123 0.0000000000
120175  -31.200  24.330  -46.400 0.0000000000
120176  -31.837  24.885  -45.751 0.0000000000
120177  -32.358  25.272  -45.069 0.0000000000
120179  -29.906  23.223  -48.181 0.0000000000
120180  -30.340  23.385  -48.197 0.0000000000
120181  -30.829  23.755  -48.075 0.0000000000
120182  -31.344  24.144  -47.494 0.0000000000
120183  -31.864  24.621  -46.912 0.0000000000
120185  -30.060  24.040  -48.946 0.0000000000
120186  -30.684  24.218  -48.520 0.0000000000
120187  -31.500  24.762  -47.967 0.0000000000
120188  -32.064  25.135  -47.420 0.0000000000
120192  -29.064  24.169  -49.470 0.0000000000
120193  -29.762  24.373  -49.212 0.0000000000
120194  -30.743  24.886  -48.778 0.0000000000
120195  -31.317  25.311  -48.436 0.0000000000
120202  -27.999  24.335  -49.968 0.0000000000
120203  -28.734  24.606  -49.759 0.0000000000
120204  -29.535  24.886  -49.532 0.0000000000
120212  -27.774  24.816  -50.171 0.0000000000
120213  -28.379  25.084  -49.976 0.0000000000
120251  -28.902  25.163  -54.908 0.0000000000
120252  -29.365  24.864  -54.775 0.0000000000
120261  -28.807  24.748  -55.389 0.0000000000
120262  -29.413  23.969  -55.547 0.0000000000
120263  -30.029  23.656  -55.254 0.0000000000
120271  -27.934  24.862  -56.874 0.0000000000
120272  -28.561  24.276  -56.524 0.0000000000
120273  -29.159  23.689  -56.247 0.0000000000
120281  -23.718  24.943  -57.197 0.0000000000
120282  -24.268  24.743  -57.746 0.0000000000
120284  -27.984  24.596  -57.540 0.0000000000
120285  -28.450  23.906  -57.711 0.0000000000
120296  -27.925  24.123  -58.747 0.0000000000
120297  -28.396  23.601  -58.297 0.0000000000
120306  -26.757  25.001  -60.397 0.0000000000
120307  -27.140  24.437  -60.058 0.0000000000
120320  -26.639  24.575  -61.028 0.0000000000
120321  -26.908  24.251  -60.685 0.0000000000
120334  -25.221  24.553  -62.327 0.0000000000
120335  -25.981  24.812  -61.708 0.0000000000
120340  -24.449  24.731  -62.668 0.0000000000
121222  -34.731  25.451  -43.356 0.0000000000
121223  -35.349  25.577  -43.331 0.0000000000
121224  -36.280  25.577  -43.383 0.0000000000
121225  -37.208  25.553  -43.503 0.0000000000
121226  -38.143  25.458  -43.678 0.0000000000
121227  -39.156  25.419  -43.817 0.0000000000
121233  -33.586  25.711  -44.478 0.0000000000
121234  -34.538  26.042  -44.088 0.0000000000
121235  -35.697  26.305  -43.807 0.0000000000
121236  -36.678  26.351  -43.771 0.0000000000
121237  -37.635  26.299  -43.826 0.0000000000
121238  -38.575  26.229  -44.006 0.0000000000
121239  -39.489  26.245  -44.130 0.0000000000
121240  -40.027  26.336  -44.152 0.0000000000
121243  -32.633  25.370  -45.788 0.0000000000
121244  -33.169  25.649  -45.237 0.0000000000
121245  -33.849  26.211  -45.101 0.0000000000
121248  -32.455  25.314  -46.664 0.0000000000
121249  -33.167  25.976  -46.317 0.0000000000
121250  -33.546  26.133  -45.700 0.0000000000
121252  -31.795  25.457  -47.952 0.0000000000
121253  -32.349  25.853  -47.531 0.0000000000
121254  -32.785  25.886  -46.959 0.0000000000
121257  -30.112  25.153  -49.308 0.0000000000
121258  -30.836  25.733  -49.003 0.0000000000
121259  -31.558  25.864  -48.401 0.0000000000
121260  -31.912  25.910  -47.984 0.0000000000
121267  -28.766  25.292  -49.963 0.0000000000
121268  -29.498  25.559  -49.785 0.0000000000
121269  -30.217  25.681  -49.437 0.0000000000
121276  -26.742  25.832  -51.037 0.0000000000
121277  -27.519  25.698  -50.560 0.0000000000
121278  -28.338  25.616  -50.195 0.0000000000
121279  -28.908  25.691  -50.053 0.0000000000
121289  -25.639  25.871  -52.092 0.0000000000
121290  -26.140  25.591  -51.574 0.0000000000
121297  -24.601  25.724  -53.171 0.0000000000
121298  -25.135  25.610  -52.598 0.0000000000
121307  -23.505  25.000  -54.368 0.0000000000
121308  -23.865  25.413  -53.877 0.0000000000
121314  -23.327  25.481  -54.970 0.0000000000
121315  -23.563  25.520  -54.369 0.0000000000
121316  -28.991  25.742  -54.538 0.0000000000
121324  -23.337  25.501  -56.021 0.0000000000
121325  -28.018  25.597  -55.446 0.0000000000
121326  -28.524  25.381  -55.116 0.0000000000
121332  -23.236  25.554  -56.970 0.0000000000
121333  -27.035  25.784  -56.784 0.0000000000
121334  -27.698  25.362  -56.244 0.0000000000
121335  -28.287  25.040  -55.715 0.0000000000
121341  -23.402  25.502  -58.086 0.0000000000
121342  -24.027  25.077  -58.312 0.0000000000
121343  -26.874  25.773  -57.616 0.0000000000
121344  -27.501  25.244  -57.201 0.0000000000
121353  -23.242  25.963  -59.313 0.0000000000
121354  -23.966  25.305  -58.935 0.0000000000
121355  -26.811  25.648  -58.670 0.0000000000
121356  -27.434  25.089  -58.155 0.0000000000
121364  -23.185  26.086  -60.394 0.0000000000
121366  -26.724  25.440  -59.782 0.0000000000
121367  -27.238  24.963  -59.090 0.0000000000
121373  -23.239  25.739  -61.378 0.0000000000
121375  -25.988  25.857  -61.165 0.0000000000
121376  -26.404  25.501  -60.690 0.0000000000
121386  -23.628  25.581  -62.295 0.0000000000
121387  -24.403  25.910  -62.284 0.0000000000
121388  -25.392  25.660  -61.809 0.0000000000
121389  -26.153  25.316  -61.326 0.0000000000
121390  -23.741  25.026  -62.811 0.0000000000
121391  -24.094  25.236  -62.691 0.0000000000
121392  -24.694  25.243  -62.398 0.0000000000
122180  -40.385  26.534  -44.134 0.0000000000
122186  -34.813  26.769  -44.632 0.0000000000
122187  -35.276  26.895  -44.363 0.0000000000
122188  -36.147  27.184  -44.227 0.0000000000
122189  -37.115  27.123  -44.108 0.0000000000
122190  -38.033  27.066  -44.166 0.0000000000
122191  -38.953  26.998  -44.347 0.0000000000
122192  -39.864  26.953  -44.310 0.0000000000
122193  -40.526  27.104  -44.245 0.0000000000
122195  -34.476  26.704  -45.130 0.0000000000
122196  -35.083  27.256  -45.117 0.0000000000
122197  -35.608  27.481  -44.703 0.0000000000
122200  -33.522  26.429  -46.717 0.0000000000
122201  -34.025  26.605  -46.187 0.0000000000
122202  -34.748  27.059  -45.822 0.0000000000
122204  -32.548  26.379  -47.748 0.0000000000
122205  -33.114  26.455  -47.330 0.0000000000
122206  -33.751  26.682  -47.024 0.0000000000
122209  -30.935  26.291  -49.216 0.0000000000
122210  -31.422  26.438  -48.885 0.0000000000
122211  -32.085  26.393  -48.216 0.0000000000
122212  -32.694  26.756  -47.977 0.0000000000
122219  -29.718  26.225  -49.997 0.0000000000
122220  -30.404  26.362  -49.630 0.0000000000
122221  -31.051  26.678  -49.321 0.0000000000
122230  -26.789  26.481  -51.101 0.0000000000
122231  -27.324  26.560  -50.865 0.0000000000
122232  -28.078  26.400  -50.547 0.0000000000
122233  -29.051  26.336  -50.282 0.0000000000
122234  -29.859  26.740  -50.143 0.0000000000
122246  -25.651  26.821  -51.981 0.0000000000
122247  -26.278  26.570  -51.479 0.0000000000
122248  -26.888  26.962  -51.167 0.0000000000
122256  -24.652  26.762  -53.195 0.0000000000
122257  -25.140  26.557  -52.582 0.0000000000
122266  -24.228  26.452  -53.728 0.0000000000
122268  -23.315  26.661  -54.925 0.0000000000
122269  -23.698  26.271  -54.318 0.0000000000
122270  -27.052  26.909  -54.989 0.0000000000
122271  -27.713  26.824  -54.580 0.0000000000
122272  -28.600  26.761  -54.275 0.0000000000
122273  -29.549  26.609  -54.138 0.0000000000
122278  -23.170  26.457  -55.657 0.0000000000
122279  -26.634  26.771  -55.675 0.0000000000
122280  -27.467  26.220  -55.403 0.0000000000
122281  -28.201  26.063  -54.850 0.0000000000
122286  -22.681  27.086  -57.165 0.0000000000
122287  -23.017  26.517  -56.557 0.0000000000
122288  -25.731  27.278  -57.007 0.0000000000
122289  -26.263  26.641  -56.808 0.0000000000
122290  -26.982  26.107  -56.148 0.0000000000
122296  -22.574  27.117  -57.638 0.0000000000
122297  -22.748  26.431  -57.592 0.0000000000
122298  -25.695  27.154  -57.675 0.0000000000
122299  -26.273  26.400  -58.131 0.0000000000
122307  -22.484  27.224  -58.200 0.0000000000
122308  -22.698  26.534  -58.675 0.0000000000
122309  -25.700  27.012  -58.826 0.0000000000
122310  -26.266  26.269  -59.265 0.0000000000
122320  -22.356  27.399  -59.017 0.0000000000
122321  -22.694  27.038  -59.812 0.0000000000
122322  -25.707  26.893  -59.934 0.0000000000
122323  -26.185  26.152  -60.257 0.0000000000
122331  -22.945  26.974  -60.920 0.0000000000
122332  -25.588  26.571  -61.012 0.0000000000
122333  -26.078  26.040  -60.791 0.0000000000
122341  -23.440  26.736  -61.619 0.0000000000
122342  -24.010  26.647  -61.991 0.0000000000
122343  -24.738  26.641  -61.698 0.0000000000
123119  -36.744  27.905  -44.520 0.0000000000
123120  -37.498  27.853  -44.454 0.0000000000
123121  -38.389  27.871  -44.539 0.0000000000
123122  -39.357  27.813  -44.586 0.0000000000
123123  -40.219  27.774  -44.466 0.0000000000
123124  -40.966  27.689  -44.244 0.0000000000
123126  -35.650  27.863  -45.289 0.0000000000
123127  -36.112  27.946  -44.819 0.0000000000
123130  -34.702  27.209  -46.509 0.0000000000
123131  -35.311  27.664  -46.142 0.0000000000
123133  -33.639  26.931  -47.448 0.0000000000
123134  -34.266  27.210  -47.297 0.0000000000
123135  -35.047  27.629  -47.027 0.0000000000
123138  -31.872  26.816  -48.737 0.0000000000
123139  -32.380  27.098  -48.545 0.0000000000
123140  -33.401  27.369  -48.120 0.0000000000
123141  -34.300  27.823  -48.033 0.0000000000
123148  -30.893  26.975  -49.569 0.0000000000
123149  -31.576  27.354  -49.275 0.0000000000
123150  -32.631  27.911  -48.907 0.0000000000
123151  -33.403  28.210  -48.755 0.0000000000
123156  -27.846  26.944  -50.804 0.0000000000
123157  -28.483  27.235  -50.759 0.0000000000
123158  -29.475  27.379  -50.516 0.0000000000
123159  -30.553  27.507  -50.060 0.0000000000
123160  -31.319  28.186  -49.864 0.0000000000
123171  -25.955  27.430  -51.744 0.0000000000
123172  -26.617  27.595  -51.489 0.0000000000
123173  -27.563  27.571  -51.162 0.0000000000
123174  -28.385  28.060  -51.093 0.0000000000
123186  -24.788  27.420  -52.799 0.0000000000
123187  -25.321  27.698  -52.179 0.0000000000
123195  -23.797  27.874  -53.861 0.0000000000
123196  -24.191  27.635  -53.516 0.0000000000
123197  -28.270  28.193  -53.887 0.0000000000
123198  -28.546  28.186  -53.857 0.0000000000
123201  -23.637  27.525  -54.337 0.0000000000
123202  -24.018  26.971  -54.034 0.0000000000
123203  -26.551  27.458  -55.125 0.0000000000
123204  -27.147  27.586  -54.533 0.0000000000
123205  -28.098  27.798  -54.066 0.0000000000
123206  -29.117  27.697  -53.941 0.0000000000
123212  -22.847  27.979  -56.013 0.0000000000
123213  -23.093  27.700  -55.514 0.0000000000
123214  -25.378  28.091  -56.238 0.0000000000
123215  -25.793  27.671  -55.885 0.0000000000
123220  -22.729  27.681  -56.483 0.0000000000
123221  -23.019  27.063  -56.045 0.0000000000
123222  -24.691  28.541  -57.417 0.0000000000
123223  -25.148  28.009  -56.980 0.0000000000
123224  -25.743  27.374  -56.646 0.0000000000
123229  -22.507  27.873  -57.627 0.0000000000
123230  -24.482  28.634  -58.186 0.0000000000
123231  -25.102  27.781  -58.426 0.0000000000
123237  -22.359  28.155  -58.662 0.0000000000
123238  -24.564  28.408  -59.379 0.0000000000
123239  -25.169  27.681  -59.595 0.0000000000
123246  -22.394  28.179  -59.601 0.0000000000
123247  -22.789  28.099  -60.430 0.0000000000
123248  -24.558  28.226  -60.322 0.0000000000
123249  -25.078  27.498  -60.612 0.0000000000
123256  -23.370  27.886  -61.163 0.0000000000
123257  -24.240  27.928  -61.187 0.0000000000
123258  -24.800  27.201  -61.331 0.0000000000
123265  -23.839  27.326  -61.577 0.0000000000
123266  -24.357  27.170  -61.592 0.0000000000
123267  -24.623  27.035  -61.557 0.0000000000
124076  -37.100  28.401  -44.602 0.0000000000
124077  -37.696  28.843  -44.710 0.0000000000
124078  -38.843  28.789  -44.715 0.0000000000
124079  -39.818  28.671  -44.612 0.0000000000
124080  -40.644  28.552  -44.408 0.0000000000
124081  -41.397  28.535  -44.148 0.0000000000
124083  -36.044  28.287  -45.247 0.0000000000
124084  -36.630  28.858  -45.142 0.0000000000
124085  -37.265  29.372  -44.941 0.0000000000
124088  -35.949  28.373  -45.897 0.0000000000
124089  -36.358  29.054  -46.366 0.0000000000
124092  -34.876  27.918  -47.661 0.0000000000
124093  -35.696  28.553  -47.291 0.0000000000
124094  -36.291  29.226  -47.069 0.0000000000
124097  -33.993  28.154  -48.488 0.0000000000
124098  -34.810  28.651  -48.375 0.0000000000
124099  -35.466  28.956  -48.138 0.0000000000
124106  -32.061  28.571  -49.574 0.0000000000
124107  -33.021  28.786  -49.257 0.0000000000
124108  -33.942  28.860  -48.920 0.0000000000
124109  -34.454  29.117  -48.794 0.0000000000
124112  -29.026  27.992  -50.899 0.0000000000
124113  -29.804  28.560  -50.695 0.0000000000
124114  -30.838  28.705  -50.285 0.0000000000
124115  -31.518  28.833  -50.029 0.0000000000
124125  -25.977  28.485  -51.733 0.0000000000
124126  -26.989  28.615  -51.482 0.0000000000
124127  -27.944  28.737  -51.318 0.0000000000
124128  -28.923  28.821  -51.157 0.0000000000
124129  -29.448  29.104  -50.979 0.0000000000
124144  -24.669  28.461  -52.650 0.0000000000
124145  -25.234  28.738  -52.087 0.0000000000
124148  -23.702  28.516  -53.867 0.0000000000
124149  -24.152  28.750  -53.248 0.0000000000
124150  -26.549  29.216  -54.056 0.0000000000
124151  -27.113  29.005  -53.840 0.0000000000
124152  -28.121  28.619  -53.762 0.0000000000
124153  -29.056  28.681  -53.755 0.0000000000
124156  -23.292  28.664  -54.729 0.0000000000
124157  -25.419  29.054  -55.071 0.0000000000
124158  -26.170  28.510  -54.702 0.0000000000
124159  -27.425  28.259  -54.097 0.0000000000
124160  -27.897  28.215  -53.962 0.0000000000
124165  -22.729  28.633  -56.076 0.0000000000
124166  -22.935  28.817  -55.395 0.0000000000
124167  -24.569  29.491  -56.435 0.0000000000
124168  -25.151  28.679  -55.925 0.0000000000
124169  -25.687  28.239  -55.457 0.0000000000
124173  -22.456  28.888  -57.061 0.0000000000
124174  -24.481  29.090  -57.165 0.0000000000
124175  -24.922  28.552  -56.657 0.0000000000
124179  -22.427  29.082  -58.149 0.0000000000
124180  -23.304  30.127  -59.032 0.0000000000
124181  -23.726  29.669  -58.536 0.0000000000
124186  -22.373  29.127  -59.190 0.0000000000
124187  -23.360  29.764  -59.552 0.0000000000
124188  -23.936  29.148  -59.451 0.0000000000
124194  -22.561  29.048  -60.056 0.0000000000
124195  -23.303  29.076  -60.460 0.0000000000
124196  -24.102  28.805  -60.149 0.0000000000
124202  -23.693  28.436  -60.955 0.0000000000
124203  -23.961  28.558  -60.682 0.0000000000
125053  -41.688  29.581  -43.905 0.0000000000
125058  -37.669  29.643  -44.923 0.0000000000
125059  -38.382  29.911  -44.759 0.0000000000
125060  -39.419  29.700  -44.534 0.0000000000
125061  -40.325  29.459  -44.421 0.0000000000
125062  -41.013  29.246  -44.253 0.0000000000
125064  -36.819  29.534  -45.996 0.0000000000
125065  -37.391  29.929  -45.530 0.0000000000
125066  -37.855  30.050  -45.056 0.0000000000
125069  -36.774  29.824  -46.853 0.0000000000
125070  -37.100  29.943  -46.230 0.0000000000
125073  -35.797  29.216  -48.051 0.0000000000
125074  -36.259  29.561  -47.706 0.0000000000
125077  -34.746  29.348  -48.750 0.0000000000
125078  -35.345  29.624  -48.565 0.0000000000
125079  -35.931  29.637  -48.243 0.0000000000
125086  -31.916  29.225  -50.005 0.0000000000
125087  -32.567  29.582  -49.880 0.0000000000
125088  -33.517  29.586  -49.450 0.0000000000
125089  -34.321  29.613  -49.081 0.0000000000
125090  -34.794  29.737  -48.877 0.0000000000
125093  -29.760  29.355  -50.887 0.0000000000
125094  -30.420  29.642  -50.710 0.0000000000
125095  -31.418  29.516  -50.318 0.0000000000
125096  -32.001  29.641  -50.173 0.0000000000
125104  -24.623  30.211  -52.039 0.0000000000
125105  -25.401  29.697  -51.770 0.0000000000
125106  -26.412  29.649  -51.523 0.0000000000
125107  -27.419  29.684  -51.392 0.0000000000
125108  -28.404  29.704  -51.275 0.0000000000
125109  -29.315  29.687  -51.102 0.0000000000
125110  -29.849  29.780  -50.947 0.0000000000
125126  -24.275  29.671  -52.771 0.0000000000
125127  -24.831  29.352  -52.225 0.0000000000
125132  -23.338  29.806  -54.223 0.0000000000
125133  -23.803  29.460  -53.465 0.0000000000
125134  -25.886  30.437  -54.004 0.0000000000
125135  -26.770  29.987  -53.761 0.0000000000
125136  -27.801  29.827  -53.571 0.0000000000
125137  -28.806  29.683  -53.615 0.0000000000
125142  -22.538  30.404  -55.602 0.0000000000
125143  -22.807  29.638  -55.014 0.0000000000
125144  -24.765  30.525  -55.222 0.0000000000
125145  -25.482  29.770  -54.651 0.0000000000
125146  -26.159  29.534  -54.168 0.0000000000
125151  -22.475  29.992  -56.474 0.0000000000
125152  -22.685  29.493  -55.691 0.0000000000
125153  -24.592  29.956  -55.920 0.0000000000
125154  -25.065  29.546  -55.308 0.0000000000
125158  -22.401  30.105  -57.552 0.0000000000
125159  -23.618  30.994  -57.621 0.0000000000
125160  -24.188  30.414  -56.877 0.0000000000
125164  -22.621  30.211  -58.563 0.0000000000
125165  -23.228  30.647  -58.421 0.0000000000
125166  -23.794  30.171  -57.725 0.0000000000
125170  -22.671  29.696  -59.611 0.0000000000
125171  -22.997  30.082  -59.263 0.0000000000
125176  -22.798  29.507  -60.118 0.0000000000
125177  -22.959  29.791  -59.953 0.0000000000
125991  -40.704  31.079  -43.850 0.0000000000
125992  -41.433  30.708  -43.610 0.0000000000
125993  -42.153  30.365  -43.344 0.0000000000
125997  -38.539  30.660  -44.834 0.0000000000
125998  -39.166  30.912  -44.570 0.0000000000
125999  -40.091  30.483  -44.291 0.0000000000
126000  -40.897  30.104  -44.118 0.0000000000
126002  -37.874  30.711  -45.945 0.0000000000
126003  -38.171  30.645  -45.283 0.0000000000
126004  -38.642  31.142  -44.973 0.0000000000
126006  -37.068  30.393  -47.125 0.0000000000
126007  -37.414  30.537  -46.595 0.0000000000
126009  -36.812  30.468  -47.703 0.0000000000
126010  -37.246  30.799  -47.310 0.0000000000
126014  -35.528  30.524  -48.893 0.0000000000
126015  -36.139  30.292  -48.425 0.0000000000
126021  -32.667  30.236  -50.136 0.0000000000
126022  -33.238  30.386  -49.909 0.0000000000
126023  -33.989  30.326  -49.523 0.0000000000
126024  -34.808  30.334  -49.153 0.0000000000
126026  -30.637  30.502  -50.857 0.0000000000
126027  -31.170  30.286  -50.637 0.0000000000
126028  -32.068  30.282  -50.377 0.0000000000
126029  -32.760  30.734  -50.258 0.0000000000
126033  -24.560  31.043  -52.012 0.0000000000
126034  -25.074  30.804  -51.728 0.0000000000
126035  -25.898  30.724  -51.533 0.0000000000
126036  -26.902  30.722  -51.397 0.0000000000
126037  -27.941  30.692  -51.331 0.0000000000
126038  -28.953  30.611  -51.283 0.0000000000
126039  -29.925  30.437  -51.065 0.0000000000
126052  -24.236  30.893  -52.610 0.0000000000
126063  -23.192  30.954  -54.231 0.0000000000
126064  -23.697  30.620  -53.460 0.0000000000
126065  -25.687  31.383  -53.985 0.0000000000
126066  -26.429  31.161  -53.684 0.0000000000
126067  -27.436  31.007  -53.494 0.0000000000
126068  -28.491  30.860  -53.441 0.0000000000
126069  -29.451  30.698  -53.632 0.0000000000
126074  -22.443  31.249  -55.498 0.0000000000
126075  -22.727  30.799  -54.867 0.0000000000
126076  -24.586  31.626  -55.295 0.0000000000
126077  -25.122  31.171  -54.553 0.0000000000
126082  -22.322  31.196  -56.211 0.0000000000
126083  -24.333  31.382  -56.113 0.0000000000
126087  -22.228  31.088  -57.093 0.0000000000
126088  -23.223  31.757  -57.824 0.0000000000
126089  -23.757  31.722  -57.072 0.0000000000
126092  -22.442  31.113  -57.761 0.0000000000
126093  -22.712  31.356  -58.011 0.0000000000
126922  -42.432  31.693  -42.574 0.0000000000
126927  -40.664  31.915  -43.690 0.0000000000
126928  -41.215  31.692  -43.364 0.0000000000
126929  -41.920  31.424  -42.986 0.0000000000
126932  -39.529  31.927  -44.606 0.0000000000
126933  -40.071  31.651  -44.174 0.0000000000
126935  -38.224  31.203  -45.857 0.0000000000
126936  -38.608  31.613  -45.543 0.0000000000
126937  -39.055  31.792  -44.998 0.0000000000
126940  -38.049  31.409  -46.453 0.0000000000
126941  -38.403  31.730  -46.091 0.0000000000
126944  -37.173  31.198  -47.761 0.0000000000
126945  -37.633  31.513  -47.253 0.0000000000
126951  -35.981  31.065  -48.890 0.0000000000
126952  -36.670  31.475  -48.416 0.0000000000
126953  -37.306  31.864  -47.913 0.0000000000
126958  -33.749  30.827  -49.850 0.0000000000
126959  -34.357  31.175  -49.743 0.0000000000
126960  -35.341  31.346  -49.351 0.0000000000
126961  -36.021  31.825  -49.037 0.0000000000
126964  -31.000  30.782  -50.831 0.0000000000
126965  -31.504  30.983  -50.761 0.0000000000
126966  -32.391  31.367  -50.581 0.0000000000
126967  -33.438  31.411  -50.242 0.0000000000
126968  -34.279  32.009  -50.188 0.0000000000
126972  -24.819  31.533  -51.863 0.0000000000
126973  -25.417  31.711  -51.691 0.0000000000
126974  -26.368  31.839  -51.483 0.0000000000
126975  -27.494  31.787  -51.379 0.0000000000
126976  -28.579  31.670  -51.356 0.0000000000
126977  -29.604  31.505  -51.277 0.0000000000
126978  -30.697  31.369  -51.030 0.0000000000
126979  -31.655  31.870  -50.886 0.0000000000
126980  -32.345  32.207  -50.787 0.0000000000
126986  -24.425  31.842  -52.339 0.0000000000
126987  -28.533  32.535  -53.141 0.0000000000
126988  -28.791  32.493  -53.113 0.0000000000
127001  -23.435  31.591  -53.997 0.0000000000
127002  -23.865  32.023  -53.292 0.0000000000
127003  -25.323  32.122  -54.351 0.0000000000
127004  -25.919  32.225  -53.827 0.0000000000
127005  -26.907  32.175  -53.478 0.0000000000
127006  -28.159  32.237  -53.222 0.0000000000
127007  -29.221  31.888  -53.248 0.0000000000
127008  -30.193  31.660  -53.545 0.0000000000
127020  -22.559  31.569  -55.193 0.0000000000
127021  -22.862  31.940  -54.763 0.0000000000
127022  -24.336  32.437  -55.725 0.0000000000
127023  -24.662  32.570  -54.951 0.0000000000
127031  -22.422  32.146  -55.770 0.0000000000
127032  -22.768  32.632  -55.357 0.0000000000
127033  -23.871  32.719  -56.467 0.0000000000
127037  -22.214  32.057  -56.840 0.0000000000
127038  -22.585  32.241  -57.509 0.0000000000
127039  -23.279  32.616  -57.241 0.0000000000
127043  -22.261  31.729  -57.471 0.0000000000
127044  -22.407  31.704  -57.773 0.0000000000
127893  -42.945  32.846  -41.762 0.0000000000
127901  -42.085  32.905  -42.422 0.0000000000
127902  -42.577  32.645  -42.184 0.0000000000
127905  -41.031  32.469  -43.404 0.0000000000
127906  -41.690  32.652  -42.766 0.0000000000
127907  -42.132  32.087  -42.609 0.0000000000
127910  -39.959  32.542  -44.412 0.0000000000
127911  -40.545  32.771  -43.901 0.0000000000
127914  -39.028  32.414  -45.474 0.0000000000
127915  -39.522  32.796  -44.952 0.0000000000
127918  -38.346  32.002  -46.405 0.0000000000
127919  -38.636  32.555  -46.121 0.0000000000
127927  -38.157  32.404  -46.840 0.0000000000
127928  -38.416  33.251  -46.604 0.0000000000
127938  -37.112  32.640  -48.266 0.0000000000
127939  -37.648  32.606  -47.587 0.0000000000
127948  -34.907  31.988  -49.849 0.0000000000
127949  -35.649  32.639  -49.596 0.0000000000
127950  -36.454  32.641  -48.889 0.0000000000
127960  -32.945  32.122  -50.620 0.0000000000
127961  -33.746  32.742  -50.617 0.0000000000
127962  -34.847  32.840  -50.226 0.0000000000
127963  -35.367  33.233  -49.981 0.0000000000
127973  -24.892  32.304  -51.989 0.0000000000
127974  -25.655  33.139  -51.859 0.0000000000
127975  -27.021  33.014  -51.430 0.0000000000
127976  -28.261  32.856  -51.388 0.0000000000
127977  -29.313  32.594  -51.357 0.0000000000
127978  -30.205  32.376  -51.287 0.0000000000
127979  -31.079  32.514  -51.159 0.0000000000
127980  -31.944  32.777  -51.031 0.0000000000
127981  -32.827  32.881  -50.912 0.0000000000
127982  -33.329  33.256  -50.879 0.0000000000
127991  -24.486  33.275  -52.649 0.0000000000
127992  -25.155  33.901  -52.342 0.0000000000
127993  -28.639  32.976  -53.115 0.0000000000
127994  -29.385  33.018  -53.114 0.0000000000
127995  -30.218  33.495  -53.213 0.0000000000
128003  -23.464  32.398  -54.250 0.0000000000
128004  -23.862  33.375  -54.123 0.0000000000
128005  -25.327  33.265  -54.488 0.0000000000
128006  -26.281  33.327  -53.804 0.0000000000
128007  -27.349  33.271  -53.453 0.0000000000
128008  -28.102  33.269  -53.266 0.0000000000
128009  -29.975  32.561  -53.263 0.0000000000
128010  -30.802  32.918  -53.394 0.0000000000
128024  -23.273  32.885  -55.002 0.0000000000
128025  -23.940  33.476  -55.462 0.0000000000
128026  -24.696  33.639  -55.100 0.0000000000
128041  -22.497  32.661  -56.533 0.0000000000
128042  -22.938  33.099  -55.992 0.0000000000
128043  -23.488  33.149  -56.189 0.0000000000
128056  -22.424  32.601  -57.005 0.0000000000
128057  -22.763  32.932  -56.915 0.0000000000
128058  -23.268  33.126  -56.649 0.0000000000
128816  -42.950  33.356  -41.523 0.0000000000
128827  -42.052  33.474  -42.347 0.0000000000
128828  -42.462  33.957  -41.796 0.0000000000
128831  -41.132  33.405  -43.311 0.0000000000
128832  -41.591  34.006  -42.726 0.0000000000
128838  -40.159  33.669  -44.368 0.0000000000
128839  -40.710  33.889  -43.725 0.0000000000
128840  -42.512  34.764  -44.799 0.0000000000
128846  -39.154  33.478  -45.601 0.0000000000
128847  -39.644  33.936  -44.990 0.0000000000
128848  -41.761  34.609  -45.916 0.0000000000
128855  -38.723  33.707  -46.167 0.0000000000
128864  -38.029  33.624  -47.153 0.0000000000
128865  -38.415  34.023  -46.587 0.0000000000
128872  -36.877  33.691  -48.602 0.0000000000
128873  -37.456  33.663  -47.909 0.0000000000
128882  -35.707  33.745  -49.788 0.0000000000
128883  -36.284  33.660  -49.278 0.0000000000
128892  -33.669  33.873  -50.867 0.0000000000
128893  -34.476  33.709  -50.526 0.0000000000
128894  -35.182  33.770  -50.205 0.0000000000
128902  -25.726  34.645  -52.333 0.0000000000
128903  -26.668  34.326  -51.727 0.0000000000
128904  -27.912  34.120  -51.497 0.0000000000
128905  -29.342  33.987  -51.476 0.0000000000
128906  -29.970  33.190  -51.390 0.0000000000
128907  -30.606  33.113  -51.330 0.0000000000
128908  -31.383  33.604  -51.291 0.0000000000
128909  -32.387  33.602  -51.129 0.0000000000
128910  -33.057  33.559  -51.070 0.0000000000
128921  -24.593  34.503  -53.607 0.0000000000
128922  -25.069  34.414  -52.802 0.0000000000
128923  -29.029  33.731  -53.127 0.0000000000
128924  -29.771  34.219  -53.172 0.0000000000
128925  -31.114  34.945  -53.240 0.0000000000
128938  -24.131  34.389  -54.625 0.0000000000
128939  -25.688  34.434  -54.222 0.0000000000
128940  -26.852  34.475  -53.753 0.0000000000
128941  -27.890  34.214  -53.447 0.0000000000
128942  -28.501  33.772  -53.236 0.0000000000
128943  -31.437  33.486  -53.415 0.0000000000
128955  -24.501  34.288  -55.019 0.0000000000
128956  -25.040  34.185  -54.893 0.0000000000
129687  -43.155  34.893  -40.645 0.0000000000
129702  -42.921  34.555  -40.989 0.0000000000
129714  -41.925  34.742  -42.078 0.0000000000
129715  -42.313  34.948  -41.524 0.0000000000
129726  -41.156  34.754  -43.155 0.0000000000
129727  -41.536  35.076  -42.541 0.0000000000
129728  -42.608  35.931  -43.677 0.0000000000
129734  -40.017  34.953  -44.538 0.0000000000
129735  -40.579  34.936  -43.802 0.0000000000
129736  -41.964  35.877  -44.748 0.0000000000
129737  -42.438  35.428  -44.358 0.0000000000
129738  -42.788  35.022  -44.071 0.0000000000
129743  -39.000  34.203  -45.848 0.0000000000
129744  -39.389  34.876  -45.408 0.0000000000
129745  -41.912  35.273  -45.339 0.0000000000
129746  -42.314  34.907  -44.996 0.0000000000
129751  -38.824  34.818  -46.185 0.0000000000
129752  -39.151  35.361  -45.797 0.0000000000
129753  -40.880  35.550  -46.758 0.0000000000
129754  -41.321  35.102  -46.392 0.0000000000
129759  -37.740  34.728  -47.516 0.0000000000
129760  -38.272  34.784  -46.878 0.0000000000
129761  -40.074  35.407  -47.878 0.0000000000
129762  -40.615  34.971  -47.391 0.0000000000
129763  -41.108  34.487  -46.881 0.0000000000
129768  -36.566  34.859  -48.905 0.0000000000
129769  -37.231  34.764  -48.227 0.0000000000
129770  -39.098  35.236  -48.826 0.0000000000
129771  -39.865  34.736  -48.330 0.0000000000
129772  -40.360  34.373  -48.030 0.0000000000
129776  -35.493  34.761  -49.937 0.0000000000
129777  -36.041  34.498  -49.484 0.0000000000
129782  -33.665  34.963  -51.019 0.0000000000
129783  -34.372  34.671  -50.688 0.0000000000
129784  -34.948  34.441  -50.407 0.0000000000
129787  -25.867  35.444  -52.502 0.0000000000
129788  -26.425  35.517  -52.177 0.0000000000
129789  -27.606  35.385  -51.732 0.0000000000
129790  -28.718  35.116  -51.572 0.0000000000
129791  -32.141  34.517  -51.312 0.0000000000
129792  -32.998  34.275  -51.244 0.0000000000
129798  -25.096  34.939  -53.693 0.0000000000
129799  -25.510  35.675  -53.005 0.0000000000
129800  -25.939  35.775  -52.524 0.0000000000
129808  -24.712  34.815  -54.269 0.0000000000
129809  -25.519  35.144  -53.877 0.0000000000
129810  -26.461  35.601  -54.045 0.0000000000
129811  -27.781  35.687  -53.699 0.0000000000
129812  -28.868  34.783  -53.307 0.0000000000
129825  -24.477  34.722  -54.778 0.0000000000
129826  -24.935  34.713  -54.632 0.0000000000
130599  -43.093  35.542  -40.584 0.0000000000
130619  -42.118  36.687  -41.368 0.0000000000
130620  -42.336  35.905  -41.122 0.0000000000
130621  -43.732  36.969  -41.536 0.0000000000
130640  -41.524  36.989  -42.530 0.0000000000
130641  -41.678  36.227  -42.016 0.0000000000
130642  -41.980  35.475  -41.625 0.0000000000
130655  -41.142  36.371  -43.117 0.0000000000
130656  -41.368  35.625  -42.707 0.0000000000
130657  -42.706  36.683  -43.194 0.0000000000
130658  -43.175  36.356  -42.799 0.0000000000
130662  -39.885  36.343  -44.628 0.0000000000
130663  -40.419  36.018  -43.945 0.0000000000
130664  -41.920  36.634  -44.273 0.0000000000
130665  -42.365  36.429  -43.781 0.0000000000
130669  -39.336  36.054  -45.465 0.0000000000
130670  -41.707  36.328  -45.083 0.0000000000
130673  -38.524  35.984  -46.502 0.0000000000
130674  -38.999  35.781  -45.998 0.0000000000
130675  -41.094  36.284  -46.358 0.0000000000
130676  -41.505  35.959  -45.769 0.0000000000
130679  -37.457  35.997  -47.744 0.0000000000
130680  -37.996  35.639  -47.147 0.0000000000
130681  -40.221  36.232  -47.571 0.0000000000
130682  -40.660  35.983  -46.970 0.0000000000
130683  -36.438  36.249  -48.838 0.0000000000
130684  -36.942  35.739  -48.412 0.0000000000
130685  -38.988  36.365  -48.731 0.0000000000
130686  -39.617  35.795  -48.219 0.0000000000
130687  -35.455  36.088  -49.828 0.0000000000
130688  -35.989  35.537  -49.379 0.0000000000
130689  -37.892  36.407  -50.019 0.0000000000
130690  -38.473  35.780  -49.423 0.0000000000
130691  -33.566  36.027  -51.047 0.0000000000
130692  -34.312  35.750  -50.688 0.0000000000
130693  -34.989  35.375  -50.389 0.0000000000
130696  -26.210  36.221  -52.580 0.0000000000
130697  -32.079  35.538  -51.411 0.0000000000
130698  -32.898  35.251  -51.333 0.0000000000
130700  -26.494  36.947  -52.896 0.0000000000
130701  -32.744  35.615  -53.416 0.0000000000
130702  -33.309  36.300  -53.494 0.0000000000
130705  -26.205  36.390  -53.661 0.0000000000
131482  -42.797  36.340  -40.712 0.0000000000
131483  -43.391  36.496  -40.552 0.0000000000
131503  -42.063  37.192  -41.592 0.0000000000
131504  -42.700  37.043  -41.049 0.0000000000
131505  -43.783  37.061  -40.967 0.0000000000
131526  -41.464  37.398  -42.794 0.0000000000
131527  -41.814  37.555  -42.253 0.0000000000
131528  -42.555  37.496  -41.918 0.0000000000
131529  -43.267  37.252  -41.647 0.0000000000
131539  -41.272  37.526  -43.287 0.0000000000
131540  -41.795  37.873  -43.062 0.0000000000
131541  -42.466  37.683  -42.746 0.0000000000
131542  -43.071  37.218  -42.438 0.0000000000
131543  -40.217  37.744  -44.515 0.0000000000
131544  -40.760  37.395  -43.912 0.0000000000
131545  -41.545  37.645  -43.947 0.0000000000
131546  -42.222  37.318  -43.529 0.0000000000
131547  -39.557  37.269  -45.074 0.0000000000
131548  -41.607  37.367  -44.810 0.0000000000
131549  -38.514  37.414  -46.292 0.0000000000
131550  -38.992  36.768  -45.792 0.0000000000
131551  -41.216  37.564  -46.167 0.0000000000
131552  -41.446  36.943  -45.597 0.0000000000
131553  -37.384  37.523  -47.591 0.0000000000
131554  -37.945  36.788  -47.005 0.0000000000
131555  -40.306  37.612  -47.530 0.0000000000
131556  -40.725  37.012  -46.881 0.0000000000
131557  -36.290  37.653  -48.752 0.0000000000
131558  -36.879  36.925  -48.252 0.0000000000
131559  -39.033  37.594  -48.763 0.0000000000
131560  -39.669  36.976  -48.186 0.0000000000
131561  -35.417  37.488  -49.751 0.0000000000
131562  -35.874  36.896  -49.276 0.0000000000
131563  -37.753  37.581  -49.856 0.0000000000
131564  -38.421  36.982  -49.356 0.0000000000
131565  -33.348  37.063  -50.991 0.0000000000
131566  -34.198  36.945  -50.631 0.0000000000
131567  -34.932  36.620  -50.288 0.0000000000
131568  -36.852  37.668  -51.013 0.0000000000
131569  -37.342  37.056  -50.563 0.0000000000
131570  -32.142  36.258  -51.398 0.0000000000
131571  -32.751  36.214  -51.310 0.0000000000
131572  -36.729  37.427  -51.891 0.0000000000
131573  -37.051  36.685  -51.438 0.0000000000
131574  -27.368  37.605  -53.189 0.0000000000
131575  -32.830  36.846  -53.349 0.0000000000
131576  -36.802  37.373  -52.464 0.0000000000
131578  -26.833  37.244  -53.561 0.0000000000
131579  -33.784  37.040  -53.647 0.0000000000
132507  -40.389  38.379  -44.554 0.0000000000
132508  -40.738  38.412  -44.381 0.0000000000
132509  -41.198  38.315  -44.225 0.0000000000
132510  -40.036  38.434  -44.862 0.0000000000
132511  -40.501  38.724  -44.633 0.0000000000
132512  -41.485  38.269  -44.642 0.0000000000
132513  -38.694  38.515  -46.264 0.0000000000
132514  -39.270  38.171  -45.611 0.0000000000
132515  -41.264  38.487  -45.935 0.0000000000
132516  -41.479  38.105  -45.392 0.0000000000
132517  -37.345  38.728  -47.527 0.0000000000
132518  -37.983  38.276  -46.894 0.0000000000
132519  -40.305  38.676  -47.446 0.0000000000
132520  -40.861  38.351  -46.717 0.0000000000
132521  -36.221  38.908  -48.841 0.0000000000
132522  -36.739  38.482  -48.168 0.0000000000
132523  -38.986  38.648  -48.745 0.0000000000
132524  -39.685  38.358  -48.159 0.0000000000
132525  -35.517  38.715  -49.718 0.0000000000
132526  -35.838  38.452  -49.315 0.0000000000
132527  -37.600  38.646  -49.794 0.0000000000
132528  -38.322  38.334  -49.306 0.0000000000
132529  -33.149  37.977  -50.968 0.0000000000
132530  -33.999  38.121  -50.665 0.0000000000
132531  -34.946  38.185  -50.225 0.0000000000
132532  -36.772  38.527  -50.721 0.0000000000
132533  -37.169  38.279  -50.344 0.0000000000
132534  -31.415  36.127  -51.449 0.0000000000
132535  -32.319  37.094  -51.312 0.0000000000
132536  -36.568  38.395  -51.372 0.0000000000
132537  -32.091  37.566  -53.295 0.0000000000
132538  -36.548  38.107  -52.564 0.0000000000
132540  -32.074  38.176  -53.298 0.0000000000
132541  -33.112  37.995  -53.418 0.0000000000
132542  -34.496  38.222  -53.825 0.0000000000
133573  -41.072  38.740  -44.414 0.0000000000
133574  -41.266  38.748  -44.576 0.0000000000
133575  -40.392  38.975  -44.839 0.0000000000
133576  -40.861  39.092  -44.779 0.0000000000
133577  -41.381  38.867  -45.081 0.0000000000
133578  -39.272  39.210  -46.091 0.0000000000
133579  -40.108  39.254  -45.394 0.0000000000
133580  -40.892  39.253  -45.823 0.0000000000
133581  -41.335  38.759  -45.540 0.0000000000
133582  -37.780  39.552  -47.270 0.0000000000
133583  -38.543  39.323  -46.682 0.0000000000
133584  -39.780  39.395  -47.693 0.0000000000
133585  -40.379  39.365  -46.895 0.0000000000
133586  -36.501  39.801  -48.626 0.0000000000
133587  -37.029  39.708  -47.889 0.0000000000
133588  -38.555  39.466  -49.031 0.0000000000
133589  -39.232  39.457  -48.429 0.0000000000
133590  -35.734  39.318  -49.563 0.0000000000
133591  -36.012  39.913  -49.446 0.0000000000
133592  -37.011  39.561  -49.988 0.0000000000
133593  -37.824  39.481  -49.516 0.0000000000
133594  -33.606  39.072  -50.864 0.0000000000
133595  -34.601  39.457  -50.450 0.0000000000
133596  -35.572  39.888  -49.917 0.0000000000
133597  -36.408  39.385  -50.506 0.0000000000
133598  -36.860  38.962  -50.402 0.0000000000
133599  -30.868  37.395  -51.636 0.0000000000
133600  -32.483  38.474  -51.243 0.0000000000
133601  -36.032  40.032  -50.770 0.0000000000
133602  -36.174  39.370  -51.592 0.0000000000
133603  -36.123  39.310  -52.811 0.0000000000
133604  -32.528  38.855  -53.360 0.0000000000
133605  -33.896  39.132  -53.482 0.0000000000
133606  -35.028  39.450  -53.931 0.0000000000
133607  -35.925  39.548  -53.763 0.0000000000
134610  -39.142  39.754  -46.670 0.0000000000
134611  -39.778  39.740  -46.202 0.0000000000
134612  -40.304  39.613  -45.896 0.0000000000
134613  -37.563  40.637  -47.814 0.0000000000
134614  -38.509  40.190  -47.258 0.0000000000
134615  -39.428  39.990  -47.166 0.0000000000
134616  -40.207  39.687  -46.367 0.0000000000
134617  -36.467  40.783  -49.080 0.0000000000
134618  -36.865  40.549  -48.392 0.0000000000
134619  -38.642  40.404  -48.663 0.0000000000
134620  -39.292  40.118  -48.006 0.0000000000
134621  -36.657  40.624  -49.662 0.0000000000
134622  -37.384  40.408  -49.552 0.0000000000
134623  -38.089  40.229  -49.276 0.0000000000
134624  -33.058  39.827  -51.128 0.0000000000
134625  -34.068  40.350  -50.655 0.0000000000
134626  -34.986  40.747  -50.359 0.0000000000
134627  -30.806  38.457  -52.302 0.0000000000
134628  -31.898  39.202  -51.549 0.0000000000
134629  -35.705  40.859  -50.932 0.0000000000
134630  -35.887  40.117  -51.235 0.0000000000
134631  -35.487  40.938  -52.278 0.0000000000
134632  -35.769  40.124  -51.955 0.0000000000
134633  -32.197  39.483  -53.331 0.0000000000
134634  -33.327  39.883  -53.369 0.0000000000
134635  -34.447  40.169  -53.545 0.0000000000
134636  -35.291  40.512  -53.410 0.0000000000
134637  -35.803  40.157  -52.904 0.0000000000
135619  -37.777  41.171  -48.129 0.0000000000
135620  -38.285  40.903  -47.789 0.0000000000
135621  -38.759  40.481  -47.568 0.0000000000
135622  -36.744  41.141  -49.234 0.0000000000
135623  -37.220  41.163  -48.694 0.0000000000
135624  -38.138  41.095  -48.406 0.0000000000
135625  -38.824  40.663  -47.925 0.0000000000
135626  -36.620  41.003  -49.471 0.0000000000
135627  -37.029  41.055  -49.401 0.0000000000
135628  -37.767  40.890  -49.080 0.0000000000
135629  -33.494  40.960  -50.927 0.0000000000
135630  -34.360  41.504  -50.689 0.0000000000
135631  -35.157  41.513  -50.586 0.0000000000
135632  -31.007  39.450  -52.566 0.0000000000
135633  -31.632  40.158  -51.885 0.0000000000
135634  -32.575  40.501  -51.388 0.0000000000
135635  -34.297  42.002  -51.053 0.0000000000
135636  -34.866  41.763  -51.456 0.0000000000
135637  -31.842  40.407  -52.691 0.0000000000
135638  -32.961  41.205  -52.662 0.0000000000
135639  -33.731  41.329  -52.843 0.0000000000
135640  -34.688  41.460  -52.833 0.0000000000
135641  -30.709  37.982  -53.336 0.0000000000
135642  -31.808  39.729  -53.252 0.0000000000
135643  -32.812  40.504  -53.129 0.0000000000
135644  -34.001  40.773  -53.239 0.0000000000
135645  -34.684  40.842  -53.402 0.0000000000
136575  -33.740  41.538  -50.915 0.0000000000
136576  -33.894  41.828  -51.019 0.0000000000
136577  -32.308  40.904  -51.551 0.0000000000
136578  -33.134  41.356  -51.402 0.0000000000
136579  -33.850  41.966  -51.607 0.0000000000
136580  -34.294  41.949  -52.210 0.0000000000
136581  -32.181  41.090  -51.865 0.0000000000
136582  -32.838  41.524  -52.111 0.0000000000
136583  -33.645  41.740  -52.366 0.0000000000
136584  -34.130  41.719  -52.601 0.0000000000
166194  -30.040  35.530  -51.495 0.0000000000
166195  -30.210  34.573  -51.475 0.0000000000
166196  -29.993  35.490  -53.248 0.0000000000
166197  -30.062  36.521  -53.345 0.0000000000
166198  -30.427  33.884  -51.441 0.0000000000
166199  -30.519  35.509  -53.233 0.0000000000
166200  -28.841  36.422  -51.794 0.0000000000
166201  -29.246  36.317  -53.386 0.0000000000
166202  -31.094  34.835  -51.437 0.0000000000
166203  -30.463  36.110  -53.289 0.0000000000
166204  -31.878  36.604  -53.299 0.0000000000
166205  -28.391  37.055  -53.512 0.0000000000
166206  -25.977  36.391  -52.796 0.0000000000
166207  -28.296  37.118  -52.037 0.0000000000
166208  -27.119  36.789  -54.007 0.0000000000
166209  -27.567  37.416  -53.577 0.0000000000
166210  -27.989  37.567  -52.504 0.0000000000
166211  -29.295  37.584  -52.035 0.0000000000
166212  -27.367  36.514  -52.231 0.0000000000
166213  -29.455  37.700  -52.714 0.0000000000
166214  -28.496  37.646  -53.190 0.0000000000
