#!ascii label  , from subject colin27_FS vox2ras=TkReg
880
82162  -7.131  -4.808  28.249 0.0000000000
82163  -7.778  -4.945  28.372 0.0000000000
82164  -8.232  -4.824  28.341 0.0000000000
82178  -8.281  -5.176  27.822 0.0000000000
82179  -8.754  -4.875  27.694 0.0000000000
82195  -8.891  -5.118  27.056 0.0000000000
83492  -7.069  -4.033  28.513 0.0000000000
83493  -7.562  -4.375  28.673 0.0000000000
83494  -8.107  -4.426  28.592 0.0000000000
83508  -6.822  -4.221  27.848 0.0000000000
83509  -8.557  -4.524  28.096 0.0000000000
83510  -9.000  -4.469  27.436 0.0000000000
83521  -6.686  -4.374  26.928 0.0000000000
83522  -9.585  -4.479  26.417 0.0000000000
83523  -9.959  -3.974  25.921 0.0000000000
83536  -6.546  -4.399  25.866 0.0000000000
83537  -9.743  -4.896  25.779 0.0000000000
83538  -10.092  -4.398  25.348 0.0000000000
83554  -6.309  -4.428  24.695 0.0000000000
83556  -11.192  -4.016  24.005 0.0000000000
83573  -6.138  -4.255  23.560 0.0000000000
83576  -12.567  -4.008  23.017 0.0000000000
83577  -13.130  -3.732  23.045 0.0000000000
83594  -5.271  -4.464  22.274 0.0000000000
83595  -5.869  -4.229  22.771 0.0000000000
83598  -13.470  -4.278  22.576 0.0000000000
83615  -4.938  -4.423  21.519 0.0000000000
84888  -7.150  -3.580  28.534 0.0000000000
84889  -7.518  -3.789  28.668 0.0000000000
84890  -7.890  -4.032  28.750 0.0000000000
84905  -6.810  -3.313  28.139 0.0000000000
84906  -7.355  -3.253  28.400 0.0000000000
84907  -8.186  -3.590  28.166 0.0000000000
84908  -8.771  -4.053  27.804 0.0000000000
84921  -6.713  -3.439  27.284 0.0000000000
84922  -8.531  -3.084  27.472 0.0000000000
84923  -9.070  -3.589  27.179 0.0000000000
84924  -9.713  -3.525  26.246 0.0000000000
84938  -6.724  -3.460  26.247 0.0000000000
84939  -10.172  -3.466  25.527 0.0000000000
84950  -6.693  -3.474  25.083 0.0000000000
84951  -10.780  -3.567  24.641 0.0000000000
84952  -11.720  -3.371  23.896 0.0000000000
84953  -12.224  -2.869  23.810 0.0000000000
84966  -6.600  -3.487  23.892 0.0000000000
84967  -12.131  -3.776  23.409 0.0000000000
84968  -12.679  -3.244  23.462 0.0000000000
84969  -13.786  -3.480  23.202 0.0000000000
84980  -5.902  -3.943  22.116 0.0000000000
84981  -6.352  -3.524  22.696 0.0000000000
84982  -14.039  -4.022  22.789 0.0000000000
84987  -4.999  -4.141  20.900 0.0000000000
84988  -5.503  -3.888  21.402 0.0000000000
84989  -6.123  -3.385  21.617 0.0000000000
84993  -4.754  -4.172  20.147 0.0000000000
84994  -5.468  -3.503  20.435 0.0000000000
84995  -5.845  -3.398  21.015 0.0000000000
85000  -5.035  -3.609  19.430 0.0000000000
86143  -6.766  -2.777  27.906 0.0000000000
86144  -7.037  -2.701  28.031 0.0000000000
86145  -7.588  -2.845  28.062 0.0000000000
86157  -6.693  -2.763  27.508 0.0000000000
86158  -7.353  -2.476  27.644 0.0000000000
86159  -8.000  -2.582  27.496 0.0000000000
86160  -8.722  -2.660  26.814 0.0000000000
86161  -9.327  -2.972  26.441 0.0000000000
86173  -6.592  -2.590  26.647 0.0000000000
86174  -9.180  -2.421  26.108 0.0000000000
86175  -9.788  -2.682  25.759 0.0000000000
86186  -6.553  -2.467  25.542 0.0000000000
86187  -10.466  -2.653  25.124 0.0000000000
86188  -11.204  -2.538  24.464 0.0000000000
86189  -11.931  -2.460  24.005 0.0000000000
86201  -6.630  -2.511  24.354 0.0000000000
86202  -12.543  -2.412  23.792 0.0000000000
86203  -13.345  -2.460  23.658 0.0000000000
86204  -14.321  -2.566  23.674 0.0000000000
86215  -6.642  -2.591  23.159 0.0000000000
86223  -6.482  -2.626  21.980 0.0000000000
86227  -5.751  -3.058  20.280 0.0000000000
86228  -6.104  -2.753  20.698 0.0000000000
86232  -5.596  -2.904  19.753 0.0000000000
86233  -5.962  -2.243  19.875 0.0000000000
87338  -6.850  -2.553  27.627 0.0000000000
87339  -7.016  -2.326  27.521 0.0000000000
87351  -6.703  -2.088  27.040 0.0000000000
87352  -7.326  -1.924  27.016 0.0000000000
87353  -8.114  -1.999  26.676 0.0000000000
87354  -8.731  -2.038  26.192 0.0000000000
87364  -5.688  -0.933  25.225 0.0000000000
87365  -6.208  -1.453  25.940 0.0000000000
87366  -7.641  -1.500  26.421 0.0000000000
87367  -8.297  -1.433  25.958 0.0000000000
87368  -9.359  -1.670  25.433 0.0000000000
87369  -10.014  -2.156  25.254 0.0000000000
87380  -5.657  -0.950  24.931 0.0000000000
87381  -6.120  -1.440  24.838 0.0000000000
87382  -9.708  -1.183  24.826 0.0000000000
87383  -10.381  -1.632  24.674 0.0000000000
87384  -11.585  -1.620  23.935 0.0000000000
87385  -12.211  -1.979  23.862 0.0000000000
87396  -6.383  -1.656  23.679 0.0000000000
87397  -11.956  -0.958  23.497 0.0000000000
87398  -12.714  -1.459  23.535 0.0000000000
87399  -13.901  -1.532  23.587 0.0000000000
87411  -6.497  -1.710  22.529 0.0000000000
87421  -6.461  -1.721  21.369 0.0000000000
87425  -6.247  -1.684  20.325 0.0000000000
87428  -5.731  -2.207  19.138 0.0000000000
87429  -6.004  -1.679  19.523 0.0000000000
87433  -5.830  -1.697  19.011 0.0000000000
88535  -6.807  -1.353  26.416 0.0000000000
88536  -7.245  -1.382  26.474 0.0000000000
88548  -4.720  0.038  25.083 0.0000000000
88549  -5.495  -0.357  25.389 0.0000000000
88550  -6.309  -0.576  25.803 0.0000000000
88551  -7.382  -0.811  25.910 0.0000000000
88552  -8.615  -0.612  25.102 0.0000000000
88553  -9.351  -0.982  24.906 0.0000000000
88564  -4.674  0.151  24.412 0.0000000000
88565  -5.300  -0.512  24.738 0.0000000000
88566  -5.712  -0.935  24.692 0.0000000000
88567  -8.914  -0.075  24.521 0.0000000000
88568  -9.712  -0.440  24.298 0.0000000000
88569  -10.864  -0.877  23.896 0.0000000000
88570  -11.479  -0.963  23.682 0.0000000000
88579  -4.645  0.313  23.925 0.0000000000
88580  -5.197  -0.129  23.674 0.0000000000
88581  -5.825  -0.894  24.140 0.0000000000
88582  -10.021  0.155  23.624 0.0000000000
88583  -10.571  -0.124  23.504 0.0000000000
88584  -11.476  -0.413  23.313 0.0000000000
88585  -12.496  -0.295  23.031 0.0000000000
88586  -13.594  -0.334  23.132 0.0000000000
88587  -14.569  -0.722  23.603 0.0000000000
88597  -5.634  -0.181  22.528 0.0000000000
88598  -6.051  -0.866  23.097 0.0000000000
88599  -12.701  0.111  22.787 0.0000000000
88600  -12.991  0.100  22.797 0.0000000000
88610  -5.909  -0.192  21.653 0.0000000000
88611  -6.272  -0.854  22.002 0.0000000000
88618  -5.810  0.148  21.018 0.0000000000
88619  -6.237  -0.727  20.871 0.0000000000
88622  -5.859  -0.055  20.094 0.0000000000
88623  -6.124  -0.965  19.781 0.0000000000
88627  -5.779  -0.455  18.947 0.0000000000
88628  -5.919  -1.285  19.099 0.0000000000
89842  -4.529  0.412  25.163 0.0000000000
89843  -4.884  0.355  25.310 0.0000000000
89844  -5.665  0.349  25.397 0.0000000000
89845  -6.712  0.101  25.439 0.0000000000
89846  -7.626  -0.022  25.197 0.0000000000
89855  -4.440  0.536  24.796 0.0000000000
89856  -6.292  0.843  25.014 0.0000000000
89857  -7.202  0.647  24.842 0.0000000000
89858  -8.242  0.460  24.492 0.0000000000
89859  -9.054  0.286  24.182 0.0000000000
89868  -4.342  0.739  23.986 0.0000000000
89869  -4.666  0.483  23.477 0.0000000000
89870  -8.802  0.849  23.885 0.0000000000
89871  -9.521  0.584  23.628 0.0000000000
89872  -10.287  0.648  23.092 0.0000000000
89873  -11.116  0.314  22.915 0.0000000000
89874  -11.870  0.170  22.823 0.0000000000
89875  -13.919  0.331  22.955 0.0000000000
89876  -14.442  0.422  23.281 0.0000000000
89887  -4.439  1.049  22.755 0.0000000000
89888  -5.026  0.380  22.883 0.0000000000
89889  -10.911  0.995  22.591 0.0000000000
89890  -11.665  0.839  22.460 0.0000000000
89891  -12.591  0.539  22.585 0.0000000000
89892  -13.498  0.583  22.733 0.0000000000
89893  -14.012  0.681  22.881 0.0000000000
89902  -4.649  1.257  21.471 0.0000000000
89903  -5.237  0.499  21.853 0.0000000000
89913  -4.675  1.355  20.819 0.0000000000
89914  -5.199  0.860  20.614 0.0000000000
89921  -4.740  1.102  18.978 0.0000000000
89922  -5.368  0.565  19.454 0.0000000000
89927  -4.570  1.072  17.995 0.0000000000
89928  -5.219  0.429  18.397 0.0000000000
91181  -4.527  0.691  25.108 0.0000000000
91182  -4.933  0.915  25.185 0.0000000000
91183  -5.548  1.051  25.073 0.0000000000
91192  -4.483  1.180  24.587 0.0000000000
91193  -5.173  1.455  24.657 0.0000000000
91194  -5.972  1.492  24.633 0.0000000000
91195  -6.851  1.394  24.498 0.0000000000
91196  -7.567  1.131  24.365 0.0000000000
91197  -15.008  1.680  24.642 0.0000000000
91198  -15.294  0.827  24.270 0.0000000000
91205  -4.401  1.539  23.601 0.0000000000
91206  -7.382  1.660  24.124 0.0000000000
91207  -8.132  1.486  23.855 0.0000000000
91208  -9.077  1.497  23.360 0.0000000000
91209  -9.734  1.210  23.085 0.0000000000
91210  -14.773  1.403  23.635 0.0000000000
91211  -15.005  0.662  23.730 0.0000000000
91219  -4.384  1.910  22.790 0.0000000000
91220  -9.558  1.786  22.898 0.0000000000
91221  -10.279  1.628  22.580 0.0000000000
91222  -11.278  1.689  22.130 0.0000000000
91223  -12.253  1.539  22.080 0.0000000000
91224  -13.172  1.415  22.334 0.0000000000
91225  -14.025  1.412  22.823 0.0000000000
91232  -4.299  1.886  21.908 0.0000000000
91233  -11.803  2.102  21.828 0.0000000000
91234  -12.300  2.279  21.827 0.0000000000
91244  -4.300  1.777  20.801 0.0000000000
91245  -4.648  1.388  20.352 0.0000000000
91255  -4.327  1.676  19.673 0.0000000000
91256  -4.879  1.164  19.811 0.0000000000
91268  -4.182  1.672  18.565 0.0000000000
91281  -3.944  1.643  17.586 0.0000000000
92537  -4.873  1.932  23.995 0.0000000000
92538  -5.652  2.092  24.135 0.0000000000
92539  -6.502  2.012  24.172 0.0000000000
92540  -7.017  1.875  24.148 0.0000000000
92541  -14.532  2.372  24.055 0.0000000000
92548  -4.708  2.313  23.206 0.0000000000
92549  -5.400  2.795  23.380 0.0000000000
92550  -6.260  2.739  23.738 0.0000000000
92551  -7.304  2.392  23.731 0.0000000000
92552  -8.553  2.484  23.161 0.0000000000
92553  -9.182  2.079  22.987 0.0000000000
92554  -14.271  2.194  23.223 0.0000000000
92564  -4.743  2.737  22.324 0.0000000000
92565  -4.984  2.848  22.903 0.0000000000
92566  -8.934  3.028  22.761 0.0000000000
92567  -9.552  2.585  22.598 0.0000000000
92568  -10.749  2.646  21.955 0.0000000000
92569  -11.396  2.304  21.849 0.0000000000
92570  -12.880  2.157  21.984 0.0000000000
92571  -13.506  2.407  22.389 0.0000000000
92572  -13.971  2.188  22.784 0.0000000000
92583  -4.569  2.637  21.223 0.0000000000
92584  -11.189  3.224  21.688 0.0000000000
92585  -11.796  2.866  21.721 0.0000000000
92586  -12.677  2.804  21.845 0.0000000000
92587  -13.096  2.610  22.009 0.0000000000
92601  -4.402  2.527  20.109 0.0000000000
92621  -4.193  2.432  19.009 0.0000000000
92644  -3.884  2.269  18.104 0.0000000000
92664  -3.623  2.530  16.634 0.0000000000
92665  -3.714  2.454  17.084 0.0000000000
93892  -14.065  3.112  24.376 0.0000000000
93902  -5.599  3.481  23.097 0.0000000000
93903  -5.997  3.517  23.356 0.0000000000
93904  -6.816  3.473  23.396 0.0000000000
93905  -7.736  3.353  23.182 0.0000000000
93906  -13.753  3.787  23.778 0.0000000000
93907  -14.068  2.993  23.443 0.0000000000
93920  -4.988  3.290  22.209 0.0000000000
93921  -5.250  3.538  22.603 0.0000000000
93922  -8.456  3.468  22.829 0.0000000000
93923  -9.175  3.598  22.491 0.0000000000
93924  -9.991  3.487  22.037 0.0000000000
93925  -13.128  4.061  22.172 0.0000000000
93926  -13.507  3.661  22.608 0.0000000000
93927  -13.918  2.703  22.845 0.0000000000
93940  -5.019  3.625  21.666 0.0000000000
93941  -5.289  4.302  22.122 0.0000000000
93942  -10.719  3.626  21.712 0.0000000000
93943  -11.505  3.815  21.614 0.0000000000
93944  -12.649  3.832  21.834 0.0000000000
93945  -13.166  3.076  22.036 0.0000000000
93961  -4.789  3.452  20.508 0.0000000000
93979  -4.574  3.344  19.420 0.0000000000
93993  -4.256  3.200  18.155 0.0000000000
94004  -3.724  2.854  16.518 0.0000000000
94005  -4.096  3.452  17.028 0.0000000000
94020  -4.065  3.510  16.217 0.0000000000
95185  -5.753  4.055  22.996 0.0000000000
95186  -6.332  4.382  23.144 0.0000000000
95187  -7.325  4.362  23.020 0.0000000000
95188  -7.976  3.915  22.909 0.0000000000
95189  -13.462  4.430  23.299 0.0000000000
95206  -5.586  4.694  22.546 0.0000000000
95207  -5.901  4.613  22.968 0.0000000000
95208  -7.694  4.937  22.726 0.0000000000
95209  -8.399  4.465  22.579 0.0000000000
95210  -9.628  4.513  21.987 0.0000000000
95211  -10.244  4.052  21.780 0.0000000000
95212  -12.995  4.629  22.328 0.0000000000
95213  -13.348  4.411  22.752 0.0000000000
95230  -5.237  4.795  21.590 0.0000000000
95231  -5.368  4.833  22.105 0.0000000000
95232  -10.057  5.049  21.695 0.0000000000
95233  -10.701  4.623  21.623 0.0000000000
95234  -11.851  4.723  21.656 0.0000000000
95235  -12.486  4.724  21.889 0.0000000000
95252  -5.089  4.404  20.726 0.0000000000
95253  -5.068  4.508  20.320 0.0000000000
95267  -4.982  4.311  19.933 0.0000000000
95268  -5.073  4.595  20.109 0.0000000000
95277  -4.783  4.267  18.856 0.0000000000
95286  -4.553  4.324  17.703 0.0000000000
95297  -4.409  4.402  16.706 0.0000000000
95305  -4.455  4.376  15.921 0.0000000000
95306  -5.013  4.342  15.400 0.0000000000
95307  -6.112  4.414  15.540 0.0000000000
95308  -7.318  4.519  15.662 0.0000000000
95309  -8.245  4.601  15.442 0.0000000000
95319  -8.656  4.671  14.892 0.0000000000
95327  -7.975  4.643  13.558 0.0000000000
95328  -8.492  4.721  14.084 0.0000000000
96445  -6.326  4.828  23.062 0.0000000000
96446  -6.611  4.852  23.037 0.0000000000
96448  -13.185  5.117  23.574 0.0000000000
96461  -5.591  5.451  22.496 0.0000000000
96462  -6.103  5.233  22.863 0.0000000000
96463  -7.076  5.394  22.775 0.0000000000
96464  -8.014  5.501  22.417 0.0000000000
96465  -8.907  5.382  22.096 0.0000000000
96466  -12.894  5.650  22.910 0.0000000000
96467  -13.241  4.872  22.931 0.0000000000
96480  -5.129  5.508  21.565 0.0000000000
96481  -5.274  5.508  22.099 0.0000000000
96482  -9.606  5.473  21.761 0.0000000000
96483  -10.322  5.605  21.594 0.0000000000
96484  -11.260  5.609  21.598 0.0000000000
96485  -12.271  5.659  21.984 0.0000000000
96494  -5.054  5.353  20.840 0.0000000000
96495  -5.095  4.813  20.266 0.0000000000
96504  -5.004  5.206  19.690 0.0000000000
96505  -5.073  4.769  19.959 0.0000000000
96514  -4.786  5.322  18.396 0.0000000000
96522  -4.615  5.365  17.289 0.0000000000
96531  -4.551  5.385  16.379 0.0000000000
96540  -4.766  5.401  15.738 0.0000000000
96541  -5.459  5.438  15.480 0.0000000000
96542  -6.542  5.497  15.592 0.0000000000
96543  -7.641  5.568  15.620 0.0000000000
96544  -8.378  5.645  15.281 0.0000000000
96552  -8.627  5.755  14.706 0.0000000000
96568  -7.895  5.573  13.602 0.0000000000
96569  -8.448  6.067  14.128 0.0000000000
96588  -7.249  5.751  13.200 0.0000000000
97703  -4.830  6.918  22.234 0.0000000000
97704  -5.405  6.337  22.419 0.0000000000
97705  -6.441  6.386  22.602 0.0000000000
97706  -7.491  6.429  22.391 0.0000000000
97707  -8.618  6.407  21.937 0.0000000000
97708  -9.170  5.910  21.810 0.0000000000
97709  -11.913  6.888  22.125 0.0000000000
97710  -12.306  6.663  22.603 0.0000000000
97720  -4.890  6.312  21.662 0.0000000000
97721  -5.113  6.055  22.135 0.0000000000
97722  -9.115  6.865  21.705 0.0000000000
97723  -9.622  6.404  21.636 0.0000000000
97724  -10.662  6.447  21.574 0.0000000000
97725  -11.563  6.519  21.794 0.0000000000
97726  -12.062  6.451  22.073 0.0000000000
97735  -4.773  6.335  20.335 0.0000000000
97743  -4.720  6.341  19.081 0.0000000000
97752  -4.611  6.349  17.897 0.0000000000
97762  -4.561  6.322  16.880 0.0000000000
97771  -4.596  6.336  16.090 0.0000000000
97782  -4.954  6.407  15.554 0.0000000000
97783  -5.814  6.473  15.499 0.0000000000
97784  -6.921  6.537  15.639 0.0000000000
97785  -7.904  6.602  15.546 0.0000000000
97786  -8.466  6.673  15.126 0.0000000000
97801  -8.543  6.758  14.573 0.0000000000
97822  -8.109  6.818  13.733 0.0000000000
97823  -8.445  6.809  14.167 0.0000000000
97845  -7.533  6.423  13.361 0.0000000000
98993  -4.941  7.649  22.526 0.0000000000
98994  -5.867  7.467  22.594 0.0000000000
98995  -6.928  7.450  22.470 0.0000000000
98996  -8.013  7.437  22.105 0.0000000000
98997  -8.845  7.374  21.779 0.0000000000
98998  -11.817  7.421  22.462 0.0000000000
98999  -12.139  7.297  22.821 0.0000000000
99007  -4.537  7.459  21.933 0.0000000000
99008  -9.428  7.275  21.655 0.0000000000
99009  -10.153  7.231  21.616 0.0000000000
99010  -10.964  7.222  21.753 0.0000000000
99011  -11.516  7.188  22.024 0.0000000000
99019  -4.478  7.359  20.950 0.0000000000
99029  -4.476  7.364  19.722 0.0000000000
99039  -4.456  7.353  18.491 0.0000000000
99050  -4.465  7.290  17.348 0.0000000000
99061  -4.524  7.101  16.519 0.0000000000
99077  -4.629  7.311  15.899 0.0000000000
99078  -5.177  7.425  15.438 0.0000000000
99079  -6.159  7.504  15.527 0.0000000000
99080  -7.258  7.568  15.625 0.0000000000
99081  -8.113  7.625  15.425 0.0000000000
99097  -8.509  7.668  14.927 0.0000000000
99110  -8.029  7.816  13.704 0.0000000000
99111  -8.390  7.615  14.251 0.0000000000
99131  -7.439  7.455  13.282 0.0000000000
100229  -4.789  8.728  22.570 0.0000000000
100230  -5.428  8.506  22.703 0.0000000000
100231  -6.392  8.465  22.594 0.0000000000
100232  -7.516  8.491  22.321 0.0000000000
100233  -8.816  8.429  21.933 0.0000000000
100234  -9.970  8.785  22.031 0.0000000000
100235  -10.848  8.596  22.321 0.0000000000
100236  -11.489  8.192  22.657 0.0000000000
100245  -4.489  8.270  22.220 0.0000000000
100246  -9.191  7.771  21.726 0.0000000000
100247  -9.684  7.943  21.717 0.0000000000
100248  -10.504  7.972  21.842 0.0000000000
100249  -11.225  7.801  22.123 0.0000000000
100259  -4.346  8.345  21.480 0.0000000000
100270  -4.367  8.388  20.348 0.0000000000
100281  -4.377  8.395  19.101 0.0000000000
100294  -4.320  8.341  17.857 0.0000000000
100309  -4.412  8.176  16.625 0.0000000000
100323  -4.713  8.377  15.729 0.0000000000
100324  -5.464  8.476  15.455 0.0000000000
100325  -6.518  8.543  15.587 0.0000000000
100326  -7.565  8.597  15.588 0.0000000000
100327  -8.269  8.646  15.248 0.0000000000
100336  -8.429  8.695  14.658 0.0000000000
100344  -7.685  8.423  13.473 0.0000000000
100345  -8.184  8.791  13.945 0.0000000000
101493  -4.786  9.396  22.555 0.0000000000
101494  -5.107  9.390  22.796 0.0000000000
101495  -5.888  9.387  22.712 0.0000000000
101496  -6.926  9.459  22.568 0.0000000000
101497  -8.078  9.596  22.345 0.0000000000
101498  -9.292  9.692  22.329 0.0000000000
101499  -10.454  9.644  22.772 0.0000000000
101500  -11.186  8.875  22.873 0.0000000000
101511  -4.504  9.248  22.101 0.0000000000
101522  -4.459  9.406  21.000 0.0000000000
101534  -4.431  9.466  19.751 0.0000000000
101545  -4.376  9.433  18.482 0.0000000000
101560  -4.329  9.386  17.264 0.0000000000
101574  -4.433  9.403  16.215 0.0000000000
101581  -4.884  9.482  15.537 0.0000000000
101582  -5.788  9.546  15.486 0.0000000000
101583  -6.882  9.587  15.632 0.0000000000
101584  -7.825  9.614  15.456 0.0000000000
101585  -8.346  9.662  15.021 0.0000000000
101592  -8.340  9.799  14.380 0.0000000000
101599  -7.633  9.420  13.452 0.0000000000
101600  -8.125  9.771  13.856 0.0000000000
102715  -4.828  10.815  23.072 0.0000000000
102716  -5.074  10.748  23.189 0.0000000000
102717  -5.682  10.726  23.185 0.0000000000
102718  -8.747  11.071  23.371 0.0000000000
102719  -9.278  10.917  23.689 0.0000000000
102720  -10.130  10.285  23.316 0.0000000000
102731  -4.820  10.310  22.701 0.0000000000
102732  -5.432  10.144  22.903 0.0000000000
102733  -6.349  10.319  22.846 0.0000000000
102734  -7.380  10.367  22.708 0.0000000000
102735  -8.510  10.742  22.904 0.0000000000
102736  -9.692  10.353  22.893 0.0000000000
102737  -10.153  10.177  22.935 0.0000000000
102746  -4.549  10.402  21.719 0.0000000000
102755  -4.518  10.658  20.474 0.0000000000
102763  -4.410  10.526  19.129 0.0000000000
102776  -4.336  10.476  17.910 0.0000000000
102789  -4.301  10.476  16.788 0.0000000000
102798  -4.520  10.541  15.878 0.0000000000
102805  -5.148  10.610  15.389 0.0000000000
102806  -6.155  10.619  15.495 0.0000000000
102807  -7.247  10.591  15.523 0.0000000000
102808  -8.065  10.585  15.278 0.0000000000
102809  -8.367  10.608  14.767 0.0000000000
102817  -8.372  10.666  14.306 0.0000000000
102824  -7.908  10.478  13.573 0.0000000000
102825  -8.290  10.363  13.982 0.0000000000
102837  -7.396  10.197  13.195 0.0000000000
103959  -9.625  11.938  27.234 0.0000000000
103960  -10.621  11.347  27.591 0.0000000000
103961  -11.904  11.206  27.341 0.0000000000
103962  -12.777  11.372  27.407 0.0000000000
103963  -13.455  11.772  27.535 0.0000000000
103977  -9.818  12.146  26.614 0.0000000000
103978  -10.524  11.927  26.493 0.0000000000
103979  -11.542  11.710  26.533 0.0000000000
103980  -12.478  11.679  26.807 0.0000000000
103981  -13.007  11.776  27.068 0.0000000000
103994  -10.947  12.003  25.994 0.0000000000
103995  -11.153  11.903  26.176 0.0000000000
104002  -4.828  11.986  24.379 0.0000000000
104003  -5.797  11.693  24.040 0.0000000000
104004  -6.589  11.659  24.070 0.0000000000
104005  -7.339  11.679  24.433 0.0000000000
104006  -8.262  11.432  24.645 0.0000000000
104007  -8.995  11.127  24.581 0.0000000000
104012  -4.833  11.444  23.297 0.0000000000
104013  -5.381  11.315  23.548 0.0000000000
104014  -6.428  11.135  23.393 0.0000000000
104015  -7.371  11.401  23.614 0.0000000000
104016  -8.325  11.331  23.700 0.0000000000
104017  -8.763  11.293  24.124 0.0000000000
104021  -4.601  11.397  22.448 0.0000000000
104022  -6.908  10.741  22.967 0.0000000000
104023  -7.443  11.011  23.062 0.0000000000
104024  -7.952  11.236  23.235 0.0000000000
104031  -4.576  11.508  21.445 0.0000000000
104041  -4.586  11.761  20.602 0.0000000000
104049  -4.524  11.600  19.688 0.0000000000
104060  -4.393  11.531  18.559 0.0000000000
104068  -4.285  11.509  17.432 0.0000000000
104076  -4.315  11.559  16.406 0.0000000000
104082  -4.686  11.773  15.548 0.0000000000
104083  -5.427  11.787  15.279 0.0000000000
104084  -6.584  11.598  15.442 0.0000000000
104085  -7.627  11.518  15.402 0.0000000000
104086  -8.281  11.486  15.044 0.0000000000
104092  -4.774  12.316  15.253 0.0000000000
104093  -4.915  12.114  15.176 0.0000000000
104094  -8.422  11.425  14.421 0.0000000000
104097  -8.043  11.353  13.479 0.0000000000
104098  -8.313  11.102  13.899 0.0000000000
104107  -7.504  11.099  13.071 0.0000000000
105206  -5.818  12.512  27.733 0.0000000000
105207  -6.639  12.639  27.973 0.0000000000
105220  -7.262  12.826  27.155 0.0000000000
105221  -8.489  12.320  27.582 0.0000000000
105231  -8.126  12.741  26.573 0.0000000000
105232  -9.154  12.417  26.521 0.0000000000
105233  -9.919  12.279  26.182 0.0000000000
105234  -11.799  11.960  26.163 0.0000000000
105235  -12.230  12.068  26.233 0.0000000000
105236  -13.164  12.400  26.660 0.0000000000
105247  -8.555  12.900  25.820 0.0000000000
105248  -9.518  12.643  25.588 0.0000000000
105249  -10.543  12.283  25.687 0.0000000000
105250  -11.572  12.197  25.802 0.0000000000
105251  -12.602  12.763  25.740 0.0000000000
105252  -13.109  12.906  26.120 0.0000000000
105260  -10.207  12.668  24.996 0.0000000000
105261  -11.121  12.621  24.954 0.0000000000
105262  -12.019  12.834  25.072 0.0000000000
105263  -12.485  13.111  25.197 0.0000000000
105267  -4.569  12.457  23.969 0.0000000000
105271  -4.572  12.426  23.169 0.0000000000
105275  -4.649  12.431  22.196 0.0000000000
105284  -4.731  12.484  21.209 0.0000000000
105294  -4.711  12.577  20.249 0.0000000000
105303  -4.556  12.573  19.208 0.0000000000
105309  -4.373  12.521  18.112 0.0000000000
105312  -4.294  12.520  17.059 0.0000000000
105315  -4.290  12.586  16.108 0.0000000000
105316  -5.395  12.331  15.131 0.0000000000
105317  -5.889  12.598  15.206 0.0000000000
105318  -7.096  12.445  15.388 0.0000000000
105319  -7.998  12.359  15.264 0.0000000000
105322  -4.592  12.720  15.436 0.0000000000
105323  -5.049  12.641  14.976 0.0000000000
105324  -5.410  13.086  14.957 0.0000000000
105325  -8.387  12.359  14.694 0.0000000000
105329  -7.878  11.767  13.264 0.0000000000
105330  -8.336  12.320  13.716 0.0000000000
105347  -7.450  12.334  12.851 0.0000000000
105348  -8.023  13.258  13.149 0.0000000000
106317  -3.602  13.688  26.518 0.0000000000
106318  -3.670  13.336  26.085 0.0000000000
106319  -8.361  13.328  25.209 0.0000000000
106320  -8.960  13.039  25.338 0.0000000000
106321  -12.821  13.557  25.297 0.0000000000
106322  -13.113  13.263  25.842 0.0000000000
106331  -4.128  12.951  24.869 0.0000000000
106332  -8.232  13.642  24.542 0.0000000000
106333  -9.333  13.151  24.666 0.0000000000
106334  -10.571  13.030  24.303 0.0000000000
106335  -11.708  13.337  24.292 0.0000000000
106336  -12.362  13.377  24.807 0.0000000000
106341  -4.435  13.343  24.005 0.0000000000
106342  -7.993  14.073  23.961 0.0000000000
106343  -8.888  13.683  23.808 0.0000000000
106344  -9.988  13.484  23.689 0.0000000000
106345  -11.080  13.578  23.658 0.0000000000
106346  -11.626  13.797  23.805 0.0000000000
106351  -4.694  13.533  22.967 0.0000000000
106352  -4.932  14.089  22.364 0.0000000000
106356  -4.889  13.318  21.882 0.0000000000
106357  -5.166  14.077  21.622 0.0000000000
106363  -5.037  13.356  20.935 0.0000000000
106364  -5.238  14.162  20.811 0.0000000000
106369  -4.939  13.691  19.936 0.0000000000
106370  -5.195  14.316  20.345 0.0000000000
106376  -4.574  13.522  18.776 0.0000000000
106379  -4.350  13.485  17.748 0.0000000000
106382  -4.307  13.494  16.755 0.0000000000
106385  -4.344  13.528  15.863 0.0000000000
106386  -6.671  13.310  15.227 0.0000000000
106387  -7.552  13.210  15.253 0.0000000000
106388  -8.208  13.038  15.040 0.0000000000
106393  -4.670  13.541  15.207 0.0000000000
106394  -5.112  13.586  14.853 0.0000000000
106395  -5.789  13.557  15.015 0.0000000000
106396  -7.937  13.630  14.990 0.0000000000
106397  -8.331  13.477  14.466 0.0000000000
106411  -8.305  13.790  13.646 0.0000000000
106426  -7.532  13.612  12.626 0.0000000000
106427  -8.099  14.210  12.963 0.0000000000
107440  -3.962  13.670  27.364 0.0000000000
107462  -3.573  13.610  27.066 0.0000000000
107484  -3.589  13.787  26.742 0.0000000000
107485  -4.068  14.171  26.553 0.0000000000
107486  -13.051  14.310  25.352 0.0000000000
107504  -4.367  14.190  25.043 0.0000000000
107505  -5.611  14.514  25.093 0.0000000000
107506  -6.484  14.553  24.416 0.0000000000
107507  -11.937  13.910  23.943 0.0000000000
107508  -12.512  14.227  24.450 0.0000000000
107519  -4.551  14.392  23.887 0.0000000000
107520  -5.601  15.230  24.206 0.0000000000
107521  -6.175  14.995  24.021 0.0000000000
107522  -7.265  14.684  23.598 0.0000000000
107523  -8.463  14.309  23.283 0.0000000000
107524  -9.501  14.063  23.090 0.0000000000
107525  -10.607  14.044  23.052 0.0000000000
107526  -11.749  14.406  23.383 0.0000000000
107527  -12.341  14.833  23.839 0.0000000000
107532  -4.704  14.697  23.011 0.0000000000
107533  -4.934  14.808  22.199 0.0000000000
107534  -8.119  14.872  22.821 0.0000000000
107535  -9.029  14.680  22.597 0.0000000000
107536  -10.068  14.589  22.470 0.0000000000
107537  -11.092  14.731  22.592 0.0000000000
107538  -11.606  14.937  22.809 0.0000000000
107543  -5.181  14.819  21.435 0.0000000000
107548  -5.265  14.817  20.694 0.0000000000
107552  -4.862  14.448  19.285 0.0000000000
107553  -5.166  14.633  20.018 0.0000000000
107557  -4.550  14.418  18.404 0.0000000000
107560  -4.392  14.436  17.437 0.0000000000
107563  -4.352  14.445  16.455 0.0000000000
107567  -4.449  14.436  15.567 0.0000000000
107568  -7.081  13.695  15.226 0.0000000000
107569  -7.417  13.877  15.107 0.0000000000
107575  -4.773  14.425  14.918 0.0000000000
107576  -5.414  14.417  14.750 0.0000000000
107577  -6.566  14.302  15.009 0.0000000000
107578  -7.691  14.449  14.763 0.0000000000
107579  -8.260  14.617  14.112 0.0000000000
107592  -8.318  14.843  13.420 0.0000000000
107596  -7.593  14.673  12.345 0.0000000000
107597  -8.227  15.157  12.771 0.0000000000
108725  -4.574  14.812  24.300 0.0000000000
108726  -4.765  15.001  24.490 0.0000000000
108727  -12.576  15.339  24.328 0.0000000000
108746  -4.608  15.467  23.689 0.0000000000
108747  -5.121  15.646  24.095 0.0000000000
108748  -5.809  15.748  23.608 0.0000000000
108749  -6.608  15.389  23.374 0.0000000000
108750  -11.852  15.077  22.956 0.0000000000
108751  -12.232  15.437  23.363 0.0000000000
108762  -4.638  15.663  22.674 0.0000000000
108763  -4.917  15.394  21.940 0.0000000000
108764  -6.453  15.950  23.052 0.0000000000
108765  -7.361  15.591  22.641 0.0000000000
108766  -8.509  15.325  22.219 0.0000000000
108767  -9.515  15.194  21.973 0.0000000000
108768  -10.573  15.254  21.972 0.0000000000
108769  -11.643  15.635  22.410 0.0000000000
108770  -12.183  15.962  22.914 0.0000000000
108775  -4.765  15.996  21.999 0.0000000000
108776  -5.119  15.609  21.255 0.0000000000
108777  -8.064  15.952  21.908 0.0000000000
108778  -8.922  15.847  21.580 0.0000000000
108779  -9.945  15.862  21.433 0.0000000000
108780  -10.910  16.031  21.603 0.0000000000
108781  -11.426  16.238  21.839 0.0000000000
108786  -5.207  15.379  20.364 0.0000000000
108791  -4.804  15.236  19.006 0.0000000000
108792  -5.060  15.211  19.651 0.0000000000
108796  -4.572  15.370  18.164 0.0000000000
108800  -4.447  15.410  17.120 0.0000000000
108803  -4.414  15.398  16.089 0.0000000000
108807  -4.519  15.363  15.161 0.0000000000
108812  -4.888  15.333  14.496 0.0000000000
108813  -5.749  15.368  14.522 0.0000000000
108814  -6.858  15.475  14.657 0.0000000000
108815  -7.821  15.530  14.338 0.0000000000
108816  -8.280  15.545  13.780 0.0000000000
108827  -8.428  15.722  13.218 0.0000000000
108830  -7.873  15.588  12.272 0.0000000000
108831  -8.310  16.022  12.644 0.0000000000
109841  -12.485  16.072  24.030 0.0000000000
109859  -4.498  16.404  23.101 0.0000000000
109860  -4.782  16.490  23.429 0.0000000000
109861  -5.265  16.338  23.529 0.0000000000
109862  -12.344  16.376  23.395 0.0000000000
109875  -4.565  16.557  22.435 0.0000000000
109876  -5.133  16.893  23.269 0.0000000000
109877  -5.765  16.604  22.954 0.0000000000
109878  -6.654  16.313  22.571 0.0000000000
109879  -11.788  16.623  22.008 0.0000000000
109880  -12.151  16.519  22.681 0.0000000000
109890  -4.808  16.604  21.470 0.0000000000
109891  -5.095  16.067  20.694 0.0000000000
109892  -6.393  16.901  22.299 0.0000000000
109893  -7.272  16.531  21.938 0.0000000000
109894  -8.228  16.639  21.392 0.0000000000
109895  -9.283  16.513  21.088 0.0000000000
109896  -10.316  16.775  20.991 0.0000000000
109897  -11.250  16.745  21.430 0.0000000000
109903  -4.896  16.711  20.370 0.0000000000
109904  -5.045  15.901  19.943 0.0000000000
109905  -8.716  17.111  20.920 0.0000000000
109906  -9.495  17.172  20.738 0.0000000000
109907  -9.999  17.266  20.675 0.0000000000
109913  -4.797  16.305  19.148 0.0000000000
109914  -4.919  15.664  19.438 0.0000000000
109917  -4.544  16.411  17.858 0.0000000000
109920  -4.482  16.409  16.712 0.0000000000
109923  -4.481  16.371  15.625 0.0000000000
109927  -4.623  16.338  14.673 0.0000000000
109932  -5.121  16.387  14.002 0.0000000000
109933  -6.093  16.334  14.228 0.0000000000
109934  -7.210  16.592  14.200 0.0000000000
109935  -8.084  16.339  13.946 0.0000000000
109936  -8.362  16.176  13.541 0.0000000000
109947  -5.649  16.988  13.843 0.0000000000
109948  -6.372  17.098  13.960 0.0000000000
109949  -6.939  17.266  14.024 0.0000000000
109950  -8.292  16.645  13.572 0.0000000000
109951  -8.470  16.603  13.109 0.0000000000
109955  -8.013  16.273  12.185 0.0000000000
109956  -8.267  16.850  12.418 0.0000000000
109961  -7.856  16.872  11.854 0.0000000000
109962  -8.162  17.185  12.068 0.0000000000
110936  -4.479  16.984  22.814 0.0000000000
110937  -4.544  16.875  23.127 0.0000000000
110938  -12.219  17.856  23.391 0.0000000000
110939  -12.266  17.317  23.238 0.0000000000
110952  -4.584  17.406  22.143 0.0000000000
110953  -4.800  17.381  22.842 0.0000000000
110954  -5.265  17.151  22.928 0.0000000000
110955  -11.696  17.459  21.621 0.0000000000
110956  -12.100  17.320  22.386 0.0000000000
110965  -4.628  17.604  21.033 0.0000000000
110966  -4.999  17.877  22.583 0.0000000000
110967  -5.553  17.540  22.381 0.0000000000
110968  -6.766  17.529  21.683 0.0000000000
110969  -7.512  17.064  21.490 0.0000000000
110970  -10.325  17.446  20.682 0.0000000000
110971  -10.987  17.562  20.899 0.0000000000
110976  -4.738  17.590  19.826 0.0000000000
110977  -7.030  17.974  21.322 0.0000000000
110978  -7.741  17.638  21.098 0.0000000000
110979  -8.793  17.795  20.651 0.0000000000
110980  -9.739  17.798  20.496 0.0000000000
110981  -10.408  17.943  20.514 0.0000000000
110988  -4.647  17.498  18.573 0.0000000000
110993  -4.556  17.466  17.354 0.0000000000
110997  -4.517  17.418  16.185 0.0000000000
111000  -4.489  17.365  15.074 0.0000000000
111004  -4.702  17.357  14.161 0.0000000000
111009  -5.184  17.504  13.683 0.0000000000
111010  -7.884  16.939  13.899 0.0000000000
111011  -8.156  16.810  13.737 0.0000000000
111022  -5.893  17.682  13.660 0.0000000000
111023  -6.692  17.749  13.820 0.0000000000
111024  -7.481  17.525  13.799 0.0000000000
111025  -8.209  17.293  13.452 0.0000000000
111026  -8.402  17.440  12.813 0.0000000000
111029  -8.280  17.583  12.221 0.0000000000
111032  -7.593  17.581  11.444 0.0000000000
111033  -8.046  17.471  11.827 0.0000000000
112131  -12.265  17.851  23.149 0.0000000000
112145  -4.703  17.956  22.306 0.0000000000
112146  -4.801  17.927  22.467 0.0000000000
112147  -12.099  18.262  22.120 0.0000000000
112148  -12.247  17.826  22.808 0.0000000000
112156  -4.547  18.460  21.607 0.0000000000
112157  -4.995  18.455  22.215 0.0000000000
112158  -5.994  18.502  21.695 0.0000000000
112159  -6.683  18.160  21.464 0.0000000000
112160  -11.535  18.370  21.160 0.0000000000
112164  -4.520  18.615  20.451 0.0000000000
112165  -6.247  18.993  21.370 0.0000000000
112166  -6.889  18.597  21.148 0.0000000000
112167  -7.954  18.591  20.610 0.0000000000
112168  -9.011  18.599  20.349 0.0000000000
112169  -9.967  18.554  20.243 0.0000000000
112170  -10.806  18.488  20.527 0.0000000000
112176  -4.589  18.620  19.216 0.0000000000
112181  -4.598  18.562  17.960 0.0000000000
112185  -4.587  18.497  16.739 0.0000000000
112188  -4.528  18.427  15.560 0.0000000000
112192  -4.558  18.371  14.472 0.0000000000
112197  -4.866  18.388  13.652 0.0000000000
112207  -5.528  18.424  13.394 0.0000000000
112208  -6.366  18.412  13.501 0.0000000000
112209  -7.202  18.348  13.599 0.0000000000
112210  -7.970  18.341  13.255 0.0000000000
112211  -8.347  17.887  13.055 0.0000000000
112213  -8.132  18.866  12.781 0.0000000000
112214  -8.288  18.358  12.504 0.0000000000
112219  -7.739  18.081  11.383 0.0000000000
112220  -8.084  18.165  11.680 0.0000000000
112239  -7.802  18.328  11.343 0.0000000000
113397  -4.743  19.291  21.614 0.0000000000
113398  -5.237  19.237  21.744 0.0000000000
113399  -5.771  19.337  21.445 0.0000000000
113400  -11.952  19.309  21.460 0.0000000000
113405  -4.459  19.511  20.903 0.0000000000
113406  -6.319  19.436  21.109 0.0000000000
113407  -7.106  19.465  20.661 0.0000000000
113408  -8.176  19.592  20.195 0.0000000000
113409  -9.304  19.321  20.040 0.0000000000
113410  -10.314  19.361  20.053 0.0000000000
113411  -11.300  19.258  20.589 0.0000000000
113416  -4.473  19.666  19.782 0.0000000000
113417  -8.236  20.136  19.960 0.0000000000
113418  -8.738  20.008  19.873 0.0000000000
113419  -9.502  19.890  19.804 0.0000000000
113424  -4.513  19.672  18.524 0.0000000000
113432  -4.587  19.606  17.261 0.0000000000
113441  -4.598  19.517  16.029 0.0000000000
113451  -4.534  19.427  14.848 0.0000000000
113460  -4.667  19.384  13.803 0.0000000000
113469  -5.230  19.490  13.002 0.0000000000
113470  -6.137  19.180  13.150 0.0000000000
113471  -6.995  19.047  13.384 0.0000000000
113472  -7.511  18.788  13.311 0.0000000000
113476  -5.575  20.141  12.679 0.0000000000
113477  -6.067  19.957  12.801 0.0000000000
113478  -6.914  19.816  13.015 0.0000000000
113479  -7.731  19.330  12.890 0.0000000000
113480  -8.221  19.326  12.355 0.0000000000
113489  -8.267  19.136  11.734 0.0000000000
113507  -7.886  18.817  11.239 0.0000000000
114554  -4.932  19.672  21.592 0.0000000000
114555  -5.247  19.813  21.442 0.0000000000
114556  -5.737  19.869  21.201 0.0000000000
114561  -4.770  20.074  21.196 0.0000000000
114562  -5.326  20.347  21.088 0.0000000000
114563  -6.154  20.214  20.753 0.0000000000
114564  -7.111  20.330  20.244 0.0000000000
114565  -7.833  20.288  20.005 0.0000000000
114566  -10.969  19.893  20.029 0.0000000000
114573  -4.554  20.585  20.240 0.0000000000
114592  -4.425  20.748  19.017 0.0000000000
114607  -4.443  20.736  17.752 0.0000000000
114619  -4.571  20.642  16.479 0.0000000000
114630  -4.537  20.518  15.233 0.0000000000
114644  -4.493  20.405  14.054 0.0000000000
114659  -4.741  20.366  13.092 0.0000000000
114669  -5.282  20.536  12.579 0.0000000000
114670  -5.981  20.644  12.529 0.0000000000
114671  -6.763  20.540  12.664 0.0000000000
114672  -7.620  20.421  12.418 0.0000000000
114673  -8.063  19.876  12.400 0.0000000000
114683  -8.163  20.272  11.734 0.0000000000
114698  -8.025  19.813  10.991 0.0000000000
115757  -4.902  20.717  20.759 0.0000000000
115758  -5.437  20.913  20.620 0.0000000000
115759  -6.195  20.953  20.292 0.0000000000
115776  -4.861  21.293  20.229 0.0000000000
166047  -5.596  13.686  26.632 0.0000000000
166048  -4.227  12.511  26.693 0.0000000000
166049  -4.187  12.843  27.477 0.0000000000
166050  -5.608  12.317  26.670 0.0000000000
166051  -7.330  11.695  25.707 0.0000000000
166052  -7.272  13.468  25.778 0.0000000000
166053  -3.576  12.927  26.638 0.0000000000
166054  -4.684  13.582  27.175 0.0000000000
166055  -3.550  13.019  27.236 0.0000000000
166056  -3.654  13.082  27.472 0.0000000000
166057  -5.952  12.091  24.987 0.0000000000
166058  -7.732  13.612  25.032 0.0000000000
166059  -3.624  12.855  26.157 0.0000000000
166060  -4.205  12.453  25.801 0.0000000000
166061  -5.053  14.051  26.666 0.0000000000
166062  -4.959  14.311  26.141 0.0000000000
166063  -5.322  14.232  25.989 0.0000000000
166064  -6.369  14.413  24.722 0.0000000000
166065  -3.494  13.266  27.322 0.0000000000
166066  -7.094  14.093  24.626 0.0000000000
166067  -3.451  13.252  27.017 0.0000000000
166068  -3.469  13.252  26.488 0.0000000000
166069  -4.808  14.017  26.744 0.0000000000
166070  -4.861  14.149  26.537 0.0000000000
166071  -4.662  14.443  25.759 0.0000000000
166072  -3.712  13.329  27.432 0.0000000000
166073  -3.478  13.434  26.665 0.0000000000
