#!ascii label  , from subject colin27_FS vox2ras=TkReg
1859
6987  -37.182  -72.570  -23.259 0.0000000000
6989  -39.274  -72.008  -22.765 0.0000000000
7009  -37.838  -72.608  -23.546 0.0000000000
7010  -38.626  -72.216  -23.442 0.0000000000
7011  -39.094  -71.858  -23.534 0.0000000000
7578  -34.174  -71.125  -20.152 0.0000000000
7579  -34.645  -71.027  -20.286 0.0000000000
7597  -34.757  -71.505  -20.701 0.0000000000
7598  -35.582  -71.621  -21.251 0.0000000000
7599  -35.906  -71.519  -21.395 0.0000000000
7601  -40.414  -70.846  -20.568 0.0000000000
7622  -35.731  -71.953  -21.667 0.0000000000
7623  -36.170  -71.769  -21.793 0.0000000000
7624  -36.861  -71.506  -22.255 0.0000000000
7625  -39.846  -71.250  -21.868 0.0000000000
7626  -40.387  -70.850  -21.122 0.0000000000
7648  -36.764  -72.181  -22.654 0.0000000000
7649  -37.527  -71.778  -22.967 0.0000000000
7650  -39.641  -71.255  -22.989 0.0000000000
7666  -38.308  -71.654  -23.495 0.0000000000
7667  -38.973  -71.353  -23.732 0.0000000000
7668  -39.309  -71.460  -23.462 0.0000000000
8241  -33.057  -70.014  -18.854 0.0000000000
8242  -33.602  -69.766  -19.041 0.0000000000
8253  -33.816  -70.385  -19.446 0.0000000000
8254  -34.762  -70.472  -20.076 0.0000000000
8255  -35.300  -70.143  -20.332 0.0000000000
8259  -40.704  -70.071  -20.022 0.0000000000
8268  -34.910  -70.963  -20.368 0.0000000000
8269  -35.449  -70.788  -20.612 0.0000000000
8270  -35.996  -71.204  -21.209 0.0000000000
8272  -40.728  -70.405  -20.520 0.0000000000
8284  -36.545  -70.945  -21.598 0.0000000000
8285  -37.214  -70.783  -22.266 0.0000000000
8286  -40.234  -70.773  -21.802 0.0000000000
8287  -40.700  -70.277  -21.728 0.0000000000
8298  -37.989  -70.737  -23.118 0.0000000000
8299  -38.495  -70.297  -23.590 0.0000000000
8300  -40.110  -70.737  -22.589 0.0000000000
8301  -40.515  -70.105  -23.063 0.0000000000
8305  -38.608  -70.926  -23.667 0.0000000000
8306  -39.082  -70.373  -23.993 0.0000000000
8307  -39.768  -70.647  -23.814 0.0000000000
8308  -40.397  -69.869  -24.081 0.0000000000
8317  -39.615  -70.045  -24.388 0.0000000000
8318  -40.026  -69.935  -24.534 0.0000000000
8319  -40.275  -69.622  -24.463 0.0000000000
8902  -31.858  -68.763  -17.824 0.0000000000
8903  -32.324  -68.499  -18.002 0.0000000000
8918  -32.603  -69.135  -18.269 0.0000000000
8919  -33.468  -69.181  -18.799 0.0000000000
8932  -34.055  -69.361  -19.230 0.0000000000
8933  -34.619  -69.633  -19.645 0.0000000000
8934  -35.137  -69.623  -20.129 0.0000000000
8938  -41.225  -69.500  -20.133 0.0000000000
8939  -41.746  -69.023  -20.239 0.0000000000
8948  -35.740  -69.702  -20.760 0.0000000000
8949  -36.089  -70.481  -21.069 0.0000000000
8950  -41.278  -69.836  -20.972 0.0000000000
8951  -41.626  -69.263  -20.651 0.0000000000
8960  -36.091  -69.418  -21.132 0.0000000000
8961  -36.504  -69.813  -21.531 0.0000000000
8962  -37.381  -69.802  -22.428 0.0000000000
8963  -41.174  -69.766  -21.597 0.0000000000
8964  -41.558  -69.274  -21.481 0.0000000000
8973  -38.026  -69.712  -23.102 0.0000000000
8974  -38.634  -69.559  -23.698 0.0000000000
8975  -41.088  -69.637  -22.316 0.0000000000
8976  -41.515  -69.056  -22.523 0.0000000000
8988  -39.340  -69.507  -24.294 0.0000000000
8989  -39.819  -69.257  -24.524 0.0000000000
8990  -40.985  -69.357  -23.425 0.0000000000
8991  -41.421  -68.788  -23.230 0.0000000000
9005  -39.790  -69.649  -24.599 0.0000000000
9006  -40.160  -69.399  -24.543 0.0000000000
9007  -40.557  -69.292  -24.285 0.0000000000
9760  -31.382  -68.098  -17.563 0.0000000000
9761  -32.094  -67.980  -17.862 0.0000000000
9770  -32.663  -68.056  -18.240 0.0000000000
9771  -33.290  -68.223  -18.701 0.0000000000
9776  -41.562  -68.247  -19.008 0.0000000000
9777  -42.249  -68.105  -19.090 0.0000000000
9778  -42.541  -67.933  -19.205 0.0000000000
9786  -33.941  -68.406  -19.248 0.0000000000
9787  -34.611  -68.709  -19.703 0.0000000000
9788  -34.942  -69.146  -19.908 0.0000000000
9792  -41.053  -68.839  -19.534 0.0000000000
9793  -41.842  -68.663  -19.709 0.0000000000
9794  -42.439  -68.145  -19.630 0.0000000000
9803  -34.848  -68.164  -20.029 0.0000000000
9804  -35.236  -68.683  -20.361 0.0000000000
9805  -42.097  -68.570  -20.608 0.0000000000
9806  -42.482  -68.090  -20.055 0.0000000000
9815  -36.020  -68.818  -21.182 0.0000000000
9816  -36.826  -68.733  -22.056 0.0000000000
9817  -37.533  -69.071  -22.605 0.0000000000
9818  -41.761  -68.655  -21.791 0.0000000000
9830  -37.410  -68.426  -22.493 0.0000000000
9831  -38.040  -68.733  -22.975 0.0000000000
9832  -38.918  -68.610  -23.617 0.0000000000
9833  -39.616  -68.306  -23.800 0.0000000000
9834  -41.625  -68.450  -22.622 0.0000000000
9849  -39.572  -68.879  -24.225 0.0000000000
9850  -40.249  -68.717  -24.217 0.0000000000
9851  -41.050  -68.654  -23.884 0.0000000000
9852  -41.424  -68.397  -23.295 0.0000000000
9866  -40.393  -69.117  -24.449 0.0000000000
9867  -40.578  -68.962  -24.317 0.0000000000
10574  -30.927  -67.278  -17.342 0.0000000000
10575  -31.696  -67.213  -17.814 0.0000000000
10588  -32.401  -67.205  -18.225 0.0000000000
10589  -33.092  -67.251  -18.655 0.0000000000
10595  -41.893  -67.625  -18.425 0.0000000000
10596  -42.418  -67.656  -18.976 0.0000000000
10602  -33.784  -67.291  -19.279 0.0000000000
10603  -34.464  -67.680  -19.805 0.0000000000
10606  -42.478  -67.542  -19.619 0.0000000000
10607  -42.573  -67.726  -19.302 0.0000000000
10618  -35.043  -67.647  -20.322 0.0000000000
10619  -35.623  -67.782  -20.868 0.0000000000
10620  -42.305  -67.709  -20.352 0.0000000000
10621  -42.542  -67.850  -19.741 0.0000000000
10635  -36.281  -67.754  -21.535 0.0000000000
10636  -37.092  -67.583  -22.279 0.0000000000
10637  -37.526  -67.106  -22.387 0.0000000000
10638  -41.922  -67.927  -21.699 0.0000000000
10652  -37.649  -68.088  -22.590 0.0000000000
10653  -38.105  -67.643  -22.705 0.0000000000
10654  -39.173  -67.596  -23.169 0.0000000000
10655  -40.168  -67.679  -23.448 0.0000000000
10656  -40.956  -67.616  -23.284 0.0000000000
10657  -41.499  -67.872  -22.964 0.0000000000
10673  -40.757  -68.147  -23.752 0.0000000000
10674  -41.183  -68.093  -23.562 0.0000000000
10675  -41.329  -68.273  -23.467 0.0000000000
11392  -29.507  -66.349  -16.880 0.0000000000
11393  -29.892  -66.778  -16.885 0.0000000000
11405  -29.848  -65.868  -16.973 0.0000000000
11406  -30.369  -66.339  -17.104 0.0000000000
11407  -31.353  -66.328  -17.576 0.0000000000
11408  -32.131  -66.325  -18.063 0.0000000000
11414  -41.815  -66.980  -17.372 0.0000000000
11418  -32.858  -66.343  -18.510 0.0000000000
11419  -33.495  -66.368  -19.048 0.0000000000
11420  -42.280  -67.057  -18.627 0.0000000000
11421  -42.523  -67.436  -19.027 0.0000000000
11429  -34.019  -66.345  -19.547 0.0000000000
11430  -34.312  -66.779  -19.814 0.0000000000
11431  -41.524  -66.288  -19.934 0.0000000000
11432  -42.004  -66.871  -19.740 0.0000000000
11433  -42.489  -67.377  -19.219 0.0000000000
11445  -34.762  -66.830  -20.233 0.0000000000
11446  -35.337  -66.828  -20.695 0.0000000000
11447  -35.820  -66.395  -21.071 0.0000000000
11448  -41.353  -66.221  -20.625 0.0000000000
11449  -41.711  -67.068  -21.053 0.0000000000
11460  -35.856  -67.068  -21.181 0.0000000000
11461  -36.424  -66.667  -21.596 0.0000000000
11462  -37.232  -66.496  -22.106 0.0000000000
11463  -37.895  -66.174  -22.210 0.0000000000
11464  -41.169  -66.371  -21.728 0.0000000000
11465  -41.393  -67.214  -22.201 0.0000000000
11479  -37.837  -66.787  -22.399 0.0000000000
11480  -38.598  -66.610  -22.564 0.0000000000
11481  -39.646  -66.711  -22.782 0.0000000000
11482  -40.693  -66.732  -22.692 0.0000000000
11483  -41.167  -67.346  -22.835 0.0000000000
12191  -28.816  -65.941  -16.954 0.0000000000
12192  -29.129  -66.037  -16.893 0.0000000000
12198  -41.719  -66.101  -16.643 0.0000000000
12203  -28.401  -65.504  -17.237 0.0000000000
12204  -29.305  -65.478  -17.023 0.0000000000
12205  -30.180  -65.301  -17.133 0.0000000000
12206  -31.038  -65.360  -17.389 0.0000000000
12207  -31.880  -65.387  -17.826 0.0000000000
12211  -41.771  -66.131  -17.894 0.0000000000
12217  -32.627  -65.417  -18.327 0.0000000000
12218  -33.319  -65.458  -18.832 0.0000000000
12219  -41.424  -65.604  -19.368 0.0000000000
12220  -41.722  -66.190  -18.946 0.0000000000
12227  -33.949  -65.525  -19.398 0.0000000000
12228  -34.651  -65.786  -20.095 0.0000000000
12229  -35.250  -65.281  -20.390 0.0000000000
12230  -41.318  -65.825  -19.953 0.0000000000
12231  -41.573  -66.165  -19.552 0.0000000000
12241  -35.020  -66.314  -20.434 0.0000000000
12242  -35.416  -65.858  -20.654 0.0000000000
12243  -36.209  -65.646  -21.147 0.0000000000
12244  -36.853  -65.257  -21.373 0.0000000000
12245  -41.294  -65.438  -20.619 0.0000000000
12246  -41.403  -65.052  -21.192 0.0000000000
12258  -36.807  -65.897  -21.619 0.0000000000
12259  -37.521  -65.567  -21.713 0.0000000000
12260  -38.504  -65.590  -22.050 0.0000000000
12261  -39.371  -65.326  -22.123 0.0000000000
12262  -41.165  -65.452  -21.473 0.0000000000
12263  -41.386  -64.874  -21.666 0.0000000000
12277  -39.212  -65.951  -22.436 0.0000000000
12278  -40.028  -65.717  -22.413 0.0000000000
12279  -40.697  -65.600  -22.112 0.0000000000
12874  -44.266  -64.515  -11.733 0.0000000000
12889  -44.123  -64.612  -12.329 0.0000000000
12905  -42.887  -64.871  -13.525 0.0000000000
12906  -43.510  -64.652  -13.051 0.0000000000
12907  -43.883  -64.578  -12.752 0.0000000000
12923  -42.225  -65.235  -14.301 0.0000000000
12924  -42.528  -64.862  -14.058 0.0000000000
12937  -41.972  -65.261  -14.963 0.0000000000
12938  -42.372  -64.572  -14.639 0.0000000000
12948  -41.815  -65.165  -16.033 0.0000000000
12954  -28.183  -64.636  -17.617 0.0000000000
12955  -28.889  -64.467  -17.258 0.0000000000
12956  -29.798  -64.392  -17.169 0.0000000000
12957  -30.721  -64.365  -17.310 0.0000000000
12958  -31.605  -64.397  -17.653 0.0000000000
12959  -41.643  -65.094  -17.268 0.0000000000
12965  -32.399  -64.450  -18.133 0.0000000000
12966  -33.114  -64.513  -18.640 0.0000000000
12967  -41.351  -65.283  -19.302 0.0000000000
12968  -41.396  -65.088  -18.801 0.0000000000
12974  -33.797  -64.576  -19.131 0.0000000000
12975  -34.472  -64.648  -19.669 0.0000000000
12976  -35.177  -64.657  -20.174 0.0000000000
12977  -41.289  -65.205  -19.808 0.0000000000
12978  -41.520  -64.424  -20.153 0.0000000000
12985  -35.827  -64.876  -20.605 0.0000000000
12986  -36.534  -64.727  -20.974 0.0000000000
12987  -37.400  -64.639  -21.197 0.0000000000
12988  -38.244  -64.399  -21.234 0.0000000000
12989  -41.399  -64.931  -20.631 0.0000000000
12990  -41.621  -64.585  -21.296 0.0000000000
13000  -38.126  -64.999  -21.502 0.0000000000
13001  -38.989  -64.716  -21.640 0.0000000000
13002  -40.135  -64.741  -22.035 0.0000000000
13003  -41.070  -64.779  -22.086 0.0000000000
13004  -41.520  -64.590  -21.858 0.0000000000
13020  -40.382  -65.243  -22.224 0.0000000000
13021  -40.595  -65.058  -22.196 0.0000000000
13548  -44.514  -63.193  -5.864 0.0000000000
13549  -45.130  -62.824  -6.233 0.0000000000
13560  -44.681  -63.104  -6.712 0.0000000000
13561  -45.204  -62.773  -6.460 0.0000000000
13577  -44.526  -63.048  -7.635 0.0000000000
13591  -44.195  -63.223  -8.560 0.0000000000
13607  -44.088  -63.569  -9.480 0.0000000000
13628  -44.373  -63.822  -10.497 0.0000000000
13629  -45.022  -63.272  -10.817 0.0000000000
13647  -44.541  -64.148  -11.391 0.0000000000
13648  -45.100  -63.565  -11.468 0.0000000000
13662  -44.736  -64.245  -12.114 0.0000000000
13663  -45.314  -63.638  -12.603 0.0000000000
13664  -45.703  -63.214  -13.125 0.0000000000
13677  -43.004  -64.446  -13.719 0.0000000000
13678  -43.322  -64.282  -13.601 0.0000000000
13679  -44.262  -64.097  -13.154 0.0000000000
13680  -45.148  -63.447  -13.480 0.0000000000
13681  -45.870  -63.064  -13.833 0.0000000000
13698  -42.860  -64.261  -14.083 0.0000000000
13699  -43.514  -63.574  -14.236 0.0000000000
13700  -44.450  -63.403  -14.010 0.0000000000
13701  -45.189  -63.134  -14.175 0.0000000000
13702  -45.649  -62.915  -14.340 0.0000000000
13713  -42.100  -64.325  -15.487 0.0000000000
13714  -42.750  -63.571  -15.051 0.0000000000
13715  -43.230  -63.315  -14.779 0.0000000000
13724  -41.839  -63.888  -16.621 0.0000000000
13725  -42.243  -63.628  -15.814 0.0000000000
13734  -28.493  -63.486  -17.695 0.0000000000
13735  -29.417  -63.413  -17.299 0.0000000000
13736  -30.363  -63.383  -17.283 0.0000000000
13737  -31.302  -63.377  -17.537 0.0000000000
13738  -32.157  -63.434  -17.981 0.0000000000
13739  -41.537  -64.138  -17.870 0.0000000000
13750  -32.902  -63.549  -18.491 0.0000000000
13751  -33.597  -63.645  -18.932 0.0000000000
13752  -41.657  -63.854  -19.043 0.0000000000
13764  -34.276  -63.692  -19.368 0.0000000000
13765  -35.027  -63.702  -19.833 0.0000000000
13766  -35.987  -63.759  -20.318 0.0000000000
13767  -36.600  -63.407  -20.367 0.0000000000
13768  -42.158  -63.679  -20.223 0.0000000000
13769  -42.640  -63.503  -20.443 0.0000000000
13778  -36.278  -64.284  -20.651 0.0000000000
13779  -36.847  -63.868  -20.666 0.0000000000
13780  -37.868  -63.868  -20.804 0.0000000000
13781  -38.923  -63.828  -21.129 0.0000000000
13782  -39.925  -63.587  -21.350 0.0000000000
13783  -40.440  -63.586  -21.620 0.0000000000
13784  -42.075  -64.031  -21.111 0.0000000000
13785  -42.751  -63.542  -20.983 0.0000000000
13786  -43.120  -63.274  -21.192 0.0000000000
13793  -39.632  -64.150  -21.586 0.0000000000
13794  -40.192  -63.968  -21.751 0.0000000000
13795  -40.804  -63.900  -21.948 0.0000000000
13796  -41.647  -64.038  -21.881 0.0000000000
13797  -42.327  -63.492  -21.546 0.0000000000
13798  -42.962  -63.171  -21.396 0.0000000000
14381  -43.914  -62.344  -5.363 0.0000000000
14382  -44.579  -62.540  -5.578 0.0000000000
14383  -45.305  -62.476  -5.936 0.0000000000
14394  -45.195  -62.731  -6.690 0.0000000000
14395  -45.632  -62.348  -6.594 0.0000000000
14396  -46.149  -61.788  -7.084 0.0000000000
14416  -45.121  -62.639  -7.224 0.0000000000
14417  -45.654  -61.970  -7.748 0.0000000000
14418  -46.186  -61.649  -7.499 0.0000000000
14435  -44.858  -62.545  -8.236 0.0000000000
14436  -45.299  -62.108  -8.845 0.0000000000
14452  -44.756  -62.770  -9.611 0.0000000000
14453  -45.513  -62.091  -9.720 0.0000000000
14463  -44.916  -63.079  -10.465 0.0000000000
14464  -45.626  -62.587  -10.838 0.0000000000
14465  -46.344  -62.185  -11.136 0.0000000000
14482  -45.788  -62.985  -12.084 0.0000000000
14483  -46.641  -62.347  -11.792 0.0000000000
14484  -47.286  -62.070  -11.975 0.0000000000
14497  -45.779  -63.133  -12.712 0.0000000000
14498  -46.409  -62.777  -12.995 0.0000000000
14499  -47.483  -62.146  -12.631 0.0000000000
14500  -48.038  -61.829  -12.801 0.0000000000
14516  -46.587  -62.737  -14.006 0.0000000000
14517  -47.317  -62.374  -13.771 0.0000000000
14518  -48.192  -61.824  -13.475 0.0000000000
14539  -43.977  -63.150  -14.441 0.0000000000
14540  -44.516  -62.921  -14.607 0.0000000000
14541  -45.319  -62.744  -14.766 0.0000000000
14542  -46.129  -62.699  -14.689 0.0000000000
14543  -47.069  -62.498  -14.773 0.0000000000
14544  -48.056  -62.046  -14.772 0.0000000000
14555  -42.898  -63.088  -15.440 0.0000000000
14556  -43.506  -62.940  -15.125 0.0000000000
14557  -44.657  -62.538  -15.452 0.0000000000
14558  -45.667  -62.485  -15.587 0.0000000000
14559  -46.597  -62.403  -15.656 0.0000000000
14560  -47.484  -62.173  -15.752 0.0000000000
14561  -48.188  -61.791  -15.937 0.0000000000
14569  -42.036  -63.223  -16.857 0.0000000000
14570  -42.586  -62.965  -16.249 0.0000000000
14571  -43.874  -62.382  -16.383 0.0000000000
14572  -45.074  -62.264  -16.501 0.0000000000
14573  -46.104  -62.302  -16.569 0.0000000000
14574  -47.017  -62.164  -16.629 0.0000000000
14575  -47.835  -61.860  -16.729 0.0000000000
14576  -48.238  -61.697  -16.494 0.0000000000
14587  -28.615  -62.388  -17.920 0.0000000000
14588  -29.147  -62.439  -17.512 0.0000000000
14589  -30.010  -62.427  -17.368 0.0000000000
14590  -30.971  -62.391  -17.480 0.0000000000
14591  -31.888  -62.325  -17.884 0.0000000000
14592  -42.038  -63.080  -17.836 0.0000000000
14593  -43.262  -62.445  -17.644 0.0000000000
14594  -44.488  -62.168  -17.583 0.0000000000
14595  -45.601  -62.143  -17.540 0.0000000000
14596  -46.541  -62.080  -17.475 0.0000000000
14597  -47.396  -61.826  -17.528 0.0000000000
14598  -47.817  -61.770  -17.228 0.0000000000
14607  -28.273  -62.884  -18.419 0.0000000000
14608  -32.709  -62.533  -18.391 0.0000000000
14609  -33.421  -62.754  -18.821 0.0000000000
14610  -42.342  -63.285  -19.439 0.0000000000
14611  -43.040  -62.744  -19.042 0.0000000000
14612  -44.085  -62.352  -18.790 0.0000000000
14613  -45.129  -62.074  -18.589 0.0000000000
14614  -46.196  -61.916  -18.436 0.0000000000
14615  -46.829  -61.849  -18.032 0.0000000000
14624  -28.181  -62.491  -19.232 0.0000000000
14625  -34.000  -62.838  -19.195 0.0000000000
14626  -34.729  -62.795  -19.511 0.0000000000
14627  -35.650  -62.764  -19.805 0.0000000000
14628  -36.755  -62.803  -20.054 0.0000000000
14629  -37.910  -62.593  -19.962 0.0000000000
14630  -39.005  -62.536  -20.038 0.0000000000
14631  -40.033  -62.338  -20.438 0.0000000000
14632  -40.622  -62.223  -20.706 0.0000000000
14633  -42.549  -63.461  -20.108 0.0000000000
14634  -43.006  -63.215  -20.294 0.0000000000
14635  -43.881  -62.721  -19.945 0.0000000000
14636  -44.764  -62.199  -19.609 0.0000000000
14637  -45.641  -61.855  -19.348 0.0000000000
14647  -28.302  -62.267  -20.136 0.0000000000
14648  -36.891  -63.307  -20.376 0.0000000000
14649  -37.435  -63.258  -20.376 0.0000000000
14650  -38.439  -63.213  -20.454 0.0000000000
14651  -39.525  -63.082  -20.756 0.0000000000
14652  -40.786  -62.913  -21.341 0.0000000000
14653  -41.612  -62.703  -21.530 0.0000000000
14654  -43.147  -63.312  -20.956 0.0000000000
14655  -43.510  -62.912  -20.981 0.0000000000
14656  -44.452  -62.145  -20.509 0.0000000000
14657  -45.289  -61.817  -20.015 0.0000000000
14666  -28.608  -62.143  -21.078 0.0000000000
14668  -41.274  -63.492  -21.855 0.0000000000
14669  -41.787  -63.179  -21.766 0.0000000000
14670  -42.563  -62.931  -21.663 0.0000000000
14671  -43.211  -62.607  -21.422 0.0000000000
14672  -43.848  -62.214  -21.164 0.0000000000
15309  -43.682  -61.425  -5.692 0.0000000000
15310  -44.665  -61.622  -5.662 0.0000000000
15311  -45.589  -61.690  -5.749 0.0000000000
15312  -46.283  -61.450  -5.940 0.0000000000
15329  -43.071  -61.005  -5.885 0.0000000000
15330  -43.471  -60.935  -5.956 0.0000000000
15331  -45.992  -62.028  -5.995 0.0000000000
15332  -46.471  -61.499  -6.482 0.0000000000
15333  -46.932  -61.091  -6.822 0.0000000000
15353  -46.239  -61.504  -7.986 0.0000000000
15354  -46.663  -61.294  -7.410 0.0000000000
15355  -47.226  -60.828  -7.221 0.0000000000
15370  -46.023  -61.620  -8.968 0.0000000000
15371  -46.758  -61.171  -8.557 0.0000000000
15372  -47.339  -60.755  -8.101 0.0000000000
15385  -46.137  -61.805  -10.230 0.0000000000
15386  -46.852  -61.305  -9.776 0.0000000000
15387  -47.505  -60.758  -9.275 0.0000000000
15399  -46.237  -62.063  -10.829 0.0000000000
15400  -46.858  -61.742  -11.014 0.0000000000
15401  -47.880  -60.983  -10.577 0.0000000000
15402  -48.540  -60.728  -10.759 0.0000000000
15415  -47.150  -61.965  -11.664 0.0000000000
15416  -47.764  -61.648  -11.813 0.0000000000
15417  -48.888  -60.825  -11.505 0.0000000000
15418  -49.540  -60.522  -12.068 0.0000000000
15433  -47.947  -61.786  -12.473 0.0000000000
15434  -48.489  -61.470  -12.610 0.0000000000
15435  -49.379  -60.782  -12.781 0.0000000000
15453  -48.945  -61.309  -13.420 0.0000000000
15454  -49.481  -60.860  -13.886 0.0000000000
15471  -48.866  -61.428  -14.307 0.0000000000
15472  -49.393  -60.941  -14.857 0.0000000000
15481  -48.771  -61.435  -15.368 0.0000000000
15482  -49.192  -60.916  -15.801 0.0000000000
15489  -48.254  -61.675  -16.788 0.0000000000
15490  -48.674  -61.410  -16.464 0.0000000000
15491  -49.186  -60.928  -16.545 0.0000000000
15501  -28.976  -61.565  -17.862 0.0000000000
15502  -29.715  -61.551  -17.620 0.0000000000
15503  -30.574  -61.522  -17.578 0.0000000000
15504  -31.582  -61.418  -17.812 0.0000000000
15505  -31.977  -61.722  -17.950 0.0000000000
15506  -47.714  -61.607  -18.014 0.0000000000
15507  -48.205  -61.569  -17.412 0.0000000000
15508  -49.079  -61.058  -17.255 0.0000000000
15509  -49.284  -60.722  -16.843 0.0000000000
15520  -28.491  -61.704  -18.527 0.0000000000
15521  -32.039  -60.942  -18.012 0.0000000000
15522  -32.409  -61.462  -18.219 0.0000000000
15523  -33.510  -61.719  -18.796 0.0000000000
15524  -34.106  -61.442  -18.987 0.0000000000
15525  -37.111  -61.283  -18.965 0.0000000000
15526  -37.997  -61.266  -18.936 0.0000000000
15527  -39.020  -61.223  -18.997 0.0000000000
15528  -40.024  -61.143  -19.205 0.0000000000
15529  -40.567  -61.067  -19.367 0.0000000000
15530  -46.420  -61.672  -19.242 0.0000000000
15531  -47.208  -61.653  -18.641 0.0000000000
15532  -48.092  -61.381  -18.448 0.0000000000
15533  -48.723  -61.036  -18.107 0.0000000000
15539  -28.342  -61.418  -19.479 0.0000000000
15540  -33.809  -62.300  -19.019 0.0000000000
15541  -34.309  -61.942  -19.188 0.0000000000
15542  -35.233  -61.954  -19.382 0.0000000000
15543  -36.304  -61.802  -19.369 0.0000000000
15544  -37.419  -61.926  -19.457 0.0000000000
15545  -38.480  -61.899  -19.473 0.0000000000
15546  -39.560  -61.804  -19.663 0.0000000000
15547  -40.760  -61.580  -20.053 0.0000000000
15548  -41.927  -61.173  -20.260 0.0000000000
15549  -42.531  -60.934  -20.249 0.0000000000
15550  -46.100  -61.557  -19.905 0.0000000000
15551  -46.989  -61.397  -19.682 0.0000000000
15552  -47.945  -61.119  -19.439 0.0000000000
15553  -48.583  -60.924  -18.887 0.0000000000
15560  -28.449  -61.240  -20.445 0.0000000000
15561  -40.954  -62.165  -20.853 0.0000000000
15562  -41.700  -62.064  -21.102 0.0000000000
15563  -42.836  -61.388  -20.847 0.0000000000
15564  -43.728  -61.298  -20.842 0.0000000000
15565  -44.301  -61.559  -20.792 0.0000000000
15566  -45.520  -61.319  -20.427 0.0000000000
15567  -46.679  -61.027  -20.299 0.0000000000
15568  -47.458  -60.935  -20.109 0.0000000000
15580  -28.768  -61.023  -21.437 0.0000000000
15582  -42.099  -62.647  -21.602 0.0000000000
15583  -42.697  -62.266  -21.482 0.0000000000
15584  -43.560  -61.920  -21.289 0.0000000000
15585  -43.933  -61.941  -21.211 0.0000000000
16271  -43.795  -60.796  -6.006 0.0000000000
16272  -44.466  -60.712  -5.938 0.0000000000
16273  -45.431  -60.748  -5.784 0.0000000000
16274  -46.497  -60.636  -5.760 0.0000000000
16275  -47.446  -59.887  -5.657 0.0000000000
16276  -47.944  -59.493  -5.499 0.0000000000
16292  -42.305  -60.499  -5.929 0.0000000000
16293  -43.294  -60.442  -6.235 0.0000000000
16294  -43.955  -60.333  -6.164 0.0000000000
16295  -46.680  -61.111  -6.079 0.0000000000
16296  -47.334  -60.591  -6.445 0.0000000000
16297  -48.151  -59.645  -6.003 0.0000000000
16311  -47.879  -60.318  -7.605 0.0000000000
16312  -48.462  -59.731  -7.021 0.0000000000
16326  -48.125  -60.316  -8.757 0.0000000000
16327  -48.884  -59.687  -8.297 0.0000000000
16328  -49.501  -59.364  -8.541 0.0000000000
16341  -48.294  -60.505  -9.844 0.0000000000
16342  -48.965  -60.095  -9.451 0.0000000000
16343  -49.562  -59.531  -9.104 0.0000000000
16356  -48.413  -60.651  -10.432 0.0000000000
16357  -48.927  -60.462  -10.461 0.0000000000
16358  -49.731  -59.742  -10.310 0.0000000000
16359  -50.109  -59.554  -11.187 0.0000000000
16368  -43.400  -59.724  -12.324 0.0000000000
16369  -43.890  -59.909  -12.205 0.0000000000
16370  -44.653  -59.965  -12.250 0.0000000000
16371  -49.368  -60.337  -10.946 0.0000000000
16372  -49.732  -60.155  -11.503 0.0000000000
16373  -50.057  -59.641  -12.008 0.0000000000
16387  -43.564  -59.847  -12.867 0.0000000000
16388  -44.278  -60.042  -12.930 0.0000000000
16389  -45.255  -60.014  -12.918 0.0000000000
16390  -46.106  -59.894  -13.274 0.0000000000
16391  -49.865  -60.174  -12.451 0.0000000000
16392  -50.035  -59.724  -12.774 0.0000000000
16411  -43.798  -59.851  -13.651 0.0000000000
16412  -44.625  -60.004  -13.770 0.0000000000
16413  -45.556  -60.005  -13.940 0.0000000000
16414  -46.568  -59.829  -14.017 0.0000000000
16415  -49.915  -60.137  -13.426 0.0000000000
16416  -50.005  -59.727  -13.137 0.0000000000
16427  -44.127  -59.746  -14.317 0.0000000000
16428  -44.876  -59.849  -14.833 0.0000000000
16429  -45.996  -59.924  -14.865 0.0000000000
16430  -46.976  -59.719  -14.891 0.0000000000
16431  -49.670  -60.404  -14.380 0.0000000000
16437  -44.924  -59.630  -15.391 0.0000000000
16438  -45.448  -59.693  -15.683 0.0000000000
16439  -46.687  -59.810  -15.784 0.0000000000
16440  -47.227  -59.785  -16.353 0.0000000000
16441  -49.508  -60.395  -15.214 0.0000000000
16447  -45.569  -59.443  -16.252 0.0000000000
16448  -46.089  -59.601  -16.419 0.0000000000
16449  -46.830  -59.730  -16.581 0.0000000000
16450  -49.277  -60.469  -16.255 0.0000000000
16459  -28.892  -60.905  -18.288 0.0000000000
16460  -29.504  -60.693  -18.003 0.0000000000
16461  -30.240  -60.780  -17.770 0.0000000000
16462  -30.958  -60.670  -17.802 0.0000000000
16463  -49.108  -60.650  -17.897 0.0000000000
16464  -49.239  -60.431  -17.240 0.0000000000
16477  -28.634  -60.490  -18.920 0.0000000000
16478  -29.127  -60.219  -18.426 0.0000000000
16479  -31.691  -60.454  -17.952 0.0000000000
16480  -32.414  -60.476  -18.108 0.0000000000
16481  -33.216  -60.645  -18.459 0.0000000000
16482  -34.257  -60.820  -18.760 0.0000000000
16483  -35.308  -60.628  -18.723 0.0000000000
16484  -36.374  -60.749  -18.729 0.0000000000
16485  -37.472  -60.608  -18.510 0.0000000000
16486  -38.491  -60.548  -18.480 0.0000000000
16487  -39.533  -60.507  -18.548 0.0000000000
16488  -40.643  -60.534  -18.829 0.0000000000
16489  -41.593  -60.120  -18.873 0.0000000000
16490  -42.094  -59.877  -18.945 0.0000000000
16491  -49.009  -60.544  -18.617 0.0000000000
16492  -49.234  -60.217  -18.166 0.0000000000
16498  -28.514  -60.472  -19.826 0.0000000000
16499  -34.379  -61.365  -19.024 0.0000000000
16500  -34.846  -61.305  -19.074 0.0000000000
16501  -35.613  -61.260  -19.098 0.0000000000
16502  -40.837  -61.003  -19.422 0.0000000000
16503  -41.368  -60.814  -19.481 0.0000000000
16504  -42.403  -60.390  -19.518 0.0000000000
16505  -43.371  -60.290  -19.859 0.0000000000
16506  -43.865  -60.347  -20.185 0.0000000000
16507  -48.055  -60.589  -20.125 0.0000000000
16508  -48.796  -60.274  -19.582 0.0000000000
16509  -49.201  -60.117  -18.884 0.0000000000
16513  -28.738  -60.210  -20.710 0.0000000000
16514  -29.085  -59.927  -21.298 0.0000000000
16515  -42.941  -60.783  -20.209 0.0000000000
16516  -43.525  -60.794  -20.460 0.0000000000
16517  -44.313  -60.568  -20.489 0.0000000000
16518  -45.324  -60.527  -20.560 0.0000000000
16519  -46.391  -60.364  -20.582 0.0000000000
16520  -47.462  -60.282  -20.538 0.0000000000
16521  -48.297  -60.030  -20.389 0.0000000000
16527  -28.918  -60.341  -21.340 0.0000000000
17255  -45.081  -59.837  -5.965 0.0000000000
17256  -45.998  -59.703  -5.660 0.0000000000
17257  -46.920  -59.441  -5.421 0.0000000000
17258  -47.703  -59.197  -5.199 0.0000000000
17259  -48.387  -59.018  -5.407 0.0000000000
17273  -41.581  -59.505  -6.122 0.0000000000
17274  -42.754  -59.444  -6.505 0.0000000000
17275  -43.760  -59.669  -6.378 0.0000000000
17276  -44.383  -59.935  -6.176 0.0000000000
17277  -49.129  -58.760  -6.379 0.0000000000
17278  -49.746  -58.382  -6.820 0.0000000000
17290  -49.298  -59.167  -7.633 0.0000000000
17291  -49.783  -58.620  -7.384 0.0000000000
17301  -49.444  -59.287  -8.247 0.0000000000
17302  -49.983  -58.930  -8.514 0.0000000000
17303  -50.413  -58.548  -8.936 0.0000000000
17312  -50.046  -59.267  -9.501 0.0000000000
17313  -50.375  -58.818  -9.542 0.0000000000
17321  -43.535  -59.009  -10.903 0.0000000000
17322  -44.087  -59.138  -10.901 0.0000000000
17323  -45.074  -59.202  -10.968 0.0000000000
17324  -46.127  -59.148  -11.134 0.0000000000
17325  -47.060  -58.939  -11.377 0.0000000000
17326  -50.211  -59.232  -9.985 0.0000000000
17327  -50.363  -59.082  -10.521 0.0000000000
17336  -41.914  -58.654  -11.891 0.0000000000
17337  -42.331  -58.875  -11.757 0.0000000000
17338  -43.232  -59.384  -11.606 0.0000000000
17339  -44.393  -59.654  -11.562 0.0000000000
17340  -45.469  -59.687  -11.859 0.0000000000
17341  -46.600  -59.379  -11.989 0.0000000000
17342  -47.734  -58.974  -12.132 0.0000000000
17343  -48.573  -58.769  -12.438 0.0000000000
17344  -50.250  -59.111  -11.502 0.0000000000
17360  -42.033  -58.826  -12.199 0.0000000000
17361  -42.451  -59.180  -12.383 0.0000000000
17362  -43.003  -59.545  -12.666 0.0000000000
17363  -46.094  -59.742  -12.588 0.0000000000
17364  -47.011  -59.482  -13.036 0.0000000000
17365  -48.203  -59.058  -13.145 0.0000000000
17366  -49.133  -58.902  -12.971 0.0000000000
17367  -49.686  -59.040  -12.878 0.0000000000
17368  -50.021  -59.221  -12.448 0.0000000000
17382  -41.971  -58.805  -12.714 0.0000000000
17383  -42.469  -59.065  -13.366 0.0000000000
17384  -43.195  -59.560  -13.421 0.0000000000
17385  -47.699  -59.443  -14.175 0.0000000000
17386  -48.796  -59.186  -14.008 0.0000000000
17387  -49.483  -59.317  -13.739 0.0000000000
17388  -49.849  -59.543  -13.289 0.0000000000
17389  -50.018  -59.542  -12.949 0.0000000000
17399  -42.542  -58.791  -13.973 0.0000000000
17400  -43.358  -59.156  -14.399 0.0000000000
17401  -44.205  -59.517  -14.800 0.0000000000
17402  -47.673  -59.577  -15.088 0.0000000000
17403  -48.449  -59.473  -14.984 0.0000000000
17404  -49.241  -59.544  -14.764 0.0000000000
17405  -49.710  -59.853  -14.373 0.0000000000
17411  -43.784  -58.707  -15.111 0.0000000000
17412  -44.614  -59.111  -15.552 0.0000000000
17413  -45.285  -59.341  -16.074 0.0000000000
17414  -47.289  -59.695  -15.431 0.0000000000
17415  -47.851  -59.730  -15.927 0.0000000000
17416  -48.931  -59.682  -15.800 0.0000000000
17417  -49.421  -59.967  -15.516 0.0000000000
17427  -45.049  -58.557  -16.196 0.0000000000
17428  -45.696  -58.863  -16.706 0.0000000000
17429  -46.711  -59.411  -17.188 0.0000000000
17430  -47.605  -59.774  -17.029 0.0000000000
17431  -48.620  -59.829  -16.820 0.0000000000
17432  -49.203  -60.033  -16.556 0.0000000000
17440  -29.605  -59.884  -18.295 0.0000000000
17441  -30.168  -60.079  -18.029 0.0000000000
17442  -30.595  -60.297  -17.927 0.0000000000
17443  -32.684  -58.878  -17.882 0.0000000000
17444  -33.512  -59.012  -17.814 0.0000000000
17445  -34.415  -59.051  -17.845 0.0000000000
17446  -35.380  -59.043  -17.854 0.0000000000
17447  -36.376  -59.027  -17.817 0.0000000000
17448  -37.388  -59.013  -17.763 0.0000000000
17449  -38.389  -58.995  -17.743 0.0000000000
17450  -39.325  -58.984  -17.732 0.0000000000
17451  -39.908  -58.942  -17.773 0.0000000000
17452  -46.254  -58.143  -17.435 0.0000000000
17453  -46.836  -58.622  -17.967 0.0000000000
17454  -47.587  -59.315  -18.028 0.0000000000
17455  -48.465  -59.664  -17.873 0.0000000000
17456  -49.133  -59.919  -17.571 0.0000000000
17467  -28.738  -59.814  -19.497 0.0000000000
17468  -29.298  -59.314  -18.926 0.0000000000
17469  -30.118  -59.278  -18.351 0.0000000000
17470  -31.028  -59.674  -18.052 0.0000000000
17471  -32.102  -59.622  -17.982 0.0000000000
17472  -32.974  -59.756  -18.022 0.0000000000
17473  -33.876  -59.850  -18.205 0.0000000000
17474  -34.859  -59.871  -18.274 0.0000000000
17475  -35.876  -59.858  -18.260 0.0000000000
17476  -36.907  -59.876  -18.123 0.0000000000
17477  -37.941  -59.820  -18.068 0.0000000000
17478  -38.959  -59.787  -18.021 0.0000000000
17479  -39.992  -59.617  -18.093 0.0000000000
17480  -41.001  -59.521  -18.286 0.0000000000
17481  -41.888  -59.301  -18.544 0.0000000000
17482  -42.513  -58.995  -18.755 0.0000000000
17483  -47.393  -58.342  -18.583 0.0000000000
17484  -47.700  -58.699  -18.681 0.0000000000
17485  -48.398  -59.123  -18.837 0.0000000000
17486  -49.069  -59.698  -18.603 0.0000000000
17494  -28.674  -59.826  -20.062 0.0000000000
17495  -29.010  -59.197  -19.966 0.0000000000
17496  -42.417  -59.604  -18.980 0.0000000000
17497  -43.114  -59.392  -19.253 0.0000000000
17498  -44.116  -59.603  -19.895 0.0000000000
17499  -48.811  -59.372  -19.473 0.0000000000
17500  -49.114  -59.849  -19.194 0.0000000000
17505  -28.857  -59.636  -20.392 0.0000000000
17506  -29.164  -59.381  -20.880 0.0000000000
17507  -45.112  -59.583  -20.360 0.0000000000
17508  -46.079  -59.491  -20.629 0.0000000000
17509  -47.079  -59.381  -20.726 0.0000000000
17510  -47.984  -59.367  -20.642 0.0000000000
17511  -48.578  -59.400  -20.171 0.0000000000
18289  -47.721  -58.065  -4.676 0.0000000000
18290  -48.161  -57.804  -4.615 0.0000000000
18291  -48.605  -57.547  -4.683 0.0000000000
18313  -45.409  -58.758  -5.700 0.0000000000
18314  -46.377  -58.633  -5.340 0.0000000000
18315  -47.280  -58.449  -4.978 0.0000000000
18316  -48.101  -58.550  -4.751 0.0000000000
18317  -48.993  -58.045  -5.130 0.0000000000
18318  -49.540  -57.835  -5.700 0.0000000000
18336  -41.134  -58.421  -6.311 0.0000000000
18337  -42.047  -58.496  -6.509 0.0000000000
18338  -42.905  -58.384  -6.514 0.0000000000
18339  -43.611  -58.734  -6.446 0.0000000000
18340  -44.468  -58.988  -6.201 0.0000000000
18341  -49.417  -58.181  -5.854 0.0000000000
18342  -49.829  -58.021  -6.384 0.0000000000
18343  -50.208  -57.831  -6.977 0.0000000000
18356  -50.111  -58.206  -7.153 0.0000000000
18357  -50.381  -58.006  -7.597 0.0000000000
18366  -50.213  -58.379  -7.814 0.0000000000
18367  -50.440  -58.239  -8.401 0.0000000000
18378  -46.368  -58.351  -10.080 0.0000000000
18379  -47.139  -58.186  -9.941 0.0000000000
18380  -48.409  -58.059  -10.061 0.0000000000
18381  -49.040  -57.860  -10.087 0.0000000000
18382  -50.361  -57.970  -9.542 0.0000000000
18383  -50.469  -58.285  -9.215 0.0000000000
18393  -42.401  -57.996  -10.858 0.0000000000
18394  -43.032  -58.175  -10.675 0.0000000000
18395  -43.745  -58.466  -10.549 0.0000000000
18396  -44.645  -58.583  -10.394 0.0000000000
18397  -45.699  -58.609  -10.318 0.0000000000
18398  -46.746  -58.639  -10.642 0.0000000000
18399  -48.026  -58.524  -11.073 0.0000000000
18400  -49.223  -58.061  -10.626 0.0000000000
18401  -50.038  -57.989  -10.299 0.0000000000
18402  -50.352  -58.429  -10.017 0.0000000000
18413  -41.199  -57.976  -11.780 0.0000000000
18414  -41.842  -58.267  -11.417 0.0000000000
18415  -42.649  -58.624  -11.171 0.0000000000
18416  -43.204  -58.783  -10.905 0.0000000000
18417  -48.412  -58.664  -11.913 0.0000000000
18418  -49.126  -58.479  -11.938 0.0000000000
18419  -49.807  -58.376  -11.316 0.0000000000
18420  -50.192  -58.590  -10.918 0.0000000000
18434  -40.938  -57.894  -12.388 0.0000000000
18435  -41.562  -58.465  -12.238 0.0000000000
18436  -49.500  -58.735  -12.521 0.0000000000
18437  -49.773  -58.711  -12.178 0.0000000000
18438  -50.088  -58.742  -11.715 0.0000000000
18448  -40.819  -57.717  -12.868 0.0000000000
18449  -41.502  -58.248  -13.293 0.0000000000
18450  -42.165  -58.614  -13.758 0.0000000000
18460  -41.599  -57.900  -13.907 0.0000000000
18461  -42.313  -58.146  -14.239 0.0000000000
18462  -43.351  -58.166  -14.849 0.0000000000
18472  -44.092  -58.124  -15.436 0.0000000000
18473  -44.736  -58.076  -15.970 0.0000000000
18487  -45.332  -57.950  -16.464 0.0000000000
18488  -45.875  -57.764  -16.986 0.0000000000
18499  -32.596  -58.158  -18.053 0.0000000000
18500  -33.173  -58.228  -17.850 0.0000000000
18501  -33.957  -58.226  -17.677 0.0000000000
18502  -34.874  -58.229  -17.586 0.0000000000
18503  -35.826  -58.206  -17.499 0.0000000000
18504  -36.822  -58.188  -17.440 0.0000000000
18505  -37.831  -58.176  -17.441 0.0000000000
18506  -38.821  -58.187  -17.482 0.0000000000
18507  -39.787  -58.249  -17.659 0.0000000000
18508  -40.527  -58.084  -17.784 0.0000000000
18509  -46.366  -57.535  -17.389 0.0000000000
18510  -46.706  -57.741  -17.908 0.0000000000
18517  -29.624  -58.697  -19.103 0.0000000000
18518  -30.062  -58.439  -18.912 0.0000000000
18519  -30.816  -58.596  -18.418 0.0000000000
18520  -31.840  -58.568  -18.166 0.0000000000
18521  -40.438  -58.831  -17.873 0.0000000000
18522  -41.249  -58.458  -18.043 0.0000000000
18523  -42.090  -58.321  -18.449 0.0000000000
18524  -42.887  -58.268  -18.853 0.0000000000
18525  -47.196  -57.916  -18.499 0.0000000000
18526  -47.750  -58.104  -19.103 0.0000000000
18527  -48.162  -58.541  -19.236 0.0000000000
18534  -29.658  -58.470  -19.588 0.0000000000
18535  -30.112  -58.070  -19.398 0.0000000000
18536  -43.830  -58.373  -19.360 0.0000000000
18537  -44.930  -58.423  -19.973 0.0000000000
18538  -45.774  -57.981  -20.337 0.0000000000
18539  -48.238  -58.194  -19.573 0.0000000000
18540  -48.488  -58.600  -19.627 0.0000000000
18547  -29.603  -58.553  -20.596 0.0000000000
18548  -30.068  -58.124  -20.676 0.0000000000
18549  -45.722  -58.745  -20.449 0.0000000000
18550  -46.646  -58.258  -20.611 0.0000000000
18551  -47.674  -58.487  -20.665 0.0000000000
18552  -48.320  -58.654  -20.390 0.0000000000
18553  -48.611  -58.807  -19.991 0.0000000000
19290  -46.315  -57.243  -4.623 0.0000000000
19291  -47.235  -57.416  -4.579 0.0000000000
19292  -48.101  -57.106  -4.636 0.0000000000
19293  -48.948  -57.202  -4.882 0.0000000000
19294  -49.308  -57.063  -5.108 0.0000000000
19315  -43.985  -57.396  -5.715 0.0000000000
19316  -44.526  -57.770  -5.690 0.0000000000
19317  -45.733  -57.667  -5.128 0.0000000000
19318  -46.619  -57.862  -4.910 0.0000000000
19319  -49.194  -57.541  -5.035 0.0000000000
19320  -49.451  -57.361  -5.376 0.0000000000
19321  -49.839  -57.231  -5.928 0.0000000000
19345  -39.714  -56.904  -6.133 0.0000000000
19346  -40.521  -57.408  -6.354 0.0000000000
19347  -41.570  -57.488  -6.516 0.0000000000
19348  -42.546  -57.576  -6.392 0.0000000000
19349  -43.584  -57.693  -6.104 0.0000000000
19350  -44.073  -58.276  -6.169 0.0000000000
19351  -49.792  -57.550  -5.958 0.0000000000
19352  -50.035  -57.407  -6.518 0.0000000000
19372  -48.039  -56.961  -7.656 0.0000000000
19373  -48.672  -56.970  -7.645 0.0000000000
19374  -49.446  -57.052  -7.621 0.0000000000
19375  -50.228  -57.590  -7.269 0.0000000000
19393  -46.117  -57.107  -8.903 0.0000000000
19394  -46.945  -57.126  -8.432 0.0000000000
19395  -48.196  -57.334  -8.336 0.0000000000
19396  -49.286  -57.315  -8.392 0.0000000000
19397  -50.018  -57.373  -7.981 0.0000000000
19398  -50.343  -57.734  -7.917 0.0000000000
19415  -43.922  -57.038  -9.720 0.0000000000
19416  -44.851  -57.244  -9.634 0.0000000000
19417  -45.880  -57.823  -9.569 0.0000000000
19418  -46.732  -57.678  -9.167 0.0000000000
19419  -47.745  -57.798  -9.183 0.0000000000
19420  -48.983  -57.675  -9.458 0.0000000000
19421  -49.918  -57.592  -9.256 0.0000000000
19422  -50.362  -57.840  -8.742 0.0000000000
19430  -40.894  -57.024  -10.895 0.0000000000
19431  -41.818  -57.335  -10.723 0.0000000000
19432  -42.701  -57.456  -10.361 0.0000000000
19433  -43.472  -57.680  -10.205 0.0000000000
19434  -44.283  -57.833  -10.088 0.0000000000
19435  -45.064  -58.006  -10.003 0.0000000000
19436  -49.280  -57.800  -10.077 0.0000000000
19437  -49.548  -57.766  -9.988 0.0000000000
19447  -39.919  -57.021  -11.793 0.0000000000
19448  -40.566  -57.413  -11.632 0.0000000000
19449  -41.237  -57.639  -11.272 0.0000000000
19467  -39.782  -56.828  -12.178 0.0000000000
19468  -40.253  -57.235  -12.475 0.0000000000
19478  -40.694  -57.366  -13.254 0.0000000000
19479  -41.228  -57.621  -13.705 0.0000000000
19494  -40.929  -57.087  -13.774 0.0000000000
19495  -41.598  -57.310  -14.120 0.0000000000
19496  -42.289  -57.209  -14.450 0.0000000000
19497  -42.952  -57.353  -14.732 0.0000000000
19510  -43.749  -57.298  -15.195 0.0000000000
19511  -44.695  -57.159  -15.614 0.0000000000
19512  -45.502  -56.727  -15.876 0.0000000000
19525  -45.227  -57.362  -16.069 0.0000000000
19526  -45.920  -56.987  -16.400 0.0000000000
19527  -46.341  -56.654  -16.773 0.0000000000
19538  -32.906  -57.791  -18.076 0.0000000000
19539  -33.457  -57.425  -18.038 0.0000000000
19540  -34.399  -57.458  -17.663 0.0000000000
19541  -35.271  -57.374  -17.467 0.0000000000
19542  -36.224  -57.307  -17.333 0.0000000000
19543  -37.240  -57.302  -17.289 0.0000000000
19544  -38.252  -57.301  -17.290 0.0000000000
19545  -39.240  -57.323  -17.421 0.0000000000
19546  -40.139  -57.356  -17.703 0.0000000000
19547  -40.908  -57.498  -17.902 0.0000000000
19548  -46.267  -57.142  -17.005 0.0000000000
19549  -46.708  -56.920  -17.565 0.0000000000
19550  -47.092  -56.991  -18.290 0.0000000000
19559  -30.687  -58.052  -18.766 0.0000000000
19560  -31.340  -57.822  -18.635 0.0000000000
19561  -32.428  -57.434  -18.484 0.0000000000
19562  -33.098  -57.034  -18.414 0.0000000000
19563  -41.554  -57.528  -18.180 0.0000000000
19564  -42.315  -57.348  -18.543 0.0000000000
19565  -43.323  -57.141  -19.000 0.0000000000
19566  -47.053  -57.344  -18.257 0.0000000000
19567  -47.426  -57.369  -18.891 0.0000000000
19575  -30.142  -57.902  -19.823 0.0000000000
19576  -30.734  -57.635  -19.387 0.0000000000
19577  -31.819  -57.127  -19.148 0.0000000000
19578  -32.171  -57.093  -18.877 0.0000000000
19579  -44.399  -57.328  -19.526 0.0000000000
19580  -45.338  -57.293  -19.998 0.0000000000
19581  -46.213  -57.296  -20.308 0.0000000000
19582  -48.040  -57.743  -19.721 0.0000000000
19583  -48.402  -58.138  -19.796 0.0000000000
19591  -29.944  -58.073  -20.252 0.0000000000
19592  -30.618  -57.704  -20.611 0.0000000000
19593  -31.735  -56.947  -20.240 0.0000000000
19594  -32.455  -56.682  -20.529 0.0000000000
19595  -46.897  -57.337  -20.399 0.0000000000
19596  -47.472  -57.637  -20.488 0.0000000000
19597  -48.114  -57.903  -20.365 0.0000000000
19598  -48.493  -58.216  -20.048 0.0000000000
20289  -45.263  -56.130  -4.503 0.0000000000
20290  -46.246  -56.413  -4.492 0.0000000000
20291  -47.236  -56.412  -4.639 0.0000000000
20292  -48.152  -56.458  -5.082 0.0000000000
20293  -49.114  -56.815  -5.242 0.0000000000
20294  -49.445  -57.001  -5.304 0.0000000000
20312  -43.010  -56.010  -5.743 0.0000000000
20313  -43.871  -56.754  -5.394 0.0000000000
20314  -44.955  -56.807  -5.015 0.0000000000
20315  -45.711  -56.834  -4.660 0.0000000000
20316  -48.056  -56.304  -5.764 0.0000000000
20317  -48.891  -56.527  -5.704 0.0000000000
20318  -49.619  -56.891  -5.755 0.0000000000
20319  -49.956  -57.102  -6.133 0.0000000000
20339  -38.953  -56.063  -6.129 0.0000000000
20340  -39.305  -56.219  -6.255 0.0000000000
20341  -40.114  -56.360  -6.551 0.0000000000
20342  -41.124  -56.426  -6.559 0.0000000000
20343  -42.219  -56.470  -6.293 0.0000000000
20344  -43.040  -56.894  -6.004 0.0000000000
20345  -47.963  -56.291  -6.258 0.0000000000
20346  -48.573  -56.429  -6.316 0.0000000000
20347  -49.411  -56.664  -6.373 0.0000000000
20348  -49.939  -57.007  -6.466 0.0000000000
20369  -45.955  -55.782  -7.493 0.0000000000
20370  -46.464  -55.979  -7.326 0.0000000000
20371  -47.708  -56.440  -6.970 0.0000000000
20372  -49.031  -56.636  -7.017 0.0000000000
20373  -49.832  -56.988  -7.118 0.0000000000
20374  -50.104  -57.255  -7.039 0.0000000000
20394  -44.961  -55.842  -8.340 0.0000000000
20395  -45.720  -56.113  -8.111 0.0000000000
20396  -46.858  -56.515  -7.736 0.0000000000
20397  -47.533  -56.913  -7.809 0.0000000000
20398  -50.047  -57.256  -7.365 0.0000000000
20399  -50.160  -57.435  -7.493 0.0000000000
20410  -42.834  -56.028  -9.636 0.0000000000
20411  -43.315  -56.233  -9.526 0.0000000000
20412  -44.503  -56.175  -8.912 0.0000000000
20413  -45.392  -56.891  -9.053 0.0000000000
20418  -40.689  -56.413  -10.668 0.0000000000
20419  -41.346  -56.398  -10.437 0.0000000000
20420  -42.420  -56.354  -9.964 0.0000000000
20421  -43.134  -57.013  -9.871 0.0000000000
20430  -39.639  -56.520  -11.822 0.0000000000
20431  -40.040  -56.512  -11.077 0.0000000000
20445  -39.593  -56.341  -12.648 0.0000000000
20446  -40.142  -56.903  -12.990 0.0000000000
20452  -39.705  -56.029  -13.308 0.0000000000
20453  -40.238  -56.491  -13.506 0.0000000000
20467  -41.063  -56.465  -14.093 0.0000000000
20468  -41.934  -56.525  -14.457 0.0000000000
20469  -42.703  -56.598  -14.670 0.0000000000
20470  -43.378  -56.576  -14.942 0.0000000000
20481  -44.256  -56.387  -15.248 0.0000000000
20482  -45.258  -56.167  -15.550 0.0000000000
20483  -46.164  -56.044  -15.921 0.0000000000
20484  -46.457  -55.552  -16.107 0.0000000000
20494  -46.282  -56.406  -16.384 0.0000000000
20495  -46.415  -56.025  -16.708 0.0000000000
20505  -34.147  -56.881  -17.976 0.0000000000
20506  -34.791  -56.743  -17.710 0.0000000000
20507  -35.583  -56.382  -17.620 0.0000000000
20508  -36.636  -56.438  -17.423 0.0000000000
20509  -37.643  -56.411  -17.315 0.0000000000
20510  -38.651  -56.385  -17.308 0.0000000000
20511  -39.648  -56.425  -17.512 0.0000000000
20512  -40.671  -56.535  -17.893 0.0000000000
20513  -41.157  -57.023  -18.070 0.0000000000
20514  -46.635  -56.316  -17.885 0.0000000000
20515  -46.977  -56.936  -17.905 0.0000000000
20521  -32.898  -56.819  -18.714 0.0000000000
20522  -33.671  -56.570  -18.552 0.0000000000
20523  -34.516  -56.360  -18.181 0.0000000000
20524  -35.012  -56.257  -17.911 0.0000000000
20525  -41.024  -56.239  -18.061 0.0000000000
20526  -41.489  -56.516  -18.227 0.0000000000
20527  -42.470  -56.314  -18.652 0.0000000000
20528  -43.186  -56.076  -19.074 0.0000000000
20529  -46.758  -56.351  -18.557 0.0000000000
20530  -47.050  -56.742  -18.639 0.0000000000
20535  -32.073  -56.934  -19.250 0.0000000000
20536  -32.347  -56.839  -19.100 0.0000000000
20537  -33.094  -56.466  -19.232 0.0000000000
20538  -43.964  -56.324  -19.369 0.0000000000
20539  -44.883  -56.450  -19.627 0.0000000000
20540  -45.911  -56.513  -19.700 0.0000000000
20541  -46.724  -56.469  -19.219 0.0000000000
20542  -47.438  -57.087  -19.473 0.0000000000
20548  -32.075  -56.843  -19.512 0.0000000000
20549  -32.548  -56.580  -19.892 0.0000000000
20550  -33.443  -56.197  -20.061 0.0000000000
20553  -46.649  -56.844  -20.011 0.0000000000
20554  -47.257  -57.011  -20.036 0.0000000000
20555  -47.774  -57.383  -20.088 0.0000000000
20635  -50.755  -55.881  -27.078 0.0000000000
21224  -45.255  -55.092  -4.428 0.0000000000
21225  -45.665  -55.142  -4.564 0.0000000000
21226  -45.889  -55.093  -4.682 0.0000000000
21248  -44.196  -55.082  -4.541 0.0000000000
21249  -44.691  -55.256  -4.445 0.0000000000
21250  -45.566  -55.539  -4.489 0.0000000000
21251  -46.289  -55.526  -4.673 0.0000000000
21252  -47.158  -55.844  -4.915 0.0000000000
21271  -42.232  -54.924  -5.850 0.0000000000
21272  -42.635  -55.132  -5.644 0.0000000000
21273  -43.727  -55.325  -4.898 0.0000000000
21274  -44.462  -56.061  -4.694 0.0000000000
21275  -46.585  -55.290  -5.107 0.0000000000
21276  -47.350  -55.787  -5.405 0.0000000000
21287  -38.728  -55.552  -6.228 0.0000000000
21288  -39.599  -55.505  -6.627 0.0000000000
21289  -40.605  -55.462  -6.598 0.0000000000
21290  -41.812  -55.262  -6.177 0.0000000000
21291  -42.436  -55.684  -6.011 0.0000000000
21292  -45.939  -55.102  -6.190 0.0000000000
21293  -46.456  -55.240  -5.861 0.0000000000
21294  -47.423  -55.941  -6.160 0.0000000000
21306  -45.086  -55.074  -7.274 0.0000000000
21307  -45.683  -55.349  -6.955 0.0000000000
21308  -46.861  -55.806  -6.614 0.0000000000
21309  -47.338  -56.055  -6.551 0.0000000000
21322  -43.855  -55.088  -8.480 0.0000000000
21323  -44.706  -55.282  -7.891 0.0000000000
21324  -45.358  -55.562  -7.674 0.0000000000
21334  -42.845  -55.436  -9.501 0.0000000000
21335  -43.617  -55.537  -8.967 0.0000000000
21336  -44.140  -55.522  -8.583 0.0000000000
21342  -40.643  -55.548  -10.468 0.0000000000
21343  -41.730  -55.535  -10.098 0.0000000000
21344  -42.288  -55.525  -9.809 0.0000000000
21355  -38.776  -54.880  -11.983 0.0000000000
21356  -39.270  -55.651  -11.542 0.0000000000
21357  -39.823  -55.641  -10.853 0.0000000000
21371  -38.781  -54.812  -12.681 0.0000000000
21372  -39.045  -55.450  -12.447 0.0000000000
21379  -38.847  -54.660  -13.127 0.0000000000
21380  -39.338  -55.266  -13.385 0.0000000000
21381  -39.872  -55.853  -13.586 0.0000000000
21394  -39.757  -54.908  -14.023 0.0000000000
21395  -40.334  -55.525  -14.060 0.0000000000
21396  -41.459  -55.720  -14.512 0.0000000000
21397  -42.554  -55.745  -14.787 0.0000000000
21398  -43.054  -56.145  -14.822 0.0000000000
21408  -42.963  -55.412  -15.004 0.0000000000
21409  -43.510  -55.651  -15.050 0.0000000000
21410  -44.754  -55.445  -15.356 0.0000000000
21411  -45.778  -55.273  -15.545 0.0000000000
21412  -46.408  -55.120  -15.801 0.0000000000
21421  -46.497  -55.131  -16.295 0.0000000000
21430  -35.603  -55.884  -17.852 0.0000000000
21431  -36.095  -55.710  -17.783 0.0000000000
21432  -37.060  -55.641  -17.575 0.0000000000
21433  -38.011  -55.478  -17.417 0.0000000000
21434  -39.033  -55.422  -17.432 0.0000000000
21435  -40.012  -55.548  -17.690 0.0000000000
21436  -45.901  -55.081  -17.467 0.0000000000
21437  -46.222  -55.320  -17.216 0.0000000000
21441  -33.920  -56.259  -18.813 0.0000000000
21442  -34.275  -56.104  -18.710 0.0000000000
21443  -35.239  -55.708  -18.349 0.0000000000
21444  -36.134  -55.244  -18.337 0.0000000000
21445  -40.905  -55.660  -18.022 0.0000000000
21446  -41.769  -55.465  -18.360 0.0000000000
21447  -42.680  -55.348  -18.732 0.0000000000
21448  -43.657  -55.307  -19.125 0.0000000000
21449  -44.634  -55.071  -18.948 0.0000000000
21450  -45.596  -55.244  -18.143 0.0000000000
21451  -46.400  -55.952  -18.432 0.0000000000
21457  -33.843  -56.135  -19.193 0.0000000000
21458  -34.531  -55.715  -19.249 0.0000000000
21459  -35.255  -55.325  -19.496 0.0000000000
21460  -44.474  -55.744  -19.356 0.0000000000
21461  -45.292  -55.746  -19.236 0.0000000000
21462  -46.107  -55.941  -18.991 0.0000000000
21463  -46.332  -55.987  -19.087 0.0000000000
21469  -34.131  -55.903  -19.820 0.0000000000
21470  -34.730  -55.637  -20.073 0.0000000000
21471  -35.532  -55.423  -20.522 0.0000000000
21535  -50.392  -55.433  -25.672 0.0000000000
21536  -51.208  -55.036  -25.600 0.0000000000
21537  -51.566  -54.648  -25.617 0.0000000000
21555  -50.922  -55.599  -26.443 0.0000000000
21556  -51.517  -54.913  -26.128 0.0000000000
21566  -50.948  -55.406  -27.305 0.0000000000
21567  -51.312  -55.122  -26.649 0.0000000000
22187  -44.826  -54.933  -4.313 0.0000000000
22188  -45.333  -54.840  -4.511 0.0000000000
22189  -45.642  -54.846  -4.671 0.0000000000
22205  -44.201  -54.772  -4.565 0.0000000000
22206  -44.645  -54.751  -4.466 0.0000000000
22207  -45.561  -54.337  -5.110 0.0000000000
22208  -46.052  -54.796  -5.041 0.0000000000
22229  -42.241  -54.435  -5.763 0.0000000000
22230  -43.078  -54.476  -5.253 0.0000000000
22231  -43.728  -54.525  -4.854 0.0000000000
22232  -45.714  -54.486  -5.362 0.0000000000
22233  -46.119  -54.922  -5.287 0.0000000000
22251  -38.149  -54.499  -6.322 0.0000000000
22252  -39.011  -54.634  -6.747 0.0000000000
22253  -40.026  -54.594  -6.711 0.0000000000
22254  -41.056  -54.523  -6.366 0.0000000000
22255  -41.716  -54.463  -6.069 0.0000000000
22256  -45.134  -54.111  -6.300 0.0000000000
22257  -45.734  -54.691  -5.999 0.0000000000
22258  -45.985  -54.847  -5.540 0.0000000000
22277  -44.938  -54.586  -7.003 0.0000000000
22278  -45.357  -54.675  -6.511 0.0000000000
22293  -43.780  -54.394  -8.130 0.0000000000
22294  -44.238  -54.194  -7.474 0.0000000000
22302  -42.859  -54.424  -9.410 0.0000000000
22303  -43.348  -54.603  -8.900 0.0000000000
22314  -40.663  -54.389  -10.368 0.0000000000
22315  -41.462  -54.580  -10.140 0.0000000000
22316  -42.267  -54.726  -9.775 0.0000000000
22332  -38.699  -54.331  -11.797 0.0000000000
22333  -38.977  -54.513  -11.410 0.0000000000
22334  -39.730  -54.636  -10.750 0.0000000000
22348  -38.593  -54.225  -12.225 0.0000000000
22356  -38.629  -54.152  -12.900 0.0000000000
22357  -38.912  -54.288  -13.468 0.0000000000
22370  -39.375  -54.295  -14.020 0.0000000000
22371  -40.141  -54.427  -14.429 0.0000000000
22372  -41.043  -54.871  -14.643 0.0000000000
22373  -41.909  -55.088  -14.819 0.0000000000
22384  -40.796  -54.099  -14.886 0.0000000000
22385  -41.641  -54.330  -15.089 0.0000000000
22386  -42.797  -54.791  -15.179 0.0000000000
22387  -44.115  -54.654  -15.376 0.0000000000
22388  -45.299  -54.528  -15.432 0.0000000000
22389  -46.199  -54.431  -15.505 0.0000000000
22390  -46.603  -54.385  -15.908 0.0000000000
22401  -46.264  -54.126  -16.697 0.0000000000
22402  -46.389  -54.471  -16.510 0.0000000000
22414  -36.652  -55.156  -17.967 0.0000000000
22415  -37.375  -54.810  -17.826 0.0000000000
22416  -38.360  -54.449  -17.808 0.0000000000
22417  -39.387  -54.486  -17.787 0.0000000000
22418  -40.290  -54.851  -17.893 0.0000000000
22419  -45.239  -54.030  -17.594 0.0000000000
22420  -45.915  -54.597  -17.177 0.0000000000
22421  -46.229  -54.805  -16.907 0.0000000000
22430  -35.912  -55.005  -19.004 0.0000000000
22431  -36.741  -54.636  -18.579 0.0000000000
22432  -37.740  -54.090  -18.392 0.0000000000
22433  -38.187  -54.052  -18.168 0.0000000000
22434  -40.085  -54.172  -18.033 0.0000000000
22435  -40.967  -54.495  -18.219 0.0000000000
22436  -41.996  -54.477  -18.521 0.0000000000
22437  -42.946  -54.467  -18.723 0.0000000000
22438  -43.909  -54.393  -18.743 0.0000000000
22439  -44.763  -54.513  -18.210 0.0000000000
22440  -45.316  -54.623  -17.736 0.0000000000
22450  -35.890  -54.999  -19.883 0.0000000000
22451  -36.501  -54.606  -19.574 0.0000000000
22452  -37.205  -54.090  -19.269 0.0000000000
22460  -35.981  -55.113  -20.389 0.0000000000
22461  -36.376  -54.872  -20.338 0.0000000000
22508  -49.009  -54.419  -24.810 0.0000000000
22509  -50.033  -54.335  -24.590 0.0000000000
22510  -50.875  -54.141  -24.451 0.0000000000
22511  -51.287  -53.873  -24.376 0.0000000000
22526  -49.718  -54.941  -25.233 0.0000000000
22527  -50.681  -54.765  -25.041 0.0000000000
22528  -51.462  -54.267  -24.976 0.0000000000
22543  -51.770  -54.264  -25.749 0.0000000000
22553  -47.794  -54.010  -28.010 0.0000000000
22554  -48.415  -54.245  -28.014 0.0000000000
22555  -49.521  -54.466  -27.912 0.0000000000
22556  -50.626  -54.611  -27.589 0.0000000000
22557  -51.448  -54.446  -26.673 0.0000000000
22569  -46.818  -53.908  -28.726 0.0000000000
22570  -47.530  -54.224  -28.568 0.0000000000
22571  -48.803  -54.916  -28.838 0.0000000000
22572  -50.025  -55.004  -28.479 0.0000000000
22573  -50.596  -55.329  -28.101 0.0000000000
22584  -46.882  -54.085  -29.256 0.0000000000
22585  -47.745  -54.744  -29.654 0.0000000000
22595  -46.948  -54.103  -29.992 0.0000000000
23255  -44.820  -54.608  -4.501 0.0000000000
23256  -45.061  -54.531  -4.561 0.0000000000
23257  -45.408  -54.599  -4.664 0.0000000000
23268  -43.987  -54.334  -4.799 0.0000000000
23269  -44.531  -54.306  -4.729 0.0000000000
23270  -45.283  -54.253  -4.887 0.0000000000
23271  -45.798  -54.537  -4.948 0.0000000000
23287  -42.186  -53.937  -5.754 0.0000000000
23288  -42.567  -53.744  -5.583 0.0000000000
23289  -43.646  -53.860  -5.148 0.0000000000
23290  -44.525  -53.607  -5.389 0.0000000000
23291  -45.240  -54.000  -5.384 0.0000000000
23310  -37.496  -53.509  -6.306 0.0000000000
23311  -38.432  -53.673  -6.749 0.0000000000
23312  -39.449  -53.682  -6.848 0.0000000000
23313  -40.545  -53.651  -6.540 0.0000000000
23314  -41.762  -53.715  -6.001 0.0000000000
23315  -42.260  -53.341  -5.776 0.0000000000
23316  -44.803  -53.422  -6.041 0.0000000000
23317  -45.343  -54.102  -5.743 0.0000000000
23334  -44.588  -53.441  -6.954 0.0000000000
23342  -43.502  -53.888  -8.553 0.0000000000
23343  -44.026  -53.181  -8.108 0.0000000000
23344  -44.350  -52.493  -8.678 0.0000000000
23352  -42.669  -53.929  -9.629 0.0000000000
23353  -43.344  -53.460  -9.257 0.0000000000
23354  -44.030  -52.708  -8.938 0.0000000000
23355  -44.373  -52.501  -8.963 0.0000000000
23371  -39.619  -53.165  -10.797 0.0000000000
23372  -40.287  -53.540  -10.529 0.0000000000
23373  -41.298  -53.583  -10.317 0.0000000000
23374  -42.228  -53.655  -9.978 0.0000000000
23375  -42.830  -53.438  -9.730 0.0000000000
23391  -38.702  -53.645  -11.666 0.0000000000
23392  -39.239  -53.759  -11.052 0.0000000000
23393  -39.675  -53.785  -10.729 0.0000000000
23402  -38.485  -53.406  -12.461 0.0000000000
23412  -38.628  -53.381  -13.408 0.0000000000
23413  -38.963  -53.835  -13.824 0.0000000000
23432  -38.697  -52.919  -13.851 0.0000000000
23433  -39.146  -53.292  -14.252 0.0000000000
23434  -39.661  -53.864  -14.425 0.0000000000
23451  -39.518  -52.878  -14.689 0.0000000000
23452  -40.051  -53.391  -14.866 0.0000000000
23453  -41.108  -53.458  -15.330 0.0000000000
23454  -42.213  -53.589  -15.493 0.0000000000
23455  -43.443  -53.707  -15.578 0.0000000000
23456  -44.692  -53.726  -15.541 0.0000000000
23457  -45.785  -53.693  -15.464 0.0000000000
23458  -46.512  -53.689  -15.658 0.0000000000
23472  -46.478  -53.922  -16.504 0.0000000000
23473  -46.777  -53.596  -16.163 0.0000000000
23482  -38.803  -54.112  -17.949 0.0000000000
23483  -39.013  -53.943  -18.005 0.0000000000
23484  -45.232  -53.350  -17.626 0.0000000000
23485  -46.169  -53.572  -16.902 0.0000000000
23486  -46.845  -53.010  -16.521 0.0000000000
23492  -38.008  -53.791  -18.551 0.0000000000
23493  -38.490  -53.719  -18.394 0.0000000000
23494  -39.405  -53.724  -18.219 0.0000000000
23495  -40.279  -53.537  -18.469 0.0000000000
23496  -41.291  -53.469  -18.678 0.0000000000
23497  -42.271  -53.692  -18.691 0.0000000000
23498  -43.200  -53.632  -18.706 0.0000000000
23499  -44.340  -53.597  -18.267 0.0000000000
23505  -37.834  -53.655  -18.917 0.0000000000
23506  -38.310  -53.299  -19.343 0.0000000000
23507  -40.586  -53.046  -18.860 0.0000000000
23508  -40.925  -52.898  -18.998 0.0000000000
23511  -37.719  -53.699  -19.855 0.0000000000
23536  -51.378  -52.904  -22.878 0.0000000000
23537  -51.616  -53.121  -22.978 0.0000000000
23553  -48.818  -53.310  -23.559 0.0000000000
23554  -49.898  -53.329  -23.353 0.0000000000
23555  -50.765  -53.359  -23.286 0.0000000000
23556  -51.369  -53.214  -23.338 0.0000000000
23557  -51.690  -53.005  -23.563 0.0000000000
23571  -48.051  -53.863  -24.481 0.0000000000
23572  -49.372  -53.838  -24.122 0.0000000000
23573  -50.373  -53.777  -23.942 0.0000000000
23574  -51.095  -53.662  -23.894 0.0000000000
23575  -51.551  -53.450  -24.175 0.0000000000
23587  -51.879  -53.520  -25.038 0.0000000000
23601  -47.595  -53.186  -27.032 0.0000000000
23602  -48.439  -53.295  -26.876 0.0000000000
23603  -49.485  -53.335  -26.758 0.0000000000
23604  -50.493  -53.324  -26.636 0.0000000000
23605  -51.281  -53.352  -26.412 0.0000000000
23606  -51.769  -53.573  -26.001 0.0000000000
23617  -47.083  -53.366  -27.519 0.0000000000
23618  -47.932  -53.711  -27.517 0.0000000000
23619  -48.981  -53.871  -27.356 0.0000000000
23620  -50.076  -53.900  -27.234 0.0000000000
23621  -51.023  -53.859  -26.956 0.0000000000
23622  -51.507  -53.780  -26.573 0.0000000000
23636  -46.741  -53.561  -28.240 0.0000000000
23637  -47.384  -53.801  -27.961 0.0000000000
23650  -46.450  -53.420  -28.939 0.0000000000
23660  -46.565  -53.365  -29.691 0.0000000000
24390  -42.489  -53.236  -5.712 0.0000000000
24391  -42.974  -53.159  -5.617 0.0000000000
24392  -43.726  -53.102  -5.617 0.0000000000
24403  -37.010  -52.388  -6.447 0.0000000000
24404  -37.881  -52.744  -6.829 0.0000000000
24405  -38.842  -52.780  -6.945 0.0000000000
24406  -39.956  -52.648  -6.810 0.0000000000
24407  -41.078  -52.763  -6.396 0.0000000000
24408  -42.209  -52.744  -5.989 0.0000000000
24409  -43.226  -52.471  -6.033 0.0000000000
24410  -44.098  -52.654  -6.174 0.0000000000
24419  -37.526  -51.944  -6.889 0.0000000000
24420  -38.265  -51.957  -7.079 0.0000000000
24421  -39.183  -51.887  -7.032 0.0000000000
24422  -39.959  -51.753  -6.889 0.0000000000
24423  -44.386  -52.434  -6.839 0.0000000000
24424  -44.610  -51.869  -7.440 0.0000000000
24434  -44.492  -52.531  -7.440 0.0000000000
24435  -44.796  -52.015  -8.218 0.0000000000
24453  -43.402  -52.954  -9.597 0.0000000000
24454  -43.790  -52.677  -9.501 0.0000000000
24455  -44.748  -52.214  -9.235 0.0000000000
24476  -39.563  -52.564  -10.848 0.0000000000
24477  -40.112  -52.577  -10.667 0.0000000000
24478  -41.029  -52.628  -10.529 0.0000000000
24479  -42.074  -52.696  -10.435 0.0000000000
24480  -43.189  -52.746  -9.990 0.0000000000
24481  -44.362  -52.192  -10.003 0.0000000000
24495  -38.489  -52.437  -11.889 0.0000000000
24496  -39.039  -52.738  -11.122 0.0000000000
24511  -38.394  -52.510  -12.800 0.0000000000
24523  -38.536  -52.477  -13.513 0.0000000000
24540  -38.741  -52.458  -14.079 0.0000000000
24541  -39.194  -52.396  -14.522 0.0000000000
24552  -39.731  -52.407  -14.986 0.0000000000
24553  -40.541  -52.524  -15.392 0.0000000000
24554  -41.567  -52.619  -15.675 0.0000000000
24555  -42.753  -52.549  -15.865 0.0000000000
24556  -44.020  -52.857  -15.790 0.0000000000
24557  -45.209  -52.939  -15.702 0.0000000000
24558  -46.225  -53.023  -15.662 0.0000000000
24559  -46.709  -53.194  -15.797 0.0000000000
24570  -42.911  -52.069  -16.094 0.0000000000
24571  -43.419  -52.110  -16.120 0.0000000000
24572  -44.523  -52.185  -16.101 0.0000000000
24573  -45.695  -52.295  -16.008 0.0000000000
24574  -46.786  -52.586  -16.025 0.0000000000
24582  -45.763  -52.936  -17.424 0.0000000000
24583  -46.726  -52.793  -17.146 0.0000000000
24584  -47.034  -52.493  -16.646 0.0000000000
24589  -39.072  -53.386  -18.536 0.0000000000
24590  -39.531  -53.201  -18.703 0.0000000000
24591  -40.053  -52.954  -18.890 0.0000000000
24592  -41.848  -53.189  -18.835 0.0000000000
24593  -42.421  -53.012  -18.863 0.0000000000
24594  -43.449  -52.758  -18.734 0.0000000000
24595  -44.768  -52.714  -18.123 0.0000000000
24596  -45.899  -52.445  -17.754 0.0000000000
24599  -38.924  -53.109  -18.958 0.0000000000
24600  -39.522  -52.751  -19.260 0.0000000000
24601  -40.393  -52.543  -19.343 0.0000000000
24602  -41.462  -52.652  -19.165 0.0000000000
24603  -42.435  -52.329  -19.242 0.0000000000
24604  -43.209  -52.069  -19.148 0.0000000000
24606  -38.834  -52.780  -19.723 0.0000000000
24607  -39.546  -52.300  -20.054 0.0000000000
24608  -40.288  -52.049  -19.980 0.0000000000
24609  -49.024  -52.043  -20.210 0.0000000000
24610  -49.209  -51.878  -20.486 0.0000000000
24616  -49.134  -52.030  -20.531 0.0000000000
24617  -49.489  -52.011  -20.951 0.0000000000
24635  -46.239  -52.190  -22.531 0.0000000000
24636  -47.450  -52.206  -22.250 0.0000000000
24637  -48.809  -52.276  -21.495 0.0000000000
24638  -50.058  -52.352  -21.847 0.0000000000
24639  -50.996  -52.555  -22.539 0.0000000000
24640  -51.486  -52.620  -22.918 0.0000000000
24658  -46.722  -52.648  -23.219 0.0000000000
24659  -48.085  -52.762  -23.019 0.0000000000
24660  -49.408  -52.809  -22.629 0.0000000000
24661  -50.439  -52.932  -22.682 0.0000000000
24662  -51.084  -53.074  -22.820 0.0000000000
24663  -51.643  -52.643  -23.326 0.0000000000
24677  -47.160  -53.233  -24.027 0.0000000000
24678  -48.030  -53.266  -23.792 0.0000000000
24679  -51.396  -52.290  -24.789 0.0000000000
24680  -51.692  -52.617  -24.146 0.0000000000
24687  -47.164  -52.259  -25.958 0.0000000000
24688  -48.243  -52.229  -25.789 0.0000000000
24689  -49.316  -52.257  -25.652 0.0000000000
24690  -50.335  -52.313  -25.568 0.0000000000
24691  -51.173  -52.488  -25.446 0.0000000000
24692  -51.766  -52.841  -25.258 0.0000000000
24704  -45.769  -52.382  -27.102 0.0000000000
24705  -46.794  -52.768  -26.825 0.0000000000
24706  -47.841  -52.734  -26.473 0.0000000000
24707  -48.874  -52.777  -26.281 0.0000000000
24708  -49.924  -52.766  -26.204 0.0000000000
24709  -50.855  -52.811  -26.090 0.0000000000
24710  -51.498  -52.950  -25.911 0.0000000000
24723  -45.569  -52.369  -27.927 0.0000000000
24724  -46.292  -52.925  -27.671 0.0000000000
24739  -45.659  -52.103  -28.612 0.0000000000
24740  -46.062  -52.856  -28.452 0.0000000000
24752  -45.762  -51.862  -29.001 0.0000000000
24753  -46.094  -52.423  -29.263 0.0000000000
24764  -46.520  -52.519  -30.130 0.0000000000
25422  -36.970  -51.339  -6.689 0.0000000000
25423  -40.601  -52.036  -6.703 0.0000000000
25424  -41.446  -51.880  -6.553 0.0000000000
25425  -42.570  -51.634  -6.511 0.0000000000
25426  -43.639  -51.736  -6.586 0.0000000000
25427  -44.144  -51.908  -6.775 0.0000000000
25437  -37.700  -51.174  -7.067 0.0000000000
25438  -38.580  -51.102  -7.208 0.0000000000
25439  -39.524  -51.071  -7.152 0.0000000000
25440  -40.582  -51.192  -7.009 0.0000000000
25441  -41.657  -50.976  -6.922 0.0000000000
25442  -42.493  -50.782  -6.990 0.0000000000
25443  -44.075  -51.366  -6.897 0.0000000000
25444  -44.477  -51.427  -7.187 0.0000000000
25445  -44.990  -51.266  -7.737 0.0000000000
25499  -39.614  -51.769  -10.885 0.0000000000
25500  -40.641  -51.809  -10.643 0.0000000000
25526  -38.516  -51.317  -11.789 0.0000000000
25527  -38.838  -51.782  -11.340 0.0000000000
25555  -38.350  -51.602  -12.434 0.0000000000
25569  -38.382  -51.720  -13.168 0.0000000000
25585  -38.533  -51.858  -13.757 0.0000000000
25586  -38.750  -51.724  -14.274 0.0000000000
25602  -39.262  -51.625  -14.802 0.0000000000
25603  -39.955  -51.571  -15.354 0.0000000000
25604  -40.973  -51.615  -15.753 0.0000000000
25605  -41.890  -51.923  -15.947 0.0000000000
25618  -41.639  -51.264  -16.033 0.0000000000
25619  -42.602  -51.536  -16.203 0.0000000000
25620  -43.746  -51.402  -16.399 0.0000000000
25621  -44.946  -51.484  -16.412 0.0000000000
25622  -46.097  -51.667  -16.357 0.0000000000
25623  -47.005  -51.878  -16.528 0.0000000000
25627  -46.695  -52.389  -17.535 0.0000000000
25628  -47.416  -52.171  -17.291 0.0000000000
25629  -47.918  -51.867  -17.858 0.0000000000
25630  -48.261  -51.844  -18.114 0.0000000000
25634  -43.982  -52.178  -18.752 0.0000000000
25635  -44.943  -52.014  -18.518 0.0000000000
25636  -46.299  -51.975  -18.168 0.0000000000
25637  -47.335  -51.977  -18.251 0.0000000000
25638  -48.021  -52.038  -18.369 0.0000000000
25639  -48.288  -51.843  -18.429 0.0000000000
25643  -40.883  -52.098  -19.688 0.0000000000
25644  -41.622  -51.889  -19.724 0.0000000000
25645  -42.591  -51.722  -19.716 0.0000000000
25646  -43.796  -51.672  -19.423 0.0000000000
25647  -45.117  -51.569  -19.263 0.0000000000
25648  -46.372  -51.580  -19.140 0.0000000000
25649  -47.435  -51.703  -19.081 0.0000000000
25650  -48.132  -51.902  -19.046 0.0000000000
25651  -48.368  -51.675  -19.130 0.0000000000
25656  -40.781  -51.745  -20.416 0.0000000000
25657  -41.800  -51.503  -20.524 0.0000000000
25658  -42.930  -51.426  -20.461 0.0000000000
25659  -44.117  -51.357  -20.330 0.0000000000
25660  -45.334  -51.411  -20.233 0.0000000000
25661  -46.577  -51.526  -20.218 0.0000000000
25662  -47.710  -51.742  -19.890 0.0000000000
25663  -48.388  -51.864  -19.816 0.0000000000
25664  -48.822  -51.698  -20.163 0.0000000000
25665  -49.311  -51.657  -20.653 0.0000000000
25673  -45.534  -51.541  -21.174 0.0000000000
25674  -46.387  -51.630  -21.195 0.0000000000
25675  -47.263  -51.713  -20.820 0.0000000000
25676  -47.943  -52.010  -20.576 0.0000000000
25677  -48.705  -52.061  -20.503 0.0000000000
25678  -49.724  -51.617  -21.313 0.0000000000
25692  -45.809  -51.804  -21.921 0.0000000000
25693  -46.841  -51.815  -21.722 0.0000000000
25694  -47.849  -51.987  -21.285 0.0000000000
25695  -48.423  -52.093  -20.910 0.0000000000
25696  -50.506  -51.696  -22.391 0.0000000000
25697  -51.340  -52.194  -22.859 0.0000000000
25698  -51.596  -52.417  -23.078 0.0000000000
25709  -50.472  -51.325  -23.403 0.0000000000
25710  -51.200  -51.801  -23.280 0.0000000000
25711  -51.552  -52.262  -23.386 0.0000000000
25723  -45.014  -51.041  -25.185 0.0000000000
25724  -45.994  -51.071  -24.970 0.0000000000
25725  -47.019  -51.099  -24.766 0.0000000000
25726  -48.090  -51.040  -24.670 0.0000000000
25727  -49.174  -51.095  -24.529 0.0000000000
25728  -50.212  -51.348  -24.316 0.0000000000
25729  -51.151  -51.793  -24.106 0.0000000000
25730  -51.430  -51.862  -23.882 0.0000000000
25739  -44.747  -51.226  -26.005 0.0000000000
25740  -45.579  -51.494  -25.742 0.0000000000
25741  -46.561  -51.642  -25.472 0.0000000000
25742  -47.623  -51.641  -25.304 0.0000000000
25743  -48.709  -51.624  -25.186 0.0000000000
25744  -49.780  -51.700  -25.062 0.0000000000
25745  -50.751  -51.913  -24.920 0.0000000000
25758  -44.568  -51.210  -26.641 0.0000000000
25759  -45.186  -51.707  -26.622 0.0000000000
25760  -46.121  -52.119  -26.246 0.0000000000
25774  -44.665  -51.355  -27.219 0.0000000000
25775  -45.097  -51.882  -27.462 0.0000000000
25787  -44.814  -51.439  -27.689 0.0000000000
25788  -45.099  -51.576  -28.178 0.0000000000
25797  -45.503  -51.416  -28.800 0.0000000000
25798  -45.860  -51.441  -29.290 0.0000000000
25805  -46.341  -51.569  -29.799 0.0000000000
26448  -37.080  -50.363  -6.910 0.0000000000
26449  -43.286  -51.024  -6.906 0.0000000000
26450  -43.807  -51.198  -6.885 0.0000000000
26463  -37.932  -50.252  -7.332 0.0000000000
26464  -38.922  -50.216  -7.437 0.0000000000
26465  -39.938  -50.265  -7.409 0.0000000000
26466  -40.953  -50.264  -7.361 0.0000000000
26467  -41.934  -50.157  -7.368 0.0000000000
26468  -43.016  -50.146  -7.400 0.0000000000
26469  -44.068  -50.671  -7.192 0.0000000000
26470  -44.843  -50.689  -7.550 0.0000000000
26570  -38.377  -50.700  -12.202 0.0000000000
26589  -38.284  -50.977  -12.855 0.0000000000
26605  -38.409  -50.912  -13.710 0.0000000000
26606  -38.768  -51.052  -14.507 0.0000000000
26624  -38.612  -50.347  -14.392 0.0000000000
26625  -39.215  -50.607  -15.076 0.0000000000
26626  -40.237  -50.579  -15.701 0.0000000000
26627  -41.066  -50.818  -15.975 0.0000000000
26646  -40.837  -50.190  -16.037 0.0000000000
26647  -41.689  -50.462  -16.306 0.0000000000
26648  -42.894  -50.504  -16.610 0.0000000000
26649  -44.138  -50.608  -16.745 0.0000000000
26650  -45.369  -50.787  -16.755 0.0000000000
26651  -46.411  -51.122  -16.728 0.0000000000
26652  -47.092  -51.427  -17.016 0.0000000000
26659  -45.904  -50.502  -17.001 0.0000000000
26660  -46.646  -50.706  -17.206 0.0000000000
26661  -47.618  -51.169  -17.612 0.0000000000
26662  -48.227  -51.582  -18.024 0.0000000000
26663  -48.383  -51.710  -18.216 0.0000000000
26672  -47.762  -50.755  -17.983 0.0000000000
26673  -48.205  -50.938  -18.341 0.0000000000
26674  -48.325  -51.579  -18.468 0.0000000000
26681  -48.253  -50.659  -19.353 0.0000000000
26682  -48.540  -51.312  -19.220 0.0000000000
26691  -48.291  -50.462  -20.388 0.0000000000
26692  -49.042  -50.981  -20.306 0.0000000000
26693  -49.542  -51.159  -21.030 0.0000000000
26702  -48.259  -50.330  -20.904 0.0000000000
26703  -48.779  -50.590  -21.152 0.0000000000
26704  -49.353  -51.110  -21.064 0.0000000000
26715  -48.917  -50.448  -22.139 0.0000000000
26716  -49.598  -51.017  -21.745 0.0000000000
26725  -44.836  -50.105  -23.886 0.0000000000
26726  -45.831  -50.032  -23.741 0.0000000000
26727  -46.829  -50.037  -23.575 0.0000000000
26728  -47.823  -50.157  -23.364 0.0000000000
26729  -48.824  -50.360  -23.093 0.0000000000
26730  -49.730  -50.868  -22.727 0.0000000000
26739  -43.599  -50.291  -25.018 0.0000000000
26740  -44.450  -50.541  -24.672 0.0000000000
26741  -45.420  -50.575  -24.434 0.0000000000
26742  -46.431  -50.529  -24.275 0.0000000000
26743  -47.461  -50.515  -24.129 0.0000000000
26744  -48.525  -50.530  -23.980 0.0000000000
26745  -49.558  -50.805  -23.704 0.0000000000
26755  -43.511  -50.288  -25.746 0.0000000000
26756  -44.151  -50.722  -25.593 0.0000000000
26770  -43.775  -50.438  -26.267 0.0000000000
26771  -44.224  -50.833  -26.359 0.0000000000
26783  -44.034  -50.503  -26.620 0.0000000000
26784  -44.266  -50.683  -27.018 0.0000000000
26794  -44.618  -50.812  -27.808 0.0000000000
26795  -45.118  -50.619  -28.563 0.0000000000
26796  -45.548  -50.146  -29.011 0.0000000000
26805  -45.601  -50.825  -29.082 0.0000000000
26806  -46.147  -50.474  -29.512 0.0000000000
27478  -37.284  -49.343  -7.136 0.0000000000
27496  -38.268  -49.173  -7.511 0.0000000000
27497  -39.342  -49.312  -7.648 0.0000000000
27498  -40.350  -49.420  -7.712 0.0000000000
27499  -41.294  -49.468  -7.697 0.0000000000
27617  -38.211  -49.986  -12.849 0.0000000000
27633  -38.340  -49.668  -13.823 0.0000000000
27647  -38.710  -49.515  -14.700 0.0000000000
27648  -39.503  -49.481  -15.496 0.0000000000
27649  -40.294  -49.742  -15.925 0.0000000000
27664  -40.047  -49.085  -16.034 0.0000000000
27665  -40.893  -49.405  -16.346 0.0000000000
27666  -42.003  -49.529  -16.780 0.0000000000
27667  -43.262  -49.572  -17.195 0.0000000000
27668  -44.640  -50.066  -17.197 0.0000000000
27669  -45.375  -50.311  -17.130 0.0000000000
27676  -43.371  -49.096  -17.651 0.0000000000
27677  -44.142  -49.291  -17.820 0.0000000000
27678  -45.631  -49.928  -17.569 0.0000000000
27679  -46.892  -50.388  -17.796 0.0000000000
27680  -47.474  -50.656  -17.892 0.0000000000
27688  -44.183  -49.084  -18.343 0.0000000000
27689  -44.922  -49.316  -18.639 0.0000000000
27690  -46.352  -49.746  -18.436 0.0000000000
27691  -47.432  -50.383  -18.400 0.0000000000
27692  -47.921  -50.564  -18.750 0.0000000000
27700  -44.899  -49.153  -19.724 0.0000000000
27701  -45.981  -49.434  -19.417 0.0000000000
27702  -47.044  -49.791  -19.175 0.0000000000
27703  -47.677  -50.285  -19.072 0.0000000000
27709  -44.901  -49.107  -20.778 0.0000000000
27710  -45.830  -49.327  -20.458 0.0000000000
27711  -46.841  -49.594  -20.153 0.0000000000
27712  -47.647  -50.108  -19.824 0.0000000000
27721  -44.797  -49.079  -21.711 0.0000000000
27722  -45.701  -49.271  -21.449 0.0000000000
27723  -46.675  -49.470  -21.174 0.0000000000
27724  -47.702  -49.984  -20.897 0.0000000000
27725  -48.231  -50.274  -21.161 0.0000000000
27740  -42.726  -49.154  -23.016 0.0000000000
27741  -43.642  -49.226  -22.771 0.0000000000
27742  -44.575  -49.255  -22.565 0.0000000000
27743  -45.505  -49.330  -22.354 0.0000000000
27744  -46.453  -49.449  -22.128 0.0000000000
27745  -47.402  -49.721  -21.876 0.0000000000
27746  -48.190  -50.166  -21.636 0.0000000000
27759  -41.816  -48.830  -24.154 0.0000000000
27760  -42.418  -49.295  -23.879 0.0000000000
27761  -43.276  -49.592  -23.591 0.0000000000
27762  -44.245  -49.626  -23.355 0.0000000000
27763  -45.216  -49.574  -23.188 0.0000000000
27764  -46.188  -49.594  -23.003 0.0000000000
27765  -47.158  -49.722  -22.782 0.0000000000
27766  -48.066  -50.057  -22.502 0.0000000000
27774  -41.849  -48.703  -24.580 0.0000000000
27775  -42.137  -49.039  -24.692 0.0000000000
27776  -42.903  -49.730  -24.588 0.0000000000
27777  -43.853  -50.072  -24.138 0.0000000000
27786  -42.499  -49.207  -25.395 0.0000000000
27787  -43.052  -49.827  -25.519 0.0000000000
27799  -42.855  -49.279  -25.998 0.0000000000
27800  -43.328  -49.766  -26.311 0.0000000000
27811  -43.833  -50.098  -26.823 0.0000000000
27812  -44.208  -49.835  -27.514 0.0000000000
27813  -44.613  -49.279  -27.980 0.0000000000
27822  -44.660  -50.007  -28.160 0.0000000000
27823  -45.167  -49.470  -28.534 0.0000000000
27824  -45.893  -49.381  -29.075 0.0000000000
27834  -46.595  -49.425  -29.519 0.0000000000
28675  -38.819  -48.458  -15.045 0.0000000000
28676  -39.516  -48.381  -15.752 0.0000000000
28690  -40.263  -48.373  -16.372 0.0000000000
28691  -41.194  -48.496  -16.915 0.0000000000
28692  -42.160  -48.806  -17.305 0.0000000000
28693  -42.844  -48.872  -17.612 0.0000000000
28702  -41.530  -48.188  -17.484 0.0000000000
28703  -42.168  -48.303  -18.009 0.0000000000
28704  -43.281  -48.776  -18.102 0.0000000000
28705  -43.865  -48.952  -18.224 0.0000000000
28716  -42.070  -48.078  -18.567 0.0000000000
28717  -42.736  -48.352  -18.870 0.0000000000
28718  -43.891  -48.826  -18.768 0.0000000000
28719  -44.461  -49.023  -19.136 0.0000000000
28731  -42.728  -48.329  -19.863 0.0000000000
28732  -43.510  -48.618  -19.589 0.0000000000
28733  -44.176  -48.875  -19.468 0.0000000000
28743  -41.836  -48.175  -21.065 0.0000000000
28744  -42.612  -48.363  -20.759 0.0000000000
28745  -43.397  -48.576  -20.468 0.0000000000
28746  -44.158  -48.842  -20.183 0.0000000000
28754  -41.616  -48.274  -21.940 0.0000000000
28755  -42.431  -48.474  -21.634 0.0000000000
28756  -43.270  -48.586  -21.363 0.0000000000
28757  -44.095  -48.783  -21.086 0.0000000000
28770  -41.416  -48.367  -22.841 0.0000000000
28771  -42.172  -48.711  -22.477 0.0000000000
28772  -43.050  -48.778  -22.224 0.0000000000
28773  -43.938  -48.845  -21.981 0.0000000000
28787  -41.362  -48.336  -23.759 0.0000000000
28788  -41.914  -48.900  -23.331 0.0000000000
28795  -41.598  -48.226  -24.647 0.0000000000
28796  -41.875  -48.617  -24.826 0.0000000000
28803  -41.718  -47.854  -25.156 0.0000000000
28804  -42.062  -48.342  -25.311 0.0000000000
28814  -42.650  -48.525  -25.989 0.0000000000
28815  -43.158  -48.851  -26.501 0.0000000000
28816  -43.656  -48.413  -26.896 0.0000000000
28827  -43.665  -49.277  -26.988 0.0000000000
28828  -44.243  -48.652  -27.454 0.0000000000
28829  -44.942  -48.497  -28.043 0.0000000000
28839  -45.661  -48.484  -28.512 0.0000000000
28840  -46.435  -48.450  -28.966 0.0000000000
28841  -47.080  -48.061  -29.114 0.0000000000
29744  -38.967  -47.475  -15.420 0.0000000000
29745  -39.603  -47.477  -16.155 0.0000000000
29761  -40.394  -47.454  -17.008 0.0000000000
29762  -41.075  -47.877  -17.309 0.0000000000
29773  -40.407  -47.099  -17.593 0.0000000000
29774  -41.079  -47.521  -18.006 0.0000000000
29775  -41.736  -47.907  -18.329 0.0000000000
29788  -40.908  -47.353  -19.165 0.0000000000
29789  -41.658  -47.769  -18.837 0.0000000000
29790  -42.144  -48.039  -18.889 0.0000000000
29803  -40.773  -47.380  -20.134 0.0000000000
29804  -41.460  -47.731  -19.696 0.0000000000
29805  -42.125  -48.027  -19.374 0.0000000000
29815  -40.759  -47.472  -20.899 0.0000000000
29816  -41.320  -47.789  -20.554 0.0000000000
29817  -42.004  -48.084  -20.203 0.0000000000
29826  -40.543  -47.324  -21.610 0.0000000000
29827  -41.135  -47.832  -21.390 0.0000000000
29840  -40.375  -47.182  -22.280 0.0000000000
29841  -40.868  -47.761  -22.322 0.0000000000
29858  -40.421  -47.218  -22.920 0.0000000000
29859  -40.858  -47.783  -23.291 0.0000000000
29866  -40.585  -47.097  -23.589 0.0000000000
29867  -40.997  -47.460  -24.213 0.0000000000
29872  -41.459  -47.353  -24.984 0.0000000000
29873  -41.992  -47.368  -25.460 0.0000000000
29881  -42.564  -47.603  -25.884 0.0000000000
29882  -43.218  -47.789  -26.415 0.0000000000
29883  -44.165  -47.555  -26.888 0.0000000000
29884  -44.980  -47.173  -27.148 0.0000000000
29896  -44.758  -47.851  -27.494 0.0000000000
29897  -45.541  -47.515  -27.803 0.0000000000
29898  -46.215  -47.182  -28.012 0.0000000000
29909  -46.104  -47.776  -28.395 0.0000000000
29910  -46.764  -47.466  -28.459 0.0000000000
30903  -39.081  -46.776  -15.852 0.0000000000
30927  -38.907  -46.033  -15.964 0.0000000000
30928  -39.411  -46.508  -16.625 0.0000000000
30938  -39.852  -46.577  -17.464 0.0000000000
30939  -40.307  -46.853  -17.984 0.0000000000
30953  -39.750  -46.363  -18.291 0.0000000000
30954  -40.325  -46.854  -18.711 0.0000000000
30963  -39.661  -46.275  -19.221 0.0000000000
30964  -40.218  -46.830  -19.715 0.0000000000
30977  -39.609  -46.134  -20.272 0.0000000000
30978  -40.190  -46.853  -20.854 0.0000000000
30988  -39.548  -45.961  -21.454 0.0000000000
30989  -40.023  -46.742  -21.902 0.0000000000
31000  -39.753  -46.100  -22.537 0.0000000000
31001  -40.122  -46.750  -22.604 0.0000000000
31019  -39.873  -45.865  -23.089 0.0000000000
31020  -40.194  -46.383  -23.298 0.0000000000
31030  -40.656  -46.507  -24.078 0.0000000000
31031  -41.179  -46.556  -24.700 0.0000000000
31038  -41.798  -46.510  -25.234 0.0000000000
31039  -42.690  -46.509  -25.695 0.0000000000
31040  -43.276  -46.064  -25.796 0.0000000000
31047  -42.986  -47.099  -26.115 0.0000000000
31048  -43.611  -46.584  -26.186 0.0000000000
31049  -44.650  -46.467  -26.623 0.0000000000
31050  -45.645  -46.428  -27.136 0.0000000000
31051  -46.137  -45.918  -27.207 0.0000000000
31062  -46.029  -46.881  -27.642 0.0000000000
31063  -46.660  -46.415  -27.703 0.0000000000
31064  -47.262  -45.926  -27.807 0.0000000000
31074  -47.198  -46.956  -28.276 0.0000000000
32103  -38.820  -45.250  -16.864 0.0000000000
32104  -39.297  -46.063  -17.169 0.0000000000
32118  -38.794  -45.035  -18.171 0.0000000000
32119  -39.276  -45.827  -17.762 0.0000000000
32134  -38.770  -44.945  -19.179 0.0000000000
32135  -39.218  -45.671  -18.708 0.0000000000
32143  -38.840  -44.817  -20.043 0.0000000000
32144  -39.198  -45.508  -19.684 0.0000000000
32157  -38.873  -44.714  -20.507 0.0000000000
32158  -39.132  -45.168  -20.706 0.0000000000
32169  -39.268  -45.078  -21.572 0.0000000000
32183  -39.485  -45.305  -22.232 0.0000000000
32199  -39.739  -45.356  -22.905 0.0000000000
32200  -40.127  -45.501  -23.392 0.0000000000
32211  -40.451  -45.812  -23.856 0.0000000000
32212  -41.016  -45.630  -24.359 0.0000000000
32213  -41.667  -45.204  -24.614 0.0000000000
32222  -41.551  -45.864  -24.864 0.0000000000
32223  -42.237  -45.492  -25.133 0.0000000000
32224  -43.124  -45.425  -25.525 0.0000000000
32225  -43.738  -45.147  -25.668 0.0000000000
32230  -43.618  -45.746  -25.827 0.0000000000
32231  -44.252  -45.517  -26.059 0.0000000000
32232  -45.117  -45.519  -26.508 0.0000000000
32233  -45.805  -45.414  -26.883 0.0000000000
32244  -46.372  -45.376  -27.255 0.0000000000
32245  -46.977  -45.374  -27.586 0.0000000000
33256  -38.546  -44.203  -17.772 0.0000000000
33272  -38.476  -44.217  -18.772 0.0000000000
33282  -38.542  -44.212  -19.689 0.0000000000
33296  -38.698  -44.257  -20.469 0.0000000000
33297  -38.882  -44.573  -20.787 0.0000000000
33308  -38.804  -44.236  -20.910 0.0000000000
33309  -39.033  -44.412  -21.282 0.0000000000
33325  -39.419  -44.454  -22.069 0.0000000000
33326  -39.722  -44.212  -22.611 0.0000000000
33343  -39.634  -44.771  -22.643 0.0000000000
33344  -40.110  -44.520  -23.160 0.0000000000
33345  -40.773  -44.221  -23.602 0.0000000000
33353  -40.626  -45.036  -23.773 0.0000000000
33354  -41.330  -44.517  -24.133 0.0000000000
33355  -42.119  -44.479  -24.622 0.0000000000
33365  -42.793  -44.542  -25.112 0.0000000000
33366  -43.457  -44.504  -25.436 0.0000000000
33367  -44.093  -44.502  -25.746 0.0000000000
33375  -44.750  -44.604  -26.158 0.0000000000
33376  -45.408  -44.616  -26.553 0.0000000000
33377  -45.988  -44.568  -26.975 0.0000000000
33388  -46.597  -44.523  -27.372 0.0000000000
34459  -38.393  -43.435  -19.378 0.0000000000
34475  -38.515  -43.503  -20.226 0.0000000000
34484  -38.769  -43.651  -21.016 0.0000000000
34485  -39.230  -43.640  -21.741 0.0000000000
34502  -39.574  -43.742  -22.302 0.0000000000
34503  -39.968  -43.578  -22.743 0.0000000000
34524  -40.539  -43.507  -23.246 0.0000000000
34525  -41.184  -43.491  -23.719 0.0000000000
34533  -41.851  -43.526  -24.228 0.0000000000
34534  -42.650  -43.524  -24.714 0.0000000000
34535  -43.246  -43.186  -25.044 0.0000000000
34542  -43.173  -43.858  -25.175 0.0000000000
34543  -43.743  -43.552  -25.498 0.0000000000
34544  -44.450  -43.665  -25.968 0.0000000000
34552  -45.053  -43.789  -26.363 0.0000000000
34553  -45.605  -43.787  -26.725 0.0000000000
34554  -46.181  -43.676  -27.129 0.0000000000
35567  -38.464  -42.735  -19.964 0.0000000000
35576  -38.682  -42.738  -20.697 0.0000000000
35577  -39.049  -42.758  -21.449 0.0000000000
35591  -39.588  -42.840  -22.221 0.0000000000
35592  -40.267  -42.654  -22.835 0.0000000000
35612  -40.892  -42.572  -23.380 0.0000000000
35613  -41.544  -42.560  -23.866 0.0000000000
35626  -42.229  -42.566  -24.309 0.0000000000
35627  -42.970  -42.464  -24.709 0.0000000000
35628  -43.607  -42.512  -25.245 0.0000000000
35635  -44.265  -42.653  -25.766 0.0000000000
35636  -44.860  -42.894  -26.243 0.0000000000
35644  -45.311  -43.165  -26.527 0.0000000000
35645  -45.776  -42.911  -26.793 0.0000000000
36680  -39.408  -42.157  -21.754 0.0000000000
36681  -40.096  -41.489  -22.247 0.0000000000
36682  -40.793  -40.875  -22.660 0.0000000000
36692  -40.597  -41.979  -23.022 0.0000000000
36693  -41.306  -41.275  -23.394 0.0000000000
36694  -42.029  -40.721  -23.862 0.0000000000
36706  -41.868  -41.939  -24.001 0.0000000000
36707  -42.453  -41.365  -24.313 0.0000000000
36708  -43.428  -41.571  -24.924 0.0000000000
36719  -44.095  -41.657  -25.434 0.0000000000
36720  -44.995  -41.682  -26.049 0.0000000000
36721  -45.604  -41.200  -26.243 0.0000000000
36728  -45.357  -42.470  -26.452 0.0000000000
36729  -45.935  -41.749  -26.581 0.0000000000
37790  -41.132  -40.341  -22.732 0.0000000000
37802  -41.502  -40.177  -23.125 0.0000000000
37803  -41.900  -40.198  -23.542 0.0000000000
37810  -42.545  -40.080  -24.046 0.0000000000
37811  -43.545  -40.390  -24.717 0.0000000000
37812  -44.216  -40.012  -24.968 0.0000000000
37822  -43.869  -41.028  -25.144 0.0000000000
37823  -44.496  -40.546  -25.342 0.0000000000
37824  -45.648  -40.463  -25.927 0.0000000000
37831  -45.914  -40.978  -26.312 0.0000000000
39039  -41.787  -39.738  -23.207 0.0000000000
39040  -42.351  -39.262  -23.416 0.0000000000
39041  -42.909  -38.828  -23.617 0.0000000000
39050  -42.672  -39.524  -23.878 0.0000000000
39051  -43.160  -39.269  -24.069 0.0000000000
39052  -44.270  -39.315  -24.685 0.0000000000
39053  -44.870  -38.940  -24.787 0.0000000000
39064  -44.539  -39.819  -25.065 0.0000000000
39065  -45.160  -39.434  -25.183 0.0000000000
40390  -43.261  -38.548  -23.712 0.0000000000
40391  -43.869  -38.352  -24.073 0.0000000000
40392  -44.732  -38.335  -24.505 0.0000000000
40400  -45.217  -38.645  -24.829 0.0000000000
