#!ascii label  , from subject colin27_FS vox2ras=TkReg
1175
27487  -15.756  -49.189  -8.705 0.0000000000
27488  -16.077  -49.361  -8.666 0.0000000000
27489  -16.336  -49.293  -8.683 0.0000000000
27513  -15.773  -49.067  -8.931 0.0000000000
27514  -15.916  -49.226  -8.874 0.0000000000
27515  -16.154  -49.275  -8.878 0.0000000000
28528  -15.601  -48.990  -8.655 0.0000000000
28529  -15.836  -49.258  -8.387 0.0000000000
28530  -16.794  -49.059  -8.234 0.0000000000
28531  -17.539  -48.535  -7.440 0.0000000000
28551  -15.711  -48.979  -8.835 0.0000000000
28552  -16.004  -48.875  -9.086 0.0000000000
28553  -16.399  -49.047  -8.969 0.0000000000
28576  -16.274  -48.624  -9.261 0.0000000000
28577  -16.327  -48.827  -9.157 0.0000000000
29589  -18.719  -47.866  -7.213 0.0000000000
29603  -15.641  -48.741  -8.682 0.0000000000
29604  -15.645  -48.506  -8.231 0.0000000000
29605  -17.473  -48.456  -8.423 0.0000000000
29606  -18.064  -48.083  -7.773 0.0000000000
29607  -19.384  -47.517  -7.486 0.0000000000
29620  -15.690  -48.805  -8.865 0.0000000000
29621  -15.832  -48.366  -8.912 0.0000000000
29622  -17.222  -48.631  -8.979 0.0000000000
29623  -17.897  -47.950  -8.642 0.0000000000
29624  -18.607  -47.475  -8.182 0.0000000000
29638  -16.210  -48.231  -9.341 0.0000000000
29639  -16.656  -48.343  -9.433 0.0000000000
29640  -17.615  -47.755  -9.458 0.0000000000
29641  -18.543  -47.335  -8.980 0.0000000000
29654  -16.520  -47.595  -9.676 0.0000000000
29655  -17.010  -47.428  -10.042 0.0000000000
29656  -17.705  -47.110  -10.020 0.0000000000
30744  -16.863  -46.554  -7.861 0.0000000000
30745  -19.610  -47.091  -7.773 0.0000000000
30758  -16.265  -47.104  -8.586 0.0000000000
30759  -16.777  -46.352  -8.368 0.0000000000
30760  -19.375  -46.976  -8.251 0.0000000000
30761  -20.275  -46.466  -8.458 0.0000000000
30762  -21.297  -46.008  -8.774 0.0000000000
30763  -21.992  -45.638  -8.692 0.0000000000
30777  -16.273  -47.185  -9.413 0.0000000000
30778  -18.275  -47.051  -9.643 0.0000000000
30779  -19.244  -46.484  -9.427 0.0000000000
30780  -20.397  -46.041  -9.222 0.0000000000
30781  -20.931  -45.820  -9.330 0.0000000000
30796  -16.562  -46.499  -10.101 0.0000000000
30797  -17.330  -46.527  -10.372 0.0000000000
30798  -18.338  -46.481  -10.135 0.0000000000
30799  -18.876  -46.260  -9.963 0.0000000000
31943  -17.230  -45.831  -8.151 0.0000000000
31959  -16.382  -46.382  -9.258 0.0000000000
31960  -16.714  -45.903  -8.821 0.0000000000
31961  -21.923  -45.599  -9.310 0.0000000000
31962  -22.408  -45.279  -9.194 0.0000000000
31975  -15.803  -44.937  -10.241 0.0000000000
31976  -16.222  -45.715  -9.811 0.0000000000
31977  -16.456  -45.745  -9.345 0.0000000000
31978  -19.935  -45.861  -9.738 0.0000000000
31979  -20.607  -45.726  -9.640 0.0000000000
31980  -21.312  -45.570  -9.691 0.0000000000
31981  -22.272  -45.268  -10.069 0.0000000000
31993  -15.530  -44.716  -10.535 0.0000000000
31994  -16.090  -45.221  -10.476 0.0000000000
31995  -16.750  -45.538  -10.719 0.0000000000
31996  -17.813  -45.745  -10.641 0.0000000000
31997  -19.031  -45.748  -10.203 0.0000000000
31998  -20.363  -45.352  -10.161 0.0000000000
31999  -21.471  -45.061  -10.409 0.0000000000
32000  -22.142  -44.904  -10.638 0.0000000000
32012  -15.526  -44.683  -10.828 0.0000000000
32013  -15.959  -44.865  -11.060 0.0000000000
32014  -16.493  -44.803  -11.145 0.0000000000
33073  -17.538  -45.165  -7.725 0.0000000000
33091  -17.327  -44.958  -8.502 0.0000000000
33092  -22.533  -44.744  -8.870 0.0000000000
33105  -15.366  -44.514  -10.284 0.0000000000
33106  -15.813  -44.630  -9.857 0.0000000000
33107  -16.604  -44.834  -9.290 0.0000000000
33108  -22.935  -44.681  -9.791 0.0000000000
33109  -23.200  -44.164  -10.515 0.0000000000
33120  -14.693  -44.044  -10.763 0.0000000000
33121  -14.966  -44.274  -10.658 0.0000000000
33122  -17.221  -44.930  -11.003 0.0000000000
33123  -18.224  -44.875  -10.712 0.0000000000
33124  -19.405  -44.694  -10.478 0.0000000000
33125  -20.628  -44.491  -10.578 0.0000000000
33126  -21.768  -44.348  -10.892 0.0000000000
33127  -22.747  -44.562  -10.827 0.0000000000
33128  -23.286  -44.000  -11.065 0.0000000000
33141  -14.719  -44.045  -10.995 0.0000000000
33142  -15.246  -44.235  -11.213 0.0000000000
33143  -15.976  -44.297  -11.477 0.0000000000
33144  -16.699  -44.284  -11.353 0.0000000000
33145  -22.380  -43.941  -11.239 0.0000000000
33146  -22.886  -43.840  -11.337 0.0000000000
33147  -23.170  -43.569  -11.331 0.0000000000
34224  -17.666  -44.203  -7.583 0.0000000000
34248  -16.679  -43.445  -9.122 0.0000000000
34249  -17.126  -43.742  -8.827 0.0000000000
34250  -22.590  -43.943  -8.987 0.0000000000
34271  -13.787  -43.081  -10.226 0.0000000000
34272  -14.101  -43.309  -10.166 0.0000000000
34273  -14.996  -43.850  -10.022 0.0000000000
34274  -16.248  -43.728  -9.386 0.0000000000
34275  -16.703  -44.100  -9.229 0.0000000000
34276  -23.060  -43.671  -9.935 0.0000000000
34277  -23.330  -43.511  -10.699 0.0000000000
34297  -13.838  -43.166  -10.462 0.0000000000
34298  -14.441  -43.784  -10.650 0.0000000000
34299  -14.744  -44.020  -10.451 0.0000000000
34300  -17.463  -44.120  -11.102 0.0000000000
34301  -18.469  -43.868  -10.689 0.0000000000
34302  -19.729  -43.691  -10.570 0.0000000000
34303  -20.897  -43.551  -10.772 0.0000000000
34304  -21.789  -43.392  -11.155 0.0000000000
34305  -23.344  -43.379  -11.170 0.0000000000
34317  -13.950  -43.275  -10.937 0.0000000000
34318  -14.563  -43.548  -11.266 0.0000000000
34319  -15.404  -43.489  -11.655 0.0000000000
34320  -16.276  -43.676  -11.588 0.0000000000
34321  -16.863  -43.684  -11.373 0.0000000000
34322  -22.462  -43.158  -11.389 0.0000000000
34323  -22.955  -43.253  -11.458 0.0000000000
34324  -23.177  -43.223  -11.362 0.0000000000
35366  -17.670  -42.973  -7.752 0.0000000000
35377  -15.973  -42.384  -9.095 0.0000000000
35378  -16.522  -42.887  -9.044 0.0000000000
35379  -17.263  -42.714  -8.495 0.0000000000
35380  -22.696  -42.731  -9.078 0.0000000000
35389  -12.968  -42.199  -9.956 0.0000000000
35390  -13.557  -42.694  -10.050 0.0000000000
35391  -14.410  -42.922  -9.719 0.0000000000
35392  -15.533  -42.905  -9.358 0.0000000000
35393  -16.107  -43.175  -9.271 0.0000000000
35394  -23.042  -42.668  -10.351 0.0000000000
35395  -23.358  -42.950  -10.939 0.0000000000
35408  -13.073  -42.220  -10.255 0.0000000000
35409  -13.537  -42.620  -10.693 0.0000000000
35410  -16.594  -42.437  -11.222 0.0000000000
35411  -17.305  -42.950  -11.050 0.0000000000
35412  -18.850  -42.767  -10.528 0.0000000000
35413  -20.139  -42.645  -10.627 0.0000000000
35414  -21.197  -42.581  -10.909 0.0000000000
35415  -21.912  -42.551  -11.264 0.0000000000
35416  -23.200  -42.331  -11.048 0.0000000000
35417  -23.225  -42.884  -11.243 0.0000000000
35425  -13.973  -42.819  -11.276 0.0000000000
35426  -14.627  -42.835  -11.623 0.0000000000
35427  -15.296  -42.643  -11.712 0.0000000000
35428  -16.162  -42.834  -11.515 0.0000000000
35429  -16.624  -43.304  -11.419 0.0000000000
35430  -22.308  -42.376  -11.344 0.0000000000
35431  -22.807  -42.530  -11.346 0.0000000000
35432  -23.066  -42.950  -11.438 0.0000000000
36439  -17.763  -42.008  -6.722 0.0000000000
36451  -17.521  -41.970  -7.984 0.0000000000
36466  -12.011  -41.120  -9.407 0.0000000000
36467  -12.636  -41.443  -9.251 0.0000000000
36468  -13.438  -41.573  -9.118 0.0000000000
36469  -14.376  -41.649  -9.080 0.0000000000
36470  -15.426  -41.877  -9.032 0.0000000000
36471  -16.352  -41.925  -8.825 0.0000000000
36472  -17.012  -42.129  -8.617 0.0000000000
36473  -22.767  -41.399  -8.461 0.0000000000
36484  -11.951  -41.172  -9.767 0.0000000000
36485  -12.479  -41.634  -9.933 0.0000000000
36486  -13.097  -42.004  -9.621 0.0000000000
36487  -13.888  -42.208  -9.502 0.0000000000
36488  -14.698  -42.325  -9.346 0.0000000000
36489  -22.726  -41.667  -9.696 0.0000000000
36498  -13.077  -41.820  -10.615 0.0000000000
36499  -13.615  -42.160  -11.094 0.0000000000
36500  -15.990  -41.161  -10.921 0.0000000000
36501  -16.745  -41.713  -10.878 0.0000000000
36502  -18.144  -41.725  -10.510 0.0000000000
36503  -19.482  -41.639  -10.555 0.0000000000
36504  -20.648  -41.623  -10.832 0.0000000000
36505  -21.589  -41.724  -11.153 0.0000000000
36506  -22.025  -42.049  -11.296 0.0000000000
36507  -22.900  -41.667  -10.619 0.0000000000
36511  -14.148  -42.175  -11.385 0.0000000000
36512  -14.756  -42.121  -11.628 0.0000000000
36513  -15.654  -41.896  -11.405 0.0000000000
36514  -16.266  -42.221  -11.310 0.0000000000
36515  -21.734  -41.144  -11.316 0.0000000000
36516  -22.197  -41.599  -11.291 0.0000000000
36517  -22.735  -41.636  -11.117 0.0000000000
37556  -17.607  -40.561  -6.277 0.0000000000
37561  -11.544  -40.123  -8.225 0.0000000000
37562  -12.408  -40.319  -8.339 0.0000000000
37563  -13.558  -40.221  -8.246 0.0000000000
37564  -14.636  -40.196  -8.228 0.0000000000
37565  -15.686  -40.251  -8.199 0.0000000000
37566  -16.695  -40.437  -8.026 0.0000000000
37567  -17.424  -40.983  -7.481 0.0000000000
37579  -10.706  -40.263  -9.108 0.0000000000
37580  -11.520  -40.626  -8.847 0.0000000000
37581  -12.242  -40.973  -8.873 0.0000000000
37582  -12.994  -40.943  -8.737 0.0000000000
37583  -13.973  -40.906  -8.724 0.0000000000
37584  -15.018  -40.956  -8.702 0.0000000000
37585  -16.047  -41.087  -8.586 0.0000000000
37586  -16.967  -41.337  -8.384 0.0000000000
37587  -22.766  -40.208  -8.497 0.0000000000
37597  -10.858  -40.105  -9.521 0.0000000000
37598  -11.560  -40.608  -9.747 0.0000000000
37599  -11.980  -41.162  -10.020 0.0000000000
37600  -22.094  -40.104  -9.918 0.0000000000
37601  -22.508  -40.675  -9.307 0.0000000000
37611  -11.830  -40.417  -10.219 0.0000000000
37612  -12.411  -40.875  -10.391 0.0000000000
37613  -13.762  -41.196  -11.088 0.0000000000
37614  -14.838  -40.651  -10.936 0.0000000000
37615  -15.707  -40.480  -10.699 0.0000000000
37616  -16.608  -40.530  -10.552 0.0000000000
37617  -17.698  -40.612  -10.380 0.0000000000
37618  -18.958  -40.571  -10.427 0.0000000000
37619  -20.161  -40.561  -10.731 0.0000000000
37620  -21.199  -40.728  -11.184 0.0000000000
37621  -22.271  -40.366  -10.748 0.0000000000
37622  -22.577  -40.878  -10.236 0.0000000000
37631  -14.331  -41.766  -11.388 0.0000000000
37632  -14.751  -41.453  -11.346 0.0000000000
37633  -15.360  -41.137  -11.080 0.0000000000
37634  -21.865  -40.712  -11.328 0.0000000000
37635  -22.337  -40.866  -11.170 0.0000000000
37636  -22.687  -41.003  -10.877 0.0000000000
38798  -17.632  -39.443  -4.556 0.0000000000
38805  -17.393  -39.532  -5.639 0.0000000000
38813  -16.627  -39.200  -6.818 0.0000000000
38814  -17.215  -39.592  -6.438 0.0000000000
38822  -8.241  -39.298  -8.414 0.0000000000
38823  -9.187  -39.517  -8.148 0.0000000000
38824  -10.178  -39.600  -7.984 0.0000000000
38825  -11.136  -39.611  -7.875 0.0000000000
38826  -12.109  -39.556  -7.858 0.0000000000
38827  -13.183  -39.470  -7.785 0.0000000000
38828  -14.306  -39.429  -7.718 0.0000000000
38829  -15.341  -39.518  -7.703 0.0000000000
38830  -16.289  -39.656  -7.582 0.0000000000
38831  -17.132  -39.965  -7.182 0.0000000000
38840  -8.257  -39.310  -9.071 0.0000000000
38841  -9.052  -39.592  -8.841 0.0000000000
38842  -9.960  -39.809  -8.654 0.0000000000
38843  -10.779  -40.102  -8.430 0.0000000000
38844  -21.991  -39.132  -8.837 0.0000000000
38845  -22.616  -39.257  -8.498 0.0000000000
38846  -23.528  -39.447  -8.011 0.0000000000
38855  -8.424  -39.054  -9.343 0.0000000000
38856  -8.989  -39.243  -9.260 0.0000000000
38857  -10.086  -39.626  -9.317 0.0000000000
38858  -11.253  -39.712  -9.856 0.0000000000
38859  -11.787  -39.369  -10.081 0.0000000000
38860  -21.658  -39.321  -9.500 0.0000000000
38861  -22.204  -39.807  -9.050 0.0000000000
38868  -11.583  -40.194  -10.132 0.0000000000
38869  -12.074  -39.843  -10.362 0.0000000000
38870  -13.196  -39.994  -10.580 0.0000000000
38871  -14.292  -39.935  -10.635 0.0000000000
38872  -15.309  -39.711  -10.540 0.0000000000
38873  -16.301  -39.593  -10.442 0.0000000000
38874  -17.347  -39.564  -10.331 0.0000000000
38875  -18.495  -39.522  -10.342 0.0000000000
38876  -19.671  -39.468  -10.592 0.0000000000
38877  -20.776  -39.574  -11.002 0.0000000000
38878  -21.493  -39.630  -10.548 0.0000000000
38885  -21.509  -40.078  -11.195 0.0000000000
38886  -22.010  -40.182  -11.196 0.0000000000
40083  -4.649  -37.381  -0.856 0.0000000000
40097  -4.672  -37.360  -1.128 0.0000000000
40098  -5.011  -38.080  -1.122 0.0000000000
40099  -5.853  -38.529  -1.461 0.0000000000
40100  -6.906  -38.692  -1.549 0.0000000000
40114  -18.053  -38.186  -2.489 0.0000000000
40115  -18.295  -38.536  -2.148 0.0000000000
40124  -17.884  -38.387  -2.954 0.0000000000
40125  -18.128  -39.075  -2.717 0.0000000000
40134  -17.533  -38.412  -4.095 0.0000000000
40143  -16.593  -37.845  -5.785 0.0000000000
40144  -17.076  -38.260  -5.391 0.0000000000
40152  -14.386  -37.933  -7.027 0.0000000000
40153  -14.942  -37.898  -6.938 0.0000000000
40154  -16.200  -38.097  -6.414 0.0000000000
40155  -16.969  -38.899  -6.172 0.0000000000
40164  -6.388  -38.230  -8.129 0.0000000000
40165  -6.641  -38.314  -8.095 0.0000000000
40166  -7.392  -38.714  -8.015 0.0000000000
40167  -8.510  -38.855  -7.722 0.0000000000
40168  -9.619  -38.927  -7.564 0.0000000000
40169  -10.685  -38.937  -7.552 0.0000000000
40170  -11.725  -38.863  -7.558 0.0000000000
40171  -12.795  -38.730  -7.510 0.0000000000
40172  -14.021  -38.407  -7.260 0.0000000000
40173  -15.154  -38.666  -7.302 0.0000000000
40174  -15.959  -38.980  -7.215 0.0000000000
40182  -6.428  -38.175  -8.308 0.0000000000
40183  -6.869  -38.463  -8.482 0.0000000000
40184  -7.539  -38.903  -8.750 0.0000000000
40185  -21.589  -38.665  -8.973 0.0000000000
40186  -22.251  -38.463  -8.537 0.0000000000
40187  -23.151  -38.422  -8.278 0.0000000000
40188  -24.136  -38.337  -8.175 0.0000000000
40198  -6.546  -38.100  -8.710 0.0000000000
40199  -7.042  -38.346  -9.056 0.0000000000
40200  -7.915  -38.623  -9.299 0.0000000000
40201  -8.757  -38.635  -9.426 0.0000000000
40202  -9.662  -38.768  -9.444 0.0000000000
40203  -10.716  -38.783  -9.555 0.0000000000
40204  -11.774  -38.712  -9.777 0.0000000000
40205  -12.640  -38.485  -9.869 0.0000000000
40206  -20.438  -38.177  -10.047 0.0000000000
40207  -20.891  -38.506  -9.719 0.0000000000
40217  -12.228  -39.090  -10.115 0.0000000000
40218  -13.035  -38.975  -10.237 0.0000000000
40219  -13.913  -39.081  -10.387 0.0000000000
40220  -14.890  -38.879  -10.389 0.0000000000
40221  -15.926  -38.689  -10.395 0.0000000000
40222  -16.971  -38.624  -10.357 0.0000000000
40223  -18.041  -38.575  -10.330 0.0000000000
40224  -19.120  -38.513  -10.470 0.0000000000
40225  -20.258  -38.340  -10.578 0.0000000000
40226  -20.900  -38.938  -10.583 0.0000000000
41368  -4.587  -36.832  -0.751 0.0000000000
41369  -4.859  -37.155  -0.415 0.0000000000
41384  -4.511  -36.947  -1.037 0.0000000000
41385  -4.755  -37.145  -1.270 0.0000000000
41386  -5.350  -37.455  -1.461 0.0000000000
41387  -6.285  -37.662  -1.585 0.0000000000
41388  -7.473  -37.691  -1.564 0.0000000000
41389  -8.769  -37.723  -1.476 0.0000000000
41393  -12.827  -36.869  -1.209 0.0000000000
41401  -17.916  -37.669  -2.296 0.0000000000
41402  -18.230  -38.037  -1.991 0.0000000000
41410  -17.089  -36.939  -3.783 0.0000000000
41411  -17.354  -37.358  -3.541 0.0000000000
41419  -16.889  -36.961  -4.294 0.0000000000
41420  -17.091  -37.619  -4.699 0.0000000000
41431  -15.859  -36.869  -5.760 0.0000000000
41432  -16.398  -37.216  -5.478 0.0000000000
41433  -16.894  -37.683  -5.212 0.0000000000
41443  -9.435  -37.412  -7.099 0.0000000000
41444  -9.901  -37.419  -7.052 0.0000000000
41445  -10.888  -37.399  -7.003 0.0000000000
41446  -11.939  -37.309  -7.067 0.0000000000
41447  -13.019  -37.324  -6.936 0.0000000000
41448  -14.184  -37.499  -6.832 0.0000000000
41449  -15.521  -37.111  -6.187 0.0000000000
41450  -16.057  -37.465  -6.047 0.0000000000
41461  -6.378  -37.980  -8.010 0.0000000000
41462  -6.959  -37.919  -7.746 0.0000000000
41463  -7.927  -37.973  -7.527 0.0000000000
41464  -9.135  -37.846  -7.269 0.0000000000
41465  -10.254  -38.129  -7.304 0.0000000000
41466  -11.310  -38.130  -7.300 0.0000000000
41467  -12.368  -38.054  -7.301 0.0000000000
41468  -13.384  -37.992  -7.192 0.0000000000
41469  -13.868  -37.969  -7.104 0.0000000000
41480  -6.397  -37.529  -8.437 0.0000000000
41481  -9.144  -37.224  -9.200 0.0000000000
41482  -9.903  -37.178  -9.011 0.0000000000
41483  -10.849  -37.111  -8.986 0.0000000000
41484  -11.386  -37.061  -8.998 0.0000000000
41485  -21.600  -37.736  -8.658 0.0000000000
41486  -22.750  -37.511  -8.345 0.0000000000
41487  -23.773  -37.475  -8.389 0.0000000000
41488  -24.847  -37.372  -8.610 0.0000000000
41500  -6.724  -37.556  -9.060 0.0000000000
41501  -7.494  -37.662  -9.289 0.0000000000
41502  -8.449  -37.716  -9.358 0.0000000000
41503  -9.356  -37.941  -9.376 0.0000000000
41504  -10.310  -37.938  -9.310 0.0000000000
41505  -11.424  -37.659  -9.310 0.0000000000
41506  -12.513  -37.696  -9.504 0.0000000000
41507  -13.649  -37.785  -9.864 0.0000000000
41508  -14.852  -37.263  -10.166 0.0000000000
41509  -15.420  -37.080  -10.313 0.0000000000
41510  -19.648  -37.283  -9.947 0.0000000000
41511  -20.296  -37.672  -9.766 0.0000000000
41512  -20.848  -37.549  -9.114 0.0000000000
41513  -25.349  -36.858  -9.047 0.0000000000
41524  -13.751  -38.509  -10.180 0.0000000000
41525  -14.425  -38.186  -10.240 0.0000000000
41526  -15.509  -37.701  -10.338 0.0000000000
41527  -16.580  -37.744  -10.380 0.0000000000
41528  -17.605  -37.724  -10.383 0.0000000000
41529  -18.595  -37.714  -10.442 0.0000000000
41530  -19.466  -37.717  -10.434 0.0000000000
41531  -19.954  -37.699  -10.267 0.0000000000
42619  -4.515  -36.390  -0.962 0.0000000000
42620  -4.878  -36.314  -0.542 0.0000000000
42636  -4.616  -36.531  -1.221 0.0000000000
42637  -4.971  -36.517  -1.533 0.0000000000
42638  -5.725  -36.750  -1.744 0.0000000000
42639  -6.735  -36.794  -1.825 0.0000000000
42640  -8.072  -36.584  -1.858 0.0000000000
42641  -9.452  -36.853  -1.578 0.0000000000
42642  -10.630  -36.911  -1.461 0.0000000000
42643  -11.697  -36.799  -1.483 0.0000000000
42644  -12.597  -36.528  -1.563 0.0000000000
42645  -13.527  -36.350  -1.341 0.0000000000
42646  -14.695  -35.972  -1.084 0.0000000000
42647  -15.686  -35.830  -1.139 0.0000000000
42648  -16.657  -36.054  -1.513 0.0000000000
42649  -17.445  -36.680  -1.853 0.0000000000
42656  -5.387  -36.020  -1.953 0.0000000000
42657  -6.041  -36.119  -2.287 0.0000000000
42658  -7.020  -36.113  -2.323 0.0000000000
42659  -7.697  -35.971  -2.327 0.0000000000
42660  -12.978  -36.115  -1.860 0.0000000000
42661  -13.291  -35.910  -2.004 0.0000000000
42662  -16.909  -36.346  -2.425 0.0000000000
42663  -17.355  -36.883  -2.831 0.0000000000
42670  -16.875  -36.587  -3.461 0.0000000000
42671  -17.243  -36.911  -3.300 0.0000000000
42678  -15.738  -36.019  -4.972 0.0000000000
42679  -16.159  -36.269  -4.618 0.0000000000
42689  -15.070  -36.122  -5.765 0.0000000000
42690  -15.565  -36.331  -5.508 0.0000000000
42691  -16.098  -36.558  -5.243 0.0000000000
42702  -7.706  -36.467  -7.110 0.0000000000
42703  -8.195  -36.590  -7.032 0.0000000000
42704  -9.250  -36.973  -6.937 0.0000000000
42705  -10.403  -36.752  -6.690 0.0000000000
42706  -11.462  -36.638  -6.642 0.0000000000
42707  -12.534  -36.576  -6.599 0.0000000000
42708  -13.634  -36.568  -6.478 0.0000000000
42709  -14.785  -36.385  -6.104 0.0000000000
42710  -15.321  -36.581  -5.977 0.0000000000
42720  -6.604  -37.213  -7.832 0.0000000000
42721  -7.457  -36.863  -7.392 0.0000000000
42722  -8.470  -37.282  -7.213 0.0000000000
42723  -8.956  -37.370  -7.146 0.0000000000
42735  -6.406  -36.619  -8.216 0.0000000000
42736  -8.688  -36.849  -9.253 0.0000000000
42737  -9.363  -36.319  -9.032 0.0000000000
42738  -10.454  -36.284  -8.781 0.0000000000
42739  -11.557  -36.383  -8.833 0.0000000000
42740  -12.583  -36.003  -8.996 0.0000000000
42741  -13.141  -35.816  -9.128 0.0000000000
42742  -20.502  -36.369  -8.896 0.0000000000
42743  -21.237  -36.661  -8.739 0.0000000000
42744  -22.294  -36.617  -8.465 0.0000000000
42745  -23.528  -36.391  -8.595 0.0000000000
42746  -24.257  -36.825  -8.643 0.0000000000
42760  -6.534  -36.727  -8.878 0.0000000000
42761  -7.175  -36.683  -9.308 0.0000000000
42762  -8.005  -36.779  -9.370 0.0000000000
42763  -11.662  -37.021  -9.012 0.0000000000
42764  -12.204  -36.899  -9.098 0.0000000000
42765  -13.316  -36.504  -9.351 0.0000000000
42766  -14.485  -36.538  -9.796 0.0000000000
42767  -15.609  -36.475  -10.191 0.0000000000
42768  -16.752  -36.229  -10.201 0.0000000000
42769  -17.743  -36.325  -10.025 0.0000000000
42770  -18.614  -36.485  -9.865 0.0000000000
42771  -19.326  -36.655  -9.674 0.0000000000
42772  -19.934  -36.761  -9.297 0.0000000000
42773  -20.531  -37.026  -9.088 0.0000000000
42774  -24.009  -35.721  -9.001 0.0000000000
42775  -24.841  -36.104  -9.218 0.0000000000
42776  -25.763  -36.626  -9.510 0.0000000000
42789  -15.697  -37.021  -10.358 0.0000000000
42790  -16.229  -36.977  -10.397 0.0000000000
42791  -17.192  -36.941  -10.429 0.0000000000
42792  -18.160  -36.959  -10.411 0.0000000000
42793  -19.037  -37.025  -10.314 0.0000000000
42794  -25.255  -35.519  -9.957 0.0000000000
42795  -25.825  -35.838  -10.312 0.0000000000
42808  -26.131  -35.699  -11.050 0.0000000000
42832  -26.201  -35.896  -14.902 0.0000000000
42844  -26.048  -36.249  -15.766 0.0000000000
42852  -25.332  -36.244  -17.097 0.0000000000
42853  -25.813  -36.665  -16.544 0.0000000000
42861  -24.035  -36.728  -18.270 0.0000000000
42862  -24.802  -36.861  -17.683 0.0000000000
43823  -4.620  -36.062  -1.226 0.0000000000
43824  -4.715  -35.779  -1.057 0.0000000000
43825  -5.290  -35.488  -0.801 0.0000000000
43837  -4.719  -36.159  -1.385 0.0000000000
43838  -4.936  -35.590  -1.703 0.0000000000
43839  -4.991  -35.235  -1.307 0.0000000000
43840  -9.102  -36.129  -1.990 0.0000000000
43841  -10.063  -36.066  -1.810 0.0000000000
43842  -11.129  -35.984  -1.727 0.0000000000
43843  -12.099  -36.001  -1.833 0.0000000000
43844  -12.631  -36.025  -1.862 0.0000000000
43845  -14.447  -35.762  -1.841 0.0000000000
43846  -15.265  -35.708  -1.880 0.0000000000
43847  -16.069  -35.826  -2.004 0.0000000000
43848  -16.518  -36.052  -2.157 0.0000000000
43857  -5.529  -35.323  -2.792 0.0000000000
43858  -6.396  -35.634  -2.901 0.0000000000
43859  -7.352  -35.662  -2.809 0.0000000000
43860  -8.366  -35.712  -2.517 0.0000000000
43861  -9.517  -35.584  -2.496 0.0000000000
43862  -10.569  -35.452  -2.432 0.0000000000
43863  -11.642  -35.417  -2.463 0.0000000000
43864  -12.771  -35.591  -2.386 0.0000000000
43865  -13.844  -35.564  -2.413 0.0000000000
43866  -14.888  -35.497  -2.623 0.0000000000
43867  -15.728  -35.660  -2.701 0.0000000000
43868  -16.419  -35.992  -2.713 0.0000000000
43876  -5.509  -34.988  -3.750 0.0000000000
43877  -5.941  -35.303  -3.646 0.0000000000
43878  -6.842  -35.349  -3.477 0.0000000000
43879  -7.862  -35.289  -3.325 0.0000000000
43880  -8.929  -35.224  -3.226 0.0000000000
43881  -9.988  -35.108  -3.192 0.0000000000
43882  -11.023  -35.037  -3.251 0.0000000000
43883  -12.160  -35.054  -3.514 0.0000000000
43884  -13.416  -35.203  -3.458 0.0000000000
43885  -14.532  -35.319  -3.528 0.0000000000
43886  -15.428  -35.555  -3.525 0.0000000000
43887  -16.134  -35.880  -3.533 0.0000000000
43895  -5.475  -34.883  -4.040 0.0000000000
43896  -5.653  -35.053  -4.081 0.0000000000
43897  -11.348  -35.141  -4.844 0.0000000000
43898  -11.862  -35.104  -4.625 0.0000000000
43899  -12.959  -35.164  -4.498 0.0000000000
43900  -14.125  -35.325  -4.536 0.0000000000
43901  -15.318  -35.684  -4.660 0.0000000000
43902  -15.803  -35.776  -4.103 0.0000000000
43911  -6.902  -35.091  -5.790 0.0000000000
43912  -7.471  -35.249  -5.991 0.0000000000
43913  -8.429  -35.408  -6.083 0.0000000000
43914  -9.489  -35.483  -6.004 0.0000000000
43915  -10.427  -35.537  -5.823 0.0000000000
43916  -11.332  -35.421  -5.399 0.0000000000
43917  -12.482  -35.466  -5.368 0.0000000000
43918  -13.600  -35.518  -5.379 0.0000000000
43919  -14.749  -35.813  -5.519 0.0000000000
43920  -15.257  -35.870  -5.275 0.0000000000
43931  -6.915  -35.274  -6.380 0.0000000000
43932  -7.605  -36.007  -6.826 0.0000000000
43933  -8.823  -36.006  -6.653 0.0000000000
43934  -9.909  -36.082  -6.431 0.0000000000
43935  -10.941  -36.004  -6.234 0.0000000000
43936  -11.986  -35.946  -6.100 0.0000000000
43937  -13.075  -35.886  -6.095 0.0000000000
43938  -14.103  -35.917  -6.023 0.0000000000
43939  -14.581  -35.987  -5.933 0.0000000000
43949  -6.738  -36.063  -7.360 0.0000000000
43950  -7.204  -36.323  -7.192 0.0000000000
43960  -6.471  -35.871  -8.170 0.0000000000
43961  -6.607  -35.619  -8.621 0.0000000000
43962  -8.564  -36.143  -9.335 0.0000000000
43963  -8.955  -35.236  -9.365 0.0000000000
43964  -9.989  -35.298  -8.871 0.0000000000
43965  -11.056  -35.330  -8.673 0.0000000000
43966  -12.089  -35.260  -8.741 0.0000000000
43967  -13.083  -35.215  -8.838 0.0000000000
43968  -13.982  -35.141  -8.802 0.0000000000
43969  -14.894  -35.165  -8.812 0.0000000000
43970  -15.909  -35.150  -8.803 0.0000000000
43971  -16.955  -35.162  -8.812 0.0000000000
43972  -17.947  -35.241  -8.864 0.0000000000
43973  -18.880  -35.404  -8.860 0.0000000000
43974  -19.864  -35.753  -8.867 0.0000000000
43975  -20.953  -35.645  -8.708 0.0000000000
43976  -21.948  -35.691  -8.649 0.0000000000
43977  -22.755  -35.816  -8.609 0.0000000000
43988  -6.467  -36.121  -8.647 0.0000000000
43989  -6.869  -35.739  -9.151 0.0000000000
43990  -7.893  -35.552  -9.525 0.0000000000
43991  -8.429  -34.832  -9.616 0.0000000000
43992  -13.553  -35.639  -9.163 0.0000000000
43993  -14.233  -35.696  -9.373 0.0000000000
43994  -15.233  -35.674  -9.558 0.0000000000
43995  -16.309  -35.674  -9.579 0.0000000000
43996  -17.342  -35.733  -9.496 0.0000000000
43997  -18.277  -35.890  -9.384 0.0000000000
43998  -19.073  -36.129  -9.257 0.0000000000
43999  -19.535  -36.360  -9.216 0.0000000000
44000  -22.566  -35.230  -8.757 0.0000000000
44001  -23.372  -35.247  -8.934 0.0000000000
44002  -24.229  -35.169  -9.404 0.0000000000
44012  -24.861  -35.102  -9.889 0.0000000000
44013  -25.311  -35.104  -10.524 0.0000000000
44025  -25.753  -35.191  -11.383 0.0000000000
44026  -26.193  -35.682  -11.398 0.0000000000
44037  -25.807  -35.133  -12.548 0.0000000000
44038  -26.291  -35.641  -11.974 0.0000000000
44051  -25.742  -35.161  -13.510 0.0000000000
44052  -26.307  -35.671  -12.967 0.0000000000
44063  -25.189  -34.839  -15.203 0.0000000000
44064  -25.570  -35.146  -14.497 0.0000000000
44065  -26.262  -35.724  -13.950 0.0000000000
44076  -25.160  -35.091  -15.963 0.0000000000
44077  -25.619  -35.489  -15.438 0.0000000000
44086  -25.153  -35.389  -16.818 0.0000000000
44087  -25.556  -35.826  -16.282 0.0000000000
44096  -23.903  -35.663  -18.333 0.0000000000
44097  -24.681  -35.759  -17.627 0.0000000000
44114  -23.382  -35.350  -18.467 0.0000000000
44976  -5.847  -35.161  -0.984 0.0000000000
44990  -5.029  -34.911  -1.711 0.0000000000
44991  -5.679  -34.798  -1.482 0.0000000000
44992  -6.921  -34.474  -1.580 0.0000000000
44993  -7.886  -34.152  -1.693 0.0000000000
45004  -5.394  -34.586  -2.497 0.0000000000
45005  -6.258  -34.122  -2.270 0.0000000000
45006  -7.275  -33.950  -2.206 0.0000000000
45007  -7.899  -33.880  -2.162 0.0000000000
45017  -5.376  -34.620  -3.497 0.0000000000
45018  -5.917  -35.184  -4.107 0.0000000000
45019  -6.401  -35.146  -4.085 0.0000000000
45020  -7.303  -35.013  -4.018 0.0000000000
45021  -8.343  -34.926  -3.953 0.0000000000
45022  -9.389  -34.892  -3.933 0.0000000000
45023  -10.398  -34.858  -3.979 0.0000000000
45024  -11.286  -34.909  -4.117 0.0000000000
45033  -5.578  -34.733  -4.212 0.0000000000
45034  -5.988  -35.019  -4.517 0.0000000000
45035  -6.781  -34.924  -4.675 0.0000000000
45036  -7.736  -34.851  -4.682 0.0000000000
45037  -8.767  -34.873  -4.672 0.0000000000
45038  -9.783  -34.938  -4.682 0.0000000000
45039  -10.799  -35.063  -4.787 0.0000000000
45040  -11.338  -35.046  -4.581 0.0000000000
45050  -5.891  -34.711  -4.787 0.0000000000
45051  -6.416  -34.836  -5.426 0.0000000000
45052  -7.184  -34.930  -5.349 0.0000000000
45053  -8.115  -34.955  -5.397 0.0000000000
45054  -9.130  -35.083  -5.382 0.0000000000
45055  -10.072  -35.209  -5.341 0.0000000000
45056  -10.677  -35.300  -5.337 0.0000000000
45066  -6.537  -34.785  -6.685 0.0000000000
45067  -6.696  -34.296  -7.095 0.0000000000
45076  -6.649  -35.283  -7.823 0.0000000000
45077  -6.818  -34.499  -7.705 0.0000000000
45078  -13.289  -34.019  -7.682 0.0000000000
45079  -14.079  -34.142  -7.536 0.0000000000
45080  -14.983  -34.134  -7.545 0.0000000000
45081  -15.793  -33.958  -7.696 0.0000000000
45082  -16.269  -33.738  -7.795 0.0000000000
45093  -6.603  -35.429  -8.335 0.0000000000
45094  -6.874  -34.898  -8.623 0.0000000000
45095  -9.628  -34.322  -9.148 0.0000000000
45096  -10.592  -34.346  -8.756 0.0000000000
45097  -11.585  -34.395  -8.530 0.0000000000
45098  -12.614  -34.347  -8.276 0.0000000000
45099  -13.591  -34.615  -8.206 0.0000000000
45100  -14.502  -34.706  -8.124 0.0000000000
45101  -15.455  -34.637  -8.119 0.0000000000
45102  -16.537  -34.303  -8.134 0.0000000000
45103  -17.617  -34.429  -8.504 0.0000000000
45104  -18.584  -34.537  -8.641 0.0000000000
45105  -19.507  -34.677  -8.699 0.0000000000
45106  -20.531  -34.531  -8.712 0.0000000000
45107  -21.607  -34.877  -8.746 0.0000000000
45108  -22.171  -35.044  -8.766 0.0000000000
45119  -7.427  -34.728  -9.329 0.0000000000
45120  -8.122  -34.359  -9.675 0.0000000000
45121  -8.841  -34.249  -9.542 0.0000000000
45122  -20.795  -33.793  -8.861 0.0000000000
45123  -21.436  -34.001  -8.903 0.0000000000
45124  -22.515  -34.398  -9.015 0.0000000000
45125  -23.776  -34.203  -9.679 0.0000000000
45126  -24.442  -34.646  -9.850 0.0000000000
45135  -24.035  -33.763  -10.399 0.0000000000
45136  -24.700  -34.269  -10.693 0.0000000000
45137  -25.301  -34.744  -10.996 0.0000000000
45148  -24.863  -34.072  -11.933 0.0000000000
45149  -25.233  -34.542  -11.448 0.0000000000
45162  -24.870  -34.133  -12.884 0.0000000000
45163  -25.346  -34.585  -12.236 0.0000000000
45173  -24.798  -34.274  -13.690 0.0000000000
45174  -25.321  -34.631  -13.145 0.0000000000
45186  -24.321  -34.045  -14.973 0.0000000000
45187  -24.732  -34.363  -14.546 0.0000000000
45188  -25.245  -34.681  -13.893 0.0000000000
45199  -24.159  -33.882  -15.349 0.0000000000
45200  -24.648  -34.411  -15.528 0.0000000000
45208  -24.313  -33.992  -16.209 0.0000000000
45209  -24.768  -34.705  -16.542 0.0000000000
45219  -23.790  -34.153  -18.001 0.0000000000
45220  -24.252  -34.522  -17.582 0.0000000000
45221  -24.787  -35.056  -17.170 0.0000000000
45237  -22.448  -34.503  -18.897 0.0000000000
45238  -23.442  -34.573  -18.412 0.0000000000
45239  -23.839  -35.001  -18.339 0.0000000000
46127  -8.456  -33.759  -2.060 0.0000000000
46138  -5.448  -34.084  -3.449 0.0000000000
46139  -5.932  -33.717  -3.104 0.0000000000
46140  -6.930  -33.605  -2.890 0.0000000000
46141  -7.973  -33.565  -2.665 0.0000000000
46142  -9.048  -33.280  -2.651 0.0000000000
46152  -5.515  -34.203  -4.141 0.0000000000
46153  -5.894  -33.692  -4.011 0.0000000000
46154  -6.830  -33.355  -3.847 0.0000000000
46155  -7.717  -33.217  -3.428 0.0000000000
46156  -8.521  -33.105  -3.237 0.0000000000
46165  -5.785  -34.417  -4.764 0.0000000000
46166  -5.916  -33.886  -4.831 0.0000000000
46167  -6.557  -33.376  -4.736 0.0000000000
46177  -6.005  -34.578  -5.117 0.0000000000
46178  -6.186  -34.320  -5.641 0.0000000000
46179  -6.507  -33.591  -5.600 0.0000000000
46189  -6.349  -34.370  -6.284 0.0000000000
46190  -6.585  -33.972  -6.536 0.0000000000
46191  -13.156  -32.991  -6.955 0.0000000000
46192  -13.469  -32.960  -6.934 0.0000000000
46202  -7.026  -33.910  -7.426 0.0000000000
46203  -11.648  -33.193  -7.715 0.0000000000
46204  -12.589  -33.405  -7.455 0.0000000000
46205  -13.620  -33.356  -7.146 0.0000000000
46206  -14.543  -33.406  -7.228 0.0000000000
46207  -15.340  -33.366  -7.450 0.0000000000
46208  -16.007  -33.274  -7.653 0.0000000000
46218  -7.404  -33.818  -8.429 0.0000000000
46219  -7.873  -33.180  -8.929 0.0000000000
46220  -9.347  -33.560  -9.427 0.0000000000
46221  -10.133  -33.325  -8.975 0.0000000000
46222  -11.087  -33.435  -8.363 0.0000000000
46223  -11.923  -33.749  -8.088 0.0000000000
46224  -16.638  -33.316  -7.908 0.0000000000
46225  -17.372  -33.539  -8.262 0.0000000000
46226  -18.239  -33.694  -8.538 0.0000000000
46227  -19.245  -33.687  -8.700 0.0000000000
46228  -19.860  -34.090  -8.715 0.0000000000
46238  -7.329  -34.262  -9.017 0.0000000000
46239  -7.830  -33.709  -9.317 0.0000000000
46240  -8.680  -33.295  -9.565 0.0000000000
46241  -9.479  -32.690  -9.537 0.0000000000
46242  -19.576  -33.275  -8.831 0.0000000000
46243  -20.113  -33.463  -8.867 0.0000000000
46244  -21.014  -33.278  -9.170 0.0000000000
46245  -21.985  -33.330  -9.434 0.0000000000
46246  -22.915  -33.549  -9.610 0.0000000000
46256  -22.616  -32.921  -9.942 0.0000000000
46257  -23.424  -33.168  -10.439 0.0000000000
46258  -24.095  -33.523  -10.908 0.0000000000
46268  -23.801  -33.001  -11.429 0.0000000000
46269  -24.345  -33.545  -11.660 0.0000000000
46284  -23.905  -33.061  -12.370 0.0000000000
46285  -24.407  -33.598  -12.641 0.0000000000
46299  -23.858  -33.261  -13.337 0.0000000000
46300  -24.373  -33.773  -13.542 0.0000000000
46313  -23.239  -33.091  -14.629 0.0000000000
46314  -23.830  -33.559  -14.496 0.0000000000
46315  -24.412  -33.989  -14.077 0.0000000000
46331  -23.149  -33.117  -15.118 0.0000000000
46332  -23.735  -33.497  -15.619 0.0000000000
46339  -23.338  -32.942  -15.926 0.0000000000
46340  -23.825  -33.386  -16.706 0.0000000000
46349  -23.589  -33.963  -18.180 0.0000000000
46350  -23.697  -33.591  -17.725 0.0000000000
46364  -22.274  -33.457  -19.063 0.0000000000
46365  -23.212  -33.601  -18.443 0.0000000000
46366  -23.520  -33.230  -18.025 0.0000000000
47245  -7.712  -32.867  -4.072 0.0000000000
47246  -8.431  -32.702  -3.831 0.0000000000
47247  -9.344  -32.524  -3.481 0.0000000000
47251  -7.385  -32.821  -4.697 0.0000000000
47252  -8.338  -32.336  -4.607 0.0000000000
47253  -9.013  -32.258  -4.211 0.0000000000
47260  -7.165  -32.906  -5.520 0.0000000000
47261  -7.919  -32.196  -5.441 0.0000000000
47269  -7.143  -33.197  -6.352 0.0000000000
47270  -7.695  -32.347  -6.355 0.0000000000
47271  -11.817  -32.198  -6.976 0.0000000000
47272  -12.640  -32.509  -6.875 0.0000000000
47273  -13.517  -32.482  -6.851 0.0000000000
47274  -13.975  -32.169  -6.899 0.0000000000
47283  -7.213  -33.477  -7.024 0.0000000000
47284  -7.666  -32.812  -7.185 0.0000000000
47285  -10.444  -31.970  -8.277 0.0000000000
47286  -10.918  -32.321  -7.738 0.0000000000
47287  -11.884  -32.783  -7.258 0.0000000000
47288  -13.703  -32.882  -6.933 0.0000000000
47289  -14.128  -32.663  -6.992 0.0000000000
47290  -14.972  -32.556  -7.322 0.0000000000
47291  -15.626  -32.771  -7.568 0.0000000000
47301  -7.478  -33.353  -7.689 0.0000000000
47302  -7.956  -32.720  -8.296 0.0000000000
47303  -10.172  -32.160  -8.887 0.0000000000
47304  -10.579  -32.815  -8.494 0.0000000000
47305  -15.528  -32.212  -7.648 0.0000000000
47306  -16.196  -32.455  -7.898 0.0000000000
47307  -17.113  -32.557  -8.337 0.0000000000
47308  -17.915  -32.901  -8.548 0.0000000000
47309  -18.633  -33.062  -8.701 0.0000000000
47321  -8.363  -32.559  -9.297 0.0000000000
47322  -8.939  -32.132  -9.927 0.0000000000
47323  -9.509  -31.741  -9.765 0.0000000000
47324  -17.673  -32.251  -8.756 0.0000000000
47325  -18.326  -32.389  -8.964 0.0000000000
47326  -19.328  -32.736  -9.054 0.0000000000
47327  -20.370  -32.541  -9.449 0.0000000000
47328  -21.309  -32.637  -9.649 0.0000000000
47329  -22.019  -32.594  -9.918 0.0000000000
47342  -20.872  -32.106  -9.931 0.0000000000
47343  -21.545  -32.080  -10.233 0.0000000000
47344  -22.501  -32.263  -10.689 0.0000000000
47345  -23.260  -32.530  -11.233 0.0000000000
47356  -22.852  -32.045  -11.711 0.0000000000
47357  -23.402  -32.522  -12.069 0.0000000000
47369  -22.954  -32.065  -12.642 0.0000000000
47370  -23.422  -32.643  -13.003 0.0000000000
47386  -22.876  -32.281  -13.556 0.0000000000
47387  -23.337  -32.893  -13.895 0.0000000000
47403  -22.799  -32.643  -14.491 0.0000000000
47404  -23.280  -33.042  -14.385 0.0000000000
47421  -22.635  -32.386  -15.541 0.0000000000
47432  -23.259  -32.404  -16.772 0.0000000000
47433  -23.655  -33.037  -17.206 0.0000000000
47441  -23.236  -32.242  -17.843 0.0000000000
47442  -23.520  -32.879  -17.628 0.0000000000
47453  -21.260  -31.944  -19.506 0.0000000000
47454  -22.147  -32.339  -19.164 0.0000000000
47455  -22.881  -32.665  -18.562 0.0000000000
47456  -23.338  -32.905  -18.139 0.0000000000
48372  -9.945  -32.012  -3.555 0.0000000000
48378  -8.997  -31.910  -4.610 0.0000000000
48379  -9.720  -31.559  -4.299 0.0000000000
48380  -10.373  -31.088  -3.916 0.0000000000
48384  -8.838  -31.458  -5.232 0.0000000000
48385  -9.474  -31.081  -5.030 0.0000000000
48388  -8.204  -31.434  -6.222 0.0000000000
48389  -11.557  -31.490  -6.987 0.0000000000
48390  -12.392  -31.657  -6.769 0.0000000000
48391  -13.226  -31.719  -6.779 0.0000000000
48392  -13.776  -31.876  -6.896 0.0000000000
48395  -8.207  -31.716  -7.434 0.0000000000
48396  -10.340  -31.378  -8.299 0.0000000000
48397  -10.861  -31.237  -7.420 0.0000000000
48398  -13.693  -31.411  -7.093 0.0000000000
48399  -14.323  -31.686  -7.268 0.0000000000
48400  -15.094  -31.825  -7.577 0.0000000000
48403  -8.427  -31.583  -8.779 0.0000000000
48404  -9.387  -30.699  -9.873 0.0000000000
48405  -9.676  -31.126  -9.459 0.0000000000
48406  -14.861  -31.286  -7.834 0.0000000000
48407  -15.596  -31.545  -8.116 0.0000000000
48408  -16.570  -31.698  -8.541 0.0000000000
48409  -17.237  -31.881  -8.755 0.0000000000
48412  -8.678  -31.401  -9.719 0.0000000000
48413  -9.212  -31.140  -10.087 0.0000000000
48414  -9.467  -31.317  -9.888 0.0000000000
48415  -17.002  -31.459  -9.039 0.0000000000
48416  -17.687  -31.620  -9.306 0.0000000000
48417  -18.662  -31.813  -9.493 0.0000000000
48418  -19.576  -31.857  -9.718 0.0000000000
48419  -20.303  -31.836  -9.977 0.0000000000
48423  -18.117  -31.236  -9.919 0.0000000000
48424  -18.856  -31.234  -10.213 0.0000000000
48425  -19.839  -31.300  -10.483 0.0000000000
48426  -20.795  -31.552  -10.536 0.0000000000
48427  -21.675  -31.569  -10.972 0.0000000000
48428  -22.273  -31.678  -11.474 0.0000000000
48436  -20.326  -31.025  -10.986 0.0000000000
48437  -20.981  -31.062  -11.342 0.0000000000
48438  -21.736  -31.224  -11.879 0.0000000000
48439  -22.396  -31.602  -12.257 0.0000000000
48450  -21.911  -31.251  -12.684 0.0000000000
48451  -22.424  -31.662  -13.141 0.0000000000
48466  -21.817  -31.268  -13.510 0.0000000000
48467  -22.316  -31.826  -14.046 0.0000000000
48483  -21.529  -31.337  -14.558 0.0000000000
48484  -22.158  -32.067  -14.799 0.0000000000
48497  -21.467  -31.139  -15.595 0.0000000000
48498  -21.922  -31.749  -15.371 0.0000000000
48511  -21.611  -30.896  -16.077 0.0000000000
48512  -22.250  -31.391  -16.248 0.0000000000
48518  -22.849  -31.405  -17.341 0.0000000000
48526  -21.325  -31.009  -19.468 0.0000000000
48527  -22.006  -31.252  -19.146 0.0000000000
48528  -22.721  -31.536  -18.421 0.0000000000
48539  -18.854  -31.672  -20.372 0.0000000000
48540  -19.682  -31.615  -20.111 0.0000000000
48541  -20.564  -31.304  -19.780 0.0000000000
48550  -17.093  -31.519  -20.870 0.0000000000
48551  -17.993  -31.509  -20.646 0.0000000000
49576  -9.814  -30.780  -4.896 0.0000000000
49577  -10.291  -30.534  -4.395 0.0000000000
49584  -8.649  -30.735  -5.999 0.0000000000
49585  -9.361  -30.429  -5.528 0.0000000000
49586  -9.980  -30.197  -5.044 0.0000000000
49592  -8.437  -30.483  -6.941 0.0000000000
49593  -8.805  -30.085  -6.232 0.0000000000
49594  -12.210  -30.974  -6.871 0.0000000000
49595  -12.953  -31.035  -6.907 0.0000000000
49596  -13.407  -31.184  -7.053 0.0000000000
49601  -8.544  -30.587  -8.201 0.0000000000
49602  -10.615  -30.436  -7.779 0.0000000000
49603  -11.553  -30.501  -7.186 0.0000000000
49604  -12.594  -30.411  -7.236 0.0000000000
49605  -13.661  -30.644  -7.579 0.0000000000
49606  -14.428  -30.997  -7.775 0.0000000000
49609  -8.656  -30.621  -9.270 0.0000000000
49610  -9.465  -30.300  -9.462 0.0000000000
49611  -10.034  -30.387  -8.727 0.0000000000
49612  -13.919  -30.145  -8.331 0.0000000000
49613  -14.741  -30.513  -8.587 0.0000000000
49614  -16.023  -30.991  -8.910 0.0000000000
49615  -16.620  -31.253  -9.018 0.0000000000
49618  -8.848  -30.587  -9.922 0.0000000000
49619  -9.146  -30.381  -9.920 0.0000000000
49620  -14.877  -30.057  -9.455 0.0000000000
49621  -15.614  -30.296  -9.757 0.0000000000
49622  -16.855  -30.902  -9.623 0.0000000000
49623  -17.610  -31.048  -9.883 0.0000000000
49627  -15.812  -30.062  -10.455 0.0000000000
49628  -16.435  -30.315  -10.462 0.0000000000
49629  -17.754  -30.533  -10.737 0.0000000000
49630  -19.192  -30.728  -10.988 0.0000000000
49631  -19.872  -30.855  -11.012 0.0000000000
49635  -17.878  -30.067  -11.621 0.0000000000
49636  -18.701  -30.120  -11.921 0.0000000000
49637  -20.093  -30.547  -11.732 0.0000000000
49638  -21.139  -30.756  -12.144 0.0000000000
49639  -21.576  -30.991  -12.393 0.0000000000
49644  -18.896  -29.756  -12.612 0.0000000000
49645  -19.655  -29.888  -12.898 0.0000000000
49646  -20.708  -30.441  -12.826 0.0000000000
49647  -21.437  -30.853  -12.875 0.0000000000
49658  -19.881  -29.748  -14.000 0.0000000000
49659  -20.499  -30.245  -13.719 0.0000000000
49660  -21.199  -30.754  -13.658 0.0000000000
49679  -19.857  -29.759  -14.818 0.0000000000
49680  -20.380  -30.226  -14.562 0.0000000000
49681  -20.890  -30.678  -14.335 0.0000000000
49694  -19.867  -29.711  -15.278 0.0000000000
49695  -20.274  -30.100  -15.351 0.0000000000
49696  -20.810  -30.766  -15.108 0.0000000000
49712  -20.309  -29.918  -15.851 0.0000000000
49713  -20.968  -30.331  -16.073 0.0000000000
49714  -21.775  -30.652  -16.422 0.0000000000
49725  -21.658  -30.085  -16.726 0.0000000000
49726  -22.283  -30.541  -17.052 0.0000000000
49732  -21.705  -30.319  -19.131 0.0000000000
49733  -22.267  -30.550  -18.521 0.0000000000
49734  -22.575  -30.672  -17.826 0.0000000000
49743  -19.351  -31.064  -20.356 0.0000000000
49744  -19.960  -30.441  -20.223 0.0000000000
49745  -20.935  -30.298  -19.627 0.0000000000
49754  -16.604  -30.775  -21.220 0.0000000000
49755  -17.655  -30.450  -21.212 0.0000000000
49756  -18.874  -30.505  -20.679 0.0000000000
49757  -19.492  -29.929  -20.510 0.0000000000
49763  -16.231  -30.086  -21.424 0.0000000000
49764  -16.935  -30.015  -21.576 0.0000000000
49765  -17.398  -29.859  -21.513 0.0000000000
50835  -8.648  -29.451  -6.747 0.0000000000
50836  -9.248  -29.448  -6.050 0.0000000000
50845  -8.538  -29.555  -7.713 0.0000000000
50846  -10.417  -29.602  -8.266 0.0000000000
50847  -11.189  -29.647  -7.659 0.0000000000
50848  -12.147  -29.644  -7.568 0.0000000000
50849  -12.912  -29.873  -7.682 0.0000000000
50855  -8.716  -29.648  -8.827 0.0000000000
50856  -9.099  -29.673  -9.406 0.0000000000
50857  -9.683  -29.551  -8.920 0.0000000000
50858  -12.642  -29.328  -8.001 0.0000000000
50859  -13.342  -29.541  -8.322 0.0000000000
50860  -13.991  -29.803  -8.751 0.0000000000
50863  -8.857  -30.125  -9.551 0.0000000000
50864  -8.958  -30.163  -9.828 0.0000000000
50865  -13.694  -29.236  -8.989 0.0000000000
50866  -14.289  -29.532  -9.472 0.0000000000
50867  -14.906  -29.809  -9.936 0.0000000000
50870  -14.543  -29.332  -10.324 0.0000000000
50871  -15.289  -29.692  -10.570 0.0000000000
50872  -15.972  -29.860  -10.967 0.0000000000
50873  -16.702  -30.064  -11.129 0.0000000000
50877  -14.736  -29.206  -11.053 0.0000000000
50878  -15.420  -29.343  -11.493 0.0000000000
50879  -16.257  -29.593  -11.626 0.0000000000
50880  -17.202  -29.787  -11.712 0.0000000000
50881  -17.899  -29.760  -12.080 0.0000000000
50886  -15.806  -29.176  -12.094 0.0000000000
50887  -16.515  -29.232  -12.311 0.0000000000
50888  -17.438  -29.322  -12.537 0.0000000000
50889  -18.301  -29.540  -12.648 0.0000000000
50890  -18.895  -29.555  -13.029 0.0000000000
50895  -17.859  -29.136  -13.027 0.0000000000
50896  -18.414  -29.206  -13.404 0.0000000000
50897  -19.168  -29.461  -13.629 0.0000000000
50910  -18.733  -29.097  -14.060 0.0000000000
50911  -19.316  -29.400  -14.419 0.0000000000
50928  -18.817  -29.051  -14.721 0.0000000000
50929  -19.352  -29.323  -15.264 0.0000000000
50930  -19.903  -29.657  -15.663 0.0000000000
50945  -19.505  -29.269  -15.908 0.0000000000
50946  -20.182  -29.427  -16.228 0.0000000000
50947  -21.131  -29.333  -16.754 0.0000000000
50960  -21.886  -29.694  -17.471 0.0000000000
50961  -22.302  -30.228  -17.586 0.0000000000
50967  -21.318  -29.391  -19.206 0.0000000000
50968  -21.822  -29.647  -18.391 0.0000000000
50969  -22.286  -30.093  -17.979 0.0000000000
50976  -19.864  -29.364  -20.334 0.0000000000
50977  -20.577  -29.404  -19.839 0.0000000000
50986  -17.732  -29.636  -21.467 0.0000000000
50987  -18.390  -29.473  -21.196 0.0000000000
50988  -19.198  -29.405  -20.718 0.0000000000
50998  -16.447  -29.339  -21.718 0.0000000000
50999  -17.269  -29.273  -21.749 0.0000000000
51000  -17.898  -29.051  -21.596 0.0000000000
52120  -8.556  -28.648  -7.227 0.0000000000
52135  -8.538  -28.603  -8.158 0.0000000000
52136  -10.944  -29.036  -8.112 0.0000000000
52137  -11.717  -29.005  -7.945 0.0000000000
52138  -12.263  -29.105  -7.976 0.0000000000
52146  -8.844  -28.427  -9.025 0.0000000000
52147  -9.404  -28.739  -9.138 0.0000000000
52148  -10.219  -28.647  -8.671 0.0000000000
52149  -11.242  -28.421  -8.371 0.0000000000
52150  -12.447  -28.563  -8.600 0.0000000000
52151  -13.265  -28.925  -8.855 0.0000000000
52156  -8.899  -27.771  -9.286 0.0000000000
52157  -9.234  -27.980  -9.313 0.0000000000
52158  -9.715  -28.166  -9.133 0.0000000000
52159  -12.688  -28.034  -9.329 0.0000000000
52160  -13.428  -28.499  -9.653 0.0000000000
52161  -14.098  -28.983  -10.047 0.0000000000
52164  -13.554  -28.132  -10.452 0.0000000000
52165  -14.041  -28.614  -10.757 0.0000000000
52170  -14.731  -28.584  -11.859 0.0000000000
52171  -15.376  -28.922  -12.068 0.0000000000
52177  -14.849  -28.151  -12.484 0.0000000000
52178  -15.637  -28.448  -12.744 0.0000000000
52179  -16.872  -28.793  -12.983 0.0000000000
52180  -17.459  -28.980  -13.023 0.0000000000
52185  -15.783  -27.943  -13.461 0.0000000000
52186  -16.508  -28.131  -13.778 0.0000000000
52187  -17.648  -28.730  -13.618 0.0000000000
52188  -18.289  -28.896  -13.845 0.0000000000
52192  -16.713  -27.880  -14.461 0.0000000000
52193  -17.402  -28.228  -14.685 0.0000000000
52194  -18.238  -28.750  -14.389 0.0000000000
52206  -17.690  -28.206  -15.415 0.0000000000
52207  -18.426  -28.654  -15.441 0.0000000000
52208  -19.103  -28.996  -15.776 0.0000000000
52224  -18.384  -28.321  -16.167 0.0000000000
52225  -19.225  -28.567  -16.368 0.0000000000
52226  -20.376  -28.655  -16.753 0.0000000000
52227  -20.954  -28.684  -17.045 0.0000000000
52244  -19.884  -27.962  -16.946 0.0000000000
52245  -20.635  -28.173  -17.456 0.0000000000
52246  -21.327  -28.871  -17.476 0.0000000000
52255  -21.206  -28.558  -18.361 0.0000000000
52256  -21.617  -29.161  -17.928 0.0000000000
52263  -20.239  -28.516  -20.002 0.0000000000
52264  -20.808  -28.520  -19.349 0.0000000000
52272  -18.922  -28.612  -21.011 0.0000000000
52273  -19.585  -28.521  -20.539 0.0000000000
52284  -16.784  -28.589  -22.121 0.0000000000
52285  -17.661  -28.255  -21.974 0.0000000000
52286  -18.347  -28.517  -21.453 0.0000000000
52300  -16.460  -27.980  -22.376 0.0000000000
52301  -17.078  -27.895  -22.372 0.0000000000
52302  -17.451  -27.678  -22.246 0.0000000000
53401  -10.091  -28.026  -9.006 0.0000000000
53402  -10.612  -27.884  -8.832 0.0000000000
53403  -11.468  -27.838  -8.795 0.0000000000
53411  -9.857  -27.461  -9.410 0.0000000000
53412  -10.895  -27.229  -9.261 0.0000000000
53413  -12.025  -27.410  -9.387 0.0000000000
53414  -12.782  -27.682  -9.743 0.0000000000
53418  -12.503  -27.087  -10.020 0.0000000000
53419  -13.107  -27.473  -10.476 0.0000000000
53420  -13.594  -27.914  -10.918 0.0000000000
53426  -13.392  -27.329  -11.297 0.0000000000
53427  -13.900  -27.926  -11.555 0.0000000000
53432  -13.622  -27.245  -11.919 0.0000000000
53433  -14.254  -27.596  -12.402 0.0000000000
53434  -14.880  -27.815  -12.836 0.0000000000
53438  -14.530  -27.299  -13.065 0.0000000000
53439  -15.170  -27.498  -13.477 0.0000000000
53440  -15.819  -27.648  -13.862 0.0000000000
53444  -15.471  -27.227  -14.125 0.0000000000
53445  -16.116  -27.454  -14.533 0.0000000000
53446  -16.789  -27.715  -14.884 0.0000000000
53450  -16.487  -27.310  -15.273 0.0000000000
53451  -17.164  -27.755  -15.492 0.0000000000
53452  -17.793  -28.115  -15.981 0.0000000000
53462  -16.695  -27.235  -15.886 0.0000000000
53463  -17.288  -27.423  -16.271 0.0000000000
53464  -18.259  -27.652  -16.656 0.0000000000
53465  -19.173  -27.692  -16.966 0.0000000000
53480  -18.777  -27.129  -17.235 0.0000000000
53481  -19.678  -27.215  -17.717 0.0000000000
53482  -20.553  -27.685  -18.139 0.0000000000
53495  -20.165  -27.238  -18.435 0.0000000000
53496  -20.543  -27.705  -18.858 0.0000000000
53501  -19.866  -27.556  -20.124 0.0000000000
53502  -20.353  -27.876  -19.540 0.0000000000
53507  -18.768  -28.014  -21.273 0.0000000000
53508  -19.223  -27.713  -20.896 0.0000000000
53518  -17.790  -27.191  -22.145 0.0000000000
53519  -18.409  -27.605  -21.597 0.0000000000
53520  -18.826  -27.596  -21.251 0.0000000000
53534  -16.732  -27.318  -22.559 0.0000000000
53535  -17.266  -27.339  -22.410 0.0000000000
54569  -11.185  -26.563  -9.829 0.0000000000
54570  -11.955  -26.631  -10.021 0.0000000000
54576  -12.379  -26.444  -10.732 0.0000000000
54577  -12.954  -26.804  -11.125 0.0000000000
54582  -12.616  -26.279  -11.409 0.0000000000
54583  -13.096  -26.573  -11.785 0.0000000000
54588  -13.554  -26.672  -12.473 0.0000000000
54589  -14.077  -26.894  -12.939 0.0000000000
54595  -14.352  -26.573  -13.616 0.0000000000
54596  -14.986  -26.851  -14.038 0.0000000000
54602  -15.319  -26.572  -14.666 0.0000000000
54603  -15.921  -26.928  -15.133 0.0000000000
54608  -15.612  -26.352  -15.396 0.0000000000
54609  -16.175  -26.799  -15.719 0.0000000000
54613  -15.856  -26.217  -16.040 0.0000000000
54614  -16.588  -26.577  -16.478 0.0000000000
54615  -17.459  -26.865  -16.866 0.0000000000
54616  -18.132  -26.858  -17.191 0.0000000000
54626  -16.945  -26.296  -17.122 0.0000000000
54627  -17.592  -26.311  -17.449 0.0000000000
54628  -18.551  -26.415  -17.860 0.0000000000
54629  -19.233  -26.613  -18.152 0.0000000000
54646  -18.967  -26.316  -18.419 0.0000000000
54647  -19.631  -26.674  -18.700 0.0000000000
54648  -20.155  -27.170  -18.825 0.0000000000
54659  -19.660  -26.635  -19.660 0.0000000000
54660  -20.115  -27.210  -19.306 0.0000000000
54666  -18.838  -26.329  -21.066 0.0000000000
54667  -19.294  -26.695  -20.538 0.0000000000
54674  -17.883  -26.305  -22.214 0.0000000000
54675  -18.391  -26.537  -21.656 0.0000000000
54676  -18.880  -27.065  -21.207 0.0000000000
54689  -17.233  -26.571  -22.551 0.0000000000
55868  -15.863  -25.600  -16.786 0.0000000000
55869  -16.504  -26.029  -17.029 0.0000000000
55875  -15.989  -25.167  -17.396 0.0000000000
55876  -16.693  -25.534  -17.636 0.0000000000
55877  -17.819  -25.858  -17.993 0.0000000000
55878  -18.255  -25.985  -18.156 0.0000000000
55889  -16.803  -25.030  -18.194 0.0000000000
55890  -17.379  -25.318  -18.332 0.0000000000
55891  -18.380  -25.730  -18.650 0.0000000000
55892  -19.039  -26.186  -18.742 0.0000000000
55904  -18.694  -25.587  -19.683 0.0000000000
55905  -19.156  -26.083  -19.212 0.0000000000
55915  -18.829  -25.782  -20.531 0.0000000000
55916  -19.246  -26.052  -19.950 0.0000000000
55921  -18.111  -25.614  -21.852 0.0000000000
55922  -18.489  -25.719  -21.196 0.0000000000
55933  -16.805  -25.632  -22.788 0.0000000000
55934  -17.544  -25.607  -22.423 0.0000000000
57079  -16.061  -24.942  -17.663 0.0000000000
57085  -16.152  -24.544  -18.195 0.0000000000
57086  -16.963  -24.754  -18.658 0.0000000000
57087  -17.591  -25.054  -18.915 0.0000000000
57096  -16.560  -24.237  -18.954 0.0000000000
57097  -17.212  -24.444  -19.431 0.0000000000
57098  -17.999  -25.066  -19.525 0.0000000000
57109  -17.736  -24.539  -20.227 0.0000000000
57110  -18.308  -25.174  -20.311 0.0000000000
57119  -18.040  -24.869  -21.143 0.0000000000
57120  -18.408  -25.381  -20.788 0.0000000000
57125  -17.186  -24.745  -22.586 0.0000000000
57126  -17.713  -24.837  -22.053 0.0000000000
58299  -16.025  -23.878  -18.852 0.0000000000
58308  -16.421  -23.580  -19.639 0.0000000000
58309  -17.129  -23.982  -20.153 0.0000000000
58323  -16.833  -23.358  -20.548 0.0000000000
58324  -17.458  -23.979  -20.881 0.0000000000
58341  -17.076  -23.291  -21.437 0.0000000000
58342  -17.535  -24.095  -21.742 0.0000000000
58351  -16.904  -23.654  -22.423 0.0000000000
58352  -17.397  -24.297  -22.254 0.0000000000
59605  -16.321  -22.959  -20.229 0.0000000000
59614  -16.413  -22.479  -20.903 0.0000000000
59631  -16.635  -22.604  -21.924 0.0000000000
59648  -16.143  -22.627  -22.486 0.0000000000
60997  -16.217  -21.880  -21.687 0.0000000000
61016  -16.231  -22.108  -22.173 0.0000000000
