#!ascii label  , from subject colin27_FS vox2ras=TkReg
1195
46532  -65.450  -33.034  -30.308 0.0000000000
46547  -64.851  -33.193  -30.636 0.0000000000
46548  -65.200  -32.937  -30.890 0.0000000000
47626  -65.631  -32.370  -30.439 0.0000000000
47640  -63.169  -32.423  -30.316 0.0000000000
47641  -63.954  -32.707  -30.806 0.0000000000
47642  -64.820  -32.766  -31.208 0.0000000000
47643  -65.453  -32.367  -31.213 0.0000000000
47650  -64.282  -32.364  -31.412 0.0000000000
47651  -64.890  -32.233  -31.711 0.0000000000
47652  -65.387  -31.975  -31.840 0.0000000000
48691  -61.778  -31.689  -29.742 0.0000000000
48692  -62.545  -31.969  -30.194 0.0000000000
48693  -64.416  -31.141  -29.160 0.0000000000
48694  -65.048  -31.360  -29.727 0.0000000000
48695  -65.612  -31.926  -30.088 0.0000000000
48708  -62.080  -31.519  -30.432 0.0000000000
48709  -62.907  -31.780  -30.804 0.0000000000
48710  -63.663  -32.068  -31.274 0.0000000000
48711  -65.480  -31.248  -30.438 0.0000000000
48712  -65.749  -31.551  -31.025 0.0000000000
48724  -63.265  -31.529  -31.306 0.0000000000
48725  -64.058  -31.666  -31.698 0.0000000000
48726  -65.074  -31.507  -32.164 0.0000000000
48727  -65.908  -31.431  -31.984 0.0000000000
48738  -65.662  -31.068  -32.390 0.0000000000
48739  -66.021  -30.938  -32.414 0.0000000000
49882  -58.856  -29.915  -29.608 0.0000000000
49883  -59.472  -30.245  -29.631 0.0000000000
49884  -60.676  -30.782  -29.971 0.0000000000
49885  -61.548  -31.225  -30.306 0.0000000000
49886  -63.715  -30.566  -28.946 0.0000000000
49887  -64.361  -30.496  -29.637 0.0000000000
49897  -61.041  -30.260  -30.534 0.0000000000
49898  -61.891  -30.804  -30.869 0.0000000000
49899  -62.745  -31.242  -31.148 0.0000000000
49900  -65.096  -30.534  -30.265 0.0000000000
49901  -65.803  -30.597  -30.928 0.0000000000
49916  -62.385  -30.338  -31.164 0.0000000000
49917  -63.080  -30.765  -31.422 0.0000000000
49918  -64.267  -30.749  -31.967 0.0000000000
49919  -65.179  -30.656  -32.438 0.0000000000
49920  -66.443  -30.542  -31.754 0.0000000000
49921  -67.033  -30.181  -31.955 0.0000000000
49933  -65.888  -30.544  -32.573 0.0000000000
49934  -66.407  -30.476  -32.345 0.0000000000
49935  -66.954  -30.162  -32.162 0.0000000000
51101  -62.603  -29.406  -28.151 0.0000000000
51102  -63.138  -29.898  -28.712 0.0000000000
51113  -57.684  -29.318  -29.316 0.0000000000
51114  -58.348  -29.456  -29.548 0.0000000000
51115  -59.229  -29.501  -29.919 0.0000000000
51116  -59.873  -29.987  -30.118 0.0000000000
51117  -63.014  -29.200  -28.860 0.0000000000
51118  -63.637  -29.588  -29.392 0.0000000000
51119  -64.540  -29.628  -30.038 0.0000000000
51132  -59.869  -29.424  -30.177 0.0000000000
51133  -60.455  -29.736  -30.409 0.0000000000
51134  -61.359  -29.641  -30.704 0.0000000000
51135  -62.086  -29.328  -30.865 0.0000000000
51136  -65.459  -29.714  -30.579 0.0000000000
51137  -66.368  -29.745  -31.296 0.0000000000
51138  -66.984  -29.513  -31.646 0.0000000000
51154  -62.023  -29.981  -31.047 0.0000000000
51155  -62.696  -29.738  -31.230 0.0000000000
51156  -63.608  -29.853  -31.626 0.0000000000
51157  -64.615  -29.807  -32.140 0.0000000000
51158  -66.930  -29.999  -31.764 0.0000000000
51159  -67.246  -29.624  -31.985 0.0000000000
51160  -67.298  -29.095  -32.195 0.0000000000
51170  -65.532  -29.883  -32.564 0.0000000000
51171  -66.227  -29.832  -32.658 0.0000000000
51172  -66.973  -29.521  -32.453 0.0000000000
51173  -67.237  -28.981  -32.359 0.0000000000
52378  -56.683  -28.702  -29.166 0.0000000000
52379  -57.298  -29.083  -29.287 0.0000000000
52380  -61.464  -27.826  -27.617 0.0000000000
52381  -61.941  -28.376  -27.882 0.0000000000
52391  -57.038  -28.157  -29.521 0.0000000000
52392  -57.668  -28.613  -29.582 0.0000000000
52393  -58.750  -28.638  -29.779 0.0000000000
52394  -59.763  -28.677  -30.024 0.0000000000
52395  -60.233  -28.304  -30.075 0.0000000000
52396  -62.722  -28.508  -28.627 0.0000000000
52397  -63.293  -28.581  -29.177 0.0000000000
52398  -64.073  -28.630  -29.705 0.0000000000
52416  -60.158  -29.148  -30.263 0.0000000000
52417  -60.645  -28.721  -30.304 0.0000000000
52418  -61.655  -28.590  -30.610 0.0000000000
52419  -62.701  -28.599  -31.040 0.0000000000
52420  -63.255  -28.097  -31.211 0.0000000000
52421  -64.991  -28.775  -30.237 0.0000000000
52422  -65.957  -28.901  -30.633 0.0000000000
52423  -66.870  -28.763  -31.226 0.0000000000
52424  -67.333  -28.212  -31.234 0.0000000000
52441  -63.197  -29.230  -31.371 0.0000000000
52442  -63.854  -28.728  -31.566 0.0000000000
52443  -65.290  -28.822  -32.248 0.0000000000
52444  -65.868  -28.356  -32.364 0.0000000000
52445  -67.178  -29.180  -31.704 0.0000000000
52446  -67.377  -28.617  -31.731 0.0000000000
52457  -65.875  -29.377  -32.623 0.0000000000
52458  -66.335  -28.822  -32.564 0.0000000000
52459  -67.089  -28.602  -32.440 0.0000000000
52460  -67.374  -28.492  -32.162 0.0000000000
53598  -61.057  -27.320  -27.515 0.0000000000
53607  -55.361  -27.706  -28.932 0.0000000000
53608  -56.018  -28.198  -29.052 0.0000000000
53609  -61.723  -27.336  -28.013 0.0000000000
53610  -62.633  -27.462  -28.616 0.0000000000
53611  -63.247  -26.957  -28.918 0.0000000000
53621  -55.807  -27.081  -29.233 0.0000000000
53622  -56.459  -27.599  -29.378 0.0000000000
53623  -57.443  -27.637  -29.571 0.0000000000
53624  -58.322  -27.748  -29.650 0.0000000000
53625  -59.271  -27.772  -29.726 0.0000000000
53626  -60.035  -27.835  -29.888 0.0000000000
53627  -60.491  -27.393  -29.933 0.0000000000
53628  -63.035  -28.026  -28.941 0.0000000000
53629  -63.615  -27.583  -29.229 0.0000000000
53630  -64.737  -27.695  -29.768 0.0000000000
53631  -65.765  -27.385  -29.943 0.0000000000
53632  -66.564  -27.317  -30.167 0.0000000000
53652  -60.510  -27.982  -30.071 0.0000000000
53653  -61.123  -27.655  -30.232 0.0000000000
53654  -62.068  -27.601  -30.617 0.0000000000
53655  -62.898  -27.503  -30.938 0.0000000000
53656  -65.530  -28.153  -30.243 0.0000000000
53657  -66.328  -28.058  -30.472 0.0000000000
53658  -67.155  -27.733  -30.683 0.0000000000
53659  -67.646  -27.625  -31.191 0.0000000000
53660  -68.027  -27.139  -31.317 0.0000000000
53677  -63.658  -27.592  -31.252 0.0000000000
53678  -64.581  -27.761  -31.576 0.0000000000
53679  -65.582  -27.687  -32.004 0.0000000000
53680  -66.241  -27.384  -32.214 0.0000000000
53681  -67.662  -27.636  -31.760 0.0000000000
53682  -67.987  -26.893  -31.580 0.0000000000
53695  -66.192  -28.027  -32.359 0.0000000000
53696  -66.790  -27.814  -32.387 0.0000000000
53697  -67.363  -27.731  -32.208 0.0000000000
54738  -57.872  -25.928  -26.175 0.0000000000
54739  -58.395  -26.300  -26.237 0.0000000000
54740  -59.440  -26.495  -26.822 0.0000000000
54741  -59.997  -27.017  -26.952 0.0000000000
54743  -59.783  -26.103  -27.260 0.0000000000
54744  -60.330  -26.515  -27.387 0.0000000000
54745  -61.288  -26.489  -27.876 0.0000000000
54754  -62.120  -26.506  -28.305 0.0000000000
54755  -62.940  -26.426  -28.675 0.0000000000
54756  -63.899  -26.414  -29.011 0.0000000000
54757  -64.569  -25.921  -29.002 0.0000000000
54770  -54.127  -25.895  -29.126 0.0000000000
54771  -55.142  -26.497  -29.174 0.0000000000
54772  -56.265  -26.484  -29.347 0.0000000000
54773  -57.219  -26.695  -29.490 0.0000000000
54774  -57.997  -26.964  -29.517 0.0000000000
54775  -58.832  -26.829  -29.605 0.0000000000
54776  -59.889  -26.848  -29.728 0.0000000000
54777  -60.834  -26.653  -29.909 0.0000000000
54778  -64.311  -27.012  -29.384 0.0000000000
54779  -65.132  -26.423  -29.389 0.0000000000
54780  -66.316  -26.655  -29.623 0.0000000000
54781  -67.207  -26.768  -30.014 0.0000000000
54782  -67.865  -26.500  -30.222 0.0000000000
54783  -68.150  -26.286  -30.551 0.0000000000
54799  -61.647  -26.679  -30.258 0.0000000000
54800  -62.461  -26.636  -30.572 0.0000000000
54801  -63.380  -26.566  -30.887 0.0000000000
54802  -64.122  -26.229  -31.117 0.0000000000
54803  -67.682  -27.158  -30.556 0.0000000000
54804  -68.102  -26.933  -30.798 0.0000000000
54805  -68.244  -26.451  -31.122 0.0000000000
54817  -64.107  -26.954  -31.269 0.0000000000
54818  -64.898  -26.686  -31.445 0.0000000000
54819  -65.832  -26.676  -31.835 0.0000000000
54820  -66.727  -26.757  -32.062 0.0000000000
54821  -67.540  -26.823  -31.928 0.0000000000
54822  -68.024  -26.311  -31.537 0.0000000000
54841  -67.234  -27.299  -32.217 0.0000000000
54842  -67.464  -27.309  -32.124 0.0000000000
55959  -67.395  -24.969  -23.664 0.0000000000
55960  -67.612  -24.974  -23.792 0.0000000000
55973  -67.412  -25.104  -23.989 0.0000000000
55974  -67.916  -25.298  -24.473 0.0000000000
55975  -68.214  -25.296  -25.131 0.0000000000
55982  -55.361  -24.996  -25.285 0.0000000000
55983  -56.001  -25.274  -25.509 0.0000000000
55984  -56.886  -25.378  -25.960 0.0000000000
55985  -57.543  -25.639  -26.164 0.0000000000
55986  -67.370  -25.276  -24.815 0.0000000000
55987  -67.870  -25.488  -25.382 0.0000000000
55988  -68.216  -25.268  -25.898 0.0000000000
55994  -57.428  -25.114  -26.379 0.0000000000
55995  -58.022  -25.425  -26.536 0.0000000000
55996  -58.863  -25.564  -26.920 0.0000000000
55997  -59.466  -25.807  -27.191 0.0000000000
55998  -67.284  -25.243  -25.836 0.0000000000
55999  -67.791  -25.354  -26.364 0.0000000000
56000  -68.140  -25.151  -26.866 0.0000000000
56002  -59.392  -25.280  -27.253 0.0000000000
56003  -59.985  -25.530  -27.425 0.0000000000
56004  -60.845  -25.597  -27.779 0.0000000000
56005  -61.724  -25.664  -28.082 0.0000000000
56006  -67.157  -25.154  -26.950 0.0000000000
56007  -67.682  -25.324  -27.437 0.0000000000
56008  -68.172  -25.236  -27.892 0.0000000000
56012  -62.522  -25.680  -28.372 0.0000000000
56013  -63.366  -25.606  -28.565 0.0000000000
56014  -64.231  -25.469  -28.685 0.0000000000
56015  -65.118  -25.499  -28.746 0.0000000000
56016  -65.939  -25.450  -28.539 0.0000000000
56017  -66.827  -25.408  -28.180 0.0000000000
56018  -67.637  -25.590  -28.493 0.0000000000
56019  -68.148  -25.393  -28.910 0.0000000000
56031  -53.998  -25.049  -29.379 0.0000000000
56032  -54.917  -25.227  -29.299 0.0000000000
56033  -55.941  -25.424  -29.309 0.0000000000
56034  -56.991  -25.587  -29.461 0.0000000000
56035  -58.136  -25.876  -29.525 0.0000000000
56036  -59.327  -25.768  -29.603 0.0000000000
56037  -60.377  -25.709  -29.687 0.0000000000
56038  -61.394  -25.653  -29.863 0.0000000000
56039  -62.115  -25.282  -30.002 0.0000000000
56040  -65.582  -25.793  -28.978 0.0000000000
56041  -66.153  -25.921  -29.037 0.0000000000
56042  -67.007  -26.057  -29.153 0.0000000000
56043  -67.706  -26.037  -29.439 0.0000000000
56044  -68.128  -25.690  -29.920 0.0000000000
56061  -62.080  -25.960  -30.212 0.0000000000
56062  -62.792  -25.589  -30.379 0.0000000000
56063  -63.731  -25.517  -30.704 0.0000000000
56064  -64.667  -25.530  -31.042 0.0000000000
56065  -65.411  -25.248  -31.187 0.0000000000
56066  -68.245  -25.717  -30.651 0.0000000000
56071  -65.383  -25.949  -31.432 0.0000000000
56072  -66.145  -25.653  -31.543 0.0000000000
56073  -67.069  -25.706  -31.693 0.0000000000
56074  -67.742  -25.664  -31.522 0.0000000000
56075  -68.155  -25.672  -31.177 0.0000000000
57137  -67.171  -24.358  -22.806 0.0000000000
57138  -67.388  -24.329  -22.993 0.0000000000
57155  -66.512  -24.422  -23.212 0.0000000000
57156  -67.090  -24.761  -23.291 0.0000000000
57157  -67.602  -24.509  -23.531 0.0000000000
57172  -66.366  -24.448  -23.719 0.0000000000
57173  -66.846  -24.932  -24.234 0.0000000000
57174  -68.052  -24.856  -24.049 0.0000000000
57175  -68.271  -25.005  -24.669 0.0000000000
57184  -54.852  -24.379  -25.277 0.0000000000
57185  -55.585  -24.384  -25.629 0.0000000000
57186  -56.325  -24.483  -26.010 0.0000000000
57187  -66.159  -24.408  -24.690 0.0000000000
57188  -66.699  -24.901  -25.265 0.0000000000
57189  -68.368  -24.910  -25.427 0.0000000000
57195  -57.058  -24.495  -26.367 0.0000000000
57196  -57.762  -24.551  -26.704 0.0000000000
57197  -58.446  -24.744  -26.965 0.0000000000
57198  -65.894  -24.329  -25.798 0.0000000000
57199  -66.531  -24.784  -26.415 0.0000000000
57200  -68.321  -24.716  -26.374 0.0000000000
57202  -59.039  -24.789  -27.186 0.0000000000
57203  -59.680  -24.716  -27.338 0.0000000000
57204  -60.476  -24.703  -27.538 0.0000000000
57205  -61.492  -24.690  -27.766 0.0000000000
57206  -62.443  -24.373  -27.760 0.0000000000
57207  -63.327  -24.204  -27.792 0.0000000000
57208  -64.286  -24.157  -27.664 0.0000000000
57209  -65.443  -24.313  -27.157 0.0000000000
57210  -66.350  -24.930  -27.510 0.0000000000
57211  -68.310  -24.589  -27.420 0.0000000000
57213  -62.208  -25.058  -28.062 0.0000000000
57214  -62.909  -24.897  -28.251 0.0000000000
57215  -63.795  -24.782  -28.296 0.0000000000
57216  -64.773  -24.740  -28.230 0.0000000000
57217  -65.675  -24.921  -28.128 0.0000000000
57218  -66.222  -25.160  -28.113 0.0000000000
57219  -68.412  -24.614  -28.453 0.0000000000
57223  -53.716  -24.234  -29.841 0.0000000000
57224  -54.682  -24.260  -29.551 0.0000000000
57225  -55.638  -24.341  -29.391 0.0000000000
57226  -56.657  -24.471  -29.398 0.0000000000
57227  -57.724  -24.619  -29.417 0.0000000000
57228  -58.817  -24.699  -29.458 0.0000000000
57229  -59.881  -24.697  -29.521 0.0000000000
57230  -60.868  -24.681  -29.613 0.0000000000
57231  -61.731  -24.607  -29.773 0.0000000000
57232  -62.499  -24.580  -30.027 0.0000000000
57233  -68.398  -24.734  -29.449 0.0000000000
57250  -53.152  -24.284  -30.329 0.0000000000
57251  -63.303  -24.601  -30.317 0.0000000000
57252  -64.187  -24.591  -30.555 0.0000000000
57253  -65.038  -24.548  -30.815 0.0000000000
57254  -65.841  -24.574  -31.105 0.0000000000
57255  -68.213  -24.485  -30.639 0.0000000000
57256  -68.274  -24.945  -30.265 0.0000000000
57270  -53.054  -24.246  -30.996 0.0000000000
57271  -66.647  -24.665  -31.349 0.0000000000
57272  -67.380  -24.713  -31.349 0.0000000000
57273  -67.976  -24.739  -31.114 0.0000000000
57274  -68.194  -25.121  -30.790 0.0000000000
58358  -66.459  -23.694  -22.467 0.0000000000
58359  -66.794  -24.179  -22.617 0.0000000000
58360  -67.288  -23.870  -22.565 0.0000000000
58376  -65.128  -23.380  -23.913 0.0000000000
58377  -65.959  -23.833  -23.083 0.0000000000
58378  -66.597  -24.380  -22.971 0.0000000000
58379  -67.618  -23.813  -23.043 0.0000000000
58396  -52.291  -23.424  -24.420 0.0000000000
58397  -53.176  -23.413  -24.812 0.0000000000
58398  -53.714  -23.953  -24.913 0.0000000000
58399  -64.863  -23.402  -24.654 0.0000000000
58400  -65.620  -23.930  -24.161 0.0000000000
58401  -67.898  -24.044  -24.054 0.0000000000
58402  -68.162  -24.667  -24.375 0.0000000000
58414  -53.627  -22.945  -25.071 0.0000000000
58415  -54.141  -23.473  -25.207 0.0000000000
58416  -55.132  -23.517  -25.588 0.0000000000
58417  -55.920  -23.608  -25.999 0.0000000000
58418  -63.770  -23.185  -25.901 0.0000000000
58419  -64.433  -23.368  -25.486 0.0000000000
58420  -65.380  -23.804  -25.153 0.0000000000
58421  -67.850  -23.740  -25.143 0.0000000000
58422  -68.206  -24.489  -24.874 0.0000000000
58429  -56.678  -23.686  -26.303 0.0000000000
58430  -57.449  -23.716  -26.576 0.0000000000
58431  -58.428  -23.769  -26.897 0.0000000000
58432  -59.437  -23.337  -26.821 0.0000000000
58433  -60.420  -23.204  -26.775 0.0000000000
58434  -61.412  -23.151  -26.809 0.0000000000
58435  -62.373  -23.211  -26.675 0.0000000000
58436  -63.296  -23.297  -26.459 0.0000000000
58437  -64.148  -23.455  -26.369 0.0000000000
58438  -65.021  -23.754  -26.172 0.0000000000
58439  -67.779  -23.572  -26.135 0.0000000000
58440  -68.191  -24.241  -25.800 0.0000000000
58443  -58.764  -24.342  -27.093 0.0000000000
58444  -59.209  -24.123  -27.178 0.0000000000
58445  -60.012  -23.954  -27.239 0.0000000000
58446  -60.936  -23.843  -27.363 0.0000000000
58447  -61.914  -23.766  -27.349 0.0000000000
58448  -62.849  -23.702  -27.242 0.0000000000
58449  -63.750  -23.680  -27.134 0.0000000000
58450  -64.555  -23.781  -26.944 0.0000000000
58451  -67.724  -23.328  -26.755 0.0000000000
58452  -68.140  -23.774  -26.962 0.0000000000
58455  -68.369  -23.756  -28.084 0.0000000000
58457  -54.037  -23.602  -30.131 0.0000000000
58458  -54.534  -23.469  -29.918 0.0000000000
58459  -55.363  -23.415  -29.667 0.0000000000
58460  -56.314  -23.419  -29.492 0.0000000000
58461  -57.323  -23.529  -29.412 0.0000000000
58462  -58.361  -23.619  -29.346 0.0000000000
58463  -59.413  -23.670  -29.408 0.0000000000
58464  -60.415  -23.704  -29.518 0.0000000000
58465  -61.320  -23.733  -29.637 0.0000000000
58466  -62.118  -23.730  -29.812 0.0000000000
58467  -68.589  -23.714  -29.088 0.0000000000
58474  -53.739  -23.736  -30.598 0.0000000000
58475  -54.378  -23.280  -30.414 0.0000000000
58476  -62.903  -23.693  -30.029 0.0000000000
58477  -63.746  -23.659  -30.263 0.0000000000
58478  -64.624  -23.648  -30.502 0.0000000000
58479  -65.458  -23.653  -30.784 0.0000000000
58480  -68.084  -23.774  -30.793 0.0000000000
58481  -68.394  -23.846  -30.113 0.0000000000
58496  -53.731  -23.917  -31.473 0.0000000000
58497  -54.537  -23.197  -31.227 0.0000000000
58498  -55.114  -22.764  -31.469 0.0000000000
58499  -66.257  -23.660  -31.081 0.0000000000
58500  -67.042  -23.675  -31.250 0.0000000000
58501  -67.668  -23.784  -31.113 0.0000000000
58513  -54.364  -23.785  -32.032 0.0000000000
58514  -55.307  -23.023  -32.113 0.0000000000
59641  -66.558  -22.732  -21.710 0.0000000000
59642  -67.219  -22.569  -21.464 0.0000000000
59643  -67.761  -22.213  -21.167 0.0000000000
59644  -68.055  -22.119  -20.956 0.0000000000
59656  -51.268  -22.047  -22.217 0.0000000000
59657  -65.306  -22.383  -22.702 0.0000000000
59658  -66.069  -23.091  -22.311 0.0000000000
59659  -66.922  -23.409  -22.031 0.0000000000
59660  -67.676  -22.710  -22.085 0.0000000000
59661  -67.998  -22.148  -21.282 0.0000000000
59675  -51.485  -22.540  -23.493 0.0000000000
59676  -52.049  -21.930  -23.917 0.0000000000
59677  -63.900  -22.138  -23.904 0.0000000000
59678  -64.929  -22.785  -23.415 0.0000000000
59679  -65.549  -23.069  -22.838 0.0000000000
59680  -67.622  -22.971  -23.307 0.0000000000
59697  -51.887  -22.944  -24.188 0.0000000000
59698  -52.419  -22.414  -24.417 0.0000000000
59699  -53.327  -22.436  -24.915 0.0000000000
59700  -62.815  -21.928  -24.644 0.0000000000
59701  -63.367  -22.290  -24.612 0.0000000000
59702  -64.296  -22.855  -24.380 0.0000000000
59703  -66.800  -22.215  -24.781 0.0000000000
59704  -67.347  -22.812  -24.500 0.0000000000
59719  -53.929  -22.476  -25.219 0.0000000000
59720  -54.712  -22.562  -25.499 0.0000000000
59721  -55.633  -22.683  -25.842 0.0000000000
59722  -56.399  -22.868  -26.169 0.0000000000
59723  -60.061  -21.811  -25.716 0.0000000000
59724  -60.593  -22.028  -25.664 0.0000000000
59725  -61.442  -22.173  -25.545 0.0000000000
59726  -62.501  -22.245  -25.211 0.0000000000
59727  -63.599  -22.875  -25.285 0.0000000000
59728  -64.280  -23.140  -24.931 0.0000000000
59729  -66.789  -22.437  -25.349 0.0000000000
59730  -67.304  -23.077  -25.635 0.0000000000
59737  -57.065  -22.975  -26.356 0.0000000000
59738  -57.846  -22.909  -26.475 0.0000000000
59739  -58.765  -22.718  -26.479 0.0000000000
59740  -59.827  -22.378  -26.180 0.0000000000
59741  -60.933  -22.575  -26.205 0.0000000000
59742  -61.916  -22.684  -26.080 0.0000000000
59743  -62.850  -22.856  -25.952 0.0000000000
59744  -63.378  -23.033  -25.902 0.0000000000
59745  -66.803  -22.559  -26.241 0.0000000000
59746  -67.371  -23.016  -26.518 0.0000000000
59749  -67.045  -22.541  -26.919 0.0000000000
59750  -67.614  -22.779  -27.339 0.0000000000
59751  -68.145  -23.073  -27.864 0.0000000000
59754  -68.019  -22.340  -28.108 0.0000000000
59755  -68.459  -22.654  -28.708 0.0000000000
59758  -54.690  -23.060  -30.209 0.0000000000
59759  -55.126  -22.853  -30.100 0.0000000000
59760  -56.024  -22.433  -29.959 0.0000000000
59761  -56.958  -22.562  -29.606 0.0000000000
59762  -57.914  -22.613  -29.447 0.0000000000
59763  -58.935  -22.668  -29.419 0.0000000000
59764  -59.974  -22.692  -29.524 0.0000000000
59765  -60.955  -22.791  -29.635 0.0000000000
59766  -61.760  -22.937  -29.731 0.0000000000
59767  -68.492  -22.634  -29.752 0.0000000000
59770  -54.866  -22.847  -30.592 0.0000000000
59771  -55.512  -22.301  -30.646 0.0000000000
59772  -55.982  -22.006  -30.434 0.0000000000
59773  -62.455  -22.879  -29.858 0.0000000000
59774  -63.250  -22.743  -30.113 0.0000000000
59775  -64.185  -22.697  -30.412 0.0000000000
59776  -65.061  -22.751  -30.630 0.0000000000
59777  -67.870  -23.199  -30.925 0.0000000000
59778  -68.139  -22.646  -30.658 0.0000000000
59786  -55.100  -22.647  -31.072 0.0000000000
59787  -55.575  -22.296  -31.420 0.0000000000
59788  -55.997  -22.007  -31.818 0.0000000000
59789  -65.812  -22.748  -30.903 0.0000000000
59790  -66.617  -22.663  -31.123 0.0000000000
59791  -67.515  -22.646  -31.094 0.0000000000
59792  -67.933  -22.116  -31.058 0.0000000000
59805  -55.730  -22.415  -31.913 0.0000000000
59806  -56.079  -22.407  -32.267 0.0000000000
60993  -67.695  -21.456  -20.125 0.0000000000
60994  -67.950  -21.575  -20.133 0.0000000000
60995  -68.220  -21.509  -20.444 0.0000000000
61008  -52.391  -21.107  -21.603 0.0000000000
61009  -52.920  -20.765  -21.517 0.0000000000
61010  -66.716  -22.128  -21.333 0.0000000000
61011  -67.394  -21.811  -20.699 0.0000000000
61012  -67.990  -21.953  -20.663 0.0000000000
61013  -68.208  -21.804  -20.931 0.0000000000
61026  -51.880  -21.297  -22.210 0.0000000000
61027  -52.323  -20.789  -22.199 0.0000000000
61028  -65.029  -21.598  -22.568 0.0000000000
61029  -65.867  -21.928  -21.939 0.0000000000
61030  -67.942  -21.841  -22.148 0.0000000000
61031  -68.154  -21.667  -21.572 0.0000000000
61045  -51.730  -21.505  -22.918 0.0000000000
61046  -52.030  -21.487  -23.519 0.0000000000
61047  -62.793  -21.202  -24.040 0.0000000000
61048  -63.449  -21.325  -23.714 0.0000000000
61049  -64.412  -21.702  -23.192 0.0000000000
61050  -67.228  -21.470  -23.476 0.0000000000
61051  -67.606  -21.880  -22.798 0.0000000000
61072  -52.466  -21.400  -24.096 0.0000000000
61073  -53.288  -21.484  -24.674 0.0000000000
61074  -53.868  -20.980  -24.810 0.0000000000
61075  -60.748  -21.183  -24.965 0.0000000000
61076  -61.369  -21.199  -24.735 0.0000000000
61077  -62.302  -21.453  -24.504 0.0000000000
61078  -63.109  -21.713  -24.253 0.0000000000
61079  -66.102  -21.259  -24.781 0.0000000000
61080  -66.757  -21.676  -24.251 0.0000000000
61081  -67.330  -22.193  -23.632 0.0000000000
61098  -53.662  -21.961  -25.072 0.0000000000
61099  -54.250  -21.544  -25.202 0.0000000000
61100  -55.312  -21.742  -25.585 0.0000000000
61101  -56.429  -21.881  -25.925 0.0000000000
61102  -57.473  -21.483  -25.885 0.0000000000
61103  -58.448  -21.337  -25.771 0.0000000000
61104  -59.483  -21.454  -25.632 0.0000000000
61105  -60.326  -21.415  -25.343 0.0000000000
61106  -61.025  -21.651  -25.183 0.0000000000
61107  -61.732  -21.739  -25.042 0.0000000000
61108  -65.728  -21.340  -25.455 0.0000000000
61109  -66.350  -21.849  -25.071 0.0000000000
61123  -56.787  -22.484  -26.197 0.0000000000
61124  -57.282  -22.279  -26.219 0.0000000000
61125  -58.124  -22.084  -26.208 0.0000000000
61126  -58.932  -21.983  -26.061 0.0000000000
61127  -65.558  -21.397  -26.407 0.0000000000
61128  -66.190  -21.997  -25.923 0.0000000000
61134  -65.637  -21.204  -27.313 0.0000000000
61135  -66.382  -21.975  -27.073 0.0000000000
61136  -67.065  -22.285  -27.374 0.0000000000
61139  -65.698  -20.923  -27.802 0.0000000000
61140  -66.211  -21.208  -27.904 0.0000000000
61141  -67.235  -21.739  -28.055 0.0000000000
61142  -68.147  -21.631  -28.708 0.0000000000
61145  -56.771  -21.874  -29.915 0.0000000000
61146  -57.487  -21.723  -29.745 0.0000000000
61147  -58.439  -21.776  -29.618 0.0000000000
61148  -59.446  -21.780  -29.638 0.0000000000
61149  -60.599  -21.635  -29.809 0.0000000000
61150  -61.585  -22.133  -29.813 0.0000000000
61151  -62.083  -22.429  -29.818 0.0000000000
61152  -68.450  -21.614  -29.475 0.0000000000
61154  -55.962  -21.819  -30.746 0.0000000000
61155  -56.475  -21.572  -30.460 0.0000000000
61156  -57.050  -21.342  -30.093 0.0000000000
61157  -60.983  -20.999  -30.109 0.0000000000
61158  -61.542  -21.294  -30.078 0.0000000000
61159  -62.504  -21.833  -30.050 0.0000000000
61160  -63.633  -21.803  -30.408 0.0000000000
61161  -64.788  -21.684  -30.753 0.0000000000
61162  -65.417  -22.187  -30.819 0.0000000000
61169  -55.749  -21.907  -31.011 0.0000000000
61170  -56.235  -21.541  -31.246 0.0000000000
61184  -56.581  -21.637  -32.094 0.0000000000
62297  -53.368  -20.447  -16.280 0.0000000000
62298  -54.449  -20.463  -16.682 0.0000000000
62299  -55.118  -19.930  -16.762 0.0000000000
62311  -54.719  -20.966  -17.208 0.0000000000
62312  -55.405  -20.500  -17.457 0.0000000000
62313  -56.046  -20.072  -17.720 0.0000000000
62322  -55.685  -21.003  -18.240 0.0000000000
62323  -56.211  -20.549  -18.419 0.0000000000
62324  -68.306  -20.357  -18.456 0.0000000000
62325  -68.474  -20.237  -18.304 0.0000000000
62334  -56.648  -20.564  -19.317 0.0000000000
62335  -68.108  -20.674  -18.976 0.0000000000
62336  -68.382  -20.371  -18.750 0.0000000000
62344  -53.975  -20.659  -21.056 0.0000000000
62345  -54.786  -20.401  -20.786 0.0000000000
62346  -55.831  -20.381  -20.389 0.0000000000
62347  -56.603  -20.483  -19.981 0.0000000000
62348  -67.387  -21.171  -20.141 0.0000000000
62349  -67.808  -21.094  -19.587 0.0000000000
62350  -68.320  -20.890  -19.723 0.0000000000
62358  -52.743  -20.519  -21.904 0.0000000000
62359  -53.442  -20.257  -21.653 0.0000000000
62360  -54.168  -20.065  -21.255 0.0000000000
62361  -65.554  -20.402  -21.558 0.0000000000
62362  -66.468  -21.187  -21.145 0.0000000000
62363  -67.038  -21.306  -20.560 0.0000000000
62364  -68.499  -20.969  -20.897 0.0000000000
62374  -52.140  -20.878  -22.756 0.0000000000
62375  -52.689  -20.313  -22.535 0.0000000000
62376  -52.987  -20.159  -22.091 0.0000000000
62377  -64.275  -20.408  -22.588 0.0000000000
62378  -65.105  -20.882  -22.222 0.0000000000
62379  -65.720  -21.123  -21.698 0.0000000000
62380  -67.982  -20.935  -22.246 0.0000000000
62381  -68.349  -20.958  -21.622 0.0000000000
62389  -52.064  -21.082  -23.179 0.0000000000
62390  -52.569  -20.612  -23.430 0.0000000000
62391  -53.153  -20.314  -23.940 0.0000000000
62392  -62.184  -20.018  -23.722 0.0000000000
62393  -62.754  -20.535  -23.682 0.0000000000
62394  -63.722  -20.674  -23.142 0.0000000000
62395  -64.486  -21.059  -22.737 0.0000000000
62396  -66.799  -20.790  -23.657 0.0000000000
62397  -67.401  -20.850  -23.033 0.0000000000
62415  -52.931  -20.799  -24.193 0.0000000000
62416  -53.578  -20.538  -24.409 0.0000000000
62417  -54.437  -20.469  -24.820 0.0000000000
62418  -55.460  -20.256  -25.065 0.0000000000
62419  -56.197  -20.341  -25.233 0.0000000000
62420  -59.124  -19.870  -24.847 0.0000000000
62421  -59.692  -20.151  -24.779 0.0000000000
62422  -60.649  -20.555  -24.674 0.0000000000
62423  -61.796  -20.503  -24.186 0.0000000000
62424  -62.407  -20.931  -24.098 0.0000000000
62425  -65.568  -20.687  -24.893 0.0000000000
62426  -66.207  -20.730  -24.282 0.0000000000
62445  -55.044  -20.956  -25.301 0.0000000000
62446  -55.868  -20.973  -25.460 0.0000000000
62447  -56.784  -20.787  -25.497 0.0000000000
62448  -57.780  -20.657  -25.497 0.0000000000
62449  -58.880  -20.428  -25.263 0.0000000000
62450  -59.918  -20.821  -25.141 0.0000000000
62451  -60.409  -21.003  -25.018 0.0000000000
62452  -64.411  -20.160  -25.894 0.0000000000
62453  -64.919  -20.636  -25.771 0.0000000000
62467  -63.852  -19.893  -26.799 0.0000000000
62468  -64.266  -20.197  -26.529 0.0000000000
62469  -64.942  -20.807  -26.881 0.0000000000
62482  -64.000  -20.008  -27.133 0.0000000000
62483  -64.464  -20.269  -27.497 0.0000000000
62484  -65.218  -20.702  -27.675 0.0000000000
62489  -64.962  -20.271  -28.150 0.0000000000
62490  -65.739  -20.566  -28.260 0.0000000000
62491  -66.675  -20.622  -28.654 0.0000000000
62492  -67.656  -20.868  -28.922 0.0000000000
62493  -68.221  -20.947  -29.304 0.0000000000
62497  -57.431  -21.160  -30.057 0.0000000000
62498  -57.969  -21.060  -29.958 0.0000000000
62499  -58.901  -21.047  -29.920 0.0000000000
62500  -59.759  -21.053  -29.927 0.0000000000
62506  -56.662  -21.154  -30.855 0.0000000000
62507  -57.330  -20.782  -30.659 0.0000000000
62508  -58.416  -20.483  -30.413 0.0000000000
62509  -59.382  -20.426  -30.322 0.0000000000
62510  -60.414  -20.586  -30.260 0.0000000000
62511  -61.311  -20.591  -30.442 0.0000000000
62512  -62.204  -20.717  -30.468 0.0000000000
62513  -63.115  -20.960  -30.504 0.0000000000
62514  -63.964  -21.013  -30.702 0.0000000000
62518  -56.792  -20.991  -31.156 0.0000000000
62519  -57.157  -20.728  -31.439 0.0000000000
62533  -56.799  -21.117  -31.619 0.0000000000
63628  -46.621  -19.058  -16.526 0.0000000000
63629  -47.638  -19.369  -16.624 0.0000000000
63630  -48.674  -19.377  -16.660 0.0000000000
63631  -49.709  -19.349  -16.596 0.0000000000
63632  -50.765  -19.364  -16.456 0.0000000000
63633  -51.828  -19.484  -16.345 0.0000000000
63634  -52.883  -19.530  -16.317 0.0000000000
63635  -53.920  -19.470  -16.376 0.0000000000
63636  -54.887  -19.326  -16.443 0.0000000000
63637  -55.760  -19.396  -16.599 0.0000000000
63638  -56.679  -19.284  -16.688 0.0000000000
63639  -57.487  -19.183  -16.965 0.0000000000
63640  -58.099  -19.068  -17.298 0.0000000000
63649  -56.062  -19.726  -17.241 0.0000000000
63650  -56.661  -19.645  -17.672 0.0000000000
63651  -57.519  -19.347  -17.900 0.0000000000
63652  -58.207  -19.057  -18.040 0.0000000000
63653  -68.508  -19.628  -17.480 0.0000000000
63654  -68.708  -19.675  -17.740 0.0000000000
63666  -56.933  -19.811  -18.630 0.0000000000
63667  -57.759  -19.283  -18.832 0.0000000000
63668  -58.246  -18.997  -18.521 0.0000000000
63669  -68.369  -20.021  -17.924 0.0000000000
63670  -68.706  -19.942  -18.340 0.0000000000
63682  -57.004  -19.776  -19.477 0.0000000000
63683  -57.326  -19.086  -19.694 0.0000000000
63684  -67.504  -19.845  -18.900 0.0000000000
63685  -67.840  -20.292  -18.591 0.0000000000
63686  -68.604  -20.057  -19.253 0.0000000000
63695  -54.581  -19.772  -21.154 0.0000000000
63696  -55.283  -19.362  -20.942 0.0000000000
63697  -56.524  -19.380  -20.258 0.0000000000
63698  -57.015  -18.847  -20.097 0.0000000000
63699  -66.570  -19.472  -20.064 0.0000000000
63700  -67.266  -20.170  -19.631 0.0000000000
63701  -67.785  -20.663  -19.123 0.0000000000
63702  -68.632  -20.167  -20.230 0.0000000000
63711  -53.608  -19.780  -21.912 0.0000000000
63712  -54.240  -19.393  -21.782 0.0000000000
63713  -54.985  -18.899  -21.519 0.0000000000
63714  -65.279  -19.532  -21.418 0.0000000000
63715  -66.205  -19.880  -20.703 0.0000000000
63716  -66.867  -20.791  -20.408 0.0000000000
63717  -68.674  -20.050  -21.016 0.0000000000
63727  -52.949  -20.041  -22.610 0.0000000000
63728  -53.322  -19.841  -22.405 0.0000000000
63729  -54.049  -19.270  -22.835 0.0000000000
63730  -62.884  -19.106  -22.794 0.0000000000
63731  -63.516  -19.664  -22.701 0.0000000000
63732  -64.601  -19.789  -22.062 0.0000000000
63733  -68.005  -19.925  -22.383 0.0000000000
63734  -68.418  -20.188  -21.720 0.0000000000
63741  -52.908  -20.033  -22.897 0.0000000000
63742  -53.433  -19.828  -23.444 0.0000000000
63743  -54.412  -19.258  -23.640 0.0000000000
63744  -54.894  -19.033  -23.907 0.0000000000
63745  -60.707  -19.140  -23.940 0.0000000000
63746  -61.616  -19.508  -23.721 0.0000000000
63747  -62.545  -19.538  -23.263 0.0000000000
63748  -63.146  -20.086  -23.231 0.0000000000
63749  -66.261  -19.372  -23.729 0.0000000000
63750  -66.991  -19.916  -23.292 0.0000000000
63751  -67.631  -20.181  -22.773 0.0000000000
63761  -53.505  -20.081  -24.033 0.0000000000
63762  -54.010  -19.854  -24.191 0.0000000000
63763  -55.013  -19.455  -24.401 0.0000000000
63764  -56.283  -19.607  -24.840 0.0000000000
63765  -57.422  -19.391  -24.788 0.0000000000
63766  -58.509  -19.496  -24.749 0.0000000000
63767  -59.384  -19.472  -24.526 0.0000000000
63768  -60.217  -19.684  -24.374 0.0000000000
63769  -61.017  -19.859  -24.221 0.0000000000
63770  -64.977  -19.359  -24.682 0.0000000000
63771  -65.718  -19.886  -24.352 0.0000000000
63772  -66.399  -20.115  -23.859 0.0000000000
63792  -56.600  -20.184  -25.205 0.0000000000
63793  -57.136  -20.074  -25.197 0.0000000000
63794  -57.950  -19.958  -25.178 0.0000000000
63795  -63.358  -19.129  -25.795 0.0000000000
63796  -63.903  -19.389  -25.589 0.0000000000
63797  -64.509  -19.798  -25.391 0.0000000000
63798  -65.095  -20.089  -24.979 0.0000000000
63812  -62.994  -19.223  -26.383 0.0000000000
63813  -63.684  -19.657  -26.306 0.0000000000
63814  -64.106  -19.883  -25.922 0.0000000000
63830  -62.695  -19.191  -27.135 0.0000000000
63831  -63.511  -19.655  -27.204 0.0000000000
63832  -64.019  -19.897  -27.563 0.0000000000
63845  -62.517  -19.000  -27.607 0.0000000000
63846  -63.050  -19.202  -27.857 0.0000000000
63847  -64.201  -19.550  -28.306 0.0000000000
63848  -65.405  -19.920  -28.672 0.0000000000
63849  -66.059  -20.180  -28.728 0.0000000000
63863  -58.122  -20.084  -30.968 0.0000000000
64870  -65.846  -17.999  -14.540 0.0000000000
64871  -66.420  -18.246  -14.484 0.0000000000
64872  -67.156  -18.537  -14.399 0.0000000000
64874  -56.073  -17.667  -15.619 0.0000000000
64875  -56.532  -17.847  -15.568 0.0000000000
64876  -57.409  -17.987  -15.508 0.0000000000
64877  -58.365  -18.149  -15.508 0.0000000000
64878  -59.337  -18.280  -15.556 0.0000000000
64879  -60.357  -18.258  -15.610 0.0000000000
64880  -61.385  -18.197  -15.630 0.0000000000
64881  -62.411  -18.098  -15.620 0.0000000000
64882  -63.435  -18.004  -15.595 0.0000000000
64883  -64.450  -18.110  -15.419 0.0000000000
64884  -65.549  -18.274  -14.992 0.0000000000
64885  -66.658  -18.736  -14.990 0.0000000000
64886  -67.674  -18.823  -15.067 0.0000000000
64887  -68.202  -18.673  -15.666 0.0000000000
64888  -45.905  -18.392  -16.508 0.0000000000
64889  -46.468  -18.230  -16.939 0.0000000000
64890  -47.247  -18.616  -17.081 0.0000000000
64891  -48.205  -18.749  -17.136 0.0000000000
64892  -49.213  -18.693  -17.066 0.0000000000
64893  -50.312  -18.445  -16.971 0.0000000000
64894  -51.425  -18.560  -16.690 0.0000000000
64895  -52.444  -18.597  -16.549 0.0000000000
64896  -53.447  -18.568  -16.449 0.0000000000
64897  -54.473  -18.440  -16.296 0.0000000000
64898  -55.622  -18.280  -15.939 0.0000000000
64899  -56.581  -18.636  -15.976 0.0000000000
64900  -57.499  -18.730  -16.092 0.0000000000
64901  -58.454  -18.736  -16.402 0.0000000000
64902  -59.559  -18.579  -16.425 0.0000000000
64903  -60.610  -18.448  -16.489 0.0000000000
64904  -61.672  -18.324  -16.456 0.0000000000
64905  -62.690  -18.108  -16.384 0.0000000000
64906  -63.816  -17.932  -16.475 0.0000000000
64907  -65.031  -18.067  -15.975 0.0000000000
64908  -66.113  -18.303  -15.764 0.0000000000
64909  -67.082  -18.737  -15.869 0.0000000000
64910  -67.875  -19.081  -16.029 0.0000000000
64911  -68.398  -18.851  -16.413 0.0000000000
64915  -46.951  -17.944  -17.375 0.0000000000
64916  -47.752  -18.052  -17.513 0.0000000000
64917  -48.712  -18.073  -17.475 0.0000000000
64918  -49.613  -18.008  -17.365 0.0000000000
64919  -50.124  -17.935  -17.288 0.0000000000
64920  -58.815  -18.815  -17.312 0.0000000000
64921  -59.753  -18.509  -17.422 0.0000000000
64922  -60.881  -18.177  -17.554 0.0000000000
64923  -61.994  -18.066  -17.169 0.0000000000
64924  -62.880  -17.915  -17.106 0.0000000000
64925  -63.437  -17.744  -17.187 0.0000000000
64926  -67.462  -18.896  -16.639 0.0000000000
64927  -68.096  -19.446  -17.065 0.0000000000
64928  -68.626  -19.088  -17.290 0.0000000000
64934  -58.263  -18.947  -18.805 0.0000000000
64935  -58.808  -18.703  -18.398 0.0000000000
64936  -59.860  -18.086  -18.460 0.0000000000
64937  -60.532  -17.912  -18.254 0.0000000000
64938  -67.411  -18.930  -17.605 0.0000000000
64939  -67.711  -19.711  -18.007 0.0000000000
64940  -68.867  -19.155  -18.077 0.0000000000
64950  -58.154  -18.596  -19.406 0.0000000000
64951  -59.097  -18.228  -19.174 0.0000000000
64952  -59.568  -17.911  -19.117 0.0000000000
64953  -66.299  -18.265  -19.333 0.0000000000
64954  -67.027  -19.049  -18.884 0.0000000000
64955  -67.576  -19.775  -18.545 0.0000000000
64956  -68.808  -19.298  -18.947 0.0000000000
64964  -56.089  -18.692  -20.799 0.0000000000
64965  -56.839  -18.422  -20.470 0.0000000000
64966  -57.410  -18.538  -19.996 0.0000000000
64967  -65.077  -18.363  -20.862 0.0000000000
64968  -66.014  -18.562  -20.124 0.0000000000
64969  -66.723  -19.311  -19.686 0.0000000000
64970  -68.538  -18.784  -20.392 0.0000000000
64971  -68.725  -19.399  -19.858 0.0000000000
64978  -54.948  -18.657  -21.984 0.0000000000
64979  -55.638  -18.380  -21.528 0.0000000000
64980  -56.348  -18.141  -21.034 0.0000000000
64981  -63.728  -18.431  -21.925 0.0000000000
64982  -64.535  -18.718  -21.521 0.0000000000
64983  -65.465  -18.960  -21.007 0.0000000000
64984  -68.272  -18.746  -21.157 0.0000000000
64985  -68.630  -19.427  -20.698 0.0000000000
64993  -54.683  -18.800  -22.613 0.0000000000
64994  -55.521  -18.271  -22.542 0.0000000000
64995  -55.996  -18.025  -22.747 0.0000000000
64996  -61.640  -18.334  -23.030 0.0000000000
64997  -62.319  -18.560  -22.802 0.0000000000
64998  -63.171  -18.659  -22.386 0.0000000000
64999  -63.896  -19.046  -22.131 0.0000000000
65000  -67.296  -18.770  -22.592 0.0000000000
65001  -67.978  -19.065  -22.076 0.0000000000
65002  -68.457  -19.472  -21.372 0.0000000000
65009  -54.540  -18.966  -23.138 0.0000000000
65010  -55.115  -18.718  -23.440 0.0000000000
65011  -56.197  -18.182  -23.353 0.0000000000
65012  -57.314  -18.046  -23.717 0.0000000000
65013  -58.356  -18.032  -23.788 0.0000000000
65014  -59.356  -18.183  -23.714 0.0000000000
65015  -60.292  -18.384  -23.600 0.0000000000
65016  -61.187  -18.582  -23.434 0.0000000000
65017  -61.871  -18.896  -23.273 0.0000000000
65018  -65.308  -18.312  -23.729 0.0000000000
65019  -66.024  -18.625  -23.541 0.0000000000
65020  -66.792  -18.887  -23.163 0.0000000000
65021  -67.493  -19.422  -22.747 0.0000000000
65028  -55.161  -18.938  -24.015 0.0000000000
65029  -55.725  -18.819  -24.146 0.0000000000
65030  -56.783  -18.679  -24.299 0.0000000000
65031  -57.880  -18.685  -24.317 0.0000000000
65032  -58.895  -18.760  -24.250 0.0000000000
65033  -59.821  -18.921  -24.097 0.0000000000
65034  -63.233  -18.205  -24.842 0.0000000000
65035  -63.924  -18.397  -24.613 0.0000000000
65036  -64.690  -18.494  -24.274 0.0000000000
65037  -65.527  -18.973  -24.085 0.0000000000
65052  -61.927  -18.244  -25.913 0.0000000000
65053  -62.705  -18.507  -25.554 0.0000000000
65054  -63.574  -18.766  -25.230 0.0000000000
65055  -64.272  -19.021  -24.969 0.0000000000
65071  -62.308  -18.749  -26.459 0.0000000000
66186  -58.857  -16.871  -14.725 0.0000000000
66187  -59.129  -17.073  -14.661 0.0000000000
66188  -59.849  -17.166  -14.635 0.0000000000
66189  -60.798  -17.135  -14.625 0.0000000000
66190  -61.843  -17.147  -14.535 0.0000000000
66191  -62.902  -17.215  -14.554 0.0000000000
66192  -63.953  -17.353  -14.580 0.0000000000
66193  -65.117  -17.671  -14.526 0.0000000000
66194  -66.152  -17.601  -14.324 0.0000000000
66195  -66.970  -17.750  -14.156 0.0000000000
66205  -55.782  -17.302  -15.707 0.0000000000
66206  -56.373  -17.212  -15.489 0.0000000000
66207  -57.165  -17.206  -15.294 0.0000000000
66208  -58.328  -17.245  -14.994 0.0000000000
66209  -59.180  -17.644  -14.965 0.0000000000
66210  -60.105  -17.747  -14.976 0.0000000000
66211  -61.102  -17.693  -15.034 0.0000000000
66212  -62.132  -17.736  -14.967 0.0000000000
66213  -63.159  -17.739  -14.985 0.0000000000
66214  -64.137  -17.920  -14.907 0.0000000000
66215  -64.800  -18.108  -14.868 0.0000000000
66216  -67.618  -17.865  -14.631 0.0000000000
66217  -68.089  -17.921  -15.290 0.0000000000
66227  -45.591  -17.450  -16.453 0.0000000000
66228  -46.004  -17.877  -16.805 0.0000000000
66229  -50.482  -17.786  -17.243 0.0000000000
66230  -51.098  -17.805  -17.022 0.0000000000
66231  -52.054  -17.654  -16.782 0.0000000000
66232  -52.970  -17.757  -16.615 0.0000000000
66233  -53.919  -17.588  -16.423 0.0000000000
66234  -54.958  -17.410  -16.074 0.0000000000
66235  -64.719  -17.729  -16.802 0.0000000000
66236  -65.626  -17.864  -16.621 0.0000000000
66237  -66.490  -18.301  -16.509 0.0000000000
66238  -66.994  -18.655  -16.492 0.0000000000
66239  -68.353  -17.960  -16.058 0.0000000000
66249  -45.763  -16.990  -16.954 0.0000000000
66250  -46.236  -17.387  -17.218 0.0000000000
66251  -47.223  -17.223  -17.789 0.0000000000
66252  -48.235  -17.445  -17.854 0.0000000000
66253  -49.214  -17.362  -17.789 0.0000000000
66254  -50.051  -17.469  -17.542 0.0000000000
66255  -50.786  -17.256  -17.388 0.0000000000
66256  -51.512  -17.169  -17.182 0.0000000000
66257  -61.585  -17.813  -17.834 0.0000000000
66258  -62.303  -17.664  -17.731 0.0000000000
66259  -63.092  -17.494  -17.664 0.0000000000
66260  -64.024  -17.464  -17.497 0.0000000000
66261  -65.162  -17.497  -17.528 0.0000000000
66262  -66.183  -17.791  -17.327 0.0000000000
66263  -66.905  -18.433  -17.084 0.0000000000
66264  -68.540  -18.034  -16.912 0.0000000000
66272  -47.387  -16.744  -18.086 0.0000000000
66273  -47.866  -16.844  -18.150 0.0000000000
66274  -48.625  -16.915  -18.134 0.0000000000
66275  -60.421  -17.691  -18.694 0.0000000000
66276  -61.028  -17.645  -18.385 0.0000000000
66277  -61.786  -17.380  -18.398 0.0000000000
66278  -62.587  -17.196  -18.293 0.0000000000
66279  -63.458  -17.074  -18.306 0.0000000000
66280  -64.596  -17.142  -18.650 0.0000000000
66281  -65.819  -17.569  -18.301 0.0000000000
66282  -66.701  -18.181  -18.023 0.0000000000
66283  -68.365  -17.585  -18.467 0.0000000000
66284  -68.603  -18.100  -17.843 0.0000000000
66291  -58.629  -17.859  -19.754 0.0000000000
66292  -59.320  -17.643  -19.581 0.0000000000
66293  -60.005  -17.579  -19.234 0.0000000000
66294  -60.761  -17.211  -19.209 0.0000000000
66295  -61.323  -17.229  -18.838 0.0000000000
66296  -64.824  -17.320  -19.725 0.0000000000
66297  -65.689  -17.645  -19.342 0.0000000000
66298  -66.368  -18.034  -18.820 0.0000000000
66299  -68.112  -17.563  -19.258 0.0000000000
66300  -68.677  -18.379  -18.699 0.0000000000
66311  -56.938  -17.821  -20.953 0.0000000000
66312  -57.784  -17.795  -20.393 0.0000000000
66313  -58.947  -17.223  -20.404 0.0000000000
66314  -59.808  -17.149  -19.905 0.0000000000
66315  -60.299  -17.138  -19.588 0.0000000000
66316  -64.056  -17.449  -20.738 0.0000000000
66317  -64.893  -17.750  -20.437 0.0000000000
66318  -65.388  -17.737  -19.976 0.0000000000
66319  -66.977  -17.289  -20.784 0.0000000000
66320  -68.009  -17.941  -20.439 0.0000000000
66321  -68.595  -18.542  -19.621 0.0000000000
66331  -55.963  -17.982  -22.151 0.0000000000
66332  -56.509  -17.760  -21.686 0.0000000000
66333  -57.453  -17.376  -21.421 0.0000000000
66334  -58.299  -17.106  -21.160 0.0000000000
66335  -62.188  -17.236  -21.801 0.0000000000
66336  -62.939  -17.434  -21.623 0.0000000000
66337  -63.792  -17.805  -21.471 0.0000000000
66338  -64.493  -17.963  -21.065 0.0000000000
66339  -65.710  -16.819  -21.648 0.0000000000
66340  -66.396  -17.381  -21.690 0.0000000000
66341  -67.437  -18.103  -21.613 0.0000000000
66350  -55.964  -18.016  -22.497 0.0000000000
66351  -56.379  -17.825  -22.553 0.0000000000
66352  -57.205  -17.460  -22.339 0.0000000000
66353  -58.321  -17.112  -22.162 0.0000000000
66354  -59.405  -17.200  -22.481 0.0000000000
66355  -60.368  -17.295  -22.578 0.0000000000
66356  -61.509  -17.570  -22.520 0.0000000000
66357  -62.589  -17.865  -22.245 0.0000000000
66358  -63.276  -17.987  -22.003 0.0000000000
66359  -64.700  -16.968  -22.791 0.0000000000
66360  -65.440  -17.220  -22.452 0.0000000000
66361  -66.620  -18.148  -22.531 0.0000000000
66362  -67.367  -18.500  -22.237 0.0000000000
66372  -56.959  -17.733  -23.042 0.0000000000
66373  -57.819  -17.560  -23.074 0.0000000000
66374  -58.854  -17.538  -23.124 0.0000000000
66375  -59.856  -17.678  -23.171 0.0000000000
66376  -60.773  -17.875  -23.128 0.0000000000
66377  -61.288  -18.077  -23.054 0.0000000000
66378  -62.774  -16.873  -24.135 0.0000000000
66379  -63.304  -17.113  -23.918 0.0000000000
66380  -64.498  -17.513  -23.510 0.0000000000
66381  -65.737  -18.003  -23.191 0.0000000000
66382  -66.321  -18.394  -23.134 0.0000000000
66393  -62.441  -17.428  -24.708 0.0000000000
66394  -63.606  -17.779  -24.298 0.0000000000
66395  -64.191  -18.038  -24.181 0.0000000000
66407  -62.049  -17.931  -25.440 0.0000000000
67604  -59.122  -16.749  -14.656 0.0000000000
67605  -59.534  -16.693  -14.664 0.0000000000
67606  -60.396  -16.591  -14.653 0.0000000000
67607  -61.521  -16.371  -14.564 0.0000000000
67608  -62.647  -16.548  -14.421 0.0000000000
67609  -63.691  -16.682  -14.455 0.0000000000
67610  -64.732  -16.802  -14.418 0.0000000000
67611  -65.731  -16.826  -14.266 0.0000000000
67612  -66.619  -16.819  -14.218 0.0000000000
67613  -67.327  -16.839  -14.524 0.0000000000
67626  -56.103  -16.833  -15.604 0.0000000000
67627  -56.663  -16.455  -15.536 0.0000000000
67628  -57.798  -16.513  -15.272 0.0000000000
67629  -58.883  -16.448  -14.901 0.0000000000
67630  -59.889  -16.167  -14.874 0.0000000000
67631  -60.817  -16.019  -14.822 0.0000000000
67632  -61.377  -15.906  -14.750 0.0000000000
67633  -67.920  -16.840  -15.033 0.0000000000
67634  -68.206  -16.891  -15.778 0.0000000000
67646  -52.651  -17.225  -16.757 0.0000000000
67647  -53.267  -16.934  -16.687 0.0000000000
67648  -54.376  -16.448  -16.548 0.0000000000
67649  -55.664  -16.441  -15.970 0.0000000000
67650  -56.263  -16.021  -15.835 0.0000000000
67651  -68.271  -16.954  -16.601 0.0000000000
67665  -45.915  -16.626  -17.263 0.0000000000
67666  -46.450  -16.541  -17.752 0.0000000000
67667  -47.039  -16.616  -18.061 0.0000000000
67668  -49.762  -17.041  -17.845 0.0000000000
67669  -50.311  -16.819  -17.805 0.0000000000
67670  -51.254  -16.532  -17.645 0.0000000000
67671  -52.354  -16.635  -17.153 0.0000000000
67672  -53.444  -16.144  -17.098 0.0000000000
67673  -54.148  -15.784  -17.054 0.0000000000
67674  -67.962  -16.499  -17.907 0.0000000000
67675  -68.214  -16.936  -17.564 0.0000000000
67691  -46.792  -16.201  -18.184 0.0000000000
67692  -47.418  -16.272  -18.352 0.0000000000
67693  -48.328  -16.302  -18.455 0.0000000000
67694  -49.450  -16.499  -18.251 0.0000000000
67695  -50.540  -16.136  -18.222 0.0000000000
67696  -51.341  -15.840  -18.135 0.0000000000
67697  -61.652  -17.082  -18.863 0.0000000000
67698  -62.102  -16.926  -18.866 0.0000000000
67699  -62.884  -16.776  -18.896 0.0000000000
67700  -63.637  -16.818  -18.987 0.0000000000
67701  -67.331  -16.237  -18.753 0.0000000000
67702  -67.747  -16.628  -18.428 0.0000000000
67703  -68.318  -17.297  -18.081 0.0000000000
67718  -60.946  -16.866  -19.533 0.0000000000
67719  -61.447  -16.840  -19.381 0.0000000000
67720  -62.376  -16.656  -19.541 0.0000000000
67721  -63.228  -16.695  -19.586 0.0000000000
67722  -64.032  -16.951  -19.565 0.0000000000
67723  -67.167  -16.374  -19.181 0.0000000000
67724  -67.587  -16.933  -19.171 0.0000000000
67736  -59.276  -16.874  -20.857 0.0000000000
67737  -59.746  -16.852  -20.613 0.0000000000
67738  -60.685  -16.691  -20.073 0.0000000000
67739  -61.852  -16.600  -20.287 0.0000000000
67740  -62.814  -16.670  -20.302 0.0000000000
67741  -63.628  -16.940  -20.239 0.0000000000
67742  -64.278  -17.248  -20.160 0.0000000000
67743  -65.852  -16.065  -20.584 0.0000000000
67744  -66.517  -16.421  -20.074 0.0000000000
67745  -67.392  -17.096  -19.826 0.0000000000
67755  -58.950  -16.898  -21.174 0.0000000000
67756  -59.544  -16.795  -21.273 0.0000000000
67757  -60.321  -16.702  -21.213 0.0000000000
67758  -61.399  -16.743  -21.335 0.0000000000
67759  -62.431  -16.851  -21.089 0.0000000000
67760  -63.297  -17.109  -20.950 0.0000000000
67761  -64.927  -15.998  -21.690 0.0000000000
67762  -65.446  -16.152  -21.244 0.0000000000
67763  -66.132  -16.710  -21.003 0.0000000000
67769  -58.661  -16.972  -21.581 0.0000000000
67770  -59.125  -16.928  -21.786 0.0000000000
67771  -59.906  -16.862  -21.932 0.0000000000
67772  -60.711  -16.922  -21.972 0.0000000000
67773  -64.008  -16.172  -22.729 0.0000000000
67774  -64.620  -16.353  -22.315 0.0000000000
67775  -65.219  -16.521  -21.871 0.0000000000
67783  -62.948  -16.448  -23.761 0.0000000000
67784  -63.654  -16.499  -23.282 0.0000000000
67785  -64.290  -16.712  -22.924 0.0000000000
69097  -61.814  -15.811  -14.777 0.0000000000
69098  -62.493  -15.908  -14.604 0.0000000000
69099  -63.459  -16.050  -14.571 0.0000000000
69100  -64.471  -16.162  -14.599 0.0000000000
69101  -65.392  -16.109  -14.405 0.0000000000
69102  -66.264  -15.860  -14.296 0.0000000000
69103  -67.006  -15.939  -14.427 0.0000000000
69107  -56.695  -15.817  -15.852 0.0000000000
69108  -57.431  -15.911  -15.720 0.0000000000
69109  -58.404  -15.945  -15.572 0.0000000000
69110  -59.405  -15.835  -15.447 0.0000000000
69111  -60.398  -15.715  -15.400 0.0000000000
69112  -61.394  -15.644  -15.291 0.0000000000
69113  -62.341  -15.584  -15.245 0.0000000000
69114  -63.228  -15.642  -15.092 0.0000000000
69115  -64.229  -15.684  -15.125 0.0000000000
69116  -65.246  -15.590  -14.847 0.0000000000
69117  -65.835  -15.555  -14.567 0.0000000000
69118  -67.664  -15.649  -14.876 0.0000000000
69119  -68.124  -15.722  -15.570 0.0000000000
69123  -54.561  -15.751  -16.840 0.0000000000
69124  -55.149  -15.710  -16.616 0.0000000000
69125  -56.145  -15.592  -16.329 0.0000000000
69126  -57.111  -15.567  -16.386 0.0000000000
69127  -58.040  -15.715  -16.346 0.0000000000
69128  -59.004  -15.642  -16.252 0.0000000000
69129  -59.981  -15.508  -16.183 0.0000000000
69130  -60.985  -15.424  -16.179 0.0000000000
69131  -62.071  -15.308  -16.241 0.0000000000
69132  -63.071  -15.413  -15.873 0.0000000000
69133  -63.791  -15.446  -15.604 0.0000000000
69134  -68.249  -15.803  -16.342 0.0000000000
69138  -46.360  -15.894  -18.057 0.0000000000
69139  -51.934  -15.926  -17.746 0.0000000000
69140  -52.776  -15.667  -17.635 0.0000000000
69141  -53.730  -15.417  -17.518 0.0000000000
69142  -54.687  -15.269  -17.403 0.0000000000
69143  -55.676  -15.232  -17.169 0.0000000000
69144  -56.729  -15.324  -17.299 0.0000000000
69145  -57.714  -15.511  -17.158 0.0000000000
69146  -58.651  -15.504  -17.101 0.0000000000
69147  -59.600  -15.417  -17.043 0.0000000000
69148  -60.559  -15.349  -17.021 0.0000000000
69149  -61.545  -15.179  -17.104 0.0000000000
69150  -62.057  -15.113  -16.884 0.0000000000
69151  -67.847  -15.957  -17.708 0.0000000000
69152  -68.141  -15.945  -17.085 0.0000000000
69158  -46.830  -15.562  -18.458 0.0000000000
69159  -47.759  -15.481  -18.782 0.0000000000
69160  -48.847  -15.647  -18.780 0.0000000000
69161  -49.884  -15.574  -18.676 0.0000000000
69162  -50.902  -15.410  -18.613 0.0000000000
69163  -52.069  -15.216  -18.497 0.0000000000
69164  -53.253  -15.019  -18.174 0.0000000000
69165  -54.154  -14.833  -17.944 0.0000000000
69166  -54.634  -14.886  -17.884 0.0000000000
69167  -57.522  -15.322  -17.913 0.0000000000
69168  -58.331  -15.324  -17.921 0.0000000000
69169  -59.246  -15.277  -17.896 0.0000000000
69170  -60.179  -15.257  -17.856 0.0000000000
69171  -61.055  -15.137  -17.768 0.0000000000
69172  -61.517  -15.002  -17.681 0.0000000000
69173  -67.169  -15.708  -18.678 0.0000000000
69174  -67.546  -15.591  -18.142 0.0000000000
69186  -48.371  -14.987  -19.167 0.0000000000
69187  -49.264  -14.970  -19.226 0.0000000000
69188  -50.303  -14.937  -19.189 0.0000000000
69189  -51.294  -14.886  -19.130 0.0000000000
69190  -51.873  -14.829  -19.101 0.0000000000
69191  -66.601  -15.529  -19.367 0.0000000000
69206  -65.534  -15.373  -20.753 0.0000000000
69207  -66.045  -15.430  -20.099 0.0000000000
69224  -64.549  -15.446  -21.880 0.0000000000
69225  -65.062  -15.376  -21.346 0.0000000000
69244  -64.105  -15.539  -22.434 0.0000000000
70491  -66.736  -15.387  -14.459 0.0000000000
70492  -67.152  -15.180  -14.565 0.0000000000
70496  -64.288  -15.324  -15.639 0.0000000000
70497  -64.988  -15.141  -15.544 0.0000000000
70498  -66.366  -14.808  -15.059 0.0000000000
70499  -67.545  -14.569  -15.015 0.0000000000
70500  -68.181  -14.597  -15.409 0.0000000000
70503  -62.324  -15.099  -16.804 0.0000000000
70504  -62.881  -15.078  -16.693 0.0000000000
70505  -64.095  -14.992  -16.346 0.0000000000
70506  -65.548  -14.382  -16.359 0.0000000000
70507  -66.340  -14.214  -15.876 0.0000000000
70508  -68.500  -14.650  -16.127 0.0000000000
70512  -54.883  -14.925  -17.871 0.0000000000
70513  -55.349  -15.014  -17.875 0.0000000000
70514  -56.105  -15.125  -17.868 0.0000000000
70515  -61.762  -14.935  -17.601 0.0000000000
70516  -62.299  -14.863  -17.386 0.0000000000
70517  -63.406  -14.606  -17.426 0.0000000000
70520  -68.057  -15.317  -17.397 0.0000000000
70521  -68.362  -14.743  -17.083 0.0000000000
70526  -47.083  -14.945  -18.770 0.0000000000
70527  -52.311  -14.763  -19.189 0.0000000000
70528  -52.996  -14.760  -18.985 0.0000000000
70529  -53.931  -14.682  -18.772 0.0000000000
70530  -54.890  -14.809  -18.479 0.0000000000
70531  -55.919  -14.959  -18.601 0.0000000000
70532  -56.922  -15.121  -18.475 0.0000000000
70533  -57.975  -15.099  -18.676 0.0000000000
70534  -58.900  -15.033  -18.706 0.0000000000
70535  -59.826  -15.047  -18.699 0.0000000000
70536  -60.743  -14.879  -18.570 0.0000000000
70537  -61.696  -14.730  -18.227 0.0000000000
70541  -67.403  -14.959  -18.359 0.0000000000
70542  -67.964  -14.724  -17.843 0.0000000000
70543  -68.346  -14.355  -17.563 0.0000000000
70549  -47.514  -14.519  -19.204 0.0000000000
70550  -48.481  -14.289  -19.818 0.0000000000
70551  -49.686  -14.474  -19.886 0.0000000000
70552  -50.798  -14.536  -19.881 0.0000000000
70553  -51.853  -14.637  -19.758 0.0000000000
70554  -52.800  -14.696  -19.810 0.0000000000
70555  -53.716  -14.666  -19.705 0.0000000000
70556  -54.674  -14.678  -19.561 0.0000000000
70557  -55.657  -14.774  -19.483 0.0000000000
70558  -56.645  -14.870  -19.460 0.0000000000
70559  -57.624  -14.894  -19.472 0.0000000000
70560  -58.564  -14.810  -19.503 0.0000000000
70561  -59.472  -14.753  -19.512 0.0000000000
70562  -60.371  -14.677  -19.447 0.0000000000
70565  -66.984  -14.592  -18.907 0.0000000000
70566  -67.599  -14.338  -18.465 0.0000000000
70575  -49.068  -13.932  -20.441 0.0000000000
70576  -50.212  -14.112  -20.835 0.0000000000
70577  -51.427  -14.444  -20.736 0.0000000000
70578  -52.477  -14.600  -20.682 0.0000000000
70579  -53.467  -14.678  -20.624 0.0000000000
70580  -54.441  -14.687  -20.531 0.0000000000
70581  -55.421  -14.697  -20.441 0.0000000000
70582  -56.396  -14.717  -20.377 0.0000000000
70583  -57.347  -14.720  -20.337 0.0000000000
70584  -58.269  -14.664  -20.325 0.0000000000
70585  -59.132  -14.550  -20.296 0.0000000000
71917  -66.768  -13.956  -15.710 0.0000000000
71918  -67.403  -13.800  -15.495 0.0000000000
71919  -68.079  -13.748  -15.381 0.0000000000
71925  -67.120  -13.502  -15.994 0.0000000000
71926  -68.695  -13.476  -15.922 0.0000000000
71934  -68.811  -13.717  -16.753 0.0000000000
73314  -67.891  -13.332  -15.577 0.0000000000
73315  -68.234  -13.150  -15.733 0.0000000000
