#!ascii label  , from subject colin27_FS vox2ras=TkReg
302
118712  -6.386  23.705  -29.038 0.0000000000
118713  -6.867  23.494  -29.854 0.0000000000
118720  -6.909  24.233  -29.923 0.0000000000
118721  -7.580  23.731  -30.616 0.0000000000
118729  -8.213  24.088  -31.245 0.0000000000
118754  -12.862  24.010  -32.845 0.0000000000
118775  -13.111  24.303  -33.277 0.0000000000
118776  -13.582  24.100  -33.289 0.0000000000
118777  -14.484  24.063  -33.584 0.0000000000
118799  -14.888  24.440  -34.184 0.0000000000
118800  -15.596  24.347  -34.319 0.0000000000
118813  -16.117  24.600  -34.789 0.0000000000
118814  -16.430  24.462  -34.625 0.0000000000
119967  -5.996  24.930  -28.369 0.0000000000
119973  -6.029  24.310  -28.633 0.0000000000
119974  -6.417  24.864  -29.221 0.0000000000
119981  -6.875  25.000  -30.009 0.0000000000
119982  -7.312  24.803  -30.605 0.0000000000
119988  -7.981  24.796  -31.431 0.0000000000
119989  -8.690  24.382  -31.700 0.0000000000
119990  -9.501  24.190  -31.878 0.0000000000
119991  -10.422  24.044  -32.007 0.0000000000
119992  -11.230  23.821  -32.014 0.0000000000
120006  -8.189  25.235  -31.980 0.0000000000
120007  -8.565  24.996  -32.084 0.0000000000
120008  -9.276  24.829  -32.288 0.0000000000
120009  -10.317  24.852  -32.622 0.0000000000
120010  -11.319  24.414  -32.595 0.0000000000
120011  -12.019  24.000  -32.454 0.0000000000
120031  -10.758  25.351  -33.109 0.0000000000
120032  -11.326  25.083  -33.132 0.0000000000
120033  -12.489  24.757  -33.344 0.0000000000
120034  -13.480  24.500  -33.621 0.0000000000
120035  -13.963  24.300  -33.662 0.0000000000
120057  -12.917  25.278  -33.913 0.0000000000
120058  -13.409  25.053  -33.978 0.0000000000
120059  -14.274  24.733  -34.129 0.0000000000
120060  -15.150  24.859  -34.615 0.0000000000
120077  -15.875  24.952  -34.941 0.0000000000
120078  -16.536  24.966  -35.031 0.0000000000
121073  -5.859  25.478  -27.892 0.0000000000
121081  -6.095  25.528  -28.606 0.0000000000
121088  -6.324  25.750  -29.185 0.0000000000
121097  -6.654  25.653  -29.749 0.0000000000
121098  -7.057  25.624  -30.390 0.0000000000
121105  -7.491  25.661  -31.105 0.0000000000
121112  -7.929  25.775  -31.896 0.0000000000
121113  -8.386  25.558  -32.333 0.0000000000
121114  -8.959  25.414  -32.567 0.0000000000
121115  -9.620  25.329  -32.744 0.0000000000
121128  -8.193  26.131  -32.443 0.0000000000
121129  -8.651  26.052  -32.748 0.0000000000
121130  -9.328  25.952  -32.980 0.0000000000
121131  -10.200  25.765  -33.144 0.0000000000
121132  -11.122  25.839  -33.494 0.0000000000
121133  -11.854  25.460  -33.576 0.0000000000
121149  -11.795  26.052  -33.873 0.0000000000
121150  -12.491  25.725  -33.989 0.0000000000
121151  -13.248  25.685  -34.291 0.0000000000
121152  -13.984  25.534  -34.512 0.0000000000
121153  -14.736  25.427  -34.789 0.0000000000
121170  -15.455  25.551  -35.165 0.0000000000
121171  -16.353  25.746  -35.439 0.0000000000
121180  -15.776  26.076  -35.571 0.0000000000
121181  -16.117  26.271  -35.727 0.0000000000
122042  -5.670  25.930  -27.560 0.0000000000
122047  -5.498  26.452  -27.734 0.0000000000
122048  -5.816  26.024  -28.141 0.0000000000
122052  -5.315  27.069  -28.064 0.0000000000
122053  -5.641  26.608  -28.360 0.0000000000
122054  -6.014  26.217  -28.781 0.0000000000
122060  -5.492  27.098  -28.561 0.0000000000
122061  -5.806  26.893  -28.881 0.0000000000
122062  -6.361  26.597  -29.479 0.0000000000
122063  -6.797  26.906  -30.085 0.0000000000
122070  -6.821  26.245  -30.082 0.0000000000
122071  -7.160  26.573  -30.674 0.0000000000
122076  -7.558  26.606  -31.506 0.0000000000
122082  -7.895  26.704  -32.223 0.0000000000
122093  -8.314  26.766  -32.764 0.0000000000
122094  -8.926  26.719  -33.128 0.0000000000
122095  -9.699  26.625  -33.369 0.0000000000
122096  -10.526  26.596  -33.610 0.0000000000
122097  -11.331  26.747  -33.988 0.0000000000
122111  -12.151  26.589  -34.316 0.0000000000
122112  -12.946  26.383  -34.567 0.0000000000
122113  -13.690  26.196  -34.762 0.0000000000
122114  -14.462  26.171  -35.106 0.0000000000
122115  -14.988  25.825  -35.139 0.0000000000
122132  -14.862  26.758  -35.666 0.0000000000
122133  -15.220  26.181  -35.442 0.0000000000
122145  -15.314  27.779  -37.582 0.0000000000
122146  -16.108  27.907  -37.531 0.0000000000
122147  -17.060  28.095  -37.564 0.0000000000
122988  -4.987  27.707  -27.812 0.0000000000
122991  -5.324  27.718  -28.612 0.0000000000
122992  -5.505  28.094  -29.040 0.0000000000
122998  -5.582  27.314  -28.830 0.0000000000
122999  -5.872  27.645  -29.215 0.0000000000
123000  -6.536  27.610  -29.827 0.0000000000
123001  -6.988  27.589  -30.425 0.0000000000
123007  -7.323  27.530  -31.137 0.0000000000
123012  -7.621  27.543  -31.911 0.0000000000
123018  -7.980  27.577  -32.612 0.0000000000
123028  -8.524  27.586  -33.177 0.0000000000
123029  -9.261  27.484  -33.541 0.0000000000
123030  -10.060  27.342  -33.759 0.0000000000
123031  -10.754  27.317  -33.973 0.0000000000
123032  -11.195  27.490  -34.266 0.0000000000
123045  -11.735  27.353  -34.521 0.0000000000
123046  -12.590  27.276  -35.018 0.0000000000
123047  -13.480  26.786  -35.069 0.0000000000
123048  -13.955  26.530  -35.080 0.0000000000
123062  -12.948  28.294  -37.838 0.0000000000
123063  -13.712  28.108  -38.002 0.0000000000
123064  -14.136  26.856  -35.434 0.0000000000
123072  -13.131  28.259  -37.871 0.0000000000
123073  -13.540  28.094  -38.158 0.0000000000
123074  -14.499  27.957  -37.889 0.0000000000
123075  -15.396  27.900  -37.285 0.0000000000
123076  -16.650  28.044  -37.253 0.0000000000
123084  -13.225  28.434  -37.817 0.0000000000
123085  -13.618  28.317  -37.917 0.0000000000
123086  -14.186  28.185  -37.929 0.0000000000
123087  -14.726  28.074  -37.709 0.0000000000
123917  -4.656  28.526  -27.571 0.0000000000
123921  -4.901  28.453  -28.366 0.0000000000
123922  -5.236  28.522  -28.972 0.0000000000
123926  -5.689  28.557  -29.369 0.0000000000
123927  -6.904  29.726  -30.624 0.0000000000
123928  -7.326  29.919  -30.964 0.0000000000
123933  -7.578  29.890  -31.405 0.0000000000
123939  -7.733  29.972  -31.316 0.0000000000
123947  -7.671  28.464  -32.351 0.0000000000
123954  -8.102  28.495  -33.077 0.0000000000
123955  -8.837  28.565  -33.782 0.0000000000
123956  -9.711  28.117  -33.995 0.0000000000
123957  -10.478  27.895  -34.175 0.0000000000
123958  -10.915  27.748  -34.254 0.0000000000
123970  -9.041  29.080  -34.246 0.0000000000
123971  -9.486  28.822  -34.316 0.0000000000
123972  -10.225  28.543  -34.490 0.0000000000
123973  -11.328  29.222  -37.005 0.0000000000
123974  -11.910  27.736  -34.907 0.0000000000
123990  -11.643  29.028  -37.306 0.0000000000
123991  -12.077  28.777  -37.419 0.0000000000
123992  -15.845  28.837  -36.629 0.0000000000
124008  -11.914  29.007  -37.449 0.0000000000
124009  -12.370  28.669  -37.622 0.0000000000
124010  -14.455  28.730  -37.462 0.0000000000
124011  -14.949  28.638  -37.296 0.0000000000
124012  -16.155  28.475  -37.081 0.0000000000
124024  -12.192  28.990  -37.540 0.0000000000
124025  -12.814  28.725  -37.694 0.0000000000
124026  -13.422  28.681  -37.756 0.0000000000
124027  -14.141  28.647  -37.677 0.0000000000
124028  -14.504  28.346  -37.720 0.0000000000
124904  -4.217  29.989  -27.588 0.0000000000
124905  -4.382  29.591  -27.322 0.0000000000
124909  -3.577  30.838  -28.928 0.0000000000
124910  -4.537  29.314  -28.309 0.0000000000
124911  -4.888  29.041  -28.883 0.0000000000
124913  -3.692  30.666  -29.718 0.0000000000
124914  -3.902  30.257  -30.360 0.0000000000
124915  -4.155  30.153  -30.733 0.0000000000
124916  -5.960  29.842  -30.624 0.0000000000
124917  -6.912  29.918  -30.883 0.0000000000
124919  -3.739  30.399  -30.184 0.0000000000
124920  -4.016  30.247  -30.673 0.0000000000
124921  -4.274  29.869  -31.011 0.0000000000
124922  -7.282  30.120  -31.286 0.0000000000
124925  -4.355  30.237  -31.044 0.0000000000
124926  -4.645  30.142  -31.360 0.0000000000
124927  -7.563  30.093  -31.294 0.0000000000
124932  -7.468  30.114  -31.452 0.0000000000
124938  -7.680  29.390  -32.834 0.0000000000
124939  -8.145  29.420  -33.579 0.0000000000
124950  -8.404  30.526  -36.060 0.0000000000
124951  -8.994  30.174  -36.098 0.0000000000
124952  -9.733  29.869  -36.288 0.0000000000
124953  -10.566  29.590  -36.583 0.0000000000
124954  -15.230  29.769  -35.207 0.0000000000
124955  -15.847  29.665  -35.112 0.0000000000
124970  -8.645  30.420  -36.150 0.0000000000
124971  -9.273  30.139  -36.254 0.0000000000
124972  -10.150  29.780  -36.456 0.0000000000
124973  -10.937  29.406  -36.895 0.0000000000
124974  -13.395  29.889  -36.562 0.0000000000
124975  -13.906  29.642  -36.472 0.0000000000
124976  -15.002  29.315  -36.182 0.0000000000
124977  -16.278  29.154  -35.857 0.0000000000
124993  -10.702  29.758  -36.681 0.0000000000
124994  -11.587  29.504  -37.148 0.0000000000
124995  -12.395  29.710  -37.282 0.0000000000
124996  -13.270  29.593  -37.041 0.0000000000
124997  -14.258  29.061  -37.200 0.0000000000
124998  -14.761  28.995  -36.959 0.0000000000
125008  -12.383  29.205  -37.516 0.0000000000
125009  -13.002  29.167  -37.570 0.0000000000
125010  -13.706  29.036  -37.533 0.0000000000
125011  -13.873  29.173  -37.409 0.0000000000
125858  -3.542  31.607  -28.576 0.0000000000
125863  -3.567  31.256  -29.124 0.0000000000
125865  -3.714  30.973  -29.751 0.0000000000
125866  -3.910  31.073  -30.114 0.0000000000
125867  -5.348  29.676  -30.877 0.0000000000
125868  -6.284  30.113  -30.897 0.0000000000
125869  -6.973  30.582  -30.567 0.0000000000
125872  -3.876  30.595  -30.284 0.0000000000
125873  -4.198  30.742  -30.663 0.0000000000
125874  -4.830  30.068  -31.574 0.0000000000
125875  -5.316  30.231  -31.772 0.0000000000
125876  -5.664  30.209  -32.133 0.0000000000
125880  -4.601  30.558  -31.250 0.0000000000
125881  -5.088  30.399  -31.584 0.0000000000
125882  -5.822  30.513  -32.025 0.0000000000
125883  -6.102  30.525  -32.293 0.0000000000
125886  -6.383  30.905  -32.643 0.0000000000
125887  -6.410  30.676  -32.719 0.0000000000
125893  -6.639  31.159  -33.094 0.0000000000
125894  -7.641  30.434  -33.382 0.0000000000
125895  -7.902  30.796  -36.001 0.0000000000
125896  -15.556  30.925  -33.781 0.0000000000
125897  -16.099  30.872  -33.715 0.0000000000
125905  -7.488  31.272  -35.883 0.0000000000
125906  -8.076  30.770  -36.132 0.0000000000
125907  -13.714  30.537  -35.340 0.0000000000
125908  -14.331  30.451  -34.866 0.0000000000
125909  -15.312  30.376  -34.397 0.0000000000
125910  -16.420  30.188  -34.259 0.0000000000
125920  -7.736  31.213  -36.276 0.0000000000
125921  -8.643  30.826  -36.293 0.0000000000
125922  -9.718  30.297  -36.365 0.0000000000
125923  -10.273  30.003  -36.504 0.0000000000
125924  -12.724  30.720  -36.250 0.0000000000
125925  -13.417  30.248  -36.058 0.0000000000
125926  -14.173  29.974  -35.676 0.0000000000
125927  -14.790  29.917  -35.231 0.0000000000
125937  -8.858  31.201  -36.375 0.0000000000
125938  -9.494  30.945  -36.406 0.0000000000
125939  -10.564  30.386  -36.608 0.0000000000
125940  -11.666  30.365  -36.930 0.0000000000
125941  -12.503  30.267  -36.818 0.0000000000
125942  -13.047  30.140  -36.576 0.0000000000
126810  -6.915  30.933  -30.187 0.0000000000
126811  -7.067  30.891  -30.333 0.0000000000
126818  -6.551  31.010  -30.290 0.0000000000
126819  -6.880  31.230  -30.382 0.0000000000
126823  -5.096  31.101  -31.494 0.0000000000
126824  -5.439  31.376  -31.620 0.0000000000
126825  -6.205  31.490  -32.428 0.0000000000
126828  -6.791  31.768  -33.393 0.0000000000
126829  -6.917  32.302  -34.155 0.0000000000
126834  -6.880  31.622  -33.745 0.0000000000
126835  -7.112  32.094  -34.832 0.0000000000
126836  -13.998  31.683  -33.984 0.0000000000
126837  -14.838  31.528  -33.665 0.0000000000
126838  -15.699  31.471  -33.489 0.0000000000
126839  -16.652  31.671  -33.344 0.0000000000
126847  -7.129  31.826  -36.068 0.0000000000
126848  -12.868  31.541  -34.989 0.0000000000
126849  -13.652  31.155  -34.700 0.0000000000
126850  -14.521  31.019  -34.158 0.0000000000
126851  -15.163  31.048  -33.807 0.0000000000
126861  -7.668  31.703  -36.415 0.0000000000
126862  -8.038  31.302  -36.360 0.0000000000
126863  -9.680  31.888  -36.263 0.0000000000
126864  -10.505  31.853  -36.273 0.0000000000
126865  -11.427  31.778  -36.200 0.0000000000
126866  -12.318  31.543  -35.753 0.0000000000
126867  -13.101  30.955  -35.512 0.0000000000
126877  -7.918  31.842  -36.454 0.0000000000
126878  -8.330  31.539  -36.398 0.0000000000
126879  -9.098  31.574  -36.366 0.0000000000
126880  -10.057  31.296  -36.411 0.0000000000
126881  -11.030  31.156  -36.593 0.0000000000
126882  -11.983  31.071  -36.590 0.0000000000
127806  -6.606  32.446  -32.871 0.0000000000
127807  -6.837  32.617  -33.760 0.0000000000
127816  -6.849  32.814  -34.701 0.0000000000
127817  -10.858  32.813  -34.335 0.0000000000
127818  -11.626  32.627  -34.108 0.0000000000
127819  -12.397  32.538  -33.663 0.0000000000
127820  -13.352  32.240  -33.659 0.0000000000
127821  -14.389  31.893  -33.614 0.0000000000
127822  -15.300  31.816  -33.359 0.0000000000
127828  -6.829  32.968  -36.070 0.0000000000
127829  -8.215  32.965  -35.735 0.0000000000
127830  -9.290  32.790  -35.454 0.0000000000
127831  -10.260  32.706  -35.029 0.0000000000
127832  -11.275  32.489  -34.929 0.0000000000
127833  -12.205  32.144  -34.763 0.0000000000
127834  -13.115  31.934  -34.292 0.0000000000
127841  -7.317  32.219  -36.427 0.0000000000
127842  -7.813  32.435  -36.247 0.0000000000
127843  -8.834  32.286  -36.178 0.0000000000
127844  -9.912  32.311  -35.835 0.0000000000
127845  -10.867  32.290  -35.699 0.0000000000
127846  -11.651  32.113  -35.521 0.0000000000
127855  -7.718  32.068  -36.476 0.0000000000
127856  -8.165  32.031  -36.435 0.0000000000
127857  -8.584  31.872  -36.402 0.0000000000
