#!ascii label  , from subject colin27_FS vox2ras=TkReg
219
110556  -26.131  16.570  -48.670 0.0000000000
110566  -21.663  16.261  -49.830 0.0000000000
110567  -22.136  16.347  -49.565 0.0000000000
110568  -22.804  16.351  -49.393 0.0000000000
110569  -23.672  16.342  -49.290 0.0000000000
110570  -24.627  16.360  -49.109 0.0000000000
110571  -25.446  16.497  -48.851 0.0000000000
111683  -26.614  17.432  -48.757 0.0000000000
111684  -27.522  17.647  -48.547 0.0000000000
111685  -28.492  17.966  -48.115 0.0000000000
111690  -22.048  17.078  -49.738 0.0000000000
111691  -22.540  17.185  -49.492 0.0000000000
111692  -23.277  17.264  -49.362 0.0000000000
111693  -24.181  17.285  -49.276 0.0000000000
111694  -25.089  17.314  -49.146 0.0000000000
111695  -25.846  17.344  -48.857 0.0000000000
111704  -21.760  16.988  -50.135 0.0000000000
111721  -21.644  16.919  -50.625 0.0000000000
111732  -21.841  17.061  -51.166 0.0000000000
111733  -22.399  17.238  -51.688 0.0000000000
112921  -29.156  18.971  -46.407 0.0000000000
112922  -29.702  18.614  -46.230 0.0000000000
112923  -30.464  18.824  -45.430 0.0000000000
112935  -28.224  18.868  -47.260 0.0000000000
112936  -29.000  18.627  -47.057 0.0000000000
112937  -29.466  18.375  -46.704 0.0000000000
112941  -26.142  18.499  -48.906 0.0000000000
112942  -26.881  18.429  -48.614 0.0000000000
112943  -27.852  18.631  -47.956 0.0000000000
112944  -28.402  18.586  -47.609 0.0000000000
112947  -22.295  17.765  -49.634 0.0000000000
112948  -22.843  18.143  -49.444 0.0000000000
112949  -23.733  18.142  -49.319 0.0000000000
112950  -24.667  18.177  -49.189 0.0000000000
112951  -25.568  18.176  -48.969 0.0000000000
112952  -26.208  17.993  -48.805 0.0000000000
112958  -21.958  17.792  -49.963 0.0000000000
112959  -22.188  18.488  -49.655 0.0000000000
112968  -21.814  17.703  -50.535 0.0000000000
112969  -21.851  18.558  -50.303 0.0000000000
112981  -21.804  17.518  -50.929 0.0000000000
112982  -22.117  18.298  -51.346 0.0000000000
112983  -22.662  17.924  -51.950 0.0000000000
112993  -22.524  19.060  -51.840 0.0000000000
112994  -23.046  18.662  -52.232 0.0000000000
114057  -30.945  20.037  -45.478 0.0000000000
114058  -31.176  19.493  -44.935 0.0000000000
114059  -31.991  19.771  -43.961 0.0000000000
114068  -29.199  20.080  -46.501 0.0000000000
114069  -29.421  19.576  -46.252 0.0000000000
114070  -30.373  19.555  -45.675 0.0000000000
114071  -30.661  19.280  -45.353 0.0000000000
114084  -27.968  20.077  -47.283 0.0000000000
114085  -28.477  19.609  -46.903 0.0000000000
114086  -28.919  19.178  -46.569 0.0000000000
114096  -25.717  19.297  -49.228 0.0000000000
114097  -26.214  19.166  -48.976 0.0000000000
114098  -27.398  19.570  -47.924 0.0000000000
114099  -27.862  19.141  -47.396 0.0000000000
114103  -23.342  18.832  -49.237 0.0000000000
114104  -24.164  18.952  -49.097 0.0000000000
114105  -25.292  19.067  -49.047 0.0000000000
114106  -25.817  18.716  -49.074 0.0000000000
114114  -22.695  19.103  -49.355 0.0000000000
114127  -22.103  19.355  -49.810 0.0000000000
114139  -21.996  19.460  -50.678 0.0000000000
114147  -22.311  19.559  -51.486 0.0000000000
114148  -22.757  19.700  -52.132 0.0000000000
114149  -23.601  19.843  -52.762 0.0000000000
114157  -24.342  20.115  -53.260 0.0000000000
115239  -30.675  20.958  -46.234 0.0000000000
115240  -30.796  20.553  -45.889 0.0000000000
115241  -31.344  20.577  -45.256 0.0000000000
115242  -31.882  20.533  -44.458 0.0000000000
115250  -29.192  20.511  -46.770 0.0000000000
115251  -29.995  20.495  -46.398 0.0000000000
115252  -30.118  20.050  -46.040 0.0000000000
115262  -25.320  20.244  -49.005 0.0000000000
115263  -25.550  20.222  -49.123 0.0000000000
115264  -25.993  20.319  -49.128 0.0000000000
115265  -27.861  20.532  -47.569 0.0000000000
115266  -28.509  20.546  -47.097 0.0000000000
115280  -25.052  19.762  -49.042 0.0000000000
115281  -25.601  19.703  -49.188 0.0000000000
115282  -26.582  20.151  -48.744 0.0000000000
115283  -27.317  20.488  -48.108 0.0000000000
115296  -23.446  19.654  -49.054 0.0000000000
115297  -24.663  19.717  -48.979 0.0000000000
115298  -25.212  19.525  -49.065 0.0000000000
115305  -22.635  19.942  -49.347 0.0000000000
115317  -22.337  20.228  -50.042 0.0000000000
115328  -22.371  20.441  -50.952 0.0000000000
115329  -22.628  20.928  -51.500 0.0000000000
115340  -22.537  20.294  -51.712 0.0000000000
115341  -22.946  20.774  -52.287 0.0000000000
115342  -23.473  20.624  -52.760 0.0000000000
115348  -23.441  21.128  -52.739 0.0000000000
115349  -23.911  20.789  -53.144 0.0000000000
115350  -24.604  20.647  -53.656 0.0000000000
116462  -30.613  21.298  -46.472 0.0000000000
116463  -31.176  21.421  -46.029 0.0000000000
116464  -31.448  21.360  -45.577 0.0000000000
116465  -31.713  21.390  -45.004 0.0000000000
116467  -29.280  21.065  -47.131 0.0000000000
116468  -29.918  21.032  -46.879 0.0000000000
116469  -31.579  21.587  -45.497 0.0000000000
116470  -31.654  21.700  -45.336 0.0000000000
116473  -25.080  20.389  -48.937 0.0000000000
116474  -25.397  20.560  -49.000 0.0000000000
116475  -25.765  20.707  -49.025 0.0000000000
116476  -27.805  21.149  -47.816 0.0000000000
116477  -28.593  21.159  -47.427 0.0000000000
116481  -24.685  20.336  -48.939 0.0000000000
116482  -26.308  20.852  -48.776 0.0000000000
116483  -27.076  21.018  -48.376 0.0000000000
116492  -23.139  20.271  -49.109 0.0000000000
116493  -23.869  20.585  -48.975 0.0000000000
116499  -22.893  20.716  -49.409 0.0000000000
116500  -23.641  21.324  -49.645 0.0000000000
116501  -24.114  21.741  -49.985 0.0000000000
116514  -22.795  21.055  -50.211 0.0000000000
116515  -23.561  21.761  -50.522 0.0000000000
116516  -24.235  22.074  -50.238 0.0000000000
116527  -22.770  21.242  -50.923 0.0000000000
116528  -23.015  21.706  -51.457 0.0000000000
116538  -23.308  21.780  -52.306 0.0000000000
116546  -23.652  21.719  -53.040 0.0000000000
116547  -24.092  21.475  -53.778 0.0000000000
116548  -24.910  21.230  -54.014 0.0000000000
116555  -24.461  21.793  -54.194 0.0000000000
116556  -25.113  21.806  -54.370 0.0000000000
117682  -30.961  22.574  -44.389 0.0000000000
117687  -30.030  22.004  -47.329 0.0000000000
117688  -30.311  21.799  -46.933 0.0000000000
117689  -30.958  22.257  -45.804 0.0000000000
117690  -31.489  22.001  -45.340 0.0000000000
117691  -31.628  21.794  -45.208 0.0000000000
117694  -29.527  21.685  -47.360 0.0000000000
117695  -29.831  21.332  -47.188 0.0000000000
117696  -31.535  21.840  -45.498 0.0000000000
117697  -31.679  21.817  -45.497 0.0000000000
117699  -24.866  20.578  -48.925 0.0000000000
117700  -25.089  20.762  -48.954 0.0000000000
117701  -25.530  21.222  -49.051 0.0000000000
117702  -27.652  21.786  -47.967 0.0000000000
117703  -28.577  21.802  -47.605 0.0000000000
117706  -24.649  20.784  -49.007 0.0000000000
117707  -25.063  21.119  -49.112 0.0000000000
117708  -25.789  21.306  -49.091 0.0000000000
117709  -26.808  21.803  -48.604 0.0000000000
117715  -24.406  21.197  -49.242 0.0000000000
117716  -25.021  21.575  -49.329 0.0000000000
117717  -25.843  22.008  -49.289 0.0000000000
117718  -26.878  22.581  -49.147 0.0000000000
117719  -27.461  22.999  -49.308 0.0000000000
117726  -24.376  21.582  -49.602 0.0000000000
117727  -24.799  22.105  -49.775 0.0000000000
117728  -25.834  22.613  -49.818 0.0000000000
117729  -26.927  23.168  -49.748 0.0000000000
117730  -27.614  23.255  -49.530 0.0000000000
117740  -23.606  22.214  -51.019 0.0000000000
117741  -24.590  22.651  -50.667 0.0000000000
117742  -26.063  23.206  -50.290 0.0000000000
117743  -26.719  23.471  -50.121 0.0000000000
117754  -23.640  22.448  -51.567 0.0000000000
117755  -24.293  23.054  -51.597 0.0000000000
117765  -23.820  22.721  -52.466 0.0000000000
117766  -24.283  23.333  -52.074 0.0000000000
117775  -23.869  22.471  -53.448 0.0000000000
117776  -24.053  22.135  -54.077 0.0000000000
117783  -23.915  22.755  -54.050 0.0000000000
117784  -24.276  22.403  -54.616 0.0000000000
117785  -25.227  22.342  -54.838 0.0000000000
117795  -24.563  22.776  -55.115 0.0000000000
117796  -25.273  22.868  -55.376 0.0000000000
117797  -26.212  22.876  -55.747 0.0000000000
118922  -29.825  22.092  -47.422 0.0000000000
118927  -29.426  22.236  -47.536 0.0000000000
118930  -27.596  22.258  -48.217 0.0000000000
118931  -28.532  22.508  -48.002 0.0000000000
118937  -27.635  22.544  -48.573 0.0000000000
118938  -28.418  22.942  -48.616 0.0000000000
118945  -27.724  22.832  -48.974 0.0000000000
118946  -28.196  23.219  -49.211 0.0000000000
118955  -27.076  23.587  -50.014 0.0000000000
118956  -27.881  23.783  -49.801 0.0000000000
118967  -24.813  23.245  -51.204 0.0000000000
118968  -25.516  23.510  -50.898 0.0000000000
118969  -26.796  24.024  -50.392 0.0000000000
118970  -27.613  24.225  -50.083 0.0000000000
118982  -24.972  23.728  -51.729 0.0000000000
118983  -25.980  24.219  -51.203 0.0000000000
118984  -26.519  24.530  -50.878 0.0000000000
118994  -23.926  23.100  -53.010 0.0000000000
118995  -24.337  23.685  -52.586 0.0000000000
119004  -23.895  23.553  -53.488 0.0000000000
119005  -24.257  24.147  -53.011 0.0000000000
119012  -23.738  23.387  -54.454 0.0000000000
119013  -23.987  23.024  -55.051 0.0000000000
119020  -23.726  23.650  -55.113 0.0000000000
119021  -24.271  23.396  -55.640 0.0000000000
119022  -25.270  23.400  -55.954 0.0000000000
119023  -25.937  23.334  -56.341 0.0000000000
119032  -24.612  23.840  -56.203 0.0000000000
119033  -25.292  23.847  -56.692 0.0000000000
120211  -26.957  24.964  -50.715 0.0000000000
120223  -24.919  24.218  -52.234 0.0000000000
120224  -25.572  24.780  -51.940 0.0000000000
120225  -26.355  24.959  -51.255 0.0000000000
120234  -24.786  24.740  -52.658 0.0000000000
120235  -25.313  25.231  -52.343 0.0000000000
120243  -23.625  24.365  -54.001 0.0000000000
120244  -24.147  24.643  -53.359 0.0000000000
120250  -23.510  24.340  -54.745 0.0000000000
120259  -23.546  24.381  -55.600 0.0000000000
120260  -23.979  24.063  -56.172 0.0000000000
120268  -23.641  24.763  -56.449 0.0000000000
120269  -24.349  24.389  -56.788 0.0000000000
120270  -24.970  24.332  -57.316 0.0000000000
