#!ascii label  , from subject colin27_FS vox2ras=TkReg
895
114574  -7.439  20.723  19.894 0.0000000000
114575  -8.126  20.603  19.750 0.0000000000
114576  -9.001  20.488  19.588 0.0000000000
114577  -10.056  20.300  19.648 0.0000000000
114578  -10.990  20.498  19.744 0.0000000000
114682  -7.976  20.917  11.946 0.0000000000
115760  -6.846  20.992  19.964 0.0000000000
115777  -5.465  21.495  20.122 0.0000000000
115778  -6.226  21.501  19.820 0.0000000000
115779  -7.250  21.359  19.559 0.0000000000
115780  -8.297  21.135  19.371 0.0000000000
115781  -9.240  21.008  19.252 0.0000000000
115782  -10.278  20.997  19.252 0.0000000000
115783  -11.558  21.236  19.601 0.0000000000
115802  -4.456  21.729  19.349 0.0000000000
115803  -7.702  21.672  19.119 0.0000000000
115804  -8.427  21.595  18.904 0.0000000000
115805  -9.376  21.514  18.749 0.0000000000
115806  -10.398  21.565  18.739 0.0000000000
115807  -11.180  21.807  18.770 0.0000000000
115820  -4.156  21.841  18.159 0.0000000000
115829  -4.339  21.791  16.912 0.0000000000
115838  -4.501  21.656  15.636 0.0000000000
115848  -4.488  21.503  14.378 0.0000000000
115860  -4.586  21.371  13.224 0.0000000000
115875  -4.920  21.267  12.434 0.0000000000
115876  -5.744  21.476  12.133 0.0000000000
115877  -6.661  21.197  12.339 0.0000000000
115878  -7.194  20.939  12.411 0.0000000000
115897  -6.100  22.098  11.834 0.0000000000
115898  -6.673  21.910  11.949 0.0000000000
115899  -7.490  21.427  11.967 0.0000000000
115900  -8.000  21.350  11.420 0.0000000000
115915  -8.019  21.149  10.646 0.0000000000
117000  -4.905  21.885  19.799 0.0000000000
117001  -5.465  22.056  19.621 0.0000000000
117002  -6.282  22.046  19.337 0.0000000000
117003  -7.037  22.033  19.127 0.0000000000
117004  -11.891  21.914  19.094 0.0000000000
117016  -4.760  22.451  19.239 0.0000000000
117017  -5.457  22.596  19.064 0.0000000000
117018  -6.359  22.572  18.724 0.0000000000
117019  -7.496  22.217  18.641 0.0000000000
117020  -8.481  22.082  18.344 0.0000000000
117021  -9.470  22.031  18.184 0.0000000000
117022  -10.468  22.101  18.148 0.0000000000
117023  -11.557  22.331  18.328 0.0000000000
117024  -12.331  22.951  18.310 0.0000000000
117034  -3.874  23.366  17.982 0.0000000000
117035  -4.083  22.948  18.356 0.0000000000
117036  -6.839  22.792  18.231 0.0000000000
117037  -7.602  22.667  17.956 0.0000000000
117038  -8.569  22.554  17.700 0.0000000000
117039  -9.580  22.538  17.560 0.0000000000
117040  -10.609  22.616  17.518 0.0000000000
117041  -11.550  22.911  17.571 0.0000000000
117042  -12.206  23.370  17.694 0.0000000000
117051  -3.833  23.457  17.691 0.0000000000
117052  -3.896  22.924  17.274 0.0000000000
117061  -4.191  22.802  16.045 0.0000000000
117070  -4.458  22.666  14.771 0.0000000000
117081  -4.549  22.490  13.471 0.0000000000
117095  -4.774  22.347  12.233 0.0000000000
117096  -5.118  21.816  11.969 0.0000000000
117118  -4.981  22.786  11.564 0.0000000000
117119  -5.547  22.446  11.703 0.0000000000
117120  -6.495  22.555  11.631 0.0000000000
117121  -7.373  22.456  11.467 0.0000000000
117122  -7.801  21.920  11.449 0.0000000000
117141  -7.749  22.884  11.087 0.0000000000
117142  -8.021  22.344  10.887 0.0000000000
117154  -8.042  22.334  10.041 0.0000000000
118246  -4.767  23.010  18.708 0.0000000000
118247  -5.405  23.127  18.448 0.0000000000
118248  -6.117  23.100  18.157 0.0000000000
118259  -3.968  23.590  17.869 0.0000000000
118260  -4.550  23.539  18.041 0.0000000000
118261  -5.446  23.627  17.708 0.0000000000
118262  -6.614  23.294  17.618 0.0000000000
118263  -7.665  23.149  17.279 0.0000000000
118264  -8.694  23.076  17.055 0.0000000000
118265  -9.731  23.082  16.942 0.0000000000
118266  -10.738  23.194  16.904 0.0000000000
118267  -11.641  23.526  17.035 0.0000000000
118268  -12.426  24.076  17.428 0.0000000000
118278  -3.803  23.984  17.412 0.0000000000
118279  -3.711  23.714  17.169 0.0000000000
118280  -5.927  23.883  17.132 0.0000000000
118281  -6.762  23.756  16.838 0.0000000000
118282  -7.807  23.619  16.575 0.0000000000
118283  -8.884  23.640  16.366 0.0000000000
118284  -9.947  23.606  16.359 0.0000000000
118285  -10.905  23.874  16.355 0.0000000000
118286  -11.765  24.202  16.661 0.0000000000
118287  -12.255  24.631  16.931 0.0000000000
118297  -3.694  24.219  16.920 0.0000000000
118298  -3.804  23.835  16.419 0.0000000000
118299  -9.380  23.974  15.934 0.0000000000
118300  -10.099  24.149  15.852 0.0000000000
118301  -10.759  24.435  15.908 0.0000000000
118310  -4.199  23.891  15.247 0.0000000000
118323  -4.486  23.668  13.903 0.0000000000
118336  -4.589  23.537  12.578 0.0000000000
118355  -4.776  23.400  11.600 0.0000000000
118356  -5.337  23.259  11.333 0.0000000000
118357  -6.285  23.344  11.312 0.0000000000
118358  -6.912  22.974  11.435 0.0000000000
118379  -6.831  23.873  11.020 0.0000000000
118380  -7.321  23.383  11.098 0.0000000000
118381  -7.870  23.238  10.739 0.0000000000
118395  -7.828  23.325  9.488 0.0000000000
118396  -8.073  23.229  10.199 0.0000000000
119473  -4.085  24.049  17.613 0.0000000000
119474  -4.582  24.167  17.410 0.0000000000
119475  -5.233  24.232  17.125 0.0000000000
119485  -3.931  24.646  17.059 0.0000000000
119486  -4.667  24.695  16.792 0.0000000000
119487  -5.740  24.559  16.437 0.0000000000
119488  -6.978  24.250  16.170 0.0000000000
119489  -7.981  24.134  15.967 0.0000000000
119490  -8.747  24.157  15.819 0.0000000000
119491  -11.300  24.465  16.184 0.0000000000
119492  -11.862  24.949  16.325 0.0000000000
119493  -12.365  25.174  16.884 0.0000000000
119504  -3.728  24.678  16.406 0.0000000000
119505  -3.817  24.481  15.839 0.0000000000
119506  -6.404  24.868  15.760 0.0000000000
119507  -7.312  24.722  15.585 0.0000000000
119508  -8.272  24.651  15.476 0.0000000000
119509  -9.299  24.585  15.498 0.0000000000
119510  -10.297  24.843  15.512 0.0000000000
119511  -11.202  25.020  15.781 0.0000000000
119512  -11.642  25.262  15.985 0.0000000000
119522  -3.712  24.961  15.836 0.0000000000
119523  -3.936  24.858  15.274 0.0000000000
119534  -4.319  24.754  14.364 0.0000000000
119542  -4.539  24.703  13.088 0.0000000000
119563  -4.552  24.782  11.513 0.0000000000
119564  -5.167  23.990  11.018 0.0000000000
119565  -5.690  23.736  11.157 0.0000000000
119583  -4.704  25.266  10.664 0.0000000000
119584  -5.216  24.858  10.657 0.0000000000
119585  -6.185  24.333  10.866 0.0000000000
119586  -7.326  24.246  10.556 0.0000000000
119587  -7.651  23.679  10.706 0.0000000000
119599  -7.791  24.265  9.770 0.0000000000
119600  -7.853  23.764  10.401 0.0000000000
119610  -7.555  24.423  8.867 0.0000000000
120654  -3.814  25.008  16.539 0.0000000000
120655  -4.145  25.182  16.454 0.0000000000
120656  -4.800  25.155  16.176 0.0000000000
120657  -11.853  25.407  16.110 0.0000000000
120658  -12.202  25.742  16.428 0.0000000000
120667  -3.831  25.219  16.105 0.0000000000
120668  -4.372  25.596  15.634 0.0000000000
120669  -5.464  25.511  15.462 0.0000000000
120670  -6.671  25.366  15.240 0.0000000000
120671  -7.688  25.258  15.091 0.0000000000
120672  -8.692  25.230  15.042 0.0000000000
120673  -9.694  25.351  15.074 0.0000000000
120674  -10.718  25.743  15.198 0.0000000000
120675  -11.635  25.764  15.788 0.0000000000
120676  -12.016  26.087  16.036 0.0000000000
120684  -3.942  25.288  15.561 0.0000000000
120685  -4.184  25.580  14.847 0.0000000000
120686  -6.172  25.969  14.852 0.0000000000
120687  -7.119  25.892  14.727 0.0000000000
120688  -8.139  25.847  14.657 0.0000000000
120689  -9.132  25.886  14.667 0.0000000000
120690  -10.026  26.035  14.767 0.0000000000
120691  -10.507  26.189  14.869 0.0000000000
120701  -4.428  25.692  13.754 0.0000000000
120718  -4.465  25.807  12.539 0.0000000000
120735  -4.383  26.000  11.548 0.0000000000
120743  -4.441  25.907  10.708 0.0000000000
120744  -5.152  25.783  10.227 0.0000000000
120745  -6.103  25.352  10.383 0.0000000000
120746  -6.810  25.002  10.404 0.0000000000
120749  -4.642  26.277  10.126 0.0000000000
120750  -4.987  26.326  9.931 0.0000000000
120751  -6.767  25.582  10.129 0.0000000000
120752  -7.327  25.330  9.850 0.0000000000
120755  -7.664  25.416  9.081 0.0000000000
120762  -7.429  25.566  8.363 0.0000000000
121700  -12.165  26.509  16.281 0.0000000000
121713  -4.542  26.086  14.936 0.0000000000
121714  -4.831  26.012  15.190 0.0000000000
121715  -10.825  26.375  14.918 0.0000000000
121716  -11.358  26.635  15.240 0.0000000000
121717  -11.846  26.417  15.823 0.0000000000
121729  -4.554  26.311  14.276 0.0000000000
121730  -5.270  26.556  14.533 0.0000000000
121731  -6.540  26.551  14.424 0.0000000000
121732  -7.611  26.502  14.331 0.0000000000
121733  -8.638  26.502  14.322 0.0000000000
121734  -9.602  26.564  14.409 0.0000000000
121735  -10.463  26.641  14.610 0.0000000000
121736  -10.960  26.758  14.793 0.0000000000
121751  -4.508  26.838  13.325 0.0000000000
121752  -4.656  26.908  14.096 0.0000000000
121765  -4.423  26.803  12.094 0.0000000000
121768  -4.241  26.777  11.101 0.0000000000
121771  -4.334  26.788  10.300 0.0000000000
121772  -6.046  25.991  10.103 0.0000000000
121773  -6.465  25.812  10.099 0.0000000000
121775  -4.781  26.795  9.812 0.0000000000
121776  -5.634  26.619  9.865 0.0000000000
121777  -6.756  26.290  9.762 0.0000000000
121778  -7.442  26.349  9.195 0.0000000000
121781  -7.518  26.481  8.468 0.0000000000
121786  -7.271  26.469  7.797 0.0000000000
122641  -11.620  27.535  15.210 0.0000000000
122642  -11.944  27.158  15.856 0.0000000000
122650  -5.482  27.248  14.041 0.0000000000
122651  -6.103  27.176  14.064 0.0000000000
122652  -7.116  27.158  14.002 0.0000000000
122653  -8.162  27.128  13.918 0.0000000000
122654  -9.182  27.164  13.979 0.0000000000
122655  -10.140  27.229  14.120 0.0000000000
122656  -11.065  27.446  14.520 0.0000000000
122665  -4.666  27.717  13.219 0.0000000000
122666  -4.992  27.459  13.765 0.0000000000
122667  -5.762  27.733  13.726 0.0000000000
122668  -6.655  27.797  13.698 0.0000000000
122669  -7.679  27.808  13.587 0.0000000000
122670  -8.745  27.818  13.530 0.0000000000
122671  -9.751  27.853  13.634 0.0000000000
122672  -10.556  27.927  13.865 0.0000000000
122677  -4.516  27.695  12.544 0.0000000000
122680  -4.341  27.682  11.564 0.0000000000
122683  -4.212  27.631  10.615 0.0000000000
122685  -4.430  27.559  9.819 0.0000000000
122686  -5.243  27.492  9.515 0.0000000000
122687  -6.473  27.508  9.326 0.0000000000
122688  -7.146  26.957  9.299 0.0000000000
122691  -6.936  28.097  8.868 0.0000000000
122692  -7.328  27.523  8.663 0.0000000000
122695  -7.071  27.155  7.322 0.0000000000
122696  -7.427  27.530  7.746 0.0000000000
122704  -7.128  27.823  7.092 0.0000000000
123571  -11.843  28.093  15.702 0.0000000000
123578  -11.668  28.390  14.848 0.0000000000
123585  -4.899  27.985  13.323 0.0000000000
123586  -5.344  28.269  13.315 0.0000000000
123587  -6.196  28.373  13.384 0.0000000000
123588  -7.152  28.456  13.301 0.0000000000
123589  -8.257  28.576  13.170 0.0000000000
123590  -9.371  28.590  13.198 0.0000000000
123591  -10.322  28.603  13.437 0.0000000000
123592  -11.182  28.693  13.929 0.0000000000
123598  -4.781  28.426  12.874 0.0000000000
123599  -5.295  28.946  12.882 0.0000000000
123600  -8.901  29.045  12.894 0.0000000000
123601  -9.475  29.242  12.885 0.0000000000
123606  -4.478  28.595  12.017 0.0000000000
123611  -4.285  28.593  11.047 0.0000000000
123614  -4.249  28.521  10.058 0.0000000000
123615  -4.746  28.399  9.275 0.0000000000
123616  -5.635  28.183  9.219 0.0000000000
123619  -5.369  28.760  8.899 0.0000000000
123620  -6.303  28.627  8.847 0.0000000000
123621  -7.137  28.643  8.473 0.0000000000
123624  -7.495  28.552  7.881 0.0000000000
123629  -6.778  28.367  6.630 0.0000000000
123630  -7.378  28.686  7.064 0.0000000000
124542  -11.695  29.225  15.606 0.0000000000
124546  -11.658  29.475  14.496 0.0000000000
124552  -5.825  28.852  13.059 0.0000000000
124553  -6.591  29.018  12.973 0.0000000000
124554  -7.562  29.121  12.887 0.0000000000
124555  -8.351  29.230  12.803 0.0000000000
124556  -10.020  29.139  13.060 0.0000000000
124557  -10.750  29.572  13.227 0.0000000000
124558  -11.403  29.716  13.740 0.0000000000
124563  -4.897  29.487  12.353 0.0000000000
124564  -5.900  29.601  12.626 0.0000000000
124565  -7.018  29.732  12.593 0.0000000000
124566  -8.016  29.758  12.537 0.0000000000
124567  -9.000  29.694  12.599 0.0000000000
124568  -10.010  29.800  12.770 0.0000000000
124569  -10.551  30.031  12.883 0.0000000000
124573  -4.472  29.560  11.502 0.0000000000
124577  -4.319  29.576  10.505 0.0000000000
124581  -4.406  29.487  9.413 0.0000000000
124582  -4.821  29.152  8.849 0.0000000000
124585  -4.699  29.807  8.706 0.0000000000
124586  -5.533  29.573  8.590 0.0000000000
124587  -6.659  29.541  8.374 0.0000000000
124588  -7.366  29.414  7.977 0.0000000000
124590  -7.490  29.503  7.388 0.0000000000
124594  -6.957  29.234  6.360 0.0000000000
124595  -7.396  29.875  6.636 0.0000000000
124607  -7.009  30.050  6.053 0.0000000000
124608  -7.283  30.357  6.224 0.0000000000
125499  -11.627  30.412  15.015 0.0000000000
125504  -11.634  30.469  14.033 0.0000000000
125510  -10.845  30.234  12.949 0.0000000000
125511  -11.247  30.449  13.250 0.0000000000
125516  -4.769  30.265  11.782 0.0000000000
125517  -5.450  30.592  12.022 0.0000000000
125518  -6.532  30.451  12.239 0.0000000000
125519  -7.574  30.432  12.243 0.0000000000
125520  -8.584  30.429  12.239 0.0000000000
125521  -9.580  30.499  12.361 0.0000000000
125522  -10.480  30.551  12.654 0.0000000000
125523  -10.962  30.613  12.856 0.0000000000
125527  -4.547  30.728  11.070 0.0000000000
125528  -4.894  30.807  11.663 0.0000000000
125531  -4.448  30.556  9.928 0.0000000000
125534  -4.513  30.540  8.955 0.0000000000
125537  -4.986  30.474  8.317 0.0000000000
125538  -6.037  30.643  8.126 0.0000000000
125539  -7.088  30.226  7.889 0.0000000000
125540  -7.413  29.898  7.600 0.0000000000
125543  -6.241  31.304  7.797 0.0000000000
125544  -6.836  31.057  7.653 0.0000000000
125545  -7.422  30.593  7.161 0.0000000000
125549  -7.413  30.777  6.354 0.0000000000
125568  -7.177  30.730  5.855 0.0000000000
126461  -11.571  31.407  14.384 0.0000000000
126468  -11.479  31.350  13.494 0.0000000000
126474  -5.669  31.255  11.733 0.0000000000
126475  -6.231  31.162  11.856 0.0000000000
126476  -7.158  31.106  11.891 0.0000000000
126477  -8.147  31.102  11.882 0.0000000000
126478  -9.131  31.160  11.917 0.0000000000
126479  -10.132  31.447  12.162 0.0000000000
126480  -11.029  31.268  12.732 0.0000000000
126484  -4.746  31.755  10.950 0.0000000000
126485  -5.183  31.487  11.481 0.0000000000
126486  -5.950  31.794  11.634 0.0000000000
126487  -6.779  31.776  11.616 0.0000000000
126488  -7.717  31.768  11.580 0.0000000000
126489  -8.672  31.813  11.599 0.0000000000
126490  -9.479  31.893  11.730 0.0000000000
126493  -4.617  31.559  10.276 0.0000000000
126496  -4.579  31.477  9.350 0.0000000000
126498  -4.742  31.526  8.330 0.0000000000
126499  -5.210  31.048  8.016 0.0000000000
126503  -4.874  32.082  7.822 0.0000000000
126504  -5.524  31.701  7.789 0.0000000000
126505  -6.460  31.793  7.524 0.0000000000
126506  -7.152  31.684  7.145 0.0000000000
126519  -7.411  31.619  6.465 0.0000000000
126541  -6.862  31.300  5.336 0.0000000000
126542  -7.351  31.495  5.812 0.0000000000
126560  -6.791  32.049  4.951 0.0000000000
127378  -11.488  32.266  13.759 0.0000000000
127381  -10.797  32.336  12.316 0.0000000000
127382  -11.338  32.231  12.971 0.0000000000
127384  -5.044  32.289  11.110 0.0000000000
127385  -5.673  32.498  11.286 0.0000000000
127386  -6.420  32.408  11.388 0.0000000000
127387  -7.280  32.421  11.327 0.0000000000
127388  -8.242  32.490  11.325 0.0000000000
127389  -9.203  32.586  11.419 0.0000000000
127390  -10.083  32.528  11.732 0.0000000000
127393  -4.866  32.546  10.472 0.0000000000
127394  -5.279  32.921  10.900 0.0000000000
127401  -4.706  32.275  9.746 0.0000000000
127415  -4.701  32.460  8.934 0.0000000000
127434  -4.737  32.626  8.081 0.0000000000
127435  -5.122  32.646  7.534 0.0000000000
127436  -6.014  32.616  7.381 0.0000000000
127437  -6.763  32.337  7.188 0.0000000000
127462  -6.618  32.899  6.996 0.0000000000
127463  -7.190  32.614  6.611 0.0000000000
127486  -7.175  32.027  5.316 0.0000000000
127487  -7.430  32.587  5.677 0.0000000000
127502  -6.457  32.730  4.446 0.0000000000
127503  -7.180  32.750  4.886 0.0000000000
127504  -7.430  33.097  5.138 0.0000000000
127520  -6.289  33.232  4.092 0.0000000000
128381  -11.358  33.143  13.947 0.0000000000
128384  -11.120  33.143  12.632 0.0000000000
128385  -11.363  33.028  13.249 0.0000000000
128387  -6.196  32.872  11.189 0.0000000000
128388  -6.799  32.993  11.056 0.0000000000
128389  -7.761  33.122  11.028 0.0000000000
128390  -8.757  33.282  11.110 0.0000000000
128391  -9.782  33.598  11.301 0.0000000000
128392  -10.623  33.408  11.935 0.0000000000
128395  -5.218  33.536  10.373 0.0000000000
128396  -6.044  33.487  10.815 0.0000000000
128397  -7.226  33.733  10.714 0.0000000000
128398  -8.265  33.887  10.779 0.0000000000
128399  -9.180  34.057  10.962 0.0000000000
128400  -9.669  34.169  11.092 0.0000000000
128415  -4.890  33.340  9.619 0.0000000000
128432  -4.841  33.577  8.561 0.0000000000
128451  -4.940  33.577  7.648 0.0000000000
128452  -5.483  33.484  7.115 0.0000000000
128453  -6.164  33.295  7.025 0.0000000000
128472  -5.960  33.799  6.810 0.0000000000
128473  -6.696  33.598  6.577 0.0000000000
128474  -7.367  33.508  5.975 0.0000000000
128486  -7.506  33.635  5.250 0.0000000000
128492  -6.518  33.387  4.124 0.0000000000
128493  -6.982  33.553  4.299 0.0000000000
128494  -7.364  33.436  4.785 0.0000000000
128504  -6.308  33.721  3.818 0.0000000000
128505  -6.661  33.717  3.992 0.0000000000
129318  -10.886  34.562  13.519 0.0000000000
129319  -11.206  33.758  13.364 0.0000000000
129322  -10.895  34.262  12.591 0.0000000000
129323  -11.216  33.559  12.937 0.0000000000
129325  -9.925  34.262  11.163 0.0000000000
129326  -10.335  34.567  11.487 0.0000000000
129328  -5.115  34.110  9.882 0.0000000000
129329  -5.636  34.616  10.124 0.0000000000
129330  -6.756  34.488  10.389 0.0000000000
129331  -7.820  34.537  10.457 0.0000000000
129332  -8.800  34.669  10.598 0.0000000000
129333  -9.708  34.718  10.913 0.0000000000
129334  -10.123  35.065  11.095 0.0000000000
129348  -5.110  34.818  9.159 0.0000000000
129349  -5.411  35.238  9.636 0.0000000000
129367  -4.976  34.702  7.969 0.0000000000
129388  -5.199  34.561  6.961 0.0000000000
129389  -5.582  34.062  6.792 0.0000000000
129405  -5.547  35.037  6.511 0.0000000000
129406  -6.034  34.511  6.468 0.0000000000
129407  -7.037  34.479  5.884 0.0000000000
129408  -7.426  34.053  5.577 0.0000000000
129412  -7.255  34.996  5.426 0.0000000000
129413  -7.486  34.580  5.173 0.0000000000
129417  -7.151  34.081  4.141 0.0000000000
129418  -7.389  34.206  4.484 0.0000000000
129424  -6.178  34.647  3.311 0.0000000000
129425  -6.836  34.270  3.823 0.0000000000
129426  -7.205  34.350  4.066 0.0000000000
129434  -5.832  34.921  3.031 0.0000000000
130203  -10.669  35.398  12.973 0.0000000000
130207  -10.562  35.641  12.026 0.0000000000
130210  -10.279  35.556  11.226 0.0000000000
130213  -5.829  35.420  9.736 0.0000000000
130214  -6.531  35.278  9.966 0.0000000000
130215  -7.494  35.219  10.107 0.0000000000
130216  -8.406  35.254  10.227 0.0000000000
130217  -9.317  35.593  10.374 0.0000000000
130218  -9.953  35.410  10.825 0.0000000000
130228  -5.018  35.757  8.931 0.0000000000
130229  -5.446  35.983  9.278 0.0000000000
130230  -6.398  35.912  9.508 0.0000000000
130231  -7.324  35.851  9.612 0.0000000000
130232  -8.206  35.789  9.789 0.0000000000
130233  -8.747  35.712  10.023 0.0000000000
130246  -4.931  35.973  8.266 0.0000000000
130247  -5.009  36.184  8.811 0.0000000000
130261  -4.978  35.744  7.234 0.0000000000
130279  -5.305  35.602  6.565 0.0000000000
130280  -5.925  35.515  6.092 0.0000000000
130281  -6.455  34.986  5.990 0.0000000000
130297  -6.312  35.977  5.670 0.0000000000
130298  -6.835  35.469  5.563 0.0000000000
130299  -7.387  35.421  5.052 0.0000000000
130312  -7.458  35.221  4.430 0.0000000000
130315  -6.352  35.240  3.057 0.0000000000
130316  -6.800  35.316  3.287 0.0000000000
130317  -7.264  34.876  3.901 0.0000000000
130324  -6.033  35.511  2.759 0.0000000000
130325  -6.476  35.523  2.923 0.0000000000
131101  -10.503  36.718  11.945 0.0000000000
131104  -10.398  36.455  11.256 0.0000000000
131107  -9.679  36.582  10.030 0.0000000000
131108  -10.033  36.132  10.662 0.0000000000
131115  -5.766  36.588  8.945 0.0000000000
131116  -6.315  36.472  9.113 0.0000000000
131117  -7.152  36.411  9.195 0.0000000000
131118  -8.198  36.610  9.253 0.0000000000
131119  -8.963  36.245  9.762 0.0000000000
131129  -4.888  36.710  8.031 0.0000000000
131130  -5.305  36.837  8.472 0.0000000000
131131  -6.241  36.931  8.701 0.0000000000
131132  -7.072  36.865  8.794 0.0000000000
131133  -7.638  36.814  8.942 0.0000000000
131141  -4.781  36.951  7.340 0.0000000000
131142  -4.918  37.057  7.915 0.0000000000
131151  -5.011  36.667  6.287 0.0000000000
131152  -5.429  36.061  6.174 0.0000000000
131163  -5.216  37.014  5.654 0.0000000000
131164  -5.742  36.460  5.710 0.0000000000
131165  -6.694  36.394  5.207 0.0000000000
131166  -7.182  35.915  5.118 0.0000000000
131184  -7.008  36.787  4.736 0.0000000000
131185  -7.341  36.258  4.495 0.0000000000
131199  -7.077  35.904  3.087 0.0000000000
131200  -7.343  35.987  3.529 0.0000000000
131205  -5.889  36.556  2.217 0.0000000000
131206  -6.681  36.116  2.727 0.0000000000
131207  -7.153  36.257  2.982 0.0000000000
131979  -10.395  37.440  11.351 0.0000000000
131982  -9.866  37.099  9.831 0.0000000000
131983  -10.183  37.183  10.356 0.0000000000
131986  -8.671  37.165  8.958 0.0000000000
131987  -9.376  37.248  9.308 0.0000000000
131988  -9.930  37.405  9.743 0.0000000000
131995  -5.631  37.414  8.053 0.0000000000
131996  -6.170  37.366  8.255 0.0000000000
131997  -6.998  37.318  8.400 0.0000000000
131998  -8.085  37.395  8.555 0.0000000000
131999  -8.887  37.442  8.787 0.0000000000
132006  -4.645  37.991  6.920 0.0000000000
132007  -5.185  37.618  7.631 0.0000000000
132008  -6.090  37.795  7.728 0.0000000000
132009  -6.933  37.759  7.927 0.0000000000
132010  -7.488  37.651  8.170 0.0000000000
132017  -4.564  37.763  6.262 0.0000000000
132025  -4.874  37.725  5.339 0.0000000000
132026  -5.605  37.184  5.279 0.0000000000
132027  -6.126  36.840  5.276 0.0000000000
132039  -5.016  38.126  4.708 0.0000000000
132040  -5.549  37.760  4.802 0.0000000000
132041  -6.429  37.222  4.796 0.0000000000
132042  -7.147  37.173  4.317 0.0000000000
132060  -7.377  37.078  3.598 0.0000000000
132068  -6.066  37.036  1.990 0.0000000000
132069  -6.465  36.961  2.238 0.0000000000
132070  -7.147  37.053  2.690 0.0000000000
132078  -5.669  37.292  1.653 0.0000000000
132079  -6.249  37.437  1.790 0.0000000000
132080  -6.720  37.589  2.001 0.0000000000
132942  -10.309  38.251  10.583 0.0000000000
132946  -9.707  37.922  9.009 0.0000000000
132947  -10.071  38.065  9.543 0.0000000000
132952  -8.521  38.014  8.165 0.0000000000
132953  -9.225  38.061  8.479 0.0000000000
132954  -9.857  38.361  8.824 0.0000000000
132961  -4.757  38.437  6.664 0.0000000000
132962  -5.070  38.361  6.989 0.0000000000
132963  -5.848  38.297  7.188 0.0000000000
132964  -6.936  38.404  7.289 0.0000000000
132965  -7.887  38.152  7.799 0.0000000000
132966  -8.770  38.452  7.860 0.0000000000
132972  -4.611  38.594  6.227 0.0000000000
132973  -4.959  38.746  6.490 0.0000000000
132974  -5.619  38.757  6.613 0.0000000000
132975  -6.451  38.799  6.730 0.0000000000
132981  -4.513  38.638  5.421 0.0000000000
132989  -4.691  38.777  4.477 0.0000000000
132990  -5.463  38.386  4.377 0.0000000000
132991  -6.294  37.949  4.372 0.0000000000
132992  -6.799  37.582  4.330 0.0000000000
133009  -4.735  39.251  3.867 0.0000000000
133010  -5.280  38.978  3.883 0.0000000000
133011  -6.226  38.614  3.887 0.0000000000
133012  -7.021  37.931  3.815 0.0000000000
133022  -7.325  38.090  2.878 0.0000000000
133027  -6.086  37.754  1.469 0.0000000000
133028  -6.468  38.055  1.498 0.0000000000
133029  -7.099  38.448  1.847 0.0000000000
133039  -5.890  38.263  1.000 0.0000000000
133040  -6.597  38.832  0.994 0.0000000000
133041  -7.050  39.293  1.115 0.0000000000
133988  -10.344  39.038  9.866 0.0000000000
133993  -9.741  38.697  8.452 0.0000000000
133994  -10.125  39.100  8.814 0.0000000000
134001  -7.738  38.703  7.195 0.0000000000
134002  -8.437  38.923  7.301 0.0000000000
134003  -9.502  39.253  7.805 0.0000000000
134004  -9.986  39.574  8.292 0.0000000000
134012  -4.822  39.030  6.141 0.0000000000
134013  -5.332  39.183  6.121 0.0000000000
134014  -6.279  39.281  6.198 0.0000000000
134015  -7.590  39.409  6.459 0.0000000000
134016  -8.829  39.707  6.902 0.0000000000
134017  -9.336  39.931  7.208 0.0000000000
134023  -4.831  39.420  5.525 0.0000000000
134024  -5.863  39.665  5.553 0.0000000000
134025  -6.887  39.873  5.682 0.0000000000
134026  -7.493  40.040  5.776 0.0000000000
134034  -4.494  39.513  4.664 0.0000000000
134047  -4.425  39.753  3.789 0.0000000000
134048  -5.011  39.573  3.463 0.0000000000
134049  -5.974  39.343  3.384 0.0000000000
134050  -6.909  38.852  3.192 0.0000000000
134061  -4.679  40.138  3.110 0.0000000000
134062  -5.469  40.010  2.873 0.0000000000
134063  -6.525  39.698  2.642 0.0000000000
134064  -7.255  39.221  2.276 0.0000000000
134067  -7.272  39.508  1.508 0.0000000000
134071  -6.052  39.257  0.382 0.0000000000
134072  -6.716  39.777  0.391 0.0000000000
134073  -7.223  39.895  0.881 0.0000000000
134079  -6.144  39.978  -0.166 0.0000000000
134080  -6.498  40.182  -0.114 0.0000000000
134998  -10.147  39.819  9.497 0.0000000000
135003  -9.851  40.687  8.243 0.0000000000
135004  -10.076  39.983  8.656 0.0000000000
135009  -9.593  40.423  7.433 0.0000000000
135010  -9.977  39.976  8.011 0.0000000000
135018  -7.902  40.237  5.796 0.0000000000
135019  -8.571  40.514  6.124 0.0000000000
135020  -9.170  40.367  6.812 0.0000000000
135028  -4.735  40.054  4.726 0.0000000000
135029  -5.487  40.155  4.902 0.0000000000
135030  -6.480  40.302  5.021 0.0000000000
135031  -7.506  40.641  5.179 0.0000000000
135032  -8.141  40.676  5.563 0.0000000000
135041  -4.471  40.335  4.074 0.0000000000
135042  -5.141  40.558  4.250 0.0000000000
135043  -6.149  40.826  4.255 0.0000000000
135044  -6.878  40.763  4.653 0.0000000000
135055  -4.329  40.777  3.178 0.0000000000
135056  -4.924  40.964  3.663 0.0000000000
135057  -5.477  40.960  3.901 0.0000000000
135070  -4.856  40.693  2.643 0.0000000000
135071  -6.045  40.734  2.267 0.0000000000
135072  -7.066  40.167  2.044 0.0000000000
135073  -7.325  39.818  1.757 0.0000000000
135076  -6.372  41.131  1.750 0.0000000000
135077  -6.800  40.788  1.656 0.0000000000
135078  -7.207  40.378  1.252 0.0000000000
135081  -6.736  40.377  -0.051 0.0000000000
135082  -7.052  40.555  0.373 0.0000000000
135087  -5.788  40.381  -0.666 0.0000000000
135088  -6.379  40.652  -0.526 0.0000000000
135089  -6.851  40.804  -0.232 0.0000000000
135098  -6.115  41.098  -1.046 0.0000000000
136015  -8.828  41.222  5.922 0.0000000000
136016  -9.235  41.284  6.563 0.0000000000
136024  -7.828  41.256  4.785 0.0000000000
136025  -8.401  41.372  5.264 0.0000000000
136026  -8.916  41.727  5.827 0.0000000000
136035  -6.502  41.328  3.881 0.0000000000
136036  -7.223  41.398  4.259 0.0000000000
136037  -7.999  41.677  4.531 0.0000000000
136048  -4.516  41.302  2.793 0.0000000000
136049  -4.872  41.374  3.048 0.0000000000
136050  -5.834  41.400  3.381 0.0000000000
136051  -6.721  41.670  3.591 0.0000000000
136068  -4.440  41.105  2.620 0.0000000000
136069  -5.113  41.404  2.450 0.0000000000
136070  -5.411  41.591  2.729 0.0000000000
136081  -5.961  41.620  1.732 0.0000000000
136082  -6.643  41.320  1.368 0.0000000000
136083  -7.014  40.969  1.237 0.0000000000
136087  -5.992  42.050  1.345 0.0000000000
136088  -6.399  41.887  1.120 0.0000000000
136089  -6.981  41.384  0.681 0.0000000000
136093  -6.710  41.223  -0.591 0.0000000000
136094  -7.021  41.348  -0.146 0.0000000000
136100  -5.676  41.349  -1.391 0.0000000000
136101  -6.298  41.474  -1.129 0.0000000000
136102  -6.849  41.903  -0.806 0.0000000000
136969  -8.808  42.410  5.343 0.0000000000
136980  -7.850  42.086  4.067 0.0000000000
136981  -8.365  42.400  4.510 0.0000000000
136990  -6.529  42.008  3.121 0.0000000000
136991  -7.316  42.347  3.423 0.0000000000
136992  -8.026  42.686  3.817 0.0000000000
137006  -5.485  41.750  2.414 0.0000000000
137007  -5.992  42.099  2.508 0.0000000000
137008  -6.713  42.549  2.758 0.0000000000
137023  -5.532  42.028  2.030 0.0000000000
137024  -5.975  42.554  1.754 0.0000000000
137032  -5.820  42.170  1.560 0.0000000000
137033  -6.057  42.527  1.073 0.0000000000
137034  -6.692  42.369  0.526 0.0000000000
137037  -7.051  42.270  -0.187 0.0000000000
137041  -5.395  41.734  -1.734 0.0000000000
137042  -6.078  42.165  -1.679 0.0000000000
137043  -6.464  42.450  -1.527 0.0000000000
137044  -7.054  42.793  -1.064 0.0000000000
137050  -5.388  42.301  -2.090 0.0000000000
137051  -5.893  42.733  -2.115 0.0000000000
137052  -6.357  43.116  -2.067 0.0000000000
137872  -8.612  43.298  4.824 0.0000000000
137880  -7.851  43.312  3.323 0.0000000000
137881  -8.316  43.332  4.030 0.0000000000
137891  -6.479  43.106  2.109 0.0000000000
137892  -7.211  43.183  2.714 0.0000000000
137906  -6.051  43.881  0.752 0.0000000000
137907  -6.092  43.395  1.272 0.0000000000
137918  -6.079  44.129  0.301 0.0000000000
137919  -6.412  43.313  0.417 0.0000000000
137920  -6.927  42.831  0.091 0.0000000000
137922  -6.057  44.384  -0.039 0.0000000000
137923  -6.438  44.027  -0.168 0.0000000000
137924  -6.995  43.339  -0.447 0.0000000000
137927  -6.784  43.184  -1.698 0.0000000000
137928  -7.100  43.804  -1.452 0.0000000000
137932  -5.476  43.114  -2.485 0.0000000000
137933  -5.965  43.544  -2.567 0.0000000000
137934  -6.674  43.785  -2.271 0.0000000000
137935  -7.038  44.427  -2.142 0.0000000000
137944  -5.512  43.854  -2.948 0.0000000000
137945  -5.835  44.168  -3.037 0.0000000000
138827  -8.203  44.643  4.454 0.0000000000
138834  -8.032  44.307  3.672 0.0000000000
138835  -8.386  43.979  4.385 0.0000000000
138842  -7.016  43.810  2.237 0.0000000000
138843  -7.523  44.094  2.792 0.0000000000
138854  -6.120  44.119  1.102 0.0000000000
138855  -6.568  44.141  1.612 0.0000000000
138867  -5.987  44.477  0.715 0.0000000000
138869  -5.854  44.738  0.206 0.0000000000
138870  -6.238  44.773  -0.334 0.0000000000
138871  -6.889  44.326  -0.779 0.0000000000
138883  -6.631  45.048  -0.877 0.0000000000
138884  -7.045  44.924  -1.551 0.0000000000
138902  -6.231  44.153  -2.793 0.0000000000
138903  -6.631  44.584  -2.706 0.0000000000
138904  -6.982  45.214  -2.491 0.0000000000
138925  -5.583  44.618  -3.428 0.0000000000
138926  -6.112  44.755  -3.261 0.0000000000
138927  -6.604  45.266  -3.151 0.0000000000
138928  -6.885  45.693  -3.011 0.0000000000
138950  -5.534  45.276  -3.853 0.0000000000
139837  -8.038  45.366  4.071 0.0000000000
139843  -7.078  44.563  2.223 0.0000000000
139844  -7.523  45.379  2.915 0.0000000000
139855  -6.181  44.686  1.191 0.0000000000
139856  -6.668  45.373  1.714 0.0000000000
139857  -7.159  46.215  2.298 0.0000000000
139869  -5.910  45.321  0.807 0.0000000000
139870  -6.170  46.098  1.224 0.0000000000
139876  -5.622  45.521  -0.099 0.0000000000
139877  -6.129  45.410  -0.624 0.0000000000
139897  -5.738  45.916  -0.721 0.0000000000
139898  -6.366  45.732  -1.247 0.0000000000
139899  -6.904  45.799  -1.993 0.0000000000
139915  -6.943  45.957  -2.635 0.0000000000
139924  -5.783  45.202  -3.676 0.0000000000
139925  -6.155  45.532  -3.636 0.0000000000
139926  -6.563  46.009  -3.501 0.0000000000
139927  -6.916  46.148  -3.064 0.0000000000
139941  -5.779  45.887  -4.086 0.0000000000
139942  -6.066  46.115  -4.039 0.0000000000
139943  -6.225  46.195  -3.946 0.0000000000
140847  -7.999  46.318  3.740 0.0000000000
140848  -8.257  47.165  3.615 0.0000000000
140854  -7.772  46.805  2.857 0.0000000000
140855  -8.234  47.364  3.108 0.0000000000
140873  -6.770  46.591  1.677 0.0000000000
140874  -7.376  46.887  2.142 0.0000000000
140885  -5.746  46.441  0.540 0.0000000000
140886  -6.277  46.765  1.156 0.0000000000
140902  -5.401  46.531  -0.416 0.0000000000
140921  -5.603  46.525  -1.230 0.0000000000
140922  -6.336  46.484  -1.904 0.0000000000
140923  -6.768  46.318  -2.367 0.0000000000
140929  -6.554  46.737  -2.453 0.0000000000
140930  -6.816  46.609  -2.813 0.0000000000
140935  -6.518  46.469  -3.709 0.0000000000
140936  -6.722  46.646  -3.378 0.0000000000
140941  -5.593  46.522  -4.549 0.0000000000
140942  -6.011  46.862  -4.511 0.0000000000
140943  -6.396  46.731  -4.071 0.0000000000
140944  -6.583  46.713  -3.738 0.0000000000
140957  -5.565  47.103  -4.999 0.0000000000
140958  -5.723  47.032  -4.835 0.0000000000
141807  -8.447  47.870  3.466 0.0000000000
141811  -7.727  47.246  2.282 0.0000000000
141812  -8.214  47.737  2.569 0.0000000000
141831  -6.726  47.102  1.300 0.0000000000
141832  -7.481  47.576  1.580 0.0000000000
141833  -8.193  48.120  1.948 0.0000000000
141843  -5.503  47.391  -0.013 0.0000000000
141844  -6.475  47.494  0.770 0.0000000000
141845  -7.208  47.939  0.921 0.0000000000
141866  -4.725  48.472  -1.593 0.0000000000
141867  -4.970  47.575  -1.069 0.0000000000
141882  -4.764  48.112  -2.100 0.0000000000
141883  -5.612  47.247  -1.983 0.0000000000
141884  -6.256  46.955  -2.291 0.0000000000
141890  -4.997  48.295  -2.612 0.0000000000
141891  -5.480  47.907  -2.541 0.0000000000
141892  -6.394  47.409  -2.822 0.0000000000
141893  -6.808  47.108  -2.896 0.0000000000
141896  -6.571  47.677  -3.719 0.0000000000
141897  -6.685  47.163  -3.347 0.0000000000
141900  -6.158  47.441  -4.791 0.0000000000
141901  -6.419  47.520  -4.453 0.0000000000
141902  -6.626  47.064  -3.790 0.0000000000
141909  -5.941  47.692  -5.230 0.0000000000
141910  -6.258  47.722  -4.962 0.0000000000
141927  -5.748  48.095  -5.624 0.0000000000
142773  -8.502  48.636  3.224 0.0000000000
142778  -8.496  48.679  2.367 0.0000000000
142797  -7.600  48.265  1.017 0.0000000000
142798  -8.181  48.682  1.428 0.0000000000
142811  -5.415  48.121  -0.483 0.0000000000
142812  -6.119  48.171  0.070 0.0000000000
142813  -7.159  48.541  0.419 0.0000000000
142814  -7.793  48.677  0.811 0.0000000000
142833  -4.638  48.819  -1.593 0.0000000000
142834  -5.108  48.765  -1.186 0.0000000000
142835  -6.031  48.698  -0.513 0.0000000000
142836  -6.603  48.668  -0.099 0.0000000000
142841  -4.311  49.005  -2.020 0.0000000000
142842  -4.655  49.046  -1.624 0.0000000000
142845  -4.695  48.855  -2.899 0.0000000000
142846  -5.416  48.379  -2.978 0.0000000000
142847  -5.930  48.060  -2.920 0.0000000000
142849  -4.972  49.179  -3.432 0.0000000000
142850  -5.405  48.847  -3.396 0.0000000000
142851  -6.125  48.429  -3.501 0.0000000000
142853  -6.441  48.452  -4.408 0.0000000000
142856  -6.048  48.303  -5.526 0.0000000000
142857  -6.316  48.349  -5.224 0.0000000000
142874  -5.912  48.578  -5.909 0.0000000000
142875  -6.121  48.625  -5.692 0.0000000000
143680  -8.304  49.569  3.030 0.0000000000
143686  -8.505  49.532  2.141 0.0000000000
143706  -8.420  49.641  1.423 0.0000000000
143725  -7.435  49.072  0.190 0.0000000000
143726  -7.944  49.367  0.552 0.0000000000
143738  -5.484  49.323  -1.342 0.0000000000
143739  -6.033  49.235  -0.978 0.0000000000
143740  -7.064  49.372  -0.363 0.0000000000
143741  -7.833  50.022  -0.039 0.0000000000
143743  -4.511  49.528  -2.218 0.0000000000
143744  -5.015  49.571  -1.890 0.0000000000
143745  -6.001  49.704  -1.458 0.0000000000
143746  -6.555  49.648  -1.049 0.0000000000
143749  -4.460  49.751  -2.727 0.0000000000
143750  -4.659  49.765  -2.350 0.0000000000
143752  -4.740  49.742  -3.617 0.0000000000
143753  -5.415  49.351  -3.752 0.0000000000
143754  -5.853  49.028  -3.707 0.0000000000
143757  -4.865  50.116  -4.156 0.0000000000
143758  -5.308  49.839  -4.179 0.0000000000
143759  -6.056  49.381  -4.311 0.0000000000
143762  -6.400  49.329  -5.226 0.0000000000
143771  -5.925  49.283  -6.543 0.0000000000
143772  -6.253  49.288  -6.082 0.0000000000
144536  -7.566  50.552  3.239 0.0000000000
144537  -8.169  50.182  2.615 0.0000000000
144545  -7.835  50.737  2.558 0.0000000000
144546  -8.291  50.418  1.974 0.0000000000
144549  -8.379  50.293  1.171 0.0000000000
144551  -8.145  50.422  0.492 0.0000000000
144553  -7.600  50.344  -0.569 0.0000000000
144554  -7.927  50.748  -0.109 0.0000000000
144557  -5.263  50.059  -2.176 0.0000000000
144558  -5.862  50.266  -2.044 0.0000000000
144559  -6.958  50.352  -1.351 0.0000000000
144562  -4.557  50.228  -2.863 0.0000000000
144563  -5.078  50.315  -2.650 0.0000000000
144564  -6.029  50.891  -2.593 0.0000000000
144567  -4.695  50.410  -3.364 0.0000000000
144568  -5.170  50.996  -3.434 0.0000000000
144572  -4.674  50.557  -4.216 0.0000000000
144573  -5.122  50.356  -4.501 0.0000000000
144574  -5.683  50.122  -4.643 0.0000000000
144576  -4.930  50.746  -4.778 0.0000000000
144578  -6.110  50.286  -5.235 0.0000000000
145294  -6.532  51.585  3.271 0.0000000000
145295  -7.416  51.091  2.811 0.0000000000
145303  -6.819  51.927  2.503 0.0000000000
145304  -7.599  51.413  2.075 0.0000000000
145305  -8.171  50.811  1.606 0.0000000000
145312  -7.732  51.643  0.979 0.0000000000
145313  -8.127  51.000  1.128 0.0000000000
145315  -7.756  51.727  0.114 0.0000000000
145316  -8.018  51.138  0.408 0.0000000000
145318  -7.713  51.353  -0.785 0.0000000000
145319  -7.912  51.237  -0.104 0.0000000000
145322  -6.694  51.035  -2.203 0.0000000000
145323  -7.282  51.490  -1.852 0.0000000000
145327  -5.799  51.239  -3.149 0.0000000000
145328  -6.645  51.649  -2.928 0.0000000000
145329  -7.050  51.600  -2.424 0.0000000000
145333  -4.834  51.245  -4.045 0.0000000000
145334  -5.729  51.798  -3.899 0.0000000000
145335  -6.234  51.748  -3.435 0.0000000000
146090  -6.129  52.437  2.541 0.0000000000
146091  -6.888  52.176  2.028 0.0000000000
146100  -5.395  53.118  2.129 0.0000000000
146101  -6.416  52.798  1.438 0.0000000000
146102  -7.241  52.112  1.454 0.0000000000
146111  -6.736  53.008  0.363 0.0000000000
146112  -7.275  52.340  0.664 0.0000000000
146117  -6.870  53.112  -0.182 0.0000000000
146118  -7.351  52.585  -0.406 0.0000000000
146123  -7.430  52.385  -1.566 0.0000000000
146129  -6.965  52.192  -3.137 0.0000000000
146130  -7.214  52.280  -2.634 0.0000000000
146134  -6.169  52.344  -4.089 0.0000000000
146135  -6.618  52.396  -3.668 0.0000000000
146136  -7.064  52.494  -3.239 0.0000000000
146886  -4.726  53.710  1.754 0.0000000000
146887  -5.520  53.407  1.455 0.0000000000
146897  -5.145  53.784  1.143 0.0000000000
146898  -5.878  53.562  0.738 0.0000000000
146908  -6.395  53.596  -0.090 0.0000000000
146909  -6.901  53.282  -0.574 0.0000000000
146919  -6.548  53.870  -0.903 0.0000000000
146920  -7.144  53.248  -1.263 0.0000000000
146927  -7.240  53.336  -2.338 0.0000000000
147653  -4.689  54.037  1.232 0.0000000000
147668  -4.975  54.257  0.522 0.0000000000
147669  -5.776  53.933  0.214 0.0000000000
147685  -5.786  54.278  -0.356 0.0000000000
