#!ascii label  , from subject colin27_FS vox2ras=TkReg
1730
99475  -36.141  7.990  -25.922 0.0000000000
100705  -35.885  8.786  -24.716 0.0000000000
100714  -36.049  8.563  -25.346 0.0000000000
100721  -36.303  8.721  -26.115 0.0000000000
101932  -39.863  9.562  -19.953 0.0000000000
101933  -40.212  9.641  -20.165 0.0000000000
101956  -40.410  9.955  -22.015 0.0000000000
101977  -35.872  9.436  -24.308 0.0000000000
101978  -36.000  9.231  -24.961 0.0000000000
101988  -36.079  9.737  -24.801 0.0000000000
101989  -36.346  9.588  -25.397 0.0000000000
101996  -37.109  10.567  -26.750 0.0000000000
103157  -37.825  10.644  -18.435 0.0000000000
103164  -39.670  9.867  -20.168 0.0000000000
103165  -39.676  9.681  -20.071 0.0000000000
103171  -39.839  10.388  -20.481 0.0000000000
103172  -40.017  10.225  -20.468 0.0000000000
103173  -40.647  10.413  -20.650 0.0000000000
103174  -41.162  10.403  -21.129 0.0000000000
103175  -41.436  10.845  -21.405 0.0000000000
103181  -35.838  10.483  -22.661 0.0000000000
103185  -40.881  10.342  -21.726 0.0000000000
103186  -41.341  10.805  -21.635 0.0000000000
103193  -35.742  10.596  -22.737 0.0000000000
103195  -38.782  9.820  -22.908 0.0000000000
103197  -39.398  9.828  -22.765 0.0000000000
103198  -40.029  10.089  -22.562 0.0000000000
103199  -40.608  10.638  -22.414 0.0000000000
103200  -41.098  10.679  -21.973 0.0000000000
103210  -35.907  10.110  -23.666 0.0000000000
103211  -39.209  10.341  -23.191 0.0000000000
103212  -39.630  10.501  -23.027 0.0000000000
103213  -40.092  10.556  -22.816 0.0000000000
103224  -36.090  10.070  -24.310 0.0000000000
103235  -36.407  10.221  -24.745 0.0000000000
103236  -38.165  11.766  -25.184 0.0000000000
104420  -37.532  12.001  -14.383 0.0000000000
104425  -37.536  11.570  -14.704 0.0000000000
104427  -37.659  11.587  -15.264 0.0000000000
104430  -37.680  11.593  -15.497 0.0000000000
104432  -37.654  11.552  -18.083 0.0000000000
104437  -37.805  11.582  -19.015 0.0000000000
104443  -38.024  11.665  -19.792 0.0000000000
104449  -40.144  11.008  -20.803 0.0000000000
104450  -40.558  11.397  -21.161 0.0000000000
104451  -41.144  11.183  -21.090 0.0000000000
104452  -41.449  11.072  -21.382 0.0000000000
104453  -41.548  10.979  -21.593 0.0000000000
104460  -36.166  10.593  -22.842 0.0000000000
104461  -40.751  12.135  -21.581 0.0000000000
104462  -41.029  11.903  -21.535 0.0000000000
104463  -41.359  11.610  -21.606 0.0000000000
104464  -41.472  11.291  -21.769 0.0000000000
104470  -35.757  10.605  -22.853 0.0000000000
104471  -38.919  10.353  -23.255 0.0000000000
104472  -39.080  9.976  -23.091 0.0000000000
104473  -40.635  11.550  -22.761 0.0000000000
104474  -41.205  11.063  -22.159 0.0000000000
104482  -35.919  10.525  -23.184 0.0000000000
104483  -39.113  11.158  -23.605 0.0000000000
104484  -40.006  11.106  -23.161 0.0000000000
104496  -38.667  11.189  -23.952 0.0000000000
105621  -36.226  12.739  -13.334 0.0000000000
105623  -37.370  12.434  -14.221 0.0000000000
105630  -37.825  12.627  -14.719 0.0000000000
105631  -38.263  13.050  -15.185 0.0000000000
105636  -38.069  12.358  -15.170 0.0000000000
105637  -38.482  13.021  -15.584 0.0000000000
105640  -38.180  12.481  -15.602 0.0000000000
105641  -38.619  12.983  -16.042 0.0000000000
105643  -37.670  12.542  -17.779 0.0000000000
105645  -37.668  12.531  -18.778 0.0000000000
105647  -37.787  12.550  -19.683 0.0000000000
105649  -38.079  12.555  -20.485 0.0000000000
105650  -40.312  11.875  -21.404 0.0000000000
105655  -40.339  12.621  -21.779 0.0000000000
105656  -40.528  12.475  -21.759 0.0000000000
105657  -40.868  12.677  -21.988 0.0000000000
105658  -41.279  12.325  -21.993 0.0000000000
105659  -41.478  11.882  -22.070 0.0000000000
105665  -40.853  12.825  -22.489 0.0000000000
105666  -40.839  12.385  -22.761 0.0000000000
105667  -41.230  11.633  -22.278 0.0000000000
105673  -39.640  12.429  -24.050 0.0000000000
105691  -38.905  13.356  -25.457 0.0000000000
106575  -35.778  13.816  -4.357 0.0000000000
106596  -35.442  14.014  -5.118 0.0000000000
106611  -35.330  14.088  -5.847 0.0000000000
106680  -35.291  13.403  -12.469 0.0000000000
106692  -35.889  13.435  -13.234 0.0000000000
106693  -36.706  13.425  -13.998 0.0000000000
106694  -37.094  12.878  -14.148 0.0000000000
106704  -37.197  13.939  -14.524 0.0000000000
106705  -37.508  13.426  -14.579 0.0000000000
106706  -37.883  13.735  -14.902 0.0000000000
106713  -38.528  13.706  -15.586 0.0000000000
106718  -38.640  13.279  -16.012 0.0000000000
106719  -38.813  13.680  -16.006 0.0000000000
106721  -37.839  13.562  -17.614 0.0000000000
106722  -38.846  14.025  -16.300 0.0000000000
106724  -37.683  13.519  -18.627 0.0000000000
106726  -37.669  13.520  -19.593 0.0000000000
106728  -37.816  13.532  -20.501 0.0000000000
106732  -38.097  13.519  -21.199 0.0000000000
106733  -40.407  13.249  -22.313 0.0000000000
106734  -40.585  13.118  -22.303 0.0000000000
106739  -40.514  13.688  -22.706 0.0000000000
106740  -40.608  13.442  -22.763 0.0000000000
106741  -40.625  13.263  -23.147 0.0000000000
106748  -40.372  13.040  -23.593 0.0000000000
106755  -39.496  13.491  -24.780 0.0000000000
106766  -39.156  13.923  -25.561 0.0000000000
106767  -39.534  14.303  -25.176 0.0000000000
107719  -36.081  14.353  -4.894 0.0000000000
107720  -36.368  14.517  -4.218 0.0000000000
107732  -36.060  14.392  -5.631 0.0000000000
107733  -36.647  14.847  -5.235 0.0000000000
107734  -36.981  15.202  -5.527 0.0000000000
107747  -35.121  14.287  -7.176 0.0000000000
107748  -35.806  14.390  -6.561 0.0000000000
107749  -36.701  14.708  -6.209 0.0000000000
107750  -37.178  15.068  -5.950 0.0000000000
107762  -35.055  14.262  -7.943 0.0000000000
107763  -35.892  14.551  -7.559 0.0000000000
107764  -36.663  14.773  -7.122 0.0000000000
107765  -37.216  15.177  -6.841 0.0000000000
107776  -34.934  14.290  -8.799 0.0000000000
107777  -35.809  14.606  -8.454 0.0000000000
107778  -36.765  15.013  -8.155 0.0000000000
107779  -37.134  15.136  -7.504 0.0000000000
107789  -34.122  13.955  -9.996 0.0000000000
107790  -34.564  14.257  -9.676 0.0000000000
107791  -35.744  14.827  -9.457 0.0000000000
107792  -36.323  14.916  -8.826 0.0000000000
107801  -34.381  14.047  -10.527 0.0000000000
107802  -35.166  14.712  -10.391 0.0000000000
107812  -34.567  13.909  -11.246 0.0000000000
107813  -34.999  14.542  -11.190 0.0000000000
107826  -34.664  13.664  -11.562 0.0000000000
107827  -35.035  14.178  -11.995 0.0000000000
107839  -35.598  14.258  -12.931 0.0000000000
107840  -36.270  14.315  -13.700 0.0000000000
107849  -36.931  14.430  -14.394 0.0000000000
107850  -37.683  14.516  -14.956 0.0000000000
107851  -37.944  14.042  -15.065 0.0000000000
107860  -38.159  15.062  -15.350 0.0000000000
107861  -38.559  14.682  -15.598 0.0000000000
107862  -39.212  15.283  -16.027 0.0000000000
107869  -38.963  14.312  -15.982 0.0000000000
107870  -39.229  15.072  -16.319 0.0000000000
107875  -38.953  14.483  -16.577 0.0000000000
107876  -39.087  14.663  -16.514 0.0000000000
107877  -39.373  15.257  -16.731 0.0000000000
107879  -37.806  14.518  -18.585 0.0000000000
107881  -37.664  14.515  -19.543 0.0000000000
107883  -37.686  14.539  -20.537 0.0000000000
107885  -37.897  14.584  -21.587 0.0000000000
107886  -38.192  14.154  -21.853 0.0000000000
107890  -38.127  14.829  -22.363 0.0000000000
107891  -40.386  14.087  -23.029 0.0000000000
107892  -40.186  14.160  -23.340 0.0000000000
107893  -40.271  13.994  -23.613 0.0000000000
107899  -40.216  13.636  -23.772 0.0000000000
107917  -39.217  14.463  -25.845 0.0000000000
107918  -39.537  14.855  -25.581 0.0000000000
107926  -39.206  14.976  -26.100 0.0000000000
107927  -39.498  14.845  -25.992 0.0000000000
108928  -36.190  15.526  -3.046 0.0000000000
108940  -35.988  15.640  -3.580 0.0000000000
108941  -36.466  15.082  -3.557 0.0000000000
108952  -35.862  15.804  -4.337 0.0000000000
108953  -36.392  15.213  -4.344 0.0000000000
108963  -35.885  16.005  -4.885 0.0000000000
108964  -36.493  15.544  -5.213 0.0000000000
108965  -37.097  15.456  -5.812 0.0000000000
108975  -37.285  15.470  -6.323 0.0000000000
108986  -37.387  15.680  -6.955 0.0000000000
108999  -37.383  15.329  -8.638 0.0000000000
109000  -37.709  15.634  -8.018 0.0000000000
109001  -38.593  16.181  -8.645 0.0000000000
109002  -38.941  16.435  -8.881 0.0000000000
109017  -36.360  15.219  -9.863 0.0000000000
109018  -36.914  15.239  -9.293 0.0000000000
109019  -37.959  15.505  -9.159 0.0000000000
109020  -38.659  15.850  -9.070 0.0000000000
109021  -39.161  16.308  -9.239 0.0000000000
109035  -35.989  15.223  -10.409 0.0000000000
109036  -36.844  15.456  -10.327 0.0000000000
109037  -37.791  15.575  -10.064 0.0000000000
109038  -38.877  15.840  -9.998 0.0000000000
109039  -39.158  16.039  -9.556 0.0000000000
109051  -35.593  15.082  -11.052 0.0000000000
109052  -36.474  15.633  -11.404 0.0000000000
109053  -37.529  15.862  -10.933 0.0000000000
109054  -38.368  15.944  -10.685 0.0000000000
109063  -35.548  15.075  -11.804 0.0000000000
109064  -36.179  15.544  -12.476 0.0000000000
109075  -35.600  14.893  -12.536 0.0000000000
109076  -36.047  15.112  -13.263 0.0000000000
109087  -36.687  15.104  -14.148 0.0000000000
109088  -37.273  15.177  -14.676 0.0000000000
109099  -37.914  15.381  -15.152 0.0000000000
109100  -38.530  15.686  -15.469 0.0000000000
109101  -39.177  15.786  -15.869 0.0000000000
109111  -39.514  15.830  -16.384 0.0000000000
109119  -39.165  14.921  -16.790 0.0000000000
109120  -39.425  15.713  -17.121 0.0000000000
109121  -39.572  15.786  -16.822 0.0000000000
109123  -38.067  15.535  -18.513 0.0000000000
109124  -39.334  16.553  -17.588 0.0000000000
109126  -37.759  15.520  -19.505 0.0000000000
109128  -37.648  15.533  -20.491 0.0000000000
109130  -37.707  15.614  -21.574 0.0000000000
109132  -37.959  15.966  -23.145 0.0000000000
109133  -38.258  15.080  -22.828 0.0000000000
109154  -39.507  15.653  -25.481 0.0000000000
109155  -39.642  15.155  -25.189 0.0000000000
109166  -39.325  15.478  -25.860 0.0000000000
109167  -39.568  15.130  -25.663 0.0000000000
110038  -35.887  16.233  -2.425 0.0000000000
110052  -35.764  16.117  -2.783 0.0000000000
110067  -34.943  16.792  -3.751 0.0000000000
110068  -35.343  16.372  -3.547 0.0000000000
110079  -34.787  16.943  -4.024 0.0000000000
110080  -35.285  16.527  -4.449 0.0000000000
110089  -35.932  16.356  -5.502 0.0000000000
110090  -36.847  15.923  -5.887 0.0000000000
110091  -37.230  15.685  -6.082 0.0000000000
110100  -35.901  16.756  -6.073 0.0000000000
110101  -36.547  16.529  -6.455 0.0000000000
110102  -37.231  15.948  -6.449 0.0000000000
110112  -36.773  16.761  -7.047 0.0000000000
110113  -37.322  16.373  -7.281 0.0000000000
110123  -37.995  16.452  -8.198 0.0000000000
110124  -38.625  16.653  -8.711 0.0000000000
110125  -39.105  16.712  -9.107 0.0000000000
110135  -39.557  16.806  -9.628 0.0000000000
110136  -39.828  17.047  -9.900 0.0000000000
110149  -39.459  16.256  -10.459 0.0000000000
110150  -39.624  16.409  -10.031 0.0000000000
110151  -39.986  16.930  -10.123 0.0000000000
110166  -37.440  16.137  -11.727 0.0000000000
110167  -38.284  16.242  -11.460 0.0000000000
110168  -39.220  16.247  -11.034 0.0000000000
110169  -39.940  16.545  -10.834 0.0000000000
110170  -40.254  16.884  -10.619 0.0000000000
110183  -37.046  16.128  -12.450 0.0000000000
110184  -38.051  16.473  -12.378 0.0000000000
110185  -39.089  16.562  -12.065 0.0000000000
110186  -40.107  16.761  -11.736 0.0000000000
110187  -40.522  16.941  -11.215 0.0000000000
110198  -36.768  15.988  -13.230 0.0000000000
110199  -37.739  16.464  -13.339 0.0000000000
110200  -38.917  16.858  -13.157 0.0000000000
110201  -39.796  16.863  -12.580 0.0000000000
110209  -36.985  15.464  -13.686 0.0000000000
110210  -37.396  16.110  -14.250 0.0000000000
110211  -38.572  16.855  -14.313 0.0000000000
110212  -39.183  17.113  -14.672 0.0000000000
110222  -37.675  15.787  -14.785 0.0000000000
110223  -38.260  16.228  -14.981 0.0000000000
110224  -39.395  16.874  -15.319 0.0000000000
110225  -40.231  17.297  -15.581 0.0000000000
110235  -39.803  16.506  -16.175 0.0000000000
110236  -40.244  17.088  -16.018 0.0000000000
110249  -39.652  16.389  -17.240 0.0000000000
110250  -40.017  16.772  -16.910 0.0000000000
110251  -40.167  17.016  -16.463 0.0000000000
110260  -39.332  17.135  -17.955 0.0000000000
110261  -39.463  16.837  -17.658 0.0000000000
110262  -39.771  17.051  -17.488 0.0000000000
110264  -37.944  16.528  -19.507 0.0000000000
110266  -37.724  16.529  -20.417 0.0000000000
110268  -37.643  16.529  -21.378 0.0000000000
110270  -37.687  16.581  -22.292 0.0000000000
110287  -39.664  15.427  -24.689 0.0000000000
110296  -38.640  16.747  -25.625 0.0000000000
110297  -39.321  15.859  -25.194 0.0000000000
110298  -39.698  15.274  -24.819 0.0000000000
110309  -38.597  16.368  -26.154 0.0000000000
110310  -39.269  15.873  -25.653 0.0000000000
111176  -35.772  16.578  -2.336 0.0000000000
111184  -34.551  17.558  -3.023 0.0000000000
111185  -35.058  17.147  -2.788 0.0000000000
111196  -34.577  17.334  -3.501 0.0000000000
111197  -34.942  16.902  -3.357 0.0000000000
111207  -34.605  17.274  -4.467 0.0000000000
111208  -35.137  16.880  -5.128 0.0000000000
111218  -34.669  17.419  -5.390 0.0000000000
111219  -35.393  17.040  -5.787 0.0000000000
111228  -34.891  17.552  -6.188 0.0000000000
111229  -35.726  17.188  -6.517 0.0000000000
111230  -36.329  17.033  -6.978 0.0000000000
111238  -35.109  17.716  -6.869 0.0000000000
111239  -35.771  17.561  -7.370 0.0000000000
111240  -36.762  17.169  -7.529 0.0000000000
111241  -37.506  16.956  -7.935 0.0000000000
111249  -36.208  17.663  -8.044 0.0000000000
111250  -37.008  17.506  -8.423 0.0000000000
111251  -38.017  17.137  -8.607 0.0000000000
111252  -38.760  17.093  -9.060 0.0000000000
111253  -39.266  17.071  -9.368 0.0000000000
111261  -37.539  17.564  -9.050 0.0000000000
111262  -38.251  17.509  -9.364 0.0000000000
111263  -38.985  17.404  -9.551 0.0000000000
111264  -39.575  17.265  -9.822 0.0000000000
111265  -39.938  17.205  -10.153 0.0000000000
111274  -38.626  17.697  -9.833 0.0000000000
111275  -39.210  17.693  -10.071 0.0000000000
111276  -39.858  17.542  -10.337 0.0000000000
111277  -40.274  17.311  -10.574 0.0000000000
111286  -40.617  17.322  -11.089 0.0000000000
111298  -40.480  17.166  -12.506 0.0000000000
111299  -40.963  17.489  -11.942 0.0000000000
111300  -41.358  17.977  -12.248 0.0000000000
111314  -39.239  17.230  -13.947 0.0000000000
111315  -40.049  17.249  -13.369 0.0000000000
111316  -41.009  17.549  -12.972 0.0000000000
111317  -41.438  17.930  -12.674 0.0000000000
111332  -39.153  17.178  -14.382 0.0000000000
111333  -39.759  17.359  -14.473 0.0000000000
111334  -40.816  17.645  -13.956 0.0000000000
111335  -41.555  17.998  -13.527 0.0000000000
111348  -39.847  17.346  -14.984 0.0000000000
111349  -40.505  17.578  -15.012 0.0000000000
111350  -41.563  18.035  -14.489 0.0000000000
111360  -40.833  17.573  -15.801 0.0000000000
111361  -41.514  18.052  -15.360 0.0000000000
111369  -40.429  17.473  -17.121 0.0000000000
111370  -40.774  17.646  -16.641 0.0000000000
111371  -41.451  18.114  -16.072 0.0000000000
111382  -39.392  17.469  -18.075 0.0000000000
111383  -39.689  17.669  -18.001 0.0000000000
111384  -40.209  17.686  -17.559 0.0000000000
111385  -40.695  17.907  -17.282 0.0000000000
111387  -39.339  17.767  -18.302 0.0000000000
111388  -39.455  17.978  -18.322 0.0000000000
111391  -37.954  17.589  -20.332 0.0000000000
111394  -37.733  17.476  -21.247 0.0000000000
111397  -37.666  17.449  -22.162 0.0000000000
111405  -37.699  17.351  -23.103 0.0000000000
111413  -37.748  17.338  -24.192 0.0000000000
111419  -37.800  18.105  -25.790 0.0000000000
111428  -37.950  17.686  -26.230 0.0000000000
112427  -35.668  17.230  -2.116 0.0000000000
112440  -33.707  19.034  -3.390 0.0000000000
112441  -34.265  18.266  -2.996 0.0000000000
112442  -35.359  18.177  -2.198 0.0000000000
112454  -33.683  18.715  -3.708 0.0000000000
112455  -34.000  17.978  -3.960 0.0000000000
112464  -33.507  18.676  -4.481 0.0000000000
112465  -34.036  17.962  -4.920 0.0000000000
112474  -33.530  18.588  -5.466 0.0000000000
112475  -34.143  17.972  -5.852 0.0000000000
112482  -33.662  18.554  -6.423 0.0000000000
112483  -34.374  18.047  -6.717 0.0000000000
112490  -33.862  18.568  -7.334 0.0000000000
112491  -34.741  18.106  -7.622 0.0000000000
112492  -35.469  17.937  -8.134 0.0000000000
112499  -34.025  18.649  -8.164 0.0000000000
112500  -34.734  18.441  -8.770 0.0000000000
112501  -35.964  17.992  -8.888 0.0000000000
112502  -36.870  17.812  -9.188 0.0000000000
112508  -35.248  18.657  -9.797 0.0000000000
112509  -36.370  18.207  -9.851 0.0000000000
112510  -37.517  17.872  -9.767 0.0000000000
112511  -38.202  17.774  -9.843 0.0000000000
112517  -35.084  19.024  -10.464 0.0000000000
112518  -35.714  18.741  -10.806 0.0000000000
112519  -37.016  18.290  -10.678 0.0000000000
112520  -38.392  18.019  -10.445 0.0000000000
112521  -39.563  17.983  -10.676 0.0000000000
112522  -40.279  17.759  -10.820 0.0000000000
112523  -40.538  17.541  -10.941 0.0000000000
112528  -35.741  18.931  -11.455 0.0000000000
112529  -36.425  18.754  -11.692 0.0000000000
112530  -37.775  18.403  -11.482 0.0000000000
112531  -39.081  18.322  -11.337 0.0000000000
112532  -40.171  18.179  -11.319 0.0000000000
112533  -40.687  17.761  -11.336 0.0000000000
112538  -36.496  18.946  -12.334 0.0000000000
112539  -37.217  18.779  -12.487 0.0000000000
112540  -38.515  18.552  -12.219 0.0000000000
112541  -39.770  18.460  -12.095 0.0000000000
112542  -40.940  18.223  -12.084 0.0000000000
112543  -41.330  18.171  -12.507 0.0000000000
112547  -37.372  18.937  -13.068 0.0000000000
112548  -37.994  18.774  -13.026 0.0000000000
112549  -39.122  18.674  -12.938 0.0000000000
112550  -40.306  18.596  -12.916 0.0000000000
112551  -41.294  18.436  -13.157 0.0000000000
112558  -41.903  18.711  -14.229 0.0000000000
112559  -42.210  19.145  -14.563 0.0000000000
112568  -42.137  18.574  -15.015 0.0000000000
112569  -42.465  19.061  -14.860 0.0000000000
112581  -42.070  18.618  -15.805 0.0000000000
112582  -42.554  19.054  -15.552 0.0000000000
112594  -41.171  18.323  -17.194 0.0000000000
112595  -41.873  18.729  -16.736 0.0000000000
112596  -42.508  19.125  -16.250 0.0000000000
112608  -39.676  18.313  -18.423 0.0000000000
112609  -40.136  18.471  -18.254 0.0000000000
112610  -40.859  18.572  -17.762 0.0000000000
112611  -41.579  18.880  -17.474 0.0000000000
112619  -38.281  18.165  -19.995 0.0000000000
112620  -39.582  18.624  -18.766 0.0000000000
112621  -39.849  18.794  -18.707 0.0000000000
112625  -38.205  18.536  -20.536 0.0000000000
112626  -38.511  18.720  -20.127 0.0000000000
112629  -37.942  18.350  -21.135 0.0000000000
112632  -37.808  18.345  -21.939 0.0000000000
112640  -37.735  18.353  -22.834 0.0000000000
112650  -37.688  18.369  -23.794 0.0000000000
112657  -37.513  19.211  -25.397 0.0000000000
112666  -37.478  18.952  -25.943 0.0000000000
113622  -33.873  19.508  -3.056 0.0000000000
113623  -34.758  19.287  -2.544 0.0000000000
113636  -32.479  20.387  -4.326 0.0000000000
113637  -33.086  19.632  -3.925 0.0000000000
113649  -32.366  20.066  -4.898 0.0000000000
113650  -32.905  19.260  -5.093 0.0000000000
113661  -32.394  19.804  -5.876 0.0000000000
113662  -33.034  19.169  -6.119 0.0000000000
113670  -32.561  19.715  -6.862 0.0000000000
113671  -33.233  19.167  -7.072 0.0000000000
113678  -32.821  19.770  -7.791 0.0000000000
113679  -33.470  19.230  -7.967 0.0000000000
113685  -33.103  19.793  -8.519 0.0000000000
113686  -33.729  19.366  -9.010 0.0000000000
113687  -34.437  19.072  -9.567 0.0000000000
113693  -34.003  19.726  -10.006 0.0000000000
113694  -34.624  19.286  -10.245 0.0000000000
113700  -34.212  19.780  -10.674 0.0000000000
113701  -34.805  19.411  -11.055 0.0000000000
113702  -35.364  19.156  -11.378 0.0000000000
113708  -35.051  19.492  -11.695 0.0000000000
113709  -35.596  19.242  -11.916 0.0000000000
113710  -36.072  19.145  -12.293 0.0000000000
113715  -35.091  19.717  -12.224 0.0000000000
113716  -35.585  19.615  -12.687 0.0000000000
113717  -36.368  19.251  -12.834 0.0000000000
113718  -36.946  19.114  -13.127 0.0000000000
113723  -35.909  19.715  -13.285 0.0000000000
113724  -36.509  19.557  -13.605 0.0000000000
113725  -37.392  19.176  -13.601 0.0000000000
113726  -38.422  19.021  -13.689 0.0000000000
113727  -39.549  18.991  -13.650 0.0000000000
113728  -40.634  19.023  -13.668 0.0000000000
113729  -41.438  19.060  -13.894 0.0000000000
113735  -36.946  19.625  -14.148 0.0000000000
113736  -37.720  19.505  -14.393 0.0000000000
113737  -38.784  19.358  -14.352 0.0000000000
113738  -39.827  19.381  -14.349 0.0000000000
113739  -40.836  19.433  -14.376 0.0000000000
113740  -41.735  19.359  -14.529 0.0000000000
113741  -42.203  19.365  -14.880 0.0000000000
113747  -38.222  19.705  -14.905 0.0000000000
113748  -39.008  19.726  -15.033 0.0000000000
113749  -40.000  19.710  -15.088 0.0000000000
113750  -40.953  19.770  -15.069 0.0000000000
113751  -41.746  19.731  -15.203 0.0000000000
113752  -42.316  19.561  -15.470 0.0000000000
113757  -42.575  19.639  -16.177 0.0000000000
113765  -42.216  19.352  -17.489 0.0000000000
113766  -42.915  19.754  -17.092 0.0000000000
113767  -43.388  20.332  -17.535 0.0000000000
113777  -40.221  19.094  -18.775 0.0000000000
113778  -40.779  19.137  -18.503 0.0000000000
113779  -41.721  19.433  -18.220 0.0000000000
113780  -42.821  19.873  -18.037 0.0000000000
113781  -43.393  20.256  -17.830 0.0000000000
113790  -39.713  19.399  -19.513 0.0000000000
113791  -39.960  19.397  -19.289 0.0000000000
113792  -40.648  19.589  -19.121 0.0000000000
113793  -41.246  19.668  -18.834 0.0000000000
113795  -38.217  18.967  -21.036 0.0000000000
113796  -39.737  19.894  -20.068 0.0000000000
113797  -39.768  19.728  -19.824 0.0000000000
113799  -38.080  19.036  -21.630 0.0000000000
113800  -38.447  19.459  -21.259 0.0000000000
113802  -38.018  19.246  -22.456 0.0000000000
113803  -38.345  19.614  -21.860 0.0000000000
113808  -37.839  19.208  -23.335 0.0000000000
113818  -37.614  20.078  -24.659 0.0000000000
113827  -37.503  19.847  -25.227 0.0000000000
113834  -37.458  19.876  -25.743 0.0000000000
114797  -32.624  20.843  -3.862 0.0000000000
114798  -33.485  20.582  -3.249 0.0000000000
114809  -31.351  21.584  -5.128 0.0000000000
114810  -31.841  21.008  -4.707 0.0000000000
114820  -31.346  21.308  -5.671 0.0000000000
114821  -31.822  20.541  -5.711 0.0000000000
114831  -31.424  21.056  -6.582 0.0000000000
114832  -31.947  20.339  -6.695 0.0000000000
114841  -31.634  20.945  -7.525 0.0000000000
114842  -32.202  20.333  -7.639 0.0000000000
114850  -31.908  20.884  -8.257 0.0000000000
114851  -32.456  20.502  -8.715 0.0000000000
114852  -33.062  20.110  -9.162 0.0000000000
114857  -32.747  20.749  -9.733 0.0000000000
114858  -33.366  20.221  -9.842 0.0000000000
114863  -33.062  20.842  -10.385 0.0000000000
114864  -33.574  20.472  -10.842 0.0000000000
114865  -34.163  20.050  -11.257 0.0000000000
114871  -33.819  20.640  -11.814 0.0000000000
114872  -34.527  20.010  -11.917 0.0000000000
114878  -34.189  20.631  -12.430 0.0000000000
114879  -34.847  20.321  -12.887 0.0000000000
114880  -35.446  20.103  -13.317 0.0000000000
114886  -35.126  20.620  -13.854 0.0000000000
114887  -35.810  20.182  -13.925 0.0000000000
114888  -36.427  20.022  -14.219 0.0000000000
114893  -35.421  20.782  -14.427 0.0000000000
114894  -36.055  20.591  -14.691 0.0000000000
114895  -36.916  20.136  -14.725 0.0000000000
114896  -37.611  19.990  -15.012 0.0000000000
114901  -36.573  20.690  -15.204 0.0000000000
114902  -37.256  20.515  -15.363 0.0000000000
114903  -38.149  20.275  -15.464 0.0000000000
114904  -39.175  20.322  -15.742 0.0000000000
114905  -40.151  20.163  -15.674 0.0000000000
114906  -41.009  20.188  -15.694 0.0000000000
114907  -41.823  20.192  -15.777 0.0000000000
114908  -42.379  20.098  -16.046 0.0000000000
114913  -39.628  20.553  -16.075 0.0000000000
114914  -40.194  20.623  -16.203 0.0000000000
114915  -41.098  20.651  -16.271 0.0000000000
114916  -41.975  20.648  -16.361 0.0000000000
114917  -42.698  20.406  -16.700 0.0000000000
114923  -43.273  20.587  -17.340 0.0000000000
114924  -43.693  20.726  -17.877 0.0000000000
114931  -41.706  19.892  -18.838 0.0000000000
114932  -42.374  20.198  -18.813 0.0000000000
114933  -43.474  20.703  -18.721 0.0000000000
114940  -39.966  19.853  -19.807 0.0000000000
114941  -40.410  19.998  -19.751 0.0000000000
114942  -41.468  20.238  -19.506 0.0000000000
114943  -42.797  20.894  -19.723 0.0000000000
114944  -43.560  21.352  -19.644 0.0000000000
114947  -39.738  20.222  -20.532 0.0000000000
114948  -39.941  20.253  -20.343 0.0000000000
114949  -40.753  20.553  -20.463 0.0000000000
114950  -41.848  21.011  -20.542 0.0000000000
114951  -42.810  21.380  -20.521 0.0000000000
114953  -39.705  20.530  -21.162 0.0000000000
114954  -40.040  20.850  -21.338 0.0000000000
114955  -40.945  21.048  -21.241 0.0000000000
114956  -41.683  21.366  -21.316 0.0000000000
114958  -38.074  19.710  -22.969 0.0000000000
114959  -39.203  20.956  -22.338 0.0000000000
114960  -39.743  21.173  -22.134 0.0000000000
114963  -38.143  20.778  -23.620 0.0000000000
114964  -38.660  21.155  -23.133 0.0000000000
114972  -37.761  20.567  -24.455 0.0000000000
114982  -37.575  20.543  -25.147 0.0000000000
116022  -31.432  21.997  -4.695 0.0000000000
116023  -32.227  21.866  -4.088 0.0000000000
116031  -30.679  22.698  -5.983 0.0000000000
116032  -30.935  22.153  -5.572 0.0000000000
116041  -30.710  22.454  -6.438 0.0000000000
116042  -30.974  21.762  -6.457 0.0000000000
116050  -30.793  22.228  -7.041 0.0000000000
116051  -31.125  21.746  -7.453 0.0000000000
116060  -31.545  21.636  -8.449 0.0000000000
116061  -31.934  21.225  -8.880 0.0000000000
116069  -31.807  21.808  -9.221 0.0000000000
116070  -32.218  21.492  -9.625 0.0000000000
116078  -32.679  21.605  -10.520 0.0000000000
116079  -33.115  21.280  -10.934 0.0000000000
116086  -32.915  21.907  -11.260 0.0000000000
116087  -33.264  21.524  -11.727 0.0000000000
116093  -33.673  21.469  -12.534 0.0000000000
116094  -34.316  20.856  -12.910 0.0000000000
116100  -34.092  21.903  -13.423 0.0000000000
116101  -34.632  21.009  -13.791 0.0000000000
116108  -34.358  21.939  -14.499 0.0000000000
116109  -34.859  21.509  -14.660 0.0000000000
116110  -35.470  21.149  -14.884 0.0000000000
116117  -35.194  21.674  -15.210 0.0000000000
116118  -35.960  21.222  -15.374 0.0000000000
116119  -36.859  21.059  -15.748 0.0000000000
116120  -37.617  20.956  -15.915 0.0000000000
116121  -38.374  20.830  -16.053 0.0000000000
116128  -36.714  21.496  -16.113 0.0000000000
116129  -37.241  21.543  -16.357 0.0000000000
116130  -37.980  21.431  -16.473 0.0000000000
116131  -39.103  21.160  -16.583 0.0000000000
116132  -40.287  21.166  -16.719 0.0000000000
116133  -41.275  21.173  -16.797 0.0000000000
116134  -42.221  21.130  -16.910 0.0000000000
116135  -42.937  21.030  -17.173 0.0000000000
116142  -39.648  21.639  -17.186 0.0000000000
116143  -40.515  21.636  -17.297 0.0000000000
116144  -41.527  21.608  -17.398 0.0000000000
116145  -42.506  21.512  -17.535 0.0000000000
116146  -43.374  21.333  -17.762 0.0000000000
116147  -43.643  21.256  -18.424 0.0000000000
116154  -42.782  21.839  -18.115 0.0000000000
116155  -43.399  21.873  -18.579 0.0000000000
116156  -43.736  21.655  -19.292 0.0000000000
116164  -43.392  21.477  -20.249 0.0000000000
116165  -43.931  21.827  -20.260 0.0000000000
116169  -42.394  21.508  -21.054 0.0000000000
116170  -43.287  21.817  -21.068 0.0000000000
116171  -43.796  22.219  -20.754 0.0000000000
116175  -40.354  21.176  -21.841 0.0000000000
116176  -41.074  21.366  -21.937 0.0000000000
116177  -42.141  21.771  -21.846 0.0000000000
116178  -42.878  22.315  -22.019 0.0000000000
116184  -39.273  21.276  -22.700 0.0000000000
116185  -40.079  21.442  -22.568 0.0000000000
116186  -41.155  21.720  -22.667 0.0000000000
116187  -42.131  22.238  -22.788 0.0000000000
116188  -42.756  22.625  -22.791 0.0000000000
116191  -38.206  21.065  -23.774 0.0000000000
116192  -38.950  21.544  -23.448 0.0000000000
116193  -40.154  21.800  -23.311 0.0000000000
116194  -41.162  22.109  -23.369 0.0000000000
116195  -41.930  22.401  -23.513 0.0000000000
116200  -38.046  21.159  -24.375 0.0000000000
116201  -38.577  21.744  -24.377 0.0000000000
116212  -37.834  21.323  -25.215 0.0000000000
116213  -38.409  21.952  -25.022 0.0000000000
117240  -31.839  22.928  -4.402 0.0000000000
117254  -30.759  23.170  -5.591 0.0000000000
117255  -31.139  22.722  -4.962 0.0000000000
117263  -30.577  23.165  -6.385 0.0000000000
117270  -30.636  22.956  -7.166 0.0000000000
117271  -30.855  22.448  -7.600 0.0000000000
117278  -30.793  22.939  -7.861 0.0000000000
117279  -31.139  22.499  -8.334 0.0000000000
117289  -31.587  22.515  -9.283 0.0000000000
117290  -31.921  22.223  -9.729 0.0000000000
117298  -31.864  22.730  -9.895 0.0000000000
117299  -32.275  22.412  -10.394 0.0000000000
117307  -32.656  22.580  -11.193 0.0000000000
117308  -32.977  22.589  -11.879 0.0000000000
117316  -33.309  22.576  -12.615 0.0000000000
117324  -33.570  22.805  -13.496 0.0000000000
117333  -33.950  22.828  -14.456 0.0000000000
117334  -34.330  22.581  -14.929 0.0000000000
117340  -34.708  22.511  -15.486 0.0000000000
117341  -35.147  22.061  -15.540 0.0000000000
117347  -34.822  22.862  -16.052 0.0000000000
117348  -35.660  22.569  -16.398 0.0000000000
117349  -36.936  22.209  -16.865 0.0000000000
117350  -37.492  22.091  -16.943 0.0000000000
117351  -38.193  21.872  -17.006 0.0000000000
117357  -36.359  22.979  -17.441 0.0000000000
117358  -36.896  22.738  -17.606 0.0000000000
117359  -37.753  22.452  -17.548 0.0000000000
117360  -38.753  22.139  -17.480 0.0000000000
117361  -39.727  22.097  -17.756 0.0000000000
117362  -40.750  22.071  -17.904 0.0000000000
117363  -41.859  22.019  -18.027 0.0000000000
117370  -37.252  22.876  -18.103 0.0000000000
117371  -37.988  22.736  -18.283 0.0000000000
117372  -38.934  22.526  -18.267 0.0000000000
117373  -39.895  22.383  -18.467 0.0000000000
117374  -41.045  22.391  -18.629 0.0000000000
117375  -42.391  22.322  -18.838 0.0000000000
117376  -43.402  22.313  -19.426 0.0000000000
117377  -43.935  22.209  -19.941 0.0000000000
117385  -38.358  22.715  -18.734 0.0000000000
117386  -38.952  22.669  -19.062 0.0000000000
117387  -40.094  22.560  -19.229 0.0000000000
117388  -41.275  22.628  -19.502 0.0000000000
117389  -42.499  22.646  -19.879 0.0000000000
117390  -43.447  22.563  -20.277 0.0000000000
117391  -43.854  22.302  -20.510 0.0000000000
117396  -39.331  22.742  -19.704 0.0000000000
117397  -40.178  22.741  -20.059 0.0000000000
117398  -41.368  22.876  -20.517 0.0000000000
117399  -42.605  22.843  -20.786 0.0000000000
117400  -43.317  22.474  -21.119 0.0000000000
117401  -43.732  22.440  -20.766 0.0000000000
117405  -41.825  23.088  -21.245 0.0000000000
117406  -42.544  23.138  -21.657 0.0000000000
117407  -42.944  22.924  -22.377 0.0000000000
117413  -42.510  22.577  -23.323 0.0000000000
117414  -42.974  22.983  -23.411 0.0000000000
117419  -39.373  21.982  -23.856 0.0000000000
117420  -40.218  22.255  -23.879 0.0000000000
117421  -41.230  22.475  -23.990 0.0000000000
117422  -42.287  22.686  -24.084 0.0000000000
117423  -42.755  23.354  -24.294 0.0000000000
117429  -39.184  22.390  -24.465 0.0000000000
117430  -40.268  22.702  -24.440 0.0000000000
117431  -41.285  22.884  -24.635 0.0000000000
117432  -42.135  23.217  -24.833 0.0000000000
117433  -42.550  23.705  -24.931 0.0000000000
117443  -38.611  22.485  -25.414 0.0000000000
118508  -30.771  24.152  -5.370 0.0000000000
118509  -31.192  23.530  -4.897 0.0000000000
118522  -30.504  24.007  -6.137 0.0000000000
118535  -30.427  23.892  -6.965 0.0000000000
118543  -30.598  23.774  -7.704 0.0000000000
118544  -30.941  23.090  -8.303 0.0000000000
118553  -31.174  23.928  -8.934 0.0000000000
118554  -31.326  22.996  -9.055 0.0000000000
118562  -31.641  23.319  -9.830 0.0000000000
118563  -32.068  23.555  -10.563 0.0000000000
118571  -32.502  23.453  -11.241 0.0000000000
118572  -32.812  23.473  -11.810 0.0000000000
118578  -33.159  23.548  -12.540 0.0000000000
118585  -33.441  23.609  -13.394 0.0000000000
118593  -33.717  23.640  -14.364 0.0000000000
118594  -34.022  23.273  -14.875 0.0000000000
118601  -33.922  23.843  -15.081 0.0000000000
118602  -34.251  23.490  -15.515 0.0000000000
118611  -34.658  23.548  -16.339 0.0000000000
118612  -34.985  23.469  -16.691 0.0000000000
118621  -34.974  23.760  -16.951 0.0000000000
118622  -35.499  23.693  -17.453 0.0000000000
118623  -36.208  23.332  -17.787 0.0000000000
118629  -35.845  23.795  -18.053 0.0000000000
118630  -36.515  23.453  -18.378 0.0000000000
118631  -37.242  23.139  -18.625 0.0000000000
118636  -36.855  23.548  -19.031 0.0000000000
118637  -37.735  23.213  -19.287 0.0000000000
118638  -38.584  23.017  -19.728 0.0000000000
118640  -38.040  23.502  -20.201 0.0000000000
118641  -39.038  23.123  -20.408 0.0000000000
118642  -40.087  23.087  -20.907 0.0000000000
118643  -40.957  23.200  -21.269 0.0000000000
118644  -38.299  23.704  -20.883 0.0000000000
118645  -39.055  23.550  -21.311 0.0000000000
118646  -40.085  23.518  -21.792 0.0000000000
118647  -41.413  23.438  -21.967 0.0000000000
118648  -42.334  23.459  -22.524 0.0000000000
118649  -42.802  23.397  -23.048 0.0000000000
118652  -40.539  23.763  -22.461 0.0000000000
118653  -41.376  23.806  -22.953 0.0000000000
118654  -42.335  23.821  -23.265 0.0000000000
118655  -42.792  23.674  -23.740 0.0000000000
118659  -41.748  24.171  -23.573 0.0000000000
118660  -42.325  24.247  -23.964 0.0000000000
118661  -42.661  24.097  -24.584 0.0000000000
118665  -39.468  22.844  -24.918 0.0000000000
118666  -40.252  23.182  -25.006 0.0000000000
118667  -41.184  23.476  -25.218 0.0000000000
118668  -41.975  23.813  -25.380 0.0000000000
118669  -42.403  24.269  -25.351 0.0000000000
118674  -39.250  23.153  -25.550 0.0000000000
118675  -40.083  23.700  -25.645 0.0000000000
118676  -41.106  24.091  -25.865 0.0000000000
118677  -41.913  24.422  -25.770 0.0000000000
118678  -42.194  24.630  -25.820 0.0000000000
118685  -39.969  24.296  -26.176 0.0000000000
118686  -40.794  24.586  -26.250 0.0000000000
119758  -30.493  25.005  -5.816 0.0000000000
119777  -30.365  24.847  -6.706 0.0000000000
119796  -30.393  24.826  -7.531 0.0000000000
119818  -30.493  25.067  -8.156 0.0000000000
119819  -31.101  24.834  -9.444 0.0000000000
119837  -31.494  24.390  -10.105 0.0000000000
119838  -31.798  24.578  -10.645 0.0000000000
119850  -32.276  24.621  -11.306 0.0000000000
119851  -32.651  24.167  -11.687 0.0000000000
119859  -32.613  24.851  -11.878 0.0000000000
119860  -32.988  24.511  -12.339 0.0000000000
119868  -33.351  24.540  -13.198 0.0000000000
119876  -33.533  24.570  -14.112 0.0000000000
119884  -33.760  24.600  -15.041 0.0000000000
119885  -33.990  24.245  -15.552 0.0000000000
119894  -33.849  24.841  -15.796 0.0000000000
119895  -34.226  24.460  -16.301 0.0000000000
119901  -34.825  24.365  -17.300 0.0000000000
119902  -35.418  24.203  -17.910 0.0000000000
119906  -35.155  24.725  -18.128 0.0000000000
119907  -35.704  24.361  -18.695 0.0000000000
119908  -36.336  23.992  -19.046 0.0000000000
119909  -36.084  24.505  -19.377 0.0000000000
119910  -36.691  24.201  -19.674 0.0000000000
119911  -37.342  23.922  -20.068 0.0000000000
119914  -36.947  24.540  -20.328 0.0000000000
119915  -37.528  24.306  -20.779 0.0000000000
119919  -38.189  24.415  -21.574 0.0000000000
119920  -39.044  24.082  -22.081 0.0000000000
119921  -39.743  23.996  -22.484 0.0000000000
119924  -38.526  24.822  -22.262 0.0000000000
119925  -39.187  24.767  -22.773 0.0000000000
119926  -40.212  24.350  -23.102 0.0000000000
119927  -41.004  24.346  -23.579 0.0000000000
119931  -39.634  25.128  -23.394 0.0000000000
119932  -40.357  25.055  -23.945 0.0000000000
119933  -41.436  24.648  -24.227 0.0000000000
119934  -42.178  24.687  -24.700 0.0000000000
119935  -42.397  24.577  -25.151 0.0000000000
119937  -40.831  25.271  -24.645 0.0000000000
119938  -41.550  25.196  -24.945 0.0000000000
119939  -42.095  25.090  -25.450 0.0000000000
119940  -42.309  24.732  -25.628 0.0000000000
119944  -41.460  24.611  -26.143 0.0000000000
119945  -42.036  24.957  -26.142 0.0000000000
119946  -42.325  24.794  -25.949 0.0000000000
119951  -40.068  24.926  -26.387 0.0000000000
119952  -41.152  25.032  -26.326 0.0000000000
119953  -41.570  25.171  -26.238 0.0000000000
120899  -30.468  25.870  -5.743 0.0000000000
120912  -30.347  25.762  -6.408 0.0000000000
120926  -30.308  25.742  -7.262 0.0000000000
120943  -30.398  25.823  -8.127 0.0000000000
120944  -30.695  26.023  -9.019 0.0000000000
120961  -31.323  25.965  -10.200 0.0000000000
120962  -31.589  25.205  -10.570 0.0000000000
120977  -31.575  26.180  -10.625 0.0000000000
120978  -31.818  25.576  -10.948 0.0000000000
120990  -32.361  25.555  -11.715 0.0000000000
120991  -32.816  25.527  -12.345 0.0000000000
120998  -33.256  25.480  -12.995 0.0000000000
121006  -33.444  25.523  -13.852 0.0000000000
121014  -33.606  25.538  -14.749 0.0000000000
121020  -33.728  25.530  -15.592 0.0000000000
121021  -33.960  25.471  -16.347 0.0000000000
121026  -34.351  25.368  -17.125 0.0000000000
121028  -34.765  25.386  -17.954 0.0000000000
121029  -35.203  25.373  -18.734 0.0000000000
121031  -35.760  25.307  -19.561 0.0000000000
121032  -36.182  24.807  -19.761 0.0000000000
121034  -36.022  25.783  -20.014 0.0000000000
121035  -36.396  25.300  -20.281 0.0000000000
121036  -36.958  25.012  -20.780 0.0000000000
121039  -36.884  25.671  -20.869 0.0000000000
121040  -37.417  25.371  -21.365 0.0000000000
121043  -38.060  25.478  -22.038 0.0000000000
121044  -38.574  25.598  -22.644 0.0000000000
121048  -39.069  25.728  -23.252 0.0000000000
121049  -39.596  25.868  -23.866 0.0000000000
121051  -40.064  25.988  -24.686 0.0000000000
121052  -40.840  25.667  -25.243 0.0000000000
121053  -41.478  25.403  -25.511 0.0000000000
121057  -37.921  26.566  -26.466 0.0000000000
121058  -38.512  26.486  -26.288 0.0000000000
121059  -39.952  26.388  -25.755 0.0000000000
121060  -40.999  25.636  -25.833 0.0000000000
121061  -41.682  25.332  -25.934 0.0000000000
121067  -38.919  25.502  -26.473 0.0000000000
121068  -40.435  25.470  -26.152 0.0000000000
121069  -41.320  25.337  -26.161 0.0000000000
121070  -41.768  25.230  -26.146 0.0000000000
121897  -30.414  26.600  -6.000 0.0000000000
121909  -30.387  26.632  -6.850 0.0000000000
121922  -30.407  26.701  -7.750 0.0000000000
121930  -30.641  26.798  -8.665 0.0000000000
121931  -31.033  26.812  -9.588 0.0000000000
121938  -31.452  26.784  -10.360 0.0000000000
121949  -31.782  26.638  -10.939 0.0000000000
121950  -32.168  26.487  -11.527 0.0000000000
121965  -32.599  26.453  -12.224 0.0000000000
121966  -33.100  26.368  -12.824 0.0000000000
121982  -33.386  26.420  -13.531 0.0000000000
121994  -33.623  26.630  -14.455 0.0000000000
122000  -33.749  26.418  -15.351 0.0000000000
122002  -33.903  26.359  -16.133 0.0000000000
122003  -34.268  26.352  -16.896 0.0000000000
122005  -34.615  26.303  -17.692 0.0000000000
122008  -34.973  26.336  -18.496 0.0000000000
122009  -35.440  26.308  -19.263 0.0000000000
122012  -35.877  26.238  -19.838 0.0000000000
122016  -36.224  26.270  -20.260 0.0000000000
122017  -36.653  26.287  -20.675 0.0000000000
122020  -37.193  26.339  -21.108 0.0000000000
122021  -37.916  26.490  -21.712 0.0000000000
122022  -38.567  26.871  -22.156 0.0000000000
122025  -38.360  26.238  -22.296 0.0000000000
122026  -38.965  26.666  -22.766 0.0000000000
122027  -39.597  27.140  -23.234 0.0000000000
122031  -39.389  26.483  -23.436 0.0000000000
122032  -39.735  26.924  -24.026 0.0000000000
122034  -39.961  27.051  -24.859 0.0000000000
122036  -36.988  27.150  -26.294 0.0000000000
122037  -37.686  26.934  -26.303 0.0000000000
122038  -38.910  27.126  -25.790 0.0000000000
122039  -39.617  27.231  -25.317 0.0000000000
122804  -30.491  27.450  -5.460 0.0000000000
122814  -30.481  27.506  -6.337 0.0000000000
122824  -30.533  27.579  -7.224 0.0000000000
122838  -30.714  27.691  -8.130 0.0000000000
122852  -31.074  27.852  -9.053 0.0000000000
122853  -31.419  27.698  -9.927 0.0000000000
122866  -31.825  27.654  -10.704 0.0000000000
122867  -32.287  28.018  -11.271 0.0000000000
122876  -32.093  27.261  -11.290 0.0000000000
122877  -32.489  27.532  -11.934 0.0000000000
122887  -32.990  27.318  -12.703 0.0000000000
122888  -33.308  27.050  -13.205 0.0000000000
122904  -33.256  27.677  -13.215 0.0000000000
122905  -33.480  27.516  -13.835 0.0000000000
122924  -33.747  27.647  -14.584 0.0000000000
122931  -33.927  27.428  -15.218 0.0000000000
122932  -34.284  27.736  -15.880 0.0000000000
122938  -33.956  27.062  -15.856 0.0000000000
122939  -34.368  27.307  -16.522 0.0000000000
122942  -34.743  27.318  -17.408 0.0000000000
122943  -35.308  27.685  -17.975 0.0000000000
122946  -34.954  27.071  -18.128 0.0000000000
122947  -35.665  27.497  -18.778 0.0000000000
122948  -36.394  28.030  -18.974 0.0000000000
122951  -35.936  26.985  -19.697 0.0000000000
122952  -36.384  27.634  -19.499 0.0000000000
122955  -36.131  26.699  -20.067 0.0000000000
122956  -36.682  27.195  -20.308 0.0000000000
122957  -37.344  27.554  -20.476 0.0000000000
122960  -36.981  26.805  -20.806 0.0000000000
122961  -37.569  27.250  -20.949 0.0000000000
122962  -38.723  27.600  -21.637 0.0000000000
122963  -39.468  28.207  -21.764 0.0000000000
122966  -38.960  27.253  -22.288 0.0000000000
122967  -39.564  27.738  -22.501 0.0000000000
122971  -40.001  27.763  -23.472 0.0000000000
122973  -36.630  28.068  -25.045 0.0000000000
122974  -37.595  27.891  -24.835 0.0000000000
122975  -38.632  28.000  -24.677 0.0000000000
122976  -39.534  28.108  -24.553 0.0000000000
122977  -40.020  27.732  -24.315 0.0000000000
122979  -36.275  27.919  -25.860 0.0000000000
122980  -37.112  27.513  -25.699 0.0000000000
122981  -38.192  27.523  -25.410 0.0000000000
122982  -39.151  27.619  -25.100 0.0000000000
122983  -39.775  27.648  -24.896 0.0000000000
123727  -30.503  28.399  -5.775 0.0000000000
123735  -30.619  28.444  -6.646 0.0000000000
123742  -30.866  28.532  -7.502 0.0000000000
123748  -31.179  28.660  -8.381 0.0000000000
123749  -31.509  28.991  -8.850 0.0000000000
123758  -31.333  28.557  -8.950 0.0000000000
123759  -31.629  28.692  -9.462 0.0000000000
123760  -32.126  28.963  -9.991 0.0000000000
123773  -31.827  28.371  -10.180 0.0000000000
123774  -32.316  28.738  -10.695 0.0000000000
123790  -32.829  28.863  -11.654 0.0000000000
123791  -33.294  29.480  -11.905 0.0000000000
123805  -33.008  28.247  -12.511 0.0000000000
123806  -33.340  29.203  -12.420 0.0000000000
123812  -33.136  27.955  -12.955 0.0000000000
123813  -33.427  28.589  -13.299 0.0000000000
123829  -33.907  28.647  -14.387 0.0000000000
123830  -34.487  29.165  -14.776 0.0000000000
123843  -33.966  28.048  -14.908 0.0000000000
123844  -34.376  28.497  -15.354 0.0000000000
123853  -34.903  28.403  -16.369 0.0000000000
123854  -35.585  28.780  -16.671 0.0000000000
123862  -34.843  27.868  -16.944 0.0000000000
123863  -35.548  28.355  -17.363 0.0000000000
123864  -36.388  28.925  -17.369 0.0000000000
123867  -35.748  28.116  -18.133 0.0000000000
123868  -36.729  28.632  -18.219 0.0000000000
123869  -38.024  29.237  -18.319 0.0000000000
123870  -38.606  29.594  -18.287 0.0000000000
123872  -36.937  28.160  -19.285 0.0000000000
123873  -37.834  28.652  -19.052 0.0000000000
123874  -38.827  29.397  -18.877 0.0000000000
123875  -39.320  29.618  -19.069 0.0000000000
123878  -36.851  27.783  -19.812 0.0000000000
123879  -37.527  27.980  -20.008 0.0000000000
123880  -38.598  28.648  -19.819 0.0000000000
123881  -39.225  29.360  -19.669 0.0000000000
123885  -37.674  27.704  -20.537 0.0000000000
123886  -38.275  27.982  -20.642 0.0000000000
123887  -39.329  28.653  -20.874 0.0000000000
123891  -38.182  28.863  -22.808 0.0000000000
123892  -39.087  29.017  -22.724 0.0000000000
123893  -39.879  29.072  -22.583 0.0000000000
123894  -40.012  28.654  -21.963 0.0000000000
123898  -36.653  28.655  -23.763 0.0000000000
123899  -37.472  28.659  -23.440 0.0000000000
123900  -38.580  28.669  -23.397 0.0000000000
123901  -39.493  28.745  -23.279 0.0000000000
123902  -39.998  28.455  -22.955 0.0000000000
123904  -36.225  28.587  -24.418 0.0000000000
123905  -37.063  28.308  -24.249 0.0000000000
123906  -38.065  28.335  -24.110 0.0000000000
123907  -39.085  28.462  -24.021 0.0000000000
123908  -39.891  28.369  -23.834 0.0000000000
123910  -35.269  28.866  -25.719 0.0000000000
123911  -35.816  28.552  -25.319 0.0000000000
124722  -29.975  29.827  -5.052 0.0000000000
124723  -30.261  29.382  -5.216 0.0000000000
124730  -30.486  29.281  -6.100 0.0000000000
124736  -30.737  29.389  -6.921 0.0000000000
124743  -31.094  29.515  -7.759 0.0000000000
124744  -31.406  29.576  -8.487 0.0000000000
124751  -31.684  29.542  -9.090 0.0000000000
124752  -32.047  29.535  -9.625 0.0000000000
124758  -32.449  29.580  -10.198 0.0000000000
124766  -32.835  29.657  -10.891 0.0000000000
124767  -33.277  29.845  -11.516 0.0000000000
124782  -33.551  29.994  -12.136 0.0000000000
124797  -33.848  29.993  -13.080 0.0000000000
124798  -34.442  30.492  -13.349 0.0000000000
124812  -33.921  29.356  -13.749 0.0000000000
124813  -34.702  30.038  -14.117 0.0000000000
124814  -35.514  30.584  -14.298 0.0000000000
124824  -35.039  29.398  -15.171 0.0000000000
124825  -35.893  30.268  -14.912 0.0000000000
124826  -36.556  30.545  -15.084 0.0000000000
124835  -34.981  28.955  -15.777 0.0000000000
124836  -35.798  29.354  -16.057 0.0000000000
124837  -36.586  30.288  -15.727 0.0000000000
124845  -36.096  29.024  -16.895 0.0000000000
124846  -37.069  29.669  -17.081 0.0000000000
124847  -38.125  30.105  -17.779 0.0000000000
124848  -38.561  30.241  -18.083 0.0000000000
124850  -37.566  29.337  -17.847 0.0000000000
124851  -38.156  29.687  -17.902 0.0000000000
124852  -39.054  29.982  -18.297 0.0000000000
124853  -39.368  30.147  -18.840 0.0000000000
124855  -37.119  30.149  -20.074 0.0000000000
124856  -37.447  30.135  -20.068 0.0000000000
124857  -39.299  29.730  -18.791 0.0000000000
124858  -39.516  29.866  -19.181 0.0000000000
124861  -36.342  29.993  -20.680 0.0000000000
124862  -36.846  29.999  -20.451 0.0000000000
124863  -37.907  29.877  -20.486 0.0000000000
124864  -38.832  29.877  -20.652 0.0000000000
124865  -39.409  29.678  -20.335 0.0000000000
124869  -36.217  29.873  -21.109 0.0000000000
124870  -36.978  29.578  -21.320 0.0000000000
124871  -38.124  29.522  -21.404 0.0000000000
124872  -39.102  29.621  -21.390 0.0000000000
124873  -39.608  29.224  -21.465 0.0000000000
124876  -35.261  29.862  -22.515 0.0000000000
124877  -35.781  29.633  -22.183 0.0000000000
124878  -37.194  29.080  -22.472 0.0000000000
124879  -38.571  29.270  -22.159 0.0000000000
124880  -39.490  29.392  -22.099 0.0000000000
124881  -39.995  29.232  -22.019 0.0000000000
124885  -35.230  29.798  -23.042 0.0000000000
124886  -35.967  29.076  -23.472 0.0000000000
124887  -36.780  28.844  -23.284 0.0000000000
124891  -35.090  29.719  -24.148 0.0000000000
124892  -35.514  29.072  -24.682 0.0000000000
124896  -34.833  29.545  -25.397 0.0000000000
124897  -35.364  29.031  -25.302 0.0000000000
125685  -28.887  31.044  -5.496 0.0000000000
125686  -29.650  30.223  -5.296 0.0000000000
125687  -30.170  29.780  -5.743 0.0000000000
125696  -28.814  31.247  -6.061 0.0000000000
125697  -29.302  30.870  -6.299 0.0000000000
125698  -30.134  30.113  -6.397 0.0000000000
125706  -29.777  30.740  -7.130 0.0000000000
125707  -30.470  30.199  -7.388 0.0000000000
125713  -30.081  30.790  -7.839 0.0000000000
125714  -30.799  30.467  -8.355 0.0000000000
125715  -31.402  30.149  -8.872 0.0000000000
125721  -31.072  30.689  -9.192 0.0000000000
125722  -31.720  30.280  -9.448 0.0000000000
125723  -32.248  30.162  -9.863 0.0000000000
125730  -31.293  30.865  -9.763 0.0000000000
125731  -31.830  30.725  -10.105 0.0000000000
125732  -32.554  30.465  -10.469 0.0000000000
125739  -33.052  30.494  -11.142 0.0000000000
125740  -33.483  30.595  -11.729 0.0000000000
125746  -33.878  30.678  -12.333 0.0000000000
125755  -34.295  30.825  -12.900 0.0000000000
125756  -34.784  30.867  -13.397 0.0000000000
125769  -35.294  30.905  -13.905 0.0000000000
125770  -35.956  30.954  -14.391 0.0000000000
125771  -36.492  31.119  -14.773 0.0000000000
125772  -36.778  31.236  -14.994 0.0000000000
125785  -36.478  30.743  -14.778 0.0000000000
125786  -36.884  30.842  -15.218 0.0000000000
125787  -36.942  31.210  -15.592 0.0000000000
125798  -35.196  31.069  -16.983 0.0000000000
125799  -35.839  31.079  -16.779 0.0000000000
125800  -36.856  30.878  -16.345 0.0000000000
125801  -36.973  31.173  -16.014 0.0000000000
125808  -35.247  30.904  -17.423 0.0000000000
125809  -36.106  30.693  -17.379 0.0000000000
125810  -37.162  30.372  -17.588 0.0000000000
125811  -38.078  30.372  -18.108 0.0000000000
125812  -38.657  30.322  -18.338 0.0000000000
125814  -35.223  30.711  -18.154 0.0000000000
125815  -36.158  30.431  -18.321 0.0000000000
125816  -37.181  30.364  -18.590 0.0000000000
125817  -38.121  30.421  -18.805 0.0000000000
125818  -38.983  30.327  -18.890 0.0000000000
125819  -39.439  30.204  -19.206 0.0000000000
125821  -35.097  30.654  -19.133 0.0000000000
125822  -36.100  30.344  -19.382 0.0000000000
125823  -37.095  30.207  -19.715 0.0000000000
125824  -38.257  30.256  -19.642 0.0000000000
125825  -39.138  30.263  -19.596 0.0000000000
125826  -39.523  30.088  -19.734 0.0000000000
125830  -35.075  30.717  -20.220 0.0000000000
125831  -36.054  30.147  -20.490 0.0000000000
125832  -36.647  30.123  -20.209 0.0000000000
125833  -38.750  30.141  -20.101 0.0000000000
125834  -39.299  30.089  -20.099 0.0000000000
125835  -39.553  30.014  -20.068 0.0000000000
125839  -35.090  30.694  -21.296 0.0000000000
125840  -35.531  30.063  -21.567 0.0000000000
125843  -35.004  30.299  -22.362 0.0000000000
125844  -35.355  29.936  -22.027 0.0000000000
125846  -34.699  30.433  -23.575 0.0000000000
125848  -34.503  30.438  -24.677 0.0000000000
126656  -28.429  31.612  -4.904 0.0000000000
126669  -28.471  31.619  -5.800 0.0000000000
126679  -28.685  31.537  -6.620 0.0000000000
126680  -29.202  31.207  -7.078 0.0000000000
126690  -28.793  31.623  -7.559 0.0000000000
126691  -29.454  31.221  -7.770 0.0000000000
126699  -29.043  31.691  -8.427 0.0000000000
126700  -29.881  31.265  -8.562 0.0000000000
126701  -30.482  31.086  -9.048 0.0000000000
126710  -29.340  31.759  -9.068 0.0000000000
126711  -29.874  31.554  -9.493 0.0000000000
126712  -30.660  31.195  -9.719 0.0000000000
126719  -30.205  31.687  -10.353 0.0000000000
126720  -31.099  31.295  -10.435 0.0000000000
126721  -31.927  31.135  -10.783 0.0000000000
126722  -32.562  30.980  -11.068 0.0000000000
126725  -30.554  31.759  -10.992 0.0000000000
126726  -31.234  31.608  -11.333 0.0000000000
126727  -32.094  31.384  -11.492 0.0000000000
126728  -32.942  31.182  -11.654 0.0000000000
126729  -33.576  31.152  -12.026 0.0000000000
126731  -31.594  31.694  -11.925 0.0000000000
126732  -32.231  31.609  -12.219 0.0000000000
126733  -33.056  31.449  -12.372 0.0000000000
126734  -33.750  31.238  -12.623 0.0000000000
126736  -32.517  31.697  -12.754 0.0000000000
126737  -33.067  31.577  -13.105 0.0000000000
126738  -34.048  31.301  -13.383 0.0000000000
126739  -34.742  31.255  -13.801 0.0000000000
126741  -33.149  31.594  -13.954 0.0000000000
126742  -34.078  31.481  -14.234 0.0000000000
126743  -35.080  31.359  -14.462 0.0000000000
126744  -35.872  31.334  -14.863 0.0000000000
126745  -36.215  31.368  -14.772 0.0000000000
126746  -36.733  31.367  -15.316 0.0000000000
126748  -33.107  31.659  -14.874 0.0000000000
126749  -34.070  31.488  -15.142 0.0000000000
126750  -35.036  31.418  -15.396 0.0000000000
126751  -35.897  31.407  -15.530 0.0000000000
126752  -36.505  31.372  -15.578 0.0000000000
126753  -36.767  31.368  -15.666 0.0000000000
126755  -33.017  31.633  -15.871 0.0000000000
126756  -33.991  31.370  -16.137 0.0000000000
126757  -35.095  31.260  -16.417 0.0000000000
126758  -36.218  31.294  -16.111 0.0000000000
126759  -36.743  31.270  -15.992 0.0000000000
126760  -37.089  31.441  -15.914 0.0000000000
126762  -32.973  31.709  -16.908 0.0000000000
126763  -33.853  31.350  -17.129 0.0000000000
126764  -34.567  31.092  -17.347 0.0000000000
126766  -33.126  31.878  -17.663 0.0000000000
126767  -33.689  31.573  -18.195 0.0000000000
126768  -34.568  31.005  -17.991 0.0000000000
126770  -33.726  31.958  -19.296 0.0000000000
126771  -34.373  31.192  -18.808 0.0000000000
126775  -33.839  32.154  -19.847 0.0000000000
126776  -34.254  31.615  -19.935 0.0000000000
126780  -34.473  31.599  -21.046 0.0000000000
126783  -34.583  31.455  -22.082 0.0000000000
126785  -34.443  31.267  -23.093 0.0000000000
126787  -33.876  31.847  -24.567 0.0000000000
126788  -34.273  31.199  -24.103 0.0000000000
126793  -34.200  31.180  -24.986 0.0000000000
127637  -27.688  32.930  -5.013 0.0000000000
127658  -27.653  32.806  -5.892 0.0000000000
127659  -28.024  32.219  -5.398 0.0000000000
127678  -27.716  32.737  -6.813 0.0000000000
127679  -28.102  32.153  -6.294 0.0000000000
127688  -27.866  32.715  -7.730 0.0000000000
127689  -28.218  32.124  -7.208 0.0000000000
127699  -28.074  32.794  -8.602 0.0000000000
127700  -28.401  32.185  -8.156 0.0000000000
127709  -28.196  32.890  -9.090 0.0000000000
127710  -28.710  32.401  -9.284 0.0000000000
127711  -29.324  31.952  -9.493 0.0000000000
127715  -28.953  32.706  -10.478 0.0000000000
127716  -29.459  32.114  -10.073 0.0000000000
127718  -29.059  32.838  -11.090 0.0000000000
127719  -29.788  32.384  -11.259 0.0000000000
127720  -30.588  31.949  -11.457 0.0000000000
127722  -29.966  32.714  -12.492 0.0000000000
127723  -30.879  32.114  -12.148 0.0000000000
127724  -31.603  31.848  -12.334 0.0000000000
127726  -29.999  32.925  -13.067 0.0000000000
127727  -30.576  32.635  -13.310 0.0000000000
127728  -31.777  32.054  -12.938 0.0000000000
127729  -32.433  31.820  -13.113 0.0000000000
127731  -30.648  32.837  -14.436 0.0000000000
127732  -31.517  32.384  -13.985 0.0000000000
127733  -32.366  31.915  -13.613 0.0000000000
127735  -30.615  33.042  -15.419 0.0000000000
127736  -31.376  32.508  -15.022 0.0000000000
127737  -32.276  32.040  -14.509 0.0000000000
127739  -30.605  33.180  -15.964 0.0000000000
127740  -31.166  32.771  -16.117 0.0000000000
127741  -32.148  32.099  -15.517 0.0000000000
127743  -31.497  32.822  -16.988 0.0000000000
127744  -32.113  32.203  -16.574 0.0000000000
127747  -31.445  33.152  -17.373 0.0000000000
127748  -32.204  32.636  -17.792 0.0000000000
127749  -33.006  32.205  -18.140 0.0000000000
127752  -32.399  33.178  -18.519 0.0000000000
127753  -32.985  32.690  -18.841 0.0000000000
127756  -33.644  32.826  -19.882 0.0000000000
127757  -33.908  32.307  -20.130 0.0000000000
127761  -33.800  33.262  -20.421 0.0000000000
127762  -33.996  32.689  -20.730 0.0000000000
127765  -34.196  33.030  -22.608 0.0000000000
127766  -34.261  32.640  -21.870 0.0000000000
127768  -33.967  32.873  -23.177 0.0000000000
127769  -34.292  32.232  -22.766 0.0000000000
127772  -32.983  32.896  -24.512 0.0000000000
127773  -33.484  32.685  -23.952 0.0000000000
127774  -34.114  32.050  -23.647 0.0000000000
127780  -33.347  32.323  -24.990 0.0000000000
128585  -27.396  33.556  -5.455 0.0000000000
128602  -27.360  33.461  -6.367 0.0000000000
128616  -27.457  33.396  -7.330 0.0000000000
128627  -27.648  33.267  -8.168 0.0000000000
128634  -27.792  33.414  -9.088 0.0000000000
128635  -28.267  32.972  -9.348 0.0000000000
128638  -27.841  33.829  -10.096 0.0000000000
128639  -28.368  33.154  -9.903 0.0000000000
128641  -27.904  34.047  -10.733 0.0000000000
128642  -28.539  33.480  -11.110 0.0000000000
128643  -29.130  32.924  -11.382 0.0000000000
128645  -28.724  33.695  -12.251 0.0000000000
128646  -29.274  33.100  -11.936 0.0000000000
128648  -28.627  34.017  -13.165 0.0000000000
128649  -29.470  33.328  -13.047 0.0000000000
128650  -30.001  33.020  -13.342 0.0000000000
128652  -28.536  34.353  -13.745 0.0000000000
128653  -29.144  33.889  -14.139 0.0000000000
128654  -29.965  33.187  -13.873 0.0000000000
128656  -29.390  34.012  -15.136 0.0000000000
128657  -29.956  33.423  -14.850 0.0000000000
128659  -29.457  34.245  -15.644 0.0000000000
128660  -30.052  33.702  -15.956 0.0000000000
128661  -30.634  33.285  -16.252 0.0000000000
128663  -30.199  34.006  -16.512 0.0000000000
128664  -30.754  33.568  -16.856 0.0000000000
128667  -31.385  33.662  -17.730 0.0000000000
128668  -31.931  33.698  -18.402 0.0000000000
128671  -32.538  33.756  -18.916 0.0000000000
128672  -33.129  33.734  -19.538 0.0000000000
128675  -33.631  33.828  -20.215 0.0000000000
128678  -33.924  33.732  -20.798 0.0000000000
128679  -34.178  33.658  -21.419 0.0000000000
128682  -34.238  33.522  -22.899 0.0000000000
128683  -34.402  33.812  -22.271 0.0000000000
128686  -33.823  33.723  -23.321 0.0000000000
128687  -34.437  34.125  -22.923 0.0000000000
128693  -32.500  33.408  -24.504 0.0000000000
128694  -33.161  33.533  -23.946 0.0000000000
129501  -26.792  34.975  -6.186 0.0000000000
129502  -27.071  34.219  -5.852 0.0000000000
129504  -26.736  34.976  -7.193 0.0000000000
129505  -27.050  34.162  -6.831 0.0000000000
129507  -26.728  35.075  -8.212 0.0000000000
129508  -27.177  34.094  -8.026 0.0000000000
129510  -26.741  35.261  -8.868 0.0000000000
129511  -27.194  34.575  -9.270 0.0000000000
129514  -27.502  34.480  -10.329 0.0000000000
129516  -27.756  34.423  -11.345 0.0000000000
129517  -28.308  33.985  -11.778 0.0000000000
129519  -27.534  34.899  -12.292 0.0000000000
129520  -28.147  34.294  -12.366 0.0000000000
129522  -27.433  35.284  -12.829 0.0000000000
129523  -27.945  34.812  -13.272 0.0000000000
129525  -28.431  34.746  -14.339 0.0000000000
129526  -28.942  34.301  -14.758 0.0000000000
129528  -28.426  35.188  -14.919 0.0000000000
129529  -28.904  34.692  -15.313 0.0000000000
129531  -29.505  34.644  -16.101 0.0000000000
129532  -29.928  34.208  -16.376 0.0000000000
129534  -29.631  35.107  -16.485 0.0000000000
129535  -30.093  34.617  -16.773 0.0000000000
129536  -30.799  34.544  -17.489 0.0000000000
129538  -31.470  34.591  -18.130 0.0000000000
129539  -32.105  34.641  -18.733 0.0000000000
129541  -32.788  34.675  -19.260 0.0000000000
129542  -33.434  34.714  -19.855 0.0000000000
129545  -33.975  34.734  -20.671 0.0000000000
129546  -34.351  35.227  -20.950 0.0000000000
129549  -34.174  34.226  -21.106 0.0000000000
129550  -34.455  34.769  -21.483 0.0000000000
129553  -34.608  34.858  -22.483 0.0000000000
129559  -31.884  34.699  -23.738 0.0000000000
129560  -32.741  34.654  -23.703 0.0000000000
129561  -33.494  34.456  -23.588 0.0000000000
129562  -34.248  34.714  -23.217 0.0000000000
129568  -32.210  34.127  -24.201 0.0000000000
129569  -32.852  34.055  -24.023 0.0000000000
130393  -26.492  35.816  -6.450 0.0000000000
130395  -26.400  35.853  -7.442 0.0000000000
130397  -26.408  35.860  -8.422 0.0000000000
130399  -26.666  35.577  -9.548 0.0000000000
130400  -27.142  34.931  -9.929 0.0000000000
130403  -26.673  35.840  -10.645 0.0000000000
130404  -27.155  35.089  -10.550 0.0000000000
130407  -26.683  36.060  -11.556 0.0000000000
130408  -27.136  35.298  -11.464 0.0000000000
130411  -26.734  36.312  -12.369 0.0000000000
130412  -27.086  35.594  -12.330 0.0000000000
130414  -26.769  36.561  -12.831 0.0000000000
130415  -27.262  35.954  -13.343 0.0000000000
130416  -27.901  35.303  -13.865 0.0000000000
130418  -27.537  36.373  -14.066 0.0000000000
130419  -28.018  35.795  -14.444 0.0000000000
130421  -28.590  35.686  -15.424 0.0000000000
130422  -29.013  35.142  -15.792 0.0000000000
130424  -28.777  36.151  -15.882 0.0000000000
130425  -29.181  35.653  -16.215 0.0000000000
130427  -29.784  35.567  -16.790 0.0000000000
130428  -30.364  35.461  -17.275 0.0000000000
130429  -31.041  35.511  -17.811 0.0000000000
130431  -31.754  35.559  -18.361 0.0000000000
130432  -32.506  35.595  -18.855 0.0000000000
130434  -33.218  35.602  -19.378 0.0000000000
130435  -33.910  35.685  -19.981 0.0000000000
130436  -34.409  36.094  -20.322 0.0000000000
130439  -34.250  35.536  -20.603 0.0000000000
130440  -34.569  35.824  -20.991 0.0000000000
130443  -34.646  35.796  -21.870 0.0000000000
130450  -30.998  36.013  -22.890 0.0000000000
130451  -32.042  36.037  -22.931 0.0000000000
130452  -33.070  36.013  -22.911 0.0000000000
130453  -34.107  35.812  -22.760 0.0000000000
130460  -31.478  35.337  -23.305 0.0000000000
130461  -32.458  35.335  -23.328 0.0000000000
130462  -33.363  35.263  -23.345 0.0000000000
130463  -33.934  35.128  -23.389 0.0000000000
131279  -26.193  36.736  -6.690 0.0000000000
131284  -25.834  37.183  -8.027 0.0000000000
131285  -26.029  36.764  -7.696 0.0000000000
131287  -25.793  37.343  -8.315 0.0000000000
131288  -26.042  36.748  -8.750 0.0000000000
131290  -26.240  36.525  -9.889 0.0000000000
131292  -26.285  36.634  -10.813 0.0000000000
131294  -26.363  36.863  -11.640 0.0000000000
131297  -26.513  37.067  -12.391 0.0000000000
131299  -26.757  37.055  -13.124 0.0000000000
131300  -27.203  36.997  -13.848 0.0000000000
131302  -27.768  36.867  -14.555 0.0000000000
131303  -28.219  36.394  -15.018 0.0000000000
131305  -28.210  37.025  -15.083 0.0000000000
131306  -28.560  36.706  -15.574 0.0000000000
131309  -29.042  36.650  -16.137 0.0000000000
131310  -29.634  36.496  -16.631 0.0000000000
131311  -30.208  36.767  -16.925 0.0000000000
131314  -30.069  36.150  -17.074 0.0000000000
131315  -30.667  36.439  -17.388 0.0000000000
131316  -31.463  36.471  -17.879 0.0000000000
131318  -32.244  36.485  -18.349 0.0000000000
131319  -33.084  36.532  -18.808 0.0000000000
131320  -33.755  36.941  -19.025 0.0000000000
131322  -33.656  36.316  -19.378 0.0000000000
131323  -34.243  36.721  -19.694 0.0000000000
131324  -34.611  36.714  -20.500 0.0000000000
131327  -34.556  36.603  -21.265 0.0000000000
131331  -33.856  37.010  -22.010 0.0000000000
131332  -34.157  36.716  -21.953 0.0000000000
131339  -30.455  36.716  -22.434 0.0000000000
131340  -31.553  36.753  -22.547 0.0000000000
131341  -32.598  36.747  -22.563 0.0000000000
131342  -33.599  36.764  -22.298 0.0000000000
131343  -34.035  36.465  -22.381 0.0000000000
132155  -25.730  38.037  -7.358 0.0000000000
132156  -25.867  37.784  -6.985 0.0000000000
132163  -25.711  37.800  -7.799 0.0000000000
132164  -25.832  37.369  -7.615 0.0000000000
132172  -25.708  37.701  -8.704 0.0000000000
132173  -25.895  37.197  -9.411 0.0000000000
132180  -25.699  37.864  -9.552 0.0000000000
132181  -25.928  37.244  -10.159 0.0000000000
132189  -25.696  37.972  -10.317 0.0000000000
132190  -25.929  37.398  -10.954 0.0000000000
132196  -25.693  38.097  -10.972 0.0000000000
132197  -26.030  37.802  -11.727 0.0000000000
132204  -26.394  37.906  -12.623 0.0000000000
132212  -26.854  38.064  -13.459 0.0000000000
132213  -27.484  37.884  -14.236 0.0000000000
132226  -28.148  37.804  -14.861 0.0000000000
132227  -28.651  38.046  -15.293 0.0000000000
132242  -28.497  37.442  -15.343 0.0000000000
132243  -29.082  37.672  -15.805 0.0000000000
132244  -29.722  37.846  -16.193 0.0000000000
132259  -29.480  37.223  -16.292 0.0000000000
132260  -30.066  37.438  -16.574 0.0000000000
132261  -30.624  37.349  -17.010 0.0000000000
132271  -31.198  37.291  -17.396 0.0000000000
132272  -32.023  37.462  -17.777 0.0000000000
132273  -32.687  37.908  -18.056 0.0000000000
132282  -32.704  37.197  -18.281 0.0000000000
132283  -33.313  37.567  -18.576 0.0000000000
132284  -33.948  37.641  -19.167 0.0000000000
132292  -34.368  37.713  -20.092 0.0000000000
132293  -34.570  37.264  -20.857 0.0000000000
132298  -34.223  37.876  -21.007 0.0000000000
132299  -34.306  37.222  -21.447 0.0000000000
132304  -30.080  38.300  -21.701 0.0000000000
132305  -30.672  38.233  -21.726 0.0000000000
132306  -31.659  38.200  -21.876 0.0000000000
132307  -32.665  38.103  -21.988 0.0000000000
132308  -33.711  37.545  -21.799 0.0000000000
132309  -34.103  37.170  -21.729 0.0000000000
132315  -29.824  37.668  -21.977 0.0000000000
132316  -31.056  37.476  -22.074 0.0000000000
132317  -32.114  37.459  -22.252 0.0000000000
132318  -33.069  37.346  -22.233 0.0000000000
132319  -33.491  37.231  -22.120 0.0000000000
133144  -25.640  38.537  -7.317 0.0000000000
133159  -25.551  38.537  -8.151 0.0000000000
133174  -25.527  38.528  -8.979 0.0000000000
133186  -25.555  38.610  -9.743 0.0000000000
133199  -25.578  38.718  -10.488 0.0000000000
133211  -25.715  38.735  -11.266 0.0000000000
133212  -26.060  38.744  -12.055 0.0000000000
133229  -26.474  38.840  -12.800 0.0000000000
133250  -26.885  39.034  -13.325 0.0000000000
133251  -27.364  38.863  -13.849 0.0000000000
133271  -27.996  38.788  -14.474 0.0000000000
133272  -28.617  38.667  -14.924 0.0000000000
133287  -29.163  38.600  -15.312 0.0000000000
133288  -30.085  38.638  -15.722 0.0000000000
133289  -31.254  39.227  -15.797 0.0000000000
133290  -31.835  39.517  -15.917 0.0000000000
133302  -30.141  38.079  -16.297 0.0000000000
133303  -30.834  38.226  -16.503 0.0000000000
133304  -31.923  38.988  -16.479 0.0000000000
133305  -32.263  39.043  -16.843 0.0000000000
133311  -31.003  37.791  -17.057 0.0000000000
133312  -31.515  38.130  -17.142 0.0000000000
133313  -32.226  38.653  -17.409 0.0000000000
133322  -32.940  38.590  -18.418 0.0000000000
133323  -33.511  38.117  -18.839 0.0000000000
133333  -32.963  39.004  -19.021 0.0000000000
133334  -33.526  38.585  -19.442 0.0000000000
133341  -33.407  39.016  -20.987 0.0000000000
133342  -33.782  38.617  -20.500 0.0000000000
133347  -29.464  38.967  -21.655 0.0000000000
133348  -30.197  38.903  -21.603 0.0000000000
133349  -31.197  38.977  -21.597 0.0000000000
133350  -32.159  38.909  -21.657 0.0000000000
133351  -33.035  38.783  -21.486 0.0000000000
133352  -33.697  38.412  -21.178 0.0000000000
133358  -28.879  38.502  -21.922 0.0000000000
133359  -29.670  38.454  -21.721 0.0000000000
134179  -25.527  39.380  -7.653 0.0000000000
134195  -25.460  39.317  -8.506 0.0000000000
134208  -25.440  39.190  -9.230 0.0000000000
134229  -25.448  39.409  -9.877 0.0000000000
134252  -25.553  39.527  -10.693 0.0000000000
134253  -25.835  39.591  -11.489 0.0000000000
134276  -26.275  39.655  -12.221 0.0000000000
134294  -26.763  39.689  -12.858 0.0000000000
134295  -27.306  39.717  -13.381 0.0000000000
134308  -27.964  39.700  -13.922 0.0000000000
134309  -28.868  39.650  -14.483 0.0000000000
134310  -29.903  40.260  -14.470 0.0000000000
134311  -30.432  40.629  -14.493 0.0000000000
134319  -29.063  39.077  -14.935 0.0000000000
134320  -29.665  39.359  -14.948 0.0000000000
134321  -30.718  39.979  -15.005 0.0000000000
134322  -31.559  39.982  -15.608 0.0000000000
134331  -32.124  39.835  -16.151 0.0000000000
134332  -32.221  39.452  -16.905 0.0000000000
134343  -32.009  39.661  -17.936 0.0000000000
134344  -32.185  39.397  -17.780 0.0000000000
134353  -32.010  39.635  -18.334 0.0000000000
134354  -32.526  39.319  -18.684 0.0000000000
134359  -32.116  39.695  -19.078 0.0000000000
134360  -32.699  39.476  -19.679 0.0000000000
134361  -33.265  39.145  -20.211 0.0000000000
134366  -32.196  39.976  -21.071 0.0000000000
134367  -32.691  39.631  -20.840 0.0000000000
134368  -33.327  39.145  -20.643 0.0000000000
134372  -28.989  39.373  -21.722 0.0000000000
134373  -29.679  39.622  -21.568 0.0000000000
134374  -30.631  39.725  -21.437 0.0000000000
134375  -31.788  39.780  -21.287 0.0000000000
134376  -32.455  39.337  -21.373 0.0000000000
134382  -28.169  39.521  -22.109 0.0000000000
135185  -25.506  40.165  -8.008 0.0000000000
135203  -25.403  40.090  -9.031 0.0000000000
135223  -25.433  40.320  -10.021 0.0000000000
135237  -25.676  40.396  -10.886 0.0000000000
135238  -26.087  40.493  -11.616 0.0000000000
135249  -26.674  40.591  -12.326 0.0000000000
135250  -27.274  40.958  -12.661 0.0000000000
135260  -27.142  40.337  -12.935 0.0000000000
135261  -27.911  40.682  -13.205 0.0000000000
135262  -28.846  41.101  -13.430 0.0000000000
135263  -29.478  41.388  -13.651 0.0000000000
135271  -28.591  40.364  -13.798 0.0000000000
135272  -29.343  40.653  -13.944 0.0000000000
135273  -30.040  41.142  -14.152 0.0000000000
135274  -30.687  41.037  -14.642 0.0000000000
135284  -30.985  40.737  -15.429 0.0000000000
135285  -31.560  40.386  -16.001 0.0000000000
135296  -30.043  40.834  -16.587 0.0000000000
135297  -30.628  40.727  -16.356 0.0000000000
135298  -31.749  40.190  -16.816 0.0000000000
135299  -32.107  39.793  -17.328 0.0000000000
135310  -29.319  40.898  -17.426 0.0000000000
135311  -29.757  40.751  -17.138 0.0000000000
135312  -30.777  40.380  -17.444 0.0000000000
135313  -31.727  39.898  -17.804 0.0000000000
135314  -32.065  39.723  -17.586 0.0000000000
135320  -29.320  40.829  -17.769 0.0000000000
135321  -29.867  40.614  -18.265 0.0000000000
135322  -30.809  40.298  -18.513 0.0000000000
135323  -31.535  39.983  -18.866 0.0000000000
135329  -30.172  40.638  -19.131 0.0000000000
135330  -30.838  40.508  -19.613 0.0000000000
135331  -31.843  40.144  -19.847 0.0000000000
135332  -32.324  39.932  -20.406 0.0000000000
135338  -31.124  40.554  -20.463 0.0000000000
135339  -31.940  40.214  -20.823 0.0000000000
135340  -32.342  39.974  -20.721 0.0000000000
135344  -28.899  40.247  -21.681 0.0000000000
135345  -29.908  40.416  -21.383 0.0000000000
135346  -30.959  40.454  -21.109 0.0000000000
135347  -31.591  40.223  -21.127 0.0000000000
135352  -27.441  40.351  -22.483 0.0000000000
135353  -28.174  40.492  -22.064 0.0000000000
136155  -25.489  41.016  -8.289 0.0000000000
136165  -25.461  41.158  -9.256 0.0000000000
136175  -25.650  41.284  -10.256 0.0000000000
136176  -26.001  41.715  -10.740 0.0000000000
136185  -25.895  41.114  -11.050 0.0000000000
136186  -26.455  41.572  -11.505 0.0000000000
136187  -27.065  42.045  -11.952 0.0000000000
136194  -26.995  41.405  -12.239 0.0000000000
136195  -27.729  41.785  -12.511 0.0000000000
136196  -28.414  42.208  -12.860 0.0000000000
136203  -28.428  41.553  -13.017 0.0000000000
136204  -29.020  41.989  -13.306 0.0000000000
136205  -29.710  41.982  -13.815 0.0000000000
136213  -30.047  41.819  -14.529 0.0000000000
136214  -30.492  41.456  -15.106 0.0000000000
136227  -28.719  41.961  -15.656 0.0000000000
136228  -29.413  41.770  -15.396 0.0000000000
136229  -30.331  41.180  -15.751 0.0000000000
136241  -27.643  42.087  -16.934 0.0000000000
136242  -28.400  41.825  -16.308 0.0000000000
136243  -29.701  41.108  -16.396 0.0000000000
136244  -30.278  41.024  -16.122 0.0000000000
136250  -27.816  41.778  -17.564 0.0000000000
136251  -28.929  41.139  -17.404 0.0000000000
136252  -29.441  40.960  -16.947 0.0000000000
136257  -28.135  41.676  -18.613 0.0000000000
136258  -28.983  41.126  -18.672 0.0000000000
136259  -29.559  40.941  -19.207 0.0000000000
136264  -28.487  41.777  -19.425 0.0000000000
136265  -29.067  41.547  -19.842 0.0000000000
136266  -29.931  41.086  -19.962 0.0000000000
136267  -30.502  40.879  -20.363 0.0000000000
136272  -29.333  41.635  -20.644 0.0000000000
136273  -29.984  41.233  -20.767 0.0000000000
136274  -30.594  40.877  -20.854 0.0000000000
136279  -28.151  41.876  -21.760 0.0000000000
136280  -28.989  41.312  -21.367 0.0000000000
136281  -30.201  40.905  -21.120 0.0000000000
136282  -30.611  40.784  -21.087 0.0000000000
136287  -26.883  41.245  -22.949 0.0000000000
136288  -27.850  41.361  -22.168 0.0000000000
136289  -28.490  40.882  -21.833 0.0000000000
137096  -25.629  42.008  -8.417 0.0000000000
137106  -25.681  42.118  -9.458 0.0000000000
137107  -25.836  42.644  -9.910 0.0000000000
137115  -25.838  42.068  -10.216 0.0000000000
137116  -26.163  42.558  -10.653 0.0000000000
137123  -26.741  42.734  -11.468 0.0000000000
137124  -27.354  42.783  -12.112 0.0000000000
137131  -28.007  42.832  -12.613 0.0000000000
137132  -28.559  42.820  -13.176 0.0000000000
137139  -29.048  42.680  -13.801 0.0000000000
137140  -29.499  42.341  -14.252 0.0000000000
137153  -28.865  42.671  -14.554 0.0000000000
137154  -29.281  42.229  -14.844 0.0000000000
137167  -27.677  42.686  -15.779 0.0000000000
137168  -28.361  42.406  -15.451 0.0000000000
137169  -29.053  42.133  -15.174 0.0000000000
137178  -26.686  43.051  -16.973 0.0000000000
137179  -27.377  42.596  -16.404 0.0000000000
137180  -28.022  42.244  -16.020 0.0000000000
137186  -26.730  42.919  -17.508 0.0000000000
137187  -27.195  42.368  -17.541 0.0000000000
137192  -26.855  42.849  -18.212 0.0000000000
137193  -27.333  42.468  -18.641 0.0000000000
137199  -27.921  42.522  -19.713 0.0000000000
137200  -28.523  42.187  -20.077 0.0000000000
137205  -28.257  42.779  -20.665 0.0000000000
137206  -28.766  42.148  -20.645 0.0000000000
137211  -28.201  42.408  -21.423 0.0000000000
137212  -28.882  41.944  -21.066 0.0000000000
137216  -27.082  42.198  -22.746 0.0000000000
137217  -27.631  42.353  -22.176 0.0000000000
137223  -26.508  42.193  -23.552 0.0000000000
138000  -25.792  42.692  -8.789 0.0000000000
138010  -25.824  42.911  -9.326 0.0000000000
138011  -25.909  43.548  -9.853 0.0000000000
138019  -26.273  43.683  -10.950 0.0000000000
138028  -26.871  43.812  -11.898 0.0000000000
138029  -27.486  43.487  -12.486 0.0000000000
138038  -27.225  44.282  -12.695 0.0000000000
138039  -27.879  43.708  -13.201 0.0000000000
138040  -28.421  43.238  -13.667 0.0000000000
138051  -27.923  43.705  -14.049 0.0000000000
138052  -28.450  43.189  -14.268 0.0000000000
138064  -27.736  43.446  -14.716 0.0000000000
138065  -28.154  42.965  -14.949 0.0000000000
138074  -26.574  43.693  -15.978 0.0000000000
138075  -27.351  43.134  -15.573 0.0000000000
138076  -27.959  42.828  -15.292 0.0000000000
138082  -26.606  43.379  -16.529 0.0000000000
138083  -27.091  43.025  -16.157 0.0000000000
138090  -26.367  43.527  -17.514 0.0000000000
138096  -26.557  43.548  -18.393 0.0000000000
138097  -26.929  43.217  -18.834 0.0000000000
138103  -26.819  43.810  -19.164 0.0000000000
138104  -27.237  43.447  -19.663 0.0000000000
138106  -27.755  43.506  -20.580 0.0000000000
138112  -27.811  43.466  -21.452 0.0000000000
138119  -27.196  42.787  -22.629 0.0000000000
138120  -27.375  43.357  -22.399 0.0000000000
138127  -26.784  43.162  -23.247 0.0000000000
138128  -26.998  43.752  -23.075 0.0000000000
138134  -26.412  43.048  -24.206 0.0000000000
139018  -26.044  44.734  -10.340 0.0000000000
139026  -26.309  44.786  -11.408 0.0000000000
139035  -26.654  44.931  -12.330 0.0000000000
139045  -26.868  45.091  -13.146 0.0000000000
139046  -27.274  44.503  -13.356 0.0000000000
139059  -26.817  45.009  -13.899 0.0000000000
139060  -27.375  44.326  -13.949 0.0000000000
139072  -26.660  44.724  -14.631 0.0000000000
139073  -27.216  43.983  -14.595 0.0000000000
139080  -26.526  44.194  -15.470 0.0000000000
139081  -27.181  43.659  -15.044 0.0000000000
139088  -26.158  44.261  -16.503 0.0000000000
139094  -26.091  44.236  -17.385 0.0000000000
139099  -26.265  44.308  -18.241 0.0000000000
139105  -26.613  44.421  -19.013 0.0000000000
139106  -26.966  44.426  -19.779 0.0000000000
139111  -27.418  44.355  -20.536 0.0000000000
139121  -27.676  44.317  -21.355 0.0000000000
139130  -27.502  44.312  -22.203 0.0000000000
139137  -26.837  43.962  -23.548 0.0000000000
139138  -27.119  44.427  -23.149 0.0000000000
139145  -26.632  43.783  -24.149 0.0000000000
139146  -26.973  44.529  -24.166 0.0000000000
139155  -26.550  43.570  -24.664 0.0000000000
139156  -26.872  44.165  -25.092 0.0000000000
140012  -26.102  45.821  -10.964 0.0000000000
140022  -26.343  45.815  -11.987 0.0000000000
140035  -26.486  45.849  -12.924 0.0000000000
140049  -26.460  45.809  -13.801 0.0000000000
140059  -26.273  45.640  -14.632 0.0000000000
140065  -26.058  45.374  -15.496 0.0000000000
140072  -25.919  45.172  -16.435 0.0000000000
140078  -25.988  45.092  -17.346 0.0000000000
140083  -26.163  45.037  -18.107 0.0000000000
140092  -26.463  45.121  -18.776 0.0000000000
140093  -26.879  45.258  -19.554 0.0000000000
140103  -27.314  45.230  -20.415 0.0000000000
140116  -27.568  45.123  -21.277 0.0000000000
140126  -27.540  44.975  -21.977 0.0000000000
140134  -27.440  45.209  -22.818 0.0000000000
140141  -27.502  45.473  -24.011 0.0000000000
140151  -27.386  45.033  -24.982 0.0000000000
140166  -27.346  44.697  -25.505 0.0000000000
141020  -26.299  46.781  -11.711 0.0000000000
141036  -26.296  46.724  -12.708 0.0000000000
141051  -26.237  46.676  -13.667 0.0000000000
141060  -26.088  46.582  -14.594 0.0000000000
141068  -25.931  46.441  -15.535 0.0000000000
141076  -25.897  46.230  -16.496 0.0000000000
141085  -26.007  45.977  -17.365 0.0000000000
141091  -26.316  45.807  -18.138 0.0000000000
141092  -26.664  46.331  -18.417 0.0000000000
141104  -26.436  45.521  -18.514 0.0000000000
141105  -26.826  46.016  -18.975 0.0000000000
141117  -27.430  46.151  -20.142 0.0000000000
141118  -27.737  46.650  -20.397 0.0000000000
141130  -27.616  45.934  -21.121 0.0000000000
141131  -27.818  46.593  -20.863 0.0000000000
141142  -27.662  45.809  -22.178 0.0000000000
141143  -27.925  46.572  -21.752 0.0000000000
141152  -27.825  45.989  -23.350 0.0000000000
141153  -28.115  46.619  -22.809 0.0000000000
141161  -27.934  46.044  -23.990 0.0000000000
141988  -26.326  47.650  -12.524 0.0000000000
141997  -26.214  47.572  -13.510 0.0000000000
142006  -26.114  47.538  -14.516 0.0000000000
142015  -26.112  47.423  -15.505 0.0000000000
142024  -26.257  47.295  -16.548 0.0000000000
142025  -26.763  47.903  -16.773 0.0000000000
142037  -26.405  46.834  -17.437 0.0000000000
142038  -27.141  47.737  -17.450 0.0000000000
142039  -27.812  48.086  -17.692 0.0000000000
142053  -26.479  46.416  -17.991 0.0000000000
142054  -27.134  46.933  -18.457 0.0000000000
142055  -28.098  47.794  -18.287 0.0000000000
142074  -27.564  46.688  -19.567 0.0000000000
142075  -28.109  47.279  -19.293 0.0000000000
142091  -27.693  46.664  -20.137 0.0000000000
142092  -28.059  47.064  -20.374 0.0000000000
142105  -28.155  47.055  -21.290 0.0000000000
142950  -26.393  48.442  -13.369 0.0000000000
142958  -26.340  48.372  -14.340 0.0000000000
142967  -26.543  48.478  -15.503 0.0000000000
142978  -26.514  47.969  -16.248 0.0000000000
142979  -27.241  48.491  -16.741 0.0000000000
142990  -27.631  48.241  -17.395 0.0000000000
166108  -36.707  10.440  -22.542 0.0000000000
166109  -38.760  12.398  -25.009 0.0000000000
166111  -39.388  12.950  -24.592 0.0000000000
166112  -39.084  12.743  -24.779 0.0000000000
166113  -39.116  13.061  -25.003 0.0000000000
166114  -37.848  16.661  -24.100 0.0000000000
166115  -39.567  12.968  -24.434 0.0000000000
166116  -39.990  13.401  -24.169 0.0000000000
166117  -39.626  14.075  -24.835 0.0000000000
166118  -39.966  14.824  -23.970 0.0000000000
166119  -39.717  15.223  -24.401 0.0000000000
166120  -39.519  15.670  -24.837 0.0000000000
166121  -39.797  14.341  -24.561 0.0000000000
166122  -39.640  14.725  -25.099 0.0000000000
166123  -39.853  14.822  -24.227 0.0000000000
166124  -39.785  14.949  -24.644 0.0000000000
166125  -39.718  14.823  -24.845 0.0000000000
