#!ascii label  , from subject colin27_FS vox2ras=TkReg
847
77327  -31.593  -9.056  -6.165 0.0000000000
78700  -31.166  -9.080  -4.981 0.0000000000
78706  -31.253  -8.741  -5.720 0.0000000000
78714  -31.645  -8.605  -6.689 0.0000000000
78715  -32.062  -8.984  -6.986 0.0000000000
78723  -31.745  -8.094  -7.563 0.0000000000
78724  -32.283  -8.779  -7.557 0.0000000000
78733  -31.716  -7.782  -8.027 0.0000000000
78734  -32.114  -8.115  -8.490 0.0000000000
78735  -32.961  -8.841  -8.366 0.0000000000
78746  -32.358  -7.790  -9.345 0.0000000000
78747  -32.805  -8.302  -9.339 0.0000000000
78762  -32.693  -7.805  -9.946 0.0000000000
78763  -33.298  -8.145  -10.224 0.0000000000
79974  -30.889  -8.069  -3.462 0.0000000000
79992  -30.998  -8.173  -4.770 0.0000000000
80003  -31.228  -7.873  -5.900 0.0000000000
80006  -31.465  -7.610  -6.836 0.0000000000
80014  -31.582  -7.388  -7.624 0.0000000000
80024  -31.704  -7.352  -8.297 0.0000000000
80025  -31.959  -7.304  -9.006 0.0000000000
80034  -32.321  -7.217  -9.808 0.0000000000
80044  -32.850  -7.293  -10.820 0.0000000000
80045  -33.820  -7.862  -11.075 0.0000000000
80060  -32.963  -6.770  -11.503 0.0000000000
80061  -33.621  -7.072  -11.976 0.0000000000
80062  -34.731  -7.766  -11.658 0.0000000000
80081  -33.978  -6.717  -12.677 0.0000000000
80082  -34.688  -7.048  -12.802 0.0000000000
80101  -35.210  -6.865  -13.394 0.0000000000
80102  -35.684  -7.170  -13.066 0.0000000000
81206  -31.626  -6.254  -2.563 0.0000000000
81217  -31.262  -7.063  -2.992 0.0000000000
81218  -31.605  -6.278  -3.512 0.0000000000
81233  -31.170  -7.128  -4.059 0.0000000000
81234  -31.609  -6.301  -4.475 0.0000000000
81252  -31.298  -7.093  -5.119 0.0000000000
81253  -31.656  -6.223  -5.373 0.0000000000
81264  -31.454  -6.918  -6.087 0.0000000000
81265  -31.708  -6.043  -6.226 0.0000000000
81271  -31.544  -6.653  -7.038 0.0000000000
81272  -31.738  -5.846  -6.924 0.0000000000
81280  -31.594  -6.723  -7.888 0.0000000000
81281  -31.756  -6.627  -8.524 0.0000000000
81290  -32.015  -6.460  -9.280 0.0000000000
81299  -32.321  -6.394  -10.225 0.0000000000
81310  -32.597  -6.295  -11.127 0.0000000000
81311  -32.940  -6.236  -11.912 0.0000000000
81324  -33.505  -6.101  -12.694 0.0000000000
81325  -34.177  -6.455  -13.086 0.0000000000
81345  -33.973  -5.969  -13.370 0.0000000000
81346  -34.735  -6.306  -13.823 0.0000000000
81347  -35.738  -6.850  -13.832 0.0000000000
81369  -34.907  -5.989  -14.539 0.0000000000
81370  -35.507  -6.263  -14.826 0.0000000000
81371  -36.593  -6.705  -14.463 0.0000000000
81392  -35.739  -5.976  -15.472 0.0000000000
81393  -36.381  -6.199  -15.550 0.0000000000
81394  -37.389  -6.497  -15.116 0.0000000000
81412  -36.674  -5.986  -16.099 0.0000000000
81413  -37.215  -6.221  -15.921 0.0000000000
81414  -38.093  -6.317  -15.637 0.0000000000
82514  -31.959  -5.494  -2.989 0.0000000000
82528  -32.009  -5.539  -3.996 0.0000000000
82542  -31.946  -5.651  -4.808 0.0000000000
82556  -32.036  -5.432  -5.539 0.0000000000
82566  -32.020  -5.273  -6.413 0.0000000000
82572  -31.684  -6.052  -7.623 0.0000000000
82573  -31.973  -5.290  -7.311 0.0000000000
82579  -31.692  -6.254  -8.123 0.0000000000
82580  -31.930  -5.642  -8.391 0.0000000000
82589  -32.153  -5.500  -9.549 0.0000000000
82597  -32.350  -5.452  -10.555 0.0000000000
82607  -32.582  -5.429  -11.490 0.0000000000
82608  -32.899  -5.450  -12.258 0.0000000000
82620  -33.161  -5.294  -12.723 0.0000000000
82635  -33.522  -5.340  -13.258 0.0000000000
82636  -34.003  -5.495  -13.898 0.0000000000
82653  -34.480  -5.500  -14.510 0.0000000000
82654  -34.938  -5.750  -14.955 0.0000000000
82675  -34.707  -5.205  -15.160 0.0000000000
82676  -35.283  -5.515  -15.559 0.0000000000
82677  -35.828  -5.744  -15.831 0.0000000000
82694  -35.603  -5.322  -16.099 0.0000000000
82695  -36.164  -5.577  -16.348 0.0000000000
82696  -36.917  -5.897  -16.537 0.0000000000
82697  -37.804  -6.167  -16.475 0.0000000000
82709  -36.508  -5.413  -17.001 0.0000000000
82710  -37.239  -5.693  -17.199 0.0000000000
82711  -38.236  -5.938  -17.282 0.0000000000
82721  -36.691  -5.156  -17.604 0.0000000000
82722  -37.395  -5.279  -18.101 0.0000000000
82723  -38.514  -5.595  -18.234 0.0000000000
82740  -37.888  -5.040  -18.960 0.0000000000
83837  -32.359  -4.711  -2.443 0.0000000000
83844  -32.398  -4.718  -3.516 0.0000000000
83852  -32.381  -4.816  -4.674 0.0000000000
83860  -32.385  -4.591  -5.754 0.0000000000
83867  -32.331  -4.494  -6.735 0.0000000000
83873  -32.307  -4.510  -7.758 0.0000000000
83879  -32.284  -4.531  -8.844 0.0000000000
83885  -32.277  -4.523  -9.914 0.0000000000
83893  -32.308  -4.532  -10.946 0.0000000000
83901  -32.591  -4.550  -12.030 0.0000000000
83902  -32.884  -4.978  -12.492 0.0000000000
83912  -32.639  -4.154  -12.497 0.0000000000
83913  -32.941  -4.572  -12.914 0.0000000000
83924  -33.532  -4.552  -13.962 0.0000000000
83925  -34.002  -5.058  -14.322 0.0000000000
83935  -33.682  -4.136  -14.519 0.0000000000
83936  -34.114  -4.575  -14.837 0.0000000000
83953  -34.785  -4.614  -15.887 0.0000000000
83954  -35.279  -5.043  -16.058 0.0000000000
83972  -35.006  -4.355  -16.413 0.0000000000
83973  -35.473  -4.694  -16.633 0.0000000000
83974  -36.042  -5.155  -16.849 0.0000000000
83986  -35.711  -4.213  -17.470 0.0000000000
83987  -36.118  -4.843  -17.313 0.0000000000
83994  -35.763  -3.874  -17.920 0.0000000000
83995  -36.369  -4.357  -18.231 0.0000000000
83996  -37.184  -4.596  -18.799 0.0000000000
84017  -36.829  -4.031  -19.121 0.0000000000
84018  -37.462  -4.284  -19.551 0.0000000000
84019  -38.207  -4.744  -19.699 0.0000000000
84040  -37.847  -4.187  -20.137 0.0000000000
85139  -33.226  -3.156  -2.408 0.0000000000
85147  -32.772  -3.890  -2.960 0.0000000000
85148  -33.279  -3.131  -3.432 0.0000000000
85157  -32.806  -3.890  -4.023 0.0000000000
85158  -33.366  -3.103  -4.474 0.0000000000
85165  -32.805  -3.838  -5.084 0.0000000000
85166  -33.379  -3.085  -5.515 0.0000000000
85172  -32.766  -3.747  -6.103 0.0000000000
85173  -33.281  -3.034  -6.491 0.0000000000
85179  -32.695  -3.652  -7.095 0.0000000000
85180  -33.150  -2.845  -7.377 0.0000000000
85185  -32.648  -3.478  -8.165 0.0000000000
85186  -33.062  -2.620  -8.082 0.0000000000
85189  -32.514  -3.570  -9.271 0.0000000000
85196  -32.377  -3.586  -10.282 0.0000000000
85206  -32.345  -3.619  -11.293 0.0000000000
85215  -32.523  -3.556  -12.220 0.0000000000
85216  -32.668  -3.866  -12.784 0.0000000000
85226  -32.630  -3.333  -12.809 0.0000000000
85227  -32.912  -3.622  -13.375 0.0000000000
85239  -33.415  -3.426  -14.402 0.0000000000
85240  -33.758  -3.938  -14.835 0.0000000000
85262  -33.527  -2.772  -15.018 0.0000000000
85263  -33.988  -3.550  -15.491 0.0000000000
85279  -34.819  -3.732  -16.652 0.0000000000
85280  -35.330  -4.017  -17.083 0.0000000000
85290  -34.913  -3.179  -17.196 0.0000000000
85291  -35.342  -3.448  -17.549 0.0000000000
85304  -35.807  -3.425  -18.325 0.0000000000
85305  -36.348  -3.414  -18.979 0.0000000000
85325  -37.018  -3.368  -19.841 0.0000000000
85326  -37.512  -3.831  -20.075 0.0000000000
85338  -37.226  -2.985  -20.413 0.0000000000
86371  -33.556  -2.326  -2.869 0.0000000000
86379  -33.740  -2.349  -3.872 0.0000000000
86387  -33.986  -2.227  -4.945 0.0000000000
86388  -34.308  -1.648  -5.181 0.0000000000
86395  -33.875  -2.451  -6.014 0.0000000000
86396  -34.303  -1.804  -5.723 0.0000000000
86403  -33.731  -2.395  -6.866 0.0000000000
86404  -34.210  -1.913  -6.558 0.0000000000
86411  -33.702  -2.077  -7.661 0.0000000000
86412  -34.040  -1.974  -7.112 0.0000000000
86414  -32.811  -2.751  -8.781 0.0000000000
86415  -33.266  -2.141  -8.531 0.0000000000
86418  -32.672  -2.565  -9.639 0.0000000000
86419  -32.961  -2.264  -9.073 0.0000000000
86422  -32.467  -2.750  -10.640 0.0000000000
86431  -32.442  -2.749  -11.572 0.0000000000
86439  -32.582  -2.582  -12.520 0.0000000000
86440  -32.688  -2.028  -12.856 0.0000000000
86450  -32.693  -3.010  -13.072 0.0000000000
86451  -32.884  -2.508  -13.473 0.0000000000
86462  -33.277  -2.319  -14.415 0.0000000000
86485  -33.474  -2.140  -15.032 0.0000000000
86486  -33.757  -2.459  -15.610 0.0000000000
86498  -34.258  -2.763  -16.347 0.0000000000
86505  -34.649  -2.884  -16.977 0.0000000000
86506  -34.991  -2.663  -17.473 0.0000000000
86524  -35.473  -2.568  -18.217 0.0000000000
86525  -35.939  -2.807  -18.775 0.0000000000
86539  -35.856  -2.200  -18.849 0.0000000000
86540  -36.323  -2.490  -19.437 0.0000000000
86548  -36.872  -2.418  -20.309 0.0000000000
86549  -37.318  -2.702  -20.760 0.0000000000
86558  -37.161  -2.161  -20.970 0.0000000000
87575  -33.503  -1.446  -2.277 0.0000000000
87586  -33.780  -1.406  -3.411 0.0000000000
87587  -34.029  -1.126  -4.106 0.0000000000
87594  -34.037  -1.711  -4.183 0.0000000000
87595  -34.268  -1.307  -4.693 0.0000000000
87601  -34.506  -1.147  -5.404 0.0000000000
87606  -34.615  -1.227  -6.277 0.0000000000
87612  -33.990  -1.661  -7.744 0.0000000000
87613  -34.368  -1.402  -7.355 0.0000000000
87615  -33.838  -1.464  -8.211 0.0000000000
87616  -34.390  -0.862  -8.048 0.0000000000
87619  -32.792  -2.058  -9.688 0.0000000000
87620  -33.137  -1.633  -9.362 0.0000000000
87624  -32.676  -2.025  -10.103 0.0000000000
87625  -32.902  -1.318  -10.422 0.0000000000
87631  -32.576  -2.010  -10.972 0.0000000000
87632  -32.745  -1.304  -11.358 0.0000000000
87640  -32.539  -2.017  -11.750 0.0000000000
87641  -32.669  -1.535  -12.287 0.0000000000
87649  -32.771  -1.630  -13.047 0.0000000000
87668  -33.099  -1.700  -13.930 0.0000000000
87691  -33.347  -1.590  -14.650 0.0000000000
87692  -33.598  -1.706  -15.401 0.0000000000
87700  -33.989  -1.933  -16.188 0.0000000000
87716  -34.549  -2.119  -17.016 0.0000000000
87717  -35.104  -1.910  -17.797 0.0000000000
87735  -35.607  -1.621  -18.536 0.0000000000
87742  -36.068  -1.631  -19.206 0.0000000000
87743  -36.481  -1.654  -19.931 0.0000000000
87750  -36.813  -1.628  -20.764 0.0000000000
88835  -33.490  -0.472  -2.743 0.0000000000
88850  -33.835  -0.336  -3.896 0.0000000000
88851  -34.153  -0.788  -4.368 0.0000000000
88862  -34.087  0.217  -4.339 0.0000000000
88863  -34.394  -0.318  -4.812 0.0000000000
88873  -34.764  -0.396  -5.834 0.0000000000
88881  -35.050  -0.417  -6.829 0.0000000000
88882  -35.387  0.060  -7.139 0.0000000000
88889  -34.820  -0.570  -7.608 0.0000000000
88890  -35.208  -0.122  -7.471 0.0000000000
88892  -33.929  -0.418  -8.785 0.0000000000
88893  -34.696  -0.246  -8.128 0.0000000000
88894  -35.014  -0.218  -7.798 0.0000000000
88898  -33.363  -0.546  -9.892 0.0000000000
88902  -33.123  -0.503  -10.878 0.0000000000
88906  -32.947  -0.595  -11.797 0.0000000000
88913  -32.817  -0.864  -12.442 0.0000000000
88923  -33.015  -0.730  -13.273 0.0000000000
88941  -33.271  -1.063  -14.373 0.0000000000
88952  -33.433  -1.086  -14.999 0.0000000000
88953  -33.750  -1.302  -15.871 0.0000000000
88961  -34.172  -1.465  -16.771 0.0000000000
88978  -34.688  -1.463  -17.526 0.0000000000
88979  -35.186  -1.269  -18.088 0.0000000000
88989  -35.658  -0.918  -18.585 0.0000000000
88990  -36.060  -0.646  -18.981 0.0000000000
88996  -35.964  -1.109  -18.945 0.0000000000
88997  -36.269  -0.915  -19.526 0.0000000000
89005  -36.556  -1.000  -20.416 0.0000000000
89011  -36.798  -1.014  -21.291 0.0000000000
90205  -33.524  0.513  -3.128 0.0000000000
90225  -33.801  0.820  -3.986 0.0000000000
90226  -34.336  0.736  -4.651 0.0000000000
90243  -34.769  0.613  -5.503 0.0000000000
90244  -35.225  0.931  -6.177 0.0000000000
90259  -35.061  0.239  -6.231 0.0000000000
90260  -35.489  0.519  -6.794 0.0000000000
90275  -35.486  0.458  -7.468 0.0000000000
90281  -34.146  0.324  -9.016 0.0000000000
90282  -34.735  0.488  -8.581 0.0000000000
90283  -35.165  0.208  -7.953 0.0000000000
90287  -33.796  0.257  -9.559 0.0000000000
90288  -34.358  0.806  -9.318 0.0000000000
90290  -33.523  0.227  -10.421 0.0000000000
90291  -33.933  0.885  -10.132 0.0000000000
90293  -33.448  0.397  -11.325 0.0000000000
90294  -33.710  0.731  -10.749 0.0000000000
90299  -33.180  -0.002  -12.052 0.0000000000
90316  -33.222  0.005  -13.406 0.0000000000
90334  -33.387  -0.712  -14.662 0.0000000000
90346  -33.627  -0.909  -15.410 0.0000000000
90347  -34.002  -1.112  -16.362 0.0000000000
90361  -34.560  -1.125  -17.352 0.0000000000
90362  -35.517  0.967  -16.990 0.0000000000
90377  -34.911  -1.120  -17.793 0.0000000000
90378  -35.266  -0.883  -18.106 0.0000000000
90385  -35.932  -0.285  -18.724 0.0000000000
90386  -36.287  -0.179  -19.241 0.0000000000
90393  -36.507  -0.438  -20.038 0.0000000000
90401  -36.626  -0.530  -21.001 0.0000000000
90408  -36.860  -0.530  -21.794 0.0000000000
91546  -33.489  1.337  -2.549 0.0000000000
91547  -33.812  1.794  -2.904 0.0000000000
91565  -33.672  1.333  -3.319 0.0000000000
91566  -33.982  1.926  -3.444 0.0000000000
91585  -33.845  1.486  -3.791 0.0000000000
91586  -34.238  1.749  -4.288 0.0000000000
91587  -34.848  2.045  -4.901 0.0000000000
91599  -34.691  1.370  -4.995 0.0000000000
91600  -35.222  1.691  -5.644 0.0000000000
91609  -35.807  1.522  -6.532 0.0000000000
91610  -36.323  1.783  -7.030 0.0000000000
91624  -35.964  1.117  -7.273 0.0000000000
91625  -36.451  1.769  -7.679 0.0000000000
91630  -35.121  0.898  -8.560 0.0000000000
91631  -35.595  1.081  -8.222 0.0000000000
91632  -36.459  1.990  -8.481 0.0000000000
91634  -35.014  1.144  -8.911 0.0000000000
91635  -35.730  1.833  -9.152 0.0000000000
91636  -36.546  2.321  -9.120 0.0000000000
91638  -34.711  1.586  -9.829 0.0000000000
91639  -35.498  2.253  -9.893 0.0000000000
91641  -33.671  0.898  -11.428 0.0000000000
91642  -33.981  1.375  -11.049 0.0000000000
91644  -33.629  0.893  -11.701 0.0000000000
91645  -34.078  1.793  -11.827 0.0000000000
91661  -33.565  0.840  -12.707 0.0000000000
91662  -34.014  1.672  -12.762 0.0000000000
91673  -33.488  0.596  -13.331 0.0000000000
91674  -34.484  1.445  -14.335 0.0000000000
91685  -34.261  0.851  -14.669 0.0000000000
91686  -34.677  1.218  -15.213 0.0000000000
91687  -35.159  1.668  -15.670 0.0000000000
91700  -34.982  1.055  -16.003 0.0000000000
91701  -35.522  1.544  -16.395 0.0000000000
91709  -35.950  1.447  -17.196 0.0000000000
91710  -37.009  2.338  -17.598 0.0000000000
91711  -37.159  2.412  -17.732 0.0000000000
91718  -36.115  1.110  -17.875 0.0000000000
91719  -36.453  0.942  -18.634 0.0000000000
91720  -36.984  2.049  -18.842 0.0000000000
91726  -36.474  0.050  -19.610 0.0000000000
91727  -37.004  2.077  -19.283 0.0000000000
91734  -36.592  -0.235  -20.613 0.0000000000
91742  -36.827  -0.172  -21.872 0.0000000000
92897  -33.675  1.964  -2.035 0.0000000000
92906  -33.773  1.899  -2.542 0.0000000000
92907  -34.131  2.422  -2.674 0.0000000000
92921  -34.401  2.580  -3.632 0.0000000000
92937  -34.806  2.634  -4.379 0.0000000000
92938  -35.372  2.635  -5.111 0.0000000000
92952  -36.010  2.557  -6.142 0.0000000000
92953  -36.514  2.957  -6.495 0.0000000000
92963  -36.260  2.111  -6.693 0.0000000000
92964  -36.785  2.593  -7.110 0.0000000000
92965  -37.369  2.995  -7.404 0.0000000000
92976  -37.161  2.349  -8.035 0.0000000000
92977  -37.573  2.847  -7.752 0.0000000000
92981  -37.195  2.516  -8.806 0.0000000000
92982  -37.882  2.871  -8.500 0.0000000000
92983  -38.207  3.163  -8.816 0.0000000000
92985  -36.221  2.496  -9.648 0.0000000000
92986  -37.029  2.774  -9.564 0.0000000000
92987  -37.753  2.921  -9.171 0.0000000000
92988  -38.082  2.866  -9.237 0.0000000000
92990  -34.962  2.325  -10.612 0.0000000000
92991  -36.024  2.831  -10.335 0.0000000000
92992  -36.547  2.829  -9.931 0.0000000000
92994  -34.644  2.385  -11.557 0.0000000000
92995  -35.516  2.938  -11.181 0.0000000000
92997  -34.750  2.571  -12.327 0.0000000000
92998  -35.324  3.049  -12.057 0.0000000000
93014  -35.107  2.846  -12.878 0.0000000000
93015  -35.389  3.139  -12.813 0.0000000000
93030  -34.851  1.870  -14.636 0.0000000000
93031  -35.636  3.309  -13.336 0.0000000000
93042  -35.108  1.961  -15.126 0.0000000000
93043  -35.697  2.395  -15.519 0.0000000000
93044  -37.106  3.846  -16.040 0.0000000000
93057  -35.952  2.264  -16.229 0.0000000000
93058  -37.226  3.542  -16.541 0.0000000000
93059  -37.379  3.512  -16.736 0.0000000000
93066  -36.035  2.011  -16.689 0.0000000000
93067  -37.273  3.100  -17.043 0.0000000000
93068  -37.492  3.225  -17.198 0.0000000000
93069  -37.922  3.626  -17.266 0.0000000000
93077  -37.634  3.263  -17.421 0.0000000000
93078  -38.177  3.832  -17.357 0.0000000000
93083  -36.997  2.149  -19.533 0.0000000000
93084  -37.279  2.663  -19.263 0.0000000000
93091  -36.973  2.400  -20.090 0.0000000000
93092  -37.312  3.213  -19.910 0.0000000000
93099  -36.805  2.444  -21.176 0.0000000000
93107  -36.748  2.494  -22.250 0.0000000000
94162  -34.396  3.185  -2.162 0.0000000000
94176  -34.610  3.337  -3.094 0.0000000000
94177  -34.921  3.634  -3.790 0.0000000000
94187  -34.779  3.168  -3.872 0.0000000000
94188  -35.219  3.392  -4.431 0.0000000000
94201  -35.769  3.398  -5.378 0.0000000000
94202  -36.297  3.357  -6.171 0.0000000000
94218  -36.721  3.293  -6.737 0.0000000000
94219  -37.165  3.271  -7.236 0.0000000000
94230  -37.708  3.311  -7.627 0.0000000000
94231  -38.079  3.499  -7.967 0.0000000000
94233  -38.057  3.127  -7.995 0.0000000000
94234  -38.213  3.389  -8.454 0.0000000000
94236  -37.183  3.036  -9.824 0.0000000000
94237  -37.541  3.155  -9.734 0.0000000000
94238  -38.194  3.508  -9.349 0.0000000000
94240  -36.421  3.085  -10.467 0.0000000000
94241  -36.917  3.155  -10.231 0.0000000000
94242  -37.869  3.554  -10.342 0.0000000000
94243  -38.500  4.121  -10.385 0.0000000000
94245  -36.356  3.223  -10.844 0.0000000000
94246  -37.219  3.681  -11.196 0.0000000000
94247  -38.269  4.079  -11.122 0.0000000000
94248  -38.788  4.486  -11.123 0.0000000000
94250  -36.162  3.493  -11.674 0.0000000000
94251  -36.893  4.037  -12.228 0.0000000000
94264  -36.027  3.631  -12.581 0.0000000000
94265  -36.764  4.140  -13.185 0.0000000000
94278  -36.092  3.696  -13.389 0.0000000000
94279  -36.788  4.209  -14.119 0.0000000000
94285  -36.341  3.808  -14.067 0.0000000000
94286  -37.013  4.206  -15.271 0.0000000000
94287  -37.473  4.312  -15.858 0.0000000000
94298  -37.270  3.886  -16.208 0.0000000000
94299  -37.713  4.071  -16.544 0.0000000000
94300  -38.238  4.316  -16.789 0.0000000000
94307  -37.930  3.855  -17.036 0.0000000000
94308  -38.461  4.205  -17.155 0.0000000000
94317  -37.716  3.198  -18.727 0.0000000000
94318  -38.845  4.344  -17.416 0.0000000000
94326  -37.822  3.738  -19.334 0.0000000000
94327  -38.264  4.106  -18.931 0.0000000000
94335  -37.064  3.470  -20.717 0.0000000000
94336  -37.475  3.900  -20.124 0.0000000000
94343  -36.744  3.631  -21.811 0.0000000000
94351  -36.635  3.500  -22.897 0.0000000000
95442  -34.457  4.052  -2.141 0.0000000000
95458  -34.736  4.198  -3.504 0.0000000000
95459  -35.133  3.875  -4.054 0.0000000000
95473  -34.715  4.581  -4.222 0.0000000000
95474  -35.319  4.159  -4.640 0.0000000000
95487  -35.964  4.125  -6.022 0.0000000000
95488  -36.463  3.662  -6.501 0.0000000000
95502  -35.992  4.513  -7.191 0.0000000000
95503  -36.807  3.828  -7.122 0.0000000000
95504  -37.392  3.570  -7.466 0.0000000000
95511  -35.983  4.893  -8.158 0.0000000000
95512  -36.884  4.410  -7.962 0.0000000000
95513  -37.733  3.886  -7.881 0.0000000000
95514  -38.164  3.879  -7.921 0.0000000000
95516  -35.941  5.088  -8.737 0.0000000000
95517  -36.686  4.807  -8.952 0.0000000000
95518  -37.670  4.414  -8.725 0.0000000000
95519  -38.255  3.946  -8.639 0.0000000000
95521  -36.991  4.924  -9.580 0.0000000000
95522  -37.541  4.755  -9.496 0.0000000000
95523  -38.274  4.455  -9.726 0.0000000000
95525  -38.804  4.751  -10.785 0.0000000000
95527  -37.898  4.313  -11.940 0.0000000000
95528  -38.757  4.546  -11.794 0.0000000000
95529  -39.210  4.920  -11.613 0.0000000000
95531  -37.640  4.464  -12.873 0.0000000000
95532  -38.541  4.683  -12.622 0.0000000000
95533  -39.246  4.985  -12.463 0.0000000000
95544  -37.535  4.553  -13.810 0.0000000000
95545  -38.331  4.821  -13.449 0.0000000000
95546  -39.004  5.115  -13.251 0.0000000000
95559  -37.500  4.603  -14.789 0.0000000000
95560  -38.381  5.040  -14.340 0.0000000000
95561  -38.759  5.151  -13.778 0.0000000000
95566  -37.495  4.498  -15.417 0.0000000000
95567  -38.215  4.855  -15.602 0.0000000000
95568  -38.936  5.250  -15.826 0.0000000000
95577  -38.248  4.564  -16.419 0.0000000000
95578  -39.038  4.981  -16.558 0.0000000000
95579  -39.912  5.303  -16.730 0.0000000000
95587  -39.326  4.671  -17.316 0.0000000000
95588  -39.952  5.100  -17.180 0.0000000000
95596  -39.576  4.751  -17.659 0.0000000000
95597  -40.117  5.002  -17.754 0.0000000000
95604  -37.903  4.616  -19.952 0.0000000000
95605  -38.435  4.609  -19.224 0.0000000000
95606  -40.137  5.082  -18.026 0.0000000000
95613  -36.959  4.245  -21.241 0.0000000000
95614  -37.347  4.550  -20.700 0.0000000000
95621  -36.734  4.845  -21.817 0.0000000000
95622  -37.044  4.798  -21.242 0.0000000000
95630  -36.493  4.484  -22.665 0.0000000000
95640  -36.468  4.378  -23.598 0.0000000000
96714  -33.478  5.700  -1.908 0.0000000000
96715  -34.050  4.958  -1.488 0.0000000000
96729  -33.359  5.627  -3.002 0.0000000000
96730  -34.008  4.863  -2.609 0.0000000000
96736  -33.526  5.655  -4.058 0.0000000000
96737  -34.119  4.957  -3.670 0.0000000000
96740  -33.579  5.746  -5.074 0.0000000000
96741  -34.356  5.078  -4.655 0.0000000000
96742  -34.911  4.634  -4.677 0.0000000000
96744  -33.619  5.957  -6.028 0.0000000000
96745  -34.337  5.326  -5.706 0.0000000000
96746  -35.048  4.702  -5.317 0.0000000000
96749  -33.686  6.168  -6.550 0.0000000000
96750  -34.250  5.783  -6.831 0.0000000000
96751  -35.144  4.922  -6.408 0.0000000000
96754  -34.645  6.045  -7.870 0.0000000000
96755  -35.232  5.299  -7.494 0.0000000000
96757  -34.787  6.218  -8.380 0.0000000000
96758  -35.307  5.711  -8.620 0.0000000000
96759  -35.964  5.281  -9.162 0.0000000000
96761  -35.695  5.892  -9.582 0.0000000000
96762  -36.469  5.341  -9.746 0.0000000000
96763  -37.255  5.141  -10.032 0.0000000000
96764  -37.940  5.012  -10.051 0.0000000000
96766  -36.078  5.949  -10.200 0.0000000000
96767  -36.749  5.742  -10.581 0.0000000000
96768  -37.690  5.444  -10.614 0.0000000000
96769  -38.446  5.177  -10.592 0.0000000000
96771  -37.269  5.850  -11.179 0.0000000000
96772  -38.121  5.730  -11.395 0.0000000000
96773  -38.932  5.369  -11.412 0.0000000000
96775  -38.774  5.877  -12.002 0.0000000000
96776  -39.324  5.593  -12.426 0.0000000000
96777  -39.750  5.855  -13.117 0.0000000000
96783  -39.492  5.518  -13.152 0.0000000000
96784  -39.829  5.851  -13.598 0.0000000000
96797  -38.824  5.283  -14.395 0.0000000000
96798  -39.210  5.585  -14.105 0.0000000000
96799  -39.732  5.920  -13.908 0.0000000000
96806  -38.760  5.284  -14.730 0.0000000000
96807  -39.139  5.542  -15.222 0.0000000000
96808  -39.753  5.790  -15.530 0.0000000000
96816  -39.419  5.464  -15.859 0.0000000000
96817  -40.090  5.634  -16.220 0.0000000000
96818  -40.797  5.926  -16.693 0.0000000000
96826  -40.504  5.512  -16.956 0.0000000000
96827  -41.224  5.960  -17.384 0.0000000000
96828  -41.763  6.296  -17.864 0.0000000000
96836  -40.718  5.447  -17.679 0.0000000000
96837  -41.377  6.047  -18.198 0.0000000000
96838  -41.911  6.469  -18.303 0.0000000000
96845  -38.041  5.049  -20.055 0.0000000000
96846  -38.386  5.252  -19.823 0.0000000000
96847  -40.593  5.881  -18.520 0.0000000000
96848  -41.100  6.480  -18.771 0.0000000000
96855  -37.894  5.297  -20.407 0.0000000000
96856  -39.604  7.221  -20.124 0.0000000000
96863  -36.298  6.103  -22.220 0.0000000000
96864  -36.536  5.857  -22.046 0.0000000000
96865  -37.248  5.617  -21.286 0.0000000000
96873  -36.224  6.082  -22.489 0.0000000000
96874  -36.344  5.397  -22.571 0.0000000000
96883  -36.096  6.014  -23.163 0.0000000000
96884  -36.251  5.224  -23.373 0.0000000000
96894  -36.072  5.949  -24.005 0.0000000000
96895  -36.297  5.198  -24.266 0.0000000000
96904  -36.163  5.913  -24.779 0.0000000000
97988  -32.780  7.284  -2.682 0.0000000000
97989  -32.954  6.843  -2.331 0.0000000000
97995  -32.694  7.221  -3.085 0.0000000000
97996  -32.926  6.421  -3.480 0.0000000000
97998  -32.662  7.141  -3.954 0.0000000000
97999  -33.012  6.403  -4.474 0.0000000000
98001  -32.733  7.138  -4.778 0.0000000000
98002  -33.059  6.640  -5.483 0.0000000000
98005  -33.357  6.712  -6.379 0.0000000000
98006  -33.697  6.426  -6.904 0.0000000000
98009  -33.521  7.054  -7.053 0.0000000000
98010  -33.955  6.673  -7.584 0.0000000000
98012  -34.412  6.736  -8.316 0.0000000000
98013  -34.822  6.454  -8.719 0.0000000000
98015  -34.632  7.031  -8.871 0.0000000000
98016  -35.083  6.687  -9.362 0.0000000000
98018  -35.610  6.693  -10.229 0.0000000000
98019  -36.145  6.356  -10.672 0.0000000000
98021  -35.903  6.937  -10.898 0.0000000000
98022  -36.496  6.537  -11.401 0.0000000000
98023  -37.344  6.169  -11.739 0.0000000000
98025  -36.906  6.653  -12.310 0.0000000000
98026  -37.958  6.242  -12.345 0.0000000000
98027  -38.909  6.114  -12.719 0.0000000000
98028  -39.560  6.084  -12.968 0.0000000000
98033  -37.315  6.743  -12.966 0.0000000000
98034  -38.114  6.409  -13.331 0.0000000000
98035  -39.141  6.193  -13.405 0.0000000000
98036  -39.771  6.111  -13.466 0.0000000000
98046  -38.552  6.377  -13.992 0.0000000000
98047  -39.393  6.078  -14.008 0.0000000000
98048  -39.815  6.082  -13.735 0.0000000000
98056  -38.749  6.419  -14.652 0.0000000000
98057  -39.557  6.242  -15.012 0.0000000000
98058  -40.095  6.093  -15.664 0.0000000000
98066  -39.937  6.445  -15.772 0.0000000000
98067  -40.497  6.345  -16.304 0.0000000000
98068  -41.071  6.398  -17.040 0.0000000000
98075  -41.595  6.556  -17.528 0.0000000000
98076  -42.127  6.753  -17.988 0.0000000000
98084  -41.639  6.549  -18.671 0.0000000000
98085  -42.062  6.991  -18.717 0.0000000000
98092  -40.026  6.838  -19.536 0.0000000000
98093  -40.465  6.916  -19.417 0.0000000000
98094  -41.281  7.077  -19.180 0.0000000000
98095  -41.659  7.487  -19.100 0.0000000000
98103  -39.321  7.539  -20.634 0.0000000000
98104  -39.710  7.416  -20.223 0.0000000000
98105  -40.125  7.433  -19.968 0.0000000000
98112  -36.347  6.471  -22.259 0.0000000000
98113  -36.888  6.655  -21.875 0.0000000000
98114  -38.999  7.949  -21.246 0.0000000000
98115  -39.246  7.740  -20.870 0.0000000000
98123  -36.078  6.812  -22.860 0.0000000000
98124  -37.067  7.167  -21.922 0.0000000000
98125  -37.264  7.043  -21.796 0.0000000000
98133  -35.944  6.752  -23.748 0.0000000000
98143  -35.999  6.669  -24.650 0.0000000000
99306  -32.793  7.811  -2.649 0.0000000000
99307  -33.098  7.867  -1.957 0.0000000000
99320  -32.591  7.949  -3.489 0.0000000000
99325  -32.589  7.906  -4.430 0.0000000000
99327  -32.706  7.757  -5.531 0.0000000000
99328  -32.979  7.173  -6.017 0.0000000000
99331  -32.698  8.201  -6.144 0.0000000000
99332  -33.037  7.721  -6.610 0.0000000000
99335  -33.614  7.822  -7.772 0.0000000000
99336  -34.014  7.208  -8.090 0.0000000000
99339  -33.899  8.175  -8.359 0.0000000000
99340  -34.225  7.701  -8.585 0.0000000000
99342  -34.688  7.636  -9.337 0.0000000000
99343  -35.149  7.588  -10.003 0.0000000000
99345  -35.586  7.632  -10.682 0.0000000000
99347  -35.916  7.571  -11.379 0.0000000000
99348  -36.271  7.467  -12.120 0.0000000000
99350  -36.608  7.389  -12.932 0.0000000000
99355  -37.065  7.075  -13.874 0.0000000000
99356  -37.858  6.565  -13.961 0.0000000000
99364  -37.195  7.376  -14.918 0.0000000000
99365  -37.905  6.741  -14.531 0.0000000000
99373  -37.293  7.474  -15.440 0.0000000000
99374  -38.223  6.891  -15.614 0.0000000000
99375  -39.408  6.549  -15.713 0.0000000000
99383  -38.550  7.294  -16.886 0.0000000000
99384  -39.719  6.892  -16.546 0.0000000000
99385  -40.870  6.848  -17.023 0.0000000000
99386  -41.362  6.759  -17.285 0.0000000000
99392  -38.745  7.557  -17.500 0.0000000000
99393  -39.439  7.564  -17.727 0.0000000000
99394  -40.535  7.370  -17.576 0.0000000000
99395  -41.587  7.206  -17.738 0.0000000000
99396  -42.123  7.221  -18.249 0.0000000000
99404  -39.712  7.937  -18.368 0.0000000000
99405  -40.224  7.815  -18.298 0.0000000000
99406  -41.053  7.746  -18.342 0.0000000000
99407  -41.801  7.709  -18.673 0.0000000000
99415  -40.530  7.526  -19.750 0.0000000000
99416  -40.952  7.839  -19.477 0.0000000000
99417  -41.564  7.796  -19.159 0.0000000000
99425  -39.477  7.842  -20.812 0.0000000000
99426  -39.972  7.941  -20.518 0.0000000000
99427  -40.495  7.936  -20.104 0.0000000000
99433  -36.305  7.072  -22.385 0.0000000000
99434  -36.511  6.898  -22.140 0.0000000000
99435  -38.880  8.120  -21.484 0.0000000000
99436  -39.169  8.167  -21.323 0.0000000000
99437  -39.539  8.103  -21.012 0.0000000000
99445  -36.157  7.801  -22.650 0.0000000000
99446  -36.729  7.492  -22.131 0.0000000000
99447  -38.733  8.362  -21.796 0.0000000000
99448  -38.904  8.307  -21.640 0.0000000000
99456  -35.899  7.650  -23.453 0.0000000000
99465  -35.876  7.532  -24.338 0.0000000000
99474  -36.015  7.512  -25.283 0.0000000000
100502  -32.685  8.890  -2.955 0.0000000000
100503  -33.099  8.646  -2.171 0.0000000000
100531  -32.499  8.781  -3.936 0.0000000000
100551  -32.532  8.733  -4.908 0.0000000000
100561  -32.583  8.754  -5.817 0.0000000000
100567  -32.779  8.676  -6.542 0.0000000000
100568  -33.140  8.620  -7.235 0.0000000000
100570  -33.463  8.809  -7.849 0.0000000000
100573  -33.743  8.647  -8.301 0.0000000000
100574  -34.062  8.570  -8.727 0.0000000000
100576  -34.424  8.457  -9.227 0.0000000000
100577  -34.834  8.433  -9.827 0.0000000000
100579  -35.291  8.492  -10.447 0.0000000000
100581  -35.667  8.490  -11.139 0.0000000000
100582  -35.982  8.445  -11.862 0.0000000000
100584  -36.229  8.379  -12.641 0.0000000000
100588  -36.362  8.270  -13.509 0.0000000000
100595  -36.486  8.203  -14.447 0.0000000000
100604  -36.717  8.154  -15.403 0.0000000000
100605  -37.314  7.572  -15.708 0.0000000000
100614  -36.700  8.662  -15.772 0.0000000000
100615  -37.304  7.845  -16.211 0.0000000000
100624  -38.357  7.666  -17.392 0.0000000000
100625  -38.878  7.756  -17.923 0.0000000000
100637  -38.865  8.027  -18.185 0.0000000000
100638  -39.373  8.218  -18.562 0.0000000000
100639  -39.977  8.268  -18.754 0.0000000000
100640  -40.602  8.228  -18.829 0.0000000000
100641  -41.196  8.121  -18.892 0.0000000000
100651  -39.795  8.643  -19.186 0.0000000000
100652  -40.235  8.623  -19.299 0.0000000000
100653  -40.655  8.437  -19.534 0.0000000000
100654  -41.331  8.012  -19.168 0.0000000000
100662  -40.001  8.318  -20.809 0.0000000000
100663  -40.338  8.537  -20.516 0.0000000000
100670  -36.052  9.148  -22.367 0.0000000000
100671  -36.292  9.033  -22.236 0.0000000000
100672  -36.686  8.972  -22.129 0.0000000000
100673  -39.263  8.423  -21.527 0.0000000000
100674  -39.707  8.545  -21.314 0.0000000000
100675  -40.207  8.858  -21.190 0.0000000000
100683  -36.082  8.718  -22.506 0.0000000000
100684  -36.491  8.408  -22.252 0.0000000000
100685  -38.727  8.784  -22.148 0.0000000000
100686  -39.047  8.627  -21.846 0.0000000000
100687  -39.403  8.925  -21.891 0.0000000000
100696  -35.879  8.580  -23.108 0.0000000000
100704  -35.815  8.511  -24.031 0.0000000000
100713  -35.889  8.173  -24.768 0.0000000000
101748  -32.772  9.842  -2.895 0.0000000000
101749  -33.207  9.559  -2.335 0.0000000000
101769  -32.543  9.643  -3.521 0.0000000000
101797  -32.429  9.616  -4.393 0.0000000000
101821  -32.435  9.627  -5.364 0.0000000000
101837  -32.561  9.604  -6.392 0.0000000000
101838  -32.843  9.235  -6.994 0.0000000000
101846  -32.712  9.820  -7.134 0.0000000000
101847  -33.087  9.497  -7.645 0.0000000000
101855  -33.526  9.431  -8.394 0.0000000000
101856  -33.851  9.094  -8.703 0.0000000000
101862  -33.773  9.492  -8.859 0.0000000000
101863  -34.127  9.341  -9.220 0.0000000000
101864  -34.582  9.059  -9.652 0.0000000000
101869  -34.495  9.664  -9.803 0.0000000000
101870  -34.949  9.374  -10.208 0.0000000000
101872  -35.464  9.382  -10.877 0.0000000000
101873  -35.799  9.361  -11.583 0.0000000000
101875  -36.133  9.341  -12.287 0.0000000000
101877  -36.366  9.336  -13.068 0.0000000000
101882  -36.486  9.332  -13.927 0.0000000000
101889  -36.538  9.279  -14.758 0.0000000000
101896  -36.579  9.309  -15.388 0.0000000000
101897  -36.717  9.365  -15.774 0.0000000000
101905  -37.554  9.612  -16.970 0.0000000000
101915  -37.872  9.676  -17.932 0.0000000000
101916  -39.180  8.435  -18.778 0.0000000000
101924  -38.091  9.963  -18.680 0.0000000000
101925  -39.582  9.080  -19.490 0.0000000000
101926  -40.007  9.131  -19.630 0.0000000000
101927  -40.414  9.132  -19.737 0.0000000000
101934  -40.500  9.454  -20.430 0.0000000000
101940  -36.136  9.452  -22.320 0.0000000000
101941  -36.512  9.516  -22.201 0.0000000000
101942  -38.573  9.104  -22.505 0.0000000000
101943  -40.076  9.039  -21.467 0.0000000000
101944  -40.477  9.479  -21.308 0.0000000000
101952  -35.913  9.397  -22.683 0.0000000000
101953  -38.802  9.072  -22.411 0.0000000000
101954  -39.196  9.203  -22.332 0.0000000000
101955  -39.830  9.365  -21.979 0.0000000000
101966  -35.779  9.411  -23.441 0.0000000000
102981  -32.815  10.205  -2.907 0.0000000000
102982  -33.124  10.403  -2.736 0.0000000000
102983  -33.953  10.200  -2.130 0.0000000000
102994  -32.707  10.319  -3.182 0.0000000000
102995  -32.940  10.760  -3.094 0.0000000000
103009  -32.477  10.401  -3.885 0.0000000000
103029  -32.385  10.520  -4.809 0.0000000000
103051  -32.350  10.573  -5.875 0.0000000000
103071  -32.519  10.610  -6.973 0.0000000000
103072  -32.768  10.216  -7.604 0.0000000000
103085  -32.707  10.868  -7.841 0.0000000000
103086  -33.080  10.344  -8.347 0.0000000000
103097  -33.644  10.137  -9.061 0.0000000000
103098  -34.129  10.245  -9.725 0.0000000000
103106  -34.617  10.266  -10.237 0.0000000000
103107  -35.160  10.242  -10.728 0.0000000000
103113  -35.590  10.222  -11.352 0.0000000000
103114  -35.995  10.212  -11.980 0.0000000000
103119  -36.365  10.223  -12.632 0.0000000000
103121  -36.659  10.334  -13.445 0.0000000000
103123  -36.869  10.353  -14.303 0.0000000000
103124  -37.173  10.788  -14.687 0.0000000000
103129  -36.818  10.145  -14.949 0.0000000000
103130  -37.219  10.822  -15.084 0.0000000000
103137  -36.834  10.106  -15.374 0.0000000000
103138  -37.175  10.718  -15.439 0.0000000000
103147  -37.607  10.571  -17.496 0.0000000000
103182  -36.175  10.082  -22.487 0.0000000000
103183  -38.686  9.492  -22.681 0.0000000000
103184  -38.679  9.268  -22.598 0.0000000000
103194  -35.769  10.231  -22.913 0.0000000000
103196  -38.894  9.603  -22.795 0.0000000000
104262  -33.648  10.788  -2.599 0.0000000000
104263  -34.254  11.094  -2.531 0.0000000000
104278  -32.759  10.869  -3.450 0.0000000000
104279  -33.392  11.366  -3.148 0.0000000000
104280  -34.571  11.907  -2.998 0.0000000000
104296  -32.650  11.359  -4.123 0.0000000000
104297  -33.294  12.094  -3.966 0.0000000000
104309  -32.468  11.507  -5.284 0.0000000000
104324  -32.449  11.576  -6.404 0.0000000000
104343  -32.585  11.640  -7.498 0.0000000000
104360  -32.956  11.550  -8.693 0.0000000000
104361  -33.303  10.830  -8.993 0.0000000000
104381  -33.238  11.857  -9.335 0.0000000000
104382  -33.677  11.303  -9.810 0.0000000000
104383  -34.243  10.760  -10.173 0.0000000000
104396  -34.045  11.693  -10.587 0.0000000000
104397  -34.619  11.236  -10.855 0.0000000000
104398  -35.263  10.754  -11.199 0.0000000000
104405  -34.947  11.747  -11.533 0.0000000000
104406  -35.614  11.274  -11.899 0.0000000000
104407  -36.148  10.762  -12.326 0.0000000000
104413  -36.005  11.788  -12.592 0.0000000000
104414  -36.444  11.289  -12.895 0.0000000000
104419  -37.154  11.407  -13.953 0.0000000000
104424  -37.229  11.033  -14.406 0.0000000000
105499  -34.051  12.389  -3.603 0.0000000000
105516  -32.929  12.287  -4.754 0.0000000000
105517  -33.790  12.827  -4.424 0.0000000000
105518  -34.523  13.013  -3.975 0.0000000000
105528  -32.775  12.549  -5.836 0.0000000000
105529  -33.348  12.936  -5.173 0.0000000000
105539  -32.681  12.480  -6.944 0.0000000000
105545  -32.914  12.697  -8.032 0.0000000000
105546  -33.273  13.198  -8.340 0.0000000000
105551  -33.072  12.375  -8.879 0.0000000000
105552  -33.256  13.019  -8.865 0.0000000000
105565  -33.123  12.074  -9.141 0.0000000000
105566  -33.377  12.497  -9.635 0.0000000000
105585  -33.889  12.346  -10.632 0.0000000000
105586  -34.212  11.909  -10.904 0.0000000000
105600  -34.101  12.726  -11.071 0.0000000000
105601  -34.496  12.368  -11.383 0.0000000000
105602  -35.146  12.120  -11.901 0.0000000000
105612  -35.058  12.734  -12.043 0.0000000000
105613  -35.669  12.453  -12.578 0.0000000000
105614  -36.237  12.118  -13.011 0.0000000000
105622  -36.767  12.318  -13.658 0.0000000000
106555  -35.174  13.338  -3.986 0.0000000000
106573  -33.995  13.301  -5.104 0.0000000000
106574  -34.745  13.461  -4.619 0.0000000000
106593  -33.032  13.107  -6.564 0.0000000000
106594  -33.648  13.385  -5.908 0.0000000000
106595  -34.617  13.721  -5.498 0.0000000000
106608  -33.009  13.146  -7.333 0.0000000000
106609  -33.612  13.594  -6.901 0.0000000000
106610  -34.614  13.971  -6.456 0.0000000000
106620  -33.061  13.130  -7.743 0.0000000000
106621  -33.441  13.469  -7.832 0.0000000000
106622  -34.292  14.024  -7.416 0.0000000000
106627  -33.658  13.552  -8.642 0.0000000000
106628  -34.231  13.962  -8.266 0.0000000000
106634  -33.770  13.600  -9.574 0.0000000000
106635  -34.206  13.947  -8.990 0.0000000000
106647  -33.868  13.288  -10.488 0.0000000000
106648  -34.241  13.638  -10.885 0.0000000000
106663  -33.950  12.916  -10.895 0.0000000000
106664  -34.260  13.248  -11.219 0.0000000000
106679  -34.764  13.281  -11.809 0.0000000000
107800  -33.991  13.741  -10.164 0.0000000000
