#!ascii label  , from subject colin27_FS vox2ras=TkReg
1798
60721  -45.689  -21.359  7.192 0.0000000000
60728  -44.498  -21.372  6.158 0.0000000000
60729  -45.029  -21.335  6.709 0.0000000000
60734  -43.674  -20.545  5.170 0.0000000000
60735  -43.961  -20.865  5.512 0.0000000000
60740  -43.537  -20.704  4.795 0.0000000000
60745  -43.399  -21.013  3.895 0.0000000000
62060  -46.078  -20.549  7.336 0.0000000000
62061  -46.848  -20.520  7.616 0.0000000000
62068  -44.627  -20.381  6.401 0.0000000000
62069  -45.413  -20.503  6.978 0.0000000000
62073  -43.541  -20.055  5.191 0.0000000000
62074  -44.065  -19.929  5.822 0.0000000000
62078  -42.794  -19.736  3.550 0.0000000000
62079  -43.028  -20.050  4.251 0.0000000000
62082  -42.656  -19.741  2.980 0.0000000000
62083  -42.970  -20.367  3.271 0.0000000000
63378  -45.837  -20.001  7.104 0.0000000000
63379  -46.462  -19.579  7.205 0.0000000000
63380  -47.345  -19.719  7.546 0.0000000000
63386  -44.583  -19.250  6.188 0.0000000000
63387  -45.482  -19.405  6.748 0.0000000000
63388  -46.186  -18.901  6.851 0.0000000000
63392  -43.349  -19.109  4.766 0.0000000000
63393  -43.918  -19.096  5.562 0.0000000000
63397  -42.744  -19.387  3.353 0.0000000000
63398  -42.942  -19.084  3.838 0.0000000000
63401  -42.654  -19.009  3.057 0.0000000000
63402  -42.789  -18.675  3.531 0.0000000000
64660  -47.102  -19.173  7.261 0.0000000000
64661  -47.691  -18.970  7.334 0.0000000000
64662  -48.497  -18.717  7.469 0.0000000000
64664  -50.047  -17.971  7.342 0.0000000000
64667  -45.150  -18.607  6.309 0.0000000000
64668  -45.919  -18.226  6.418 0.0000000000
64669  -46.970  -18.530  6.823 0.0000000000
64670  -48.064  -18.292  6.829 0.0000000000
64671  -48.954  -18.155  6.908 0.0000000000
64672  -49.703  -17.956  6.964 0.0000000000
64673  -50.040  -17.855  6.943 0.0000000000
64677  -43.832  -18.111  5.144 0.0000000000
64678  -44.660  -18.244  5.822 0.0000000000
64679  -45.296  -18.094  6.111 0.0000000000
64682  -43.230  -18.308  4.395 0.0000000000
64685  -42.605  -18.204  3.404 0.0000000000
64686  -42.900  -18.413  3.846 0.0000000000
64689  -41.194  -17.903  2.173 0.0000000000
64690  -41.817  -18.133  2.412 0.0000000000
64691  -42.307  -18.476  2.705 0.0000000000
65937  -50.718  -17.724  7.393 0.0000000000
65938  -51.476  -17.394  7.465 0.0000000000
65939  -52.030  -16.917  7.811 0.0000000000
65942  -46.163  -17.553  6.085 0.0000000000
65943  -46.752  -17.659  6.204 0.0000000000
65944  -47.660  -17.685  6.290 0.0000000000
65945  -48.588  -17.673  6.284 0.0000000000
65946  -49.465  -17.638  6.332 0.0000000000
65947  -50.346  -17.630  6.561 0.0000000000
65948  -51.452  -17.398  6.505 0.0000000000
65949  -52.535  -17.061  6.594 0.0000000000
65950  -53.632  -17.054  6.109 0.0000000000
65951  -54.157  -16.962  6.010 0.0000000000
65954  -43.952  -17.443  5.102 0.0000000000
65955  -44.528  -17.318  5.380 0.0000000000
65956  -45.538  -17.421  5.830 0.0000000000
65957  -46.493  -17.088  5.773 0.0000000000
65958  -47.350  -17.115  5.712 0.0000000000
65959  -48.232  -17.177  5.695 0.0000000000
65960  -49.117  -17.236  5.660 0.0000000000
65961  -50.035  -17.244  5.663 0.0000000000
65962  -51.208  -17.128  5.473 0.0000000000
65963  -52.360  -17.260  5.644 0.0000000000
65964  -53.417  -17.347  5.592 0.0000000000
65965  -54.508  -17.210  5.511 0.0000000000
65966  -55.518  -17.144  5.222 0.0000000000
65967  -55.981  -17.037  5.214 0.0000000000
65969  -42.936  -17.105  4.168 0.0000000000
65970  -43.497  -17.345  4.656 0.0000000000
65971  -44.038  -17.012  5.073 0.0000000000
65972  -51.638  -16.793  4.902 0.0000000000
65973  -52.227  -17.015  4.954 0.0000000000
65974  -53.139  -17.354  4.912 0.0000000000
65975  -54.150  -17.417  4.900 0.0000000000
65976  -55.334  -17.255  4.680 0.0000000000
65977  -56.294  -17.122  4.838 0.0000000000
65978  -56.828  -16.943  4.603 0.0000000000
65980  -41.802  -17.105  3.212 0.0000000000
65981  -42.431  -17.278  3.640 0.0000000000
65982  -42.923  -17.784  4.042 0.0000000000
65983  -55.802  -17.100  4.199 0.0000000000
65984  -56.344  -17.102  4.326 0.0000000000
65985  -56.858  -17.019  4.372 0.0000000000
65987  -40.946  -17.336  2.411 0.0000000000
65988  -41.443  -17.423  2.709 0.0000000000
65989  -42.078  -17.784  3.031 0.0000000000
65992  -40.531  -17.539  1.864 0.0000000000
67353  -52.799  -16.435  7.378 0.0000000000
67354  -53.310  -16.191  6.905 0.0000000000
67356  -53.207  -16.675  6.635 0.0000000000
67357  -53.823  -16.490  6.387 0.0000000000
67358  -54.488  -16.652  5.918 0.0000000000
67360  -44.446  -16.466  5.226 0.0000000000
67361  -45.220  -16.539  5.441 0.0000000000
67362  -46.100  -16.483  5.529 0.0000000000
67363  -47.051  -16.389  5.362 0.0000000000
67364  -47.908  -16.592  5.286 0.0000000000
67365  -48.731  -16.706  5.170 0.0000000000
67366  -49.591  -16.788  5.094 0.0000000000
67367  -50.401  -16.811  5.079 0.0000000000
67368  -55.082  -16.869  5.590 0.0000000000
67369  -55.642  -16.733  5.369 0.0000000000
67370  -56.223  -16.721  5.131 0.0000000000
67372  -42.582  -16.604  4.049 0.0000000000
67373  -43.115  -16.494  4.481 0.0000000000
67374  -43.756  -16.455  4.932 0.0000000000
67375  -47.690  -16.072  5.025 0.0000000000
67376  -48.341  -16.130  4.852 0.0000000000
67377  -49.162  -16.189  4.718 0.0000000000
67378  -50.055  -16.264  4.665 0.0000000000
67379  -51.051  -16.441  4.703 0.0000000000
67380  -51.989  -16.419  4.588 0.0000000000
67381  -52.907  -16.683  4.414 0.0000000000
67382  -53.775  -17.008  4.469 0.0000000000
67383  -54.556  -17.082  4.435 0.0000000000
67384  -56.763  -16.713  4.760 0.0000000000
67385  -57.340  -16.717  4.374 0.0000000000
67386  -58.246  -16.702  4.114 0.0000000000
67387  -58.911  -16.541  3.879 0.0000000000
67389  -40.874  -16.506  2.690 0.0000000000
67390  -41.189  -16.620  2.909 0.0000000000
67391  -41.882  -16.359  3.611 0.0000000000
67392  -53.560  -16.473  4.232 0.0000000000
67393  -54.230  -16.558  4.154 0.0000000000
67394  -55.182  -16.792  4.014 0.0000000000
67395  -56.189  -16.792  3.831 0.0000000000
67396  -57.336  -16.904  3.881 0.0000000000
67397  -58.444  -16.596  3.652 0.0000000000
67398  -59.107  -16.348  3.535 0.0000000000
67400  -40.678  -16.719  2.420 0.0000000000
67401  -41.045  -17.025  2.648 0.0000000000
67403  -39.770  -17.114  0.847 0.0000000000
67404  -40.108  -16.730  1.510 0.0000000000
67406  -39.592  -17.031  0.208 0.0000000000
67408  -39.493  -16.901  -0.605 0.0000000000
67414  -39.140  -16.787  -1.512 0.0000000000
67421  -38.273  -16.847  -2.077 0.0000000000
67422  -39.102  -16.088  -1.931 0.0000000000
68853  -53.263  -15.660  7.504 0.0000000000
68855  -53.645  -15.686  6.831 0.0000000000
68856  -54.214  -15.807  6.260 0.0000000000
68858  -44.929  -15.742  5.354 0.0000000000
68859  -45.736  -15.784  5.378 0.0000000000
68860  -46.529  -15.759  5.267 0.0000000000
68861  -47.237  -15.650  5.040 0.0000000000
68862  -55.016  -16.080  5.699 0.0000000000
68863  -55.813  -16.026  5.294 0.0000000000
68864  -56.515  -16.043  4.974 0.0000000000
68866  -42.507  -15.743  4.236 0.0000000000
68867  -43.333  -15.667  4.782 0.0000000000
68868  -44.126  -15.676  5.151 0.0000000000
68869  -47.917  -15.521  4.833 0.0000000000
68870  -48.697  -15.477  4.670 0.0000000000
68871  -49.581  -15.496  4.538 0.0000000000
68872  -50.527  -15.572  4.460 0.0000000000
68873  -51.496  -15.661  4.388 0.0000000000
68874  -52.498  -15.787  4.216 0.0000000000
68875  -53.154  -16.121  4.124 0.0000000000
68876  -57.225  -16.146  4.638 0.0000000000
68877  -58.026  -16.179  4.428 0.0000000000
68878  -58.880  -16.166  4.204 0.0000000000
68879  -59.429  -16.095  3.777 0.0000000000
68881  -40.802  -16.239  2.706 0.0000000000
68882  -41.115  -15.630  3.051 0.0000000000
68883  -41.819  -15.448  3.698 0.0000000000
68884  -53.129  -15.627  4.087 0.0000000000
68885  -53.680  -15.866  4.020 0.0000000000
68886  -54.524  -15.892  3.768 0.0000000000
68887  -55.552  -15.973  3.542 0.0000000000
68888  -56.741  -16.014  3.352 0.0000000000
68889  -57.877  -16.241  3.323 0.0000000000
68890  -58.784  -16.192  3.139 0.0000000000
68891  -59.689  -15.824  3.192 0.0000000000
68892  -60.281  -15.349  2.891 0.0000000000
68894  -40.465  -15.782  2.174 0.0000000000
68895  -40.809  -15.259  2.557 0.0000000000
68896  -57.448  -15.626  3.023 0.0000000000
68897  -58.183  -15.657  2.860 0.0000000000
68898  -59.008  -15.570  2.687 0.0000000000
68899  -59.739  -15.320  2.677 0.0000000000
68900  -60.171  -15.103  2.684 0.0000000000
68902  -39.834  -16.599  0.751 0.0000000000
68903  -40.160  -15.865  0.967 0.0000000000
68905  -34.464  -14.977  0.113 0.0000000000
68906  -34.852  -15.206  0.147 0.0000000000
68907  -35.537  -15.375  0.034 0.0000000000
68908  -39.813  -16.324  0.077 0.0000000000
68909  -40.409  -15.550  -0.070 0.0000000000
68910  -40.962  -15.136  -0.635 0.0000000000
68913  -34.491  -15.216  -0.339 0.0000000000
68914  -35.091  -15.597  -0.553 0.0000000000
68915  -36.039  -15.721  -0.650 0.0000000000
68916  -36.815  -15.678  -0.978 0.0000000000
68917  -39.854  -16.183  -0.855 0.0000000000
68918  -40.430  -15.553  -1.148 0.0000000000
68919  -41.011  -15.058  -1.456 0.0000000000
68924  -36.320  -16.095  -1.633 0.0000000000
68925  -37.359  -15.759  -1.539 0.0000000000
68926  -38.127  -15.540  -1.719 0.0000000000
68927  -39.740  -15.837  -1.611 0.0000000000
68928  -40.383  -15.247  -1.868 0.0000000000
68929  -40.944  -14.762  -2.105 0.0000000000
68935  -36.957  -16.385  -2.093 0.0000000000
68936  -37.777  -16.279  -1.956 0.0000000000
68937  -38.701  -15.672  -1.992 0.0000000000
68938  -39.630  -15.289  -2.059 0.0000000000
68939  -40.385  -14.735  -2.230 0.0000000000
68940  -40.841  -14.490  -2.377 0.0000000000
70262  -53.596  -14.779  7.762 0.0000000000
70263  -53.850  -14.426  7.480 0.0000000000
70265  -53.575  -15.211  7.236 0.0000000000
70266  -53.915  -14.788  6.894 0.0000000000
70268  -45.404  -15.037  5.377 0.0000000000
70269  -46.170  -15.097  5.305 0.0000000000
70270  -46.831  -15.113  5.110 0.0000000000
70271  -47.413  -14.960  4.946 0.0000000000
70272  -54.552  -14.995  6.000 0.0000000000
70273  -55.311  -15.101  5.577 0.0000000000
70274  -56.137  -15.106  5.206 0.0000000000
70276  -42.893  -14.811  4.513 0.0000000000
70277  -43.734  -14.779  4.944 0.0000000000
70278  -44.593  -14.893  5.277 0.0000000000
70279  -48.138  -14.756  4.806 0.0000000000
70280  -49.042  -14.682  4.632 0.0000000000
70281  -49.990  -14.691  4.515 0.0000000000
70282  -50.960  -14.757  4.434 0.0000000000
70283  -51.931  -14.857  4.332 0.0000000000
70284  -52.910  -14.923  4.172 0.0000000000
70285  -53.258  -14.507  4.120 0.0000000000
70286  -56.933  -15.318  4.841 0.0000000000
70287  -57.641  -15.446  4.617 0.0000000000
70288  -58.481  -15.343  4.453 0.0000000000
70289  -59.611  -15.270  4.122 0.0000000000
70290  -60.263  -14.723  3.952 0.0000000000
70292  -41.578  -14.780  3.355 0.0000000000
70293  -42.181  -14.785  3.961 0.0000000000
70294  -53.378  -15.348  4.048 0.0000000000
70295  -53.756  -14.927  3.914 0.0000000000
70296  -54.800  -14.948  3.537 0.0000000000
70297  -55.841  -15.001  3.230 0.0000000000
70298  -56.765  -15.039  2.921 0.0000000000
70299  -59.837  -15.600  3.596 0.0000000000
70300  -60.683  -15.033  3.420 0.0000000000
70301  -61.771  -14.479  3.267 0.0000000000
70302  -62.223  -14.209  3.271 0.0000000000
70304  -40.715  -15.017  2.170 0.0000000000
70305  -41.092  -14.728  2.699 0.0000000000
70306  -57.532  -15.009  2.714 0.0000000000
70307  -58.275  -14.894  2.579 0.0000000000
70308  -59.077  -14.746  2.511 0.0000000000
70309  -59.867  -14.661  2.561 0.0000000000
70310  -60.634  -14.702  2.727 0.0000000000
70311  -61.591  -14.442  2.803 0.0000000000
70312  -62.244  -14.238  2.960 0.0000000000
70314  -34.857  -14.367  1.314 0.0000000000
70315  -35.804  -14.469  1.330 0.0000000000
70316  -36.835  -14.302  1.226 0.0000000000
70317  -37.376  -14.027  1.165 0.0000000000
70318  -40.614  -15.111  1.404 0.0000000000
70319  -41.063  -14.490  1.812 0.0000000000
70321  -33.806  -14.317  0.244 0.0000000000
70322  -34.362  -14.595  0.614 0.0000000000
70323  -35.302  -14.932  0.685 0.0000000000
70324  -36.447  -15.045  0.304 0.0000000000
70325  -37.627  -14.277  0.499 0.0000000000
70326  -38.211  -13.896  0.201 0.0000000000
70327  -40.566  -15.254  0.702 0.0000000000
70328  -41.238  -14.591  0.471 0.0000000000
70329  -41.883  -14.000  0.324 0.0000000000
70332  -33.533  -14.385  -0.397 0.0000000000
70333  -34.098  -14.791  -0.046 0.0000000000
70334  -36.732  -15.446  -0.474 0.0000000000
70335  -37.532  -15.104  -0.673 0.0000000000
70336  -38.256  -14.225  -0.412 0.0000000000
70337  -41.524  -14.679  -0.835 0.0000000000
70338  -41.993  -14.132  -0.279 0.0000000000
70341  -33.964  -14.963  -0.775 0.0000000000
70342  -37.952  -15.273  -1.400 0.0000000000
70343  -38.723  -14.665  -1.505 0.0000000000
70344  -39.473  -14.129  -1.765 0.0000000000
70345  -41.534  -14.564  -1.738 0.0000000000
70346  -42.136  -14.266  -1.230 0.0000000000
70351  -39.200  -15.007  -2.084 0.0000000000
70352  -39.778  -14.422  -2.169 0.0000000000
70353  -40.657  -14.184  -2.498 0.0000000000
70354  -41.362  -14.183  -2.397 0.0000000000
70355  -42.021  -14.095  -2.018 0.0000000000
71655  -53.899  -14.238  8.072 0.0000000000
71656  -54.445  -13.894  8.507 0.0000000000
71657  -55.034  -13.619  8.904 0.0000000000
71660  -53.863  -14.324  7.723 0.0000000000
71661  -54.137  -13.956  7.568 0.0000000000
71663  -54.630  -13.903  6.510 0.0000000000
71664  -55.196  -13.443  6.398 0.0000000000
71666  -45.094  -14.316  5.316 0.0000000000
71667  -45.828  -14.351  5.329 0.0000000000
71668  -46.589  -14.485  5.208 0.0000000000
71669  -47.045  -14.653  5.090 0.0000000000
71670  -54.958  -14.451  5.886 0.0000000000
71671  -55.528  -13.938  5.730 0.0000000000
71672  -56.790  -14.128  5.102 0.0000000000
71673  -57.693  -13.510  4.982 0.0000000000
71674  -58.214  -13.165  4.949 0.0000000000
71676  -42.582  -14.144  4.104 0.0000000000
71677  -43.292  -13.889  4.442 0.0000000000
71678  -44.320  -13.836  4.952 0.0000000000
71679  -45.335  -13.564  5.096 0.0000000000
71680  -46.279  -13.660  5.122 0.0000000000
71681  -47.321  -14.007  5.057 0.0000000000
71682  -48.412  -13.837  4.784 0.0000000000
71683  -49.404  -13.795  4.655 0.0000000000
71684  -50.389  -13.822  4.585 0.0000000000
71685  -51.373  -13.902  4.511 0.0000000000
71686  -52.295  -14.053  4.394 0.0000000000
71687  -52.927  -14.181  4.249 0.0000000000
71688  -57.277  -14.863  4.772 0.0000000000
71689  -57.760  -14.547  4.681 0.0000000000
71690  -58.710  -14.017  4.596 0.0000000000
71691  -59.841  -14.171  4.308 0.0000000000
71692  -60.755  -14.122  4.059 0.0000000000
71693  -61.588  -13.691  4.044 0.0000000000
71694  -62.179  -13.434  3.855 0.0000000000
71696  -41.509  -14.333  3.023 0.0000000000
71697  -42.014  -13.953  3.376 0.0000000000
71698  -42.778  -13.548  3.802 0.0000000000
71699  -53.366  -13.966  4.123 0.0000000000
71700  -54.120  -13.900  3.837 0.0000000000
71701  -55.096  -13.908  3.480 0.0000000000
71702  -56.175  -13.957  3.184 0.0000000000
71703  -56.925  -13.624  3.009 0.0000000000
71704  -57.501  -13.520  2.851 0.0000000000
71705  -61.429  -14.355  3.651 0.0000000000
71706  -62.050  -14.090  3.585 0.0000000000
71707  -62.558  -13.646  3.235 0.0000000000
71708  -62.997  -13.245  2.713 0.0000000000
71710  -34.040  -13.107  1.776 0.0000000000
71711  -34.330  -13.147  1.921 0.0000000000
71712  -41.535  -14.076  2.502 0.0000000000
71713  -42.224  -13.504  2.399 0.0000000000
71714  -42.801  -13.129  2.035 0.0000000000
71715  -56.992  -14.383  2.869 0.0000000000
71716  -57.574  -14.229  2.726 0.0000000000
71717  -58.241  -13.879  2.654 0.0000000000
71718  -59.189  -13.809  2.537 0.0000000000
71719  -60.154  -13.820  2.450 0.0000000000
71720  -61.236  -13.720  2.368 0.0000000000
71721  -62.385  -13.530  2.377 0.0000000000
71722  -63.050  -13.086  2.262 0.0000000000
71724  -33.185  -13.111  0.895 0.0000000000
71725  -33.923  -13.496  1.373 0.0000000000
71726  -35.083  -13.663  1.899 0.0000000000
71727  -36.221  -13.764  1.852 0.0000000000
71728  -37.157  -13.592  1.624 0.0000000000
71729  -37.768  -13.238  1.464 0.0000000000
71730  -41.681  -13.936  1.564 0.0000000000
71731  -42.375  -13.476  1.404 0.0000000000
71732  -43.211  -13.077  1.279 0.0000000000
71733  -61.851  -13.256  2.075 0.0000000000
71734  -62.235  -13.131  1.916 0.0000000000
71736  -33.191  -13.673  0.253 0.0000000000
71737  -33.822  -14.045  0.647 0.0000000000
71738  -37.692  -13.748  1.142 0.0000000000
71739  -38.270  -13.446  0.807 0.0000000000
71740  -38.850  -13.148  0.382 0.0000000000
71741  -41.901  -13.860  0.814 0.0000000000
71742  -42.535  -13.672  0.418 0.0000000000
71743  -43.558  -13.342  0.118 0.0000000000
71744  -44.157  -13.248  -0.539 0.0000000000
71748  -38.606  -13.631  -0.035 0.0000000000
71749  -39.144  -13.261  -0.293 0.0000000000
71750  -42.769  -13.860  -0.631 0.0000000000
71751  -43.496  -13.601  -1.062 0.0000000000
71752  -44.183  -13.329  -1.435 0.0000000000
71755  -38.813  -13.836  -0.761 0.0000000000
71756  -39.457  -13.574  -1.264 0.0000000000
71757  -40.047  -13.290  -1.744 0.0000000000
71758  -42.738  -13.897  -1.692 0.0000000000
71759  -43.430  -13.549  -2.130 0.0000000000
71760  -44.160  -13.233  -2.390 0.0000000000
71766  -39.812  -13.781  -1.943 0.0000000000
71767  -40.390  -13.538  -2.324 0.0000000000
71768  -41.192  -13.548  -2.768 0.0000000000
71769  -42.364  -13.491  -2.770 0.0000000000
71770  -43.557  -13.187  -3.082 0.0000000000
71771  -44.138  -13.128  -2.924 0.0000000000
71779  -42.942  -12.957  -3.405 0.0000000000
71780  -43.382  -12.780  -3.503 0.0000000000
73013  -57.827  -12.868  10.975 0.0000000000
73014  -58.243  -12.519  11.690 0.0000000000
73016  -56.572  -13.304  9.833 0.0000000000
73017  -57.115  -12.784  10.261 0.0000000000
73019  -55.420  -13.360  9.002 0.0000000000
73020  -56.086  -12.931  9.297 0.0000000000
73021  -56.842  -12.105  9.589 0.0000000000
73024  -54.537  -13.493  8.009 0.0000000000
73025  -55.161  -13.186  8.394 0.0000000000
73026  -55.878  -12.409  8.328 0.0000000000
73028  -54.724  -13.311  7.468 0.0000000000
73029  -55.340  -12.756  7.505 0.0000000000
73030  -56.063  -12.199  7.387 0.0000000000
73032  -55.049  -13.181  6.862 0.0000000000
73033  -55.642  -12.890  6.537 0.0000000000
73034  -56.546  -12.298  6.421 0.0000000000
73035  -57.251  -12.180  6.026 0.0000000000
73037  -56.252  -13.147  5.789 0.0000000000
73038  -57.020  -12.898  5.560 0.0000000000
73039  -57.846  -12.559  5.463 0.0000000000
73040  -58.708  -12.753  5.042 0.0000000000
73041  -59.545  -12.568  4.956 0.0000000000
73042  -60.320  -12.433  4.875 0.0000000000
73043  -61.008  -12.252  4.825 0.0000000000
73045  -43.223  -13.331  4.014 0.0000000000
73046  -43.749  -13.123  4.200 0.0000000000
73047  -44.748  -12.742  4.422 0.0000000000
73048  -45.788  -12.831  4.722 0.0000000000
73049  -46.737  -12.909  4.772 0.0000000000
73050  -47.744  -12.921  4.741 0.0000000000
73051  -48.766  -12.878  4.700 0.0000000000
73052  -49.766  -12.882  4.651 0.0000000000
73053  -50.759  -12.926  4.582 0.0000000000
73054  -51.784  -12.994  4.427 0.0000000000
73055  -52.694  -13.432  4.278 0.0000000000
73056  -59.376  -13.340  4.631 0.0000000000
73057  -60.137  -13.285  4.510 0.0000000000
73058  -60.951  -13.079  4.452 0.0000000000
73059  -61.785  -12.555  4.408 0.0000000000
73060  -62.547  -12.762  3.816 0.0000000000
73062  -42.568  -13.343  3.164 0.0000000000
73063  -43.174  -12.986  3.430 0.0000000000
73064  -44.014  -12.536  3.428 0.0000000000
73065  -44.982  -12.091  3.404 0.0000000000
73066  -52.394  -12.591  4.212 0.0000000000
73067  -53.273  -12.846  4.078 0.0000000000
73068  -54.324  -12.800  3.787 0.0000000000
73069  -55.319  -12.845  3.491 0.0000000000
73070  -56.232  -12.841  3.289 0.0000000000
73071  -57.048  -12.770  3.082 0.0000000000
73072  -57.733  -13.075  2.872 0.0000000000
73073  -63.064  -12.765  3.240 0.0000000000
73074  -63.288  -12.551  2.568 0.0000000000
73076  -33.278  -12.128  1.786 0.0000000000
73077  -33.839  -12.661  1.943 0.0000000000
73078  -34.865  -12.644  2.304 0.0000000000
73079  -35.862  -12.346  2.450 0.0000000000
73080  -36.751  -12.196  2.412 0.0000000000
73081  -37.500  -12.120  2.296 0.0000000000
73082  -42.811  -13.066  2.698 0.0000000000
73083  -43.427  -12.735  2.427 0.0000000000
73084  -44.314  -12.334  2.454 0.0000000000
73085  -45.130  -11.954  2.307 0.0000000000
73086  -57.528  -12.429  2.915 0.0000000000
73087  -58.328  -12.760  2.733 0.0000000000
73088  -59.401  -12.803  2.484 0.0000000000
73089  -60.417  -12.866  2.300 0.0000000000
73090  -61.274  -12.840  2.096 0.0000000000
73091  -62.894  -13.068  1.980 0.0000000000
73092  -63.192  -12.485  1.912 0.0000000000
73094  -33.201  -12.572  1.364 0.0000000000
73095  -33.652  -12.928  1.602 0.0000000000
73096  -35.722  -13.109  2.187 0.0000000000
73097  -36.530  -12.982  2.121 0.0000000000
73098  -37.346  -12.793  1.968 0.0000000000
73099  -38.189  -12.539  1.675 0.0000000000
73100  -38.860  -12.274  1.294 0.0000000000
73101  -43.879  -12.625  1.707 0.0000000000
73102  -44.562  -12.418  1.503 0.0000000000
73103  -45.511  -12.113  1.279 0.0000000000
73104  -46.230  -11.987  0.760 0.0000000000
73105  -61.893  -12.720  1.789 0.0000000000
73106  -62.578  -12.666  1.741 0.0000000000
73107  -62.987  -12.203  1.578 0.0000000000
73109  -32.080  -11.990  -0.075 0.0000000000
73110  -32.573  -12.567  0.367 0.0000000000
73111  -38.760  -12.823  0.962 0.0000000000
73112  -39.316  -12.519  0.509 0.0000000000
73113  -39.879  -12.213  0.033 0.0000000000
73114  -43.950  -12.809  0.972 0.0000000000
73115  -44.594  -12.755  0.378 0.0000000000
73116  -45.590  -12.479  0.125 0.0000000000
73117  -46.549  -12.153  -0.076 0.0000000000
73118  -47.047  -11.906  -0.515 0.0000000000
73123  -39.654  -12.781  -0.518 0.0000000000
73124  -40.163  -12.281  -0.723 0.0000000000
73125  -44.876  -12.976  -0.683 0.0000000000
73126  -45.710  -12.631  -0.908 0.0000000000
73127  -46.532  -12.131  -1.142 0.0000000000
73128  -47.025  -11.889  -0.840 0.0000000000
73132  -39.957  -12.890  -1.238 0.0000000000
73133  -40.515  -12.603  -1.769 0.0000000000
73134  -41.172  -12.393  -2.331 0.0000000000
73135  -44.902  -12.997  -1.716 0.0000000000
73136  -45.586  -12.440  -1.936 0.0000000000
73137  -46.188  -11.869  -2.150 0.0000000000
73146  -40.890  -12.925  -2.622 0.0000000000
73147  -41.645  -12.700  -2.928 0.0000000000
73148  -42.451  -12.577  -3.313 0.0000000000
73149  -44.101  -12.971  -3.181 0.0000000000
73150  -44.656  -12.713  -2.771 0.0000000000
73151  -45.457  -11.954  -2.839 0.0000000000
73152  -46.018  -11.639  -2.675 0.0000000000
73161  -43.104  -12.330  -3.688 0.0000000000
73162  -43.947  -12.448  -3.465 0.0000000000
73163  -44.822  -11.977  -3.277 0.0000000000
73164  -45.194  -11.800  -3.221 0.0000000000
74323  -60.429  -11.832  14.523 0.0000000000
74324  -61.366  -11.398  15.276 0.0000000000
74335  -59.610  -11.669  13.359 0.0000000000
74336  -60.463  -11.131  13.734 0.0000000000
74343  -58.810  -11.878  12.419 0.0000000000
74344  -59.372  -11.086  12.301 0.0000000000
74354  -57.792  -12.182  10.938 0.0000000000
74355  -58.535  -11.383  11.317 0.0000000000
74356  -59.383  -10.689  11.539 0.0000000000
74358  -57.645  -11.606  10.195 0.0000000000
74359  -58.410  -10.895  10.381 0.0000000000
74361  -56.436  -12.047  8.945 0.0000000000
74362  -57.190  -11.399  9.043 0.0000000000
74365  -56.556  -11.753  8.197 0.0000000000
74366  -57.304  -11.223  7.981 0.0000000000
74368  -56.822  -11.677  7.287 0.0000000000
74369  -57.627  -11.369  7.107 0.0000000000
74370  -58.192  -11.353  6.774 0.0000000000
74372  -57.185  -11.784  6.612 0.0000000000
74373  -57.840  -11.732  6.238 0.0000000000
74374  -58.639  -11.498  6.243 0.0000000000
74375  -59.332  -11.440  6.022 0.0000000000
74376  -60.045  -11.331  5.960 0.0000000000
74377  -60.791  -11.234  5.872 0.0000000000
74379  -58.387  -12.029  5.663 0.0000000000
74380  -59.043  -11.955  5.515 0.0000000000
74381  -59.796  -11.877  5.438 0.0000000000
74382  -60.563  -11.760  5.366 0.0000000000
74383  -61.457  -11.582  5.235 0.0000000000
74384  -62.121  -11.450  5.073 0.0000000000
74386  -45.463  -12.255  4.194 0.0000000000
74387  -46.189  -12.169  4.348 0.0000000000
74388  -47.089  -12.050  4.409 0.0000000000
74389  -48.100  -11.993  4.451 0.0000000000
74390  -49.111  -12.000  4.472 0.0000000000
74391  -50.082  -12.025  4.430 0.0000000000
74392  -51.021  -12.071  4.335 0.0000000000
74393  -51.780  -12.105  4.203 0.0000000000
74394  -61.946  -11.788  4.750 0.0000000000
74395  -62.504  -11.745  4.421 0.0000000000
74396  -63.144  -11.456  4.042 0.0000000000
74398  -45.735  -11.871  3.787 0.0000000000
74399  -46.426  -11.629  3.733 0.0000000000
74400  -47.417  -11.309  3.676 0.0000000000
74401  -48.494  -11.282  4.001 0.0000000000
74402  -49.417  -11.277  4.085 0.0000000000
74403  -50.331  -11.266  4.032 0.0000000000
74404  -51.257  -11.391  3.878 0.0000000000
74405  -52.326  -11.700  3.856 0.0000000000
74406  -53.422  -11.744  3.666 0.0000000000
74407  -54.471  -11.713  3.424 0.0000000000
74408  -55.488  -11.928  3.311 0.0000000000
74409  -56.332  -11.951  3.197 0.0000000000
74410  -57.007  -11.968  3.045 0.0000000000
74411  -62.943  -12.116  3.738 0.0000000000
74412  -63.386  -11.713  3.256 0.0000000000
74414  -33.450  -11.777  2.092 0.0000000000
74415  -34.173  -11.730  2.436 0.0000000000
74416  -35.140  -11.597  2.624 0.0000000000
74417  -36.107  -11.451  2.682 0.0000000000
74418  -37.030  -11.399  2.620 0.0000000000
74419  -37.998  -11.510  2.414 0.0000000000
74420  -38.737  -11.275  2.254 0.0000000000
74421  -45.746  -11.659  3.062 0.0000000000
74422  -46.526  -11.328  2.831 0.0000000000
74423  -47.377  -11.058  2.553 0.0000000000
74424  -54.889  -11.236  3.016 0.0000000000
74425  -55.595  -11.197  2.889 0.0000000000
74426  -56.481  -11.282  2.752 0.0000000000
74427  -57.511  -11.606  2.703 0.0000000000
74428  -58.603  -11.725  2.525 0.0000000000
74429  -59.676  -11.788  2.271 0.0000000000
74430  -60.662  -12.076  2.084 0.0000000000
74431  -61.358  -12.194  1.850 0.0000000000
74432  -63.681  -11.567  2.177 0.0000000000
74434  -32.080  -11.045  0.948 0.0000000000
74435  -32.677  -11.430  1.540 0.0000000000
74436  -38.651  -11.870  1.859 0.0000000000
74437  -39.329  -11.619  1.511 0.0000000000
74438  -40.017  -11.382  1.154 0.0000000000
74439  -45.880  -11.658  2.225 0.0000000000
74440  -46.575  -11.497  1.694 0.0000000000
74441  -47.745  -11.120  1.550 0.0000000000
74442  -48.521  -11.020  0.900 0.0000000000
74443  -49.112  -10.890  0.524 0.0000000000
74444  -60.190  -11.377  1.916 0.0000000000
74445  -60.942  -11.433  1.718 0.0000000000
74446  -61.899  -11.785  1.514 0.0000000000
74447  -62.726  -11.753  1.365 0.0000000000
74448  -63.277  -11.625  1.523 0.0000000000
74450  -32.095  -11.588  0.496 0.0000000000
74451  -32.592  -12.068  0.993 0.0000000000
74452  -39.803  -11.879  0.692 0.0000000000
74453  -40.410  -11.577  0.250 0.0000000000
74454  -41.012  -11.269  -0.234 0.0000000000
74455  -46.922  -11.653  0.820 0.0000000000
74456  -47.553  -11.585  0.264 0.0000000000
74457  -48.426  -11.238  -0.013 0.0000000000
74458  -49.150  -10.828  -0.114 0.0000000000
74463  -40.719  -11.781  -0.915 0.0000000000
74464  -41.427  -11.310  -1.055 0.0000000000
74465  -42.025  -11.054  -1.451 0.0000000000
74466  -46.996  -11.840  -1.077 0.0000000000
74467  -47.520  -11.571  -0.788 0.0000000000
74468  -48.443  -10.836  -0.754 0.0000000000
74469  -49.102  -10.630  -0.457 0.0000000000
74476  -41.087  -11.939  -1.722 0.0000000000
74477  -41.792  -11.740  -2.294 0.0000000000
74478  -42.460  -11.012  -2.068 0.0000000000
74479  -46.873  -11.604  -1.569 0.0000000000
74480  -47.437  -10.892  -1.657 0.0000000000
74481  -48.119  -10.537  -1.285 0.0000000000
74490  -42.137  -12.157  -3.021 0.0000000000
74491  -42.824  -11.608  -3.117 0.0000000000
74492  -43.742  -11.142  -3.362 0.0000000000
74493  -44.216  -10.848  -3.551 0.0000000000
74494  -45.867  -11.484  -3.009 0.0000000000
74495  -46.510  -11.066  -2.597 0.0000000000
74496  -47.010  -10.775  -2.198 0.0000000000
74504  -43.082  -11.869  -3.647 0.0000000000
74505  -43.494  -11.798  -3.587 0.0000000000
74506  -44.402  -11.360  -3.606 0.0000000000
74507  -45.349  -11.397  -3.439 0.0000000000
74508  -45.946  -11.147  -3.271 0.0000000000
75557  -62.159  -10.187  17.229 0.0000000000
75571  -61.947  -10.873  15.933 0.0000000000
75572  -62.347  -10.198  16.466 0.0000000000
75583  -61.137  -10.935  14.354 0.0000000000
75584  -61.869  -10.620  14.958 0.0000000000
75585  -62.405  -10.131  15.516 0.0000000000
75593  -60.211  -10.791  12.928 0.0000000000
75594  -61.048  -10.510  13.453 0.0000000000
75595  -61.784  -10.288  14.029 0.0000000000
75596  -62.394  -10.001  14.570 0.0000000000
75603  -60.094  -10.416  12.034 0.0000000000
75604  -60.984  -10.235  12.524 0.0000000000
75605  -61.875  -9.975  13.033 0.0000000000
75606  -62.363  -9.834  13.735 0.0000000000
75615  -59.164  -10.572  10.767 0.0000000000
75616  -60.067  -10.296  11.120 0.0000000000
75617  -60.980  -10.052  11.565 0.0000000000
75618  -61.768  -9.813  12.095 0.0000000000
75620  -58.098  -10.828  9.527 0.0000000000
75621  -59.032  -10.495  9.842 0.0000000000
75622  -59.984  -10.263  10.180 0.0000000000
75623  -60.992  -10.090  10.560 0.0000000000
75624  -62.058  -9.730  11.038 0.0000000000
75625  -62.713  -9.490  10.820 0.0000000000
75627  -57.982  -10.793  8.518 0.0000000000
75628  -58.891  -10.506  8.885 0.0000000000
75629  -59.877  -10.275  9.192 0.0000000000
75630  -60.914  -10.172  9.528 0.0000000000
75631  -61.902  -9.918  9.903 0.0000000000
75632  -62.687  -9.550  10.241 0.0000000000
75635  -58.066  -10.970  7.621 0.0000000000
75636  -58.820  -10.679  7.928 0.0000000000
75637  -59.770  -10.463  8.205 0.0000000000
75638  -60.815  -10.295  8.470 0.0000000000
75639  -61.856  -10.069  8.800 0.0000000000
75640  -62.653  -9.591  9.215 0.0000000000
75642  -58.152  -11.192  7.157 0.0000000000
75643  -58.750  -11.085  7.030 0.0000000000
75644  -59.633  -10.742  7.288 0.0000000000
75645  -60.658  -10.584  7.420 0.0000000000
75646  -61.779  -10.382  7.637 0.0000000000
75647  -62.835  -9.736  7.945 0.0000000000
75648  -63.373  -9.373  7.540 0.0000000000
75650  -59.057  -11.272  6.488 0.0000000000
75651  -59.522  -11.110  6.573 0.0000000000
75652  -60.361  -10.920  6.567 0.0000000000
75653  -61.556  -10.869  6.293 0.0000000000
75654  -62.697  -10.331  6.705 0.0000000000
75655  -63.418  -9.601  6.945 0.0000000000
75657  -61.967  -11.218  5.514 0.0000000000
75658  -62.671  -10.918  5.347 0.0000000000
75659  -63.498  -9.994  5.811 0.0000000000
75661  -63.038  -11.157  4.531 0.0000000000
75662  -63.706  -10.463  4.260 0.0000000000
75663  -64.308  -9.536  3.866 0.0000000000
75665  -48.142  -10.929  3.179 0.0000000000
75666  -48.873  -10.919  3.522 0.0000000000
75667  -49.584  -10.806  3.416 0.0000000000
75668  -50.492  -10.776  3.299 0.0000000000
75669  -51.484  -10.817  3.238 0.0000000000
75670  -52.508  -10.893  3.174 0.0000000000
75671  -53.479  -10.949  3.035 0.0000000000
75672  -54.218  -10.936  2.873 0.0000000000
75673  -63.836  -10.882  2.941 0.0000000000
75674  -64.254  -9.966  2.948 0.0000000000
75676  -33.487  -10.793  2.308 0.0000000000
75677  -34.451  -10.741  2.650 0.0000000000
75678  -35.411  -10.591  2.778 0.0000000000
75679  -36.391  -10.531  2.798 0.0000000000
75680  -37.334  -10.521  2.767 0.0000000000
75681  -38.265  -10.525  2.679 0.0000000000
75682  -39.224  -10.599  2.378 0.0000000000
75683  -39.969  -10.322  2.181 0.0000000000
75684  -48.054  -10.878  2.415 0.0000000000
75685  -48.758  -10.763  2.716 0.0000000000
75686  -49.627  -10.643  2.508 0.0000000000
75687  -50.592  -10.589  2.367 0.0000000000
75688  -51.616  -10.590  2.324 0.0000000000
75689  -52.618  -10.568  2.296 0.0000000000
75690  -53.581  -10.571  2.262 0.0000000000
75691  -54.649  -10.618  2.362 0.0000000000
75692  -55.697  -10.549  2.253 0.0000000000
75693  -56.749  -10.606  2.208 0.0000000000
75694  -57.818  -10.734  2.210 0.0000000000
75695  -58.823  -10.876  2.115 0.0000000000
75696  -59.573  -10.977  1.899 0.0000000000
75697  -64.078  -10.620  2.176 0.0000000000
75698  -64.304  -9.951  1.808 0.0000000000
75700  -31.665  -9.797  0.842 0.0000000000
75701  -31.936  -10.304  1.157 0.0000000000
75702  -32.664  -10.246  1.851 0.0000000000
75703  -39.829  -10.939  1.753 0.0000000000
75704  -40.555  -10.683  1.414 0.0000000000
75705  -41.322  -10.383  1.008 0.0000000000
75706  -41.920  -10.156  0.733 0.0000000000
75707  -48.316  -10.831  2.113 0.0000000000
75708  -48.752  -10.787  1.843 0.0000000000
75709  -49.598  -10.690  1.414 0.0000000000
75710  -50.730  -10.594  1.411 0.0000000000
75711  -51.773  -10.538  1.419 0.0000000000
75712  -52.787  -10.469  1.431 0.0000000000
75713  -53.796  -10.351  1.454 0.0000000000
75714  -54.837  -10.223  1.427 0.0000000000
75715  -55.918  -10.157  1.385 0.0000000000
75716  -57.084  -10.052  1.301 0.0000000000
75717  -58.123  -10.250  1.559 0.0000000000
75718  -59.066  -10.369  1.422 0.0000000000
75719  -60.147  -10.668  1.479 0.0000000000
75720  -61.316  -10.597  1.170 0.0000000000
75721  -62.309  -10.939  1.028 0.0000000000
75722  -63.093  -11.019  0.973 0.0000000000
75723  -63.891  -10.501  1.169 0.0000000000
75724  -64.232  -9.923  1.253 0.0000000000
75729  -31.530  -10.029  0.384 0.0000000000
75730  -31.805  -10.775  0.421 0.0000000000
75731  -40.976  -10.941  0.511 0.0000000000
75732  -41.544  -10.718  0.041 0.0000000000
75733  -42.314  -10.305  0.009 0.0000000000
75734  -49.898  -10.688  0.534 0.0000000000
75735  -50.923  -10.543  0.532 0.0000000000
75736  -52.005  -10.385  0.613 0.0000000000
75737  -53.027  -10.302  0.626 0.0000000000
75738  -54.018  -10.110  0.606 0.0000000000
75739  -55.094  -9.828  0.431 0.0000000000
75740  -56.190  -9.828  0.651 0.0000000000
75741  -56.816  -9.754  0.624 0.0000000000
75742  -59.637  -10.094  1.030 0.0000000000
75743  -60.411  -10.030  0.928 0.0000000000
75744  -61.045  -9.961  0.793 0.0000000000
75745  -62.763  -10.535  0.686 0.0000000000
75746  -63.294  -10.324  0.598 0.0000000000
75747  -63.679  -10.006  0.574 0.0000000000
75756  -31.799  -11.086  -0.039 0.0000000000
75757  -41.976  -10.785  -0.694 0.0000000000
75758  -42.622  -10.527  -1.047 0.0000000000
75759  -43.165  -10.365  -1.353 0.0000000000
75760  -49.028  -10.505  -0.665 0.0000000000
75761  -49.845  -10.296  -0.434 0.0000000000
75762  -51.268  -10.182  -0.134 0.0000000000
75763  -52.332  -10.078  -0.076 0.0000000000
75764  -53.310  -9.988  -0.088 0.0000000000
75765  -54.200  -9.830  -0.122 0.0000000000
75766  -54.742  -9.664  -0.196 0.0000000000
75776  -42.894  -10.608  -1.779 0.0000000000
75777  -43.426  -10.417  -1.967 0.0000000000
75778  -43.926  -10.296  -2.386 0.0000000000
75779  -47.866  -10.127  -1.706 0.0000000000
75780  -48.778  -10.181  -1.140 0.0000000000
75781  -49.436  -9.817  -1.033 0.0000000000
75792  -42.963  -10.834  -2.400 0.0000000000
75793  -43.491  -10.791  -2.766 0.0000000000
75794  -44.167  -10.414  -3.118 0.0000000000
75795  -46.646  -10.207  -3.107 0.0000000000
75796  -47.120  -10.289  -2.359 0.0000000000
75808  -44.658  -10.467  -3.774 0.0000000000
75809  -45.137  -10.710  -3.938 0.0000000000
75810  -45.987  -10.473  -3.757 0.0000000000
75826  -45.061  -10.253  -4.166 0.0000000000
75827  -45.439  -10.191  -4.196 0.0000000000
75828  -45.744  -9.996  -4.226 0.0000000000
77006  -62.138  -9.466  17.579 0.0000000000
77020  -62.514  -9.395  16.990 0.0000000000
77033  -62.747  -9.376  16.011 0.0000000000
77034  -63.027  -9.002  15.414 0.0000000000
77043  -62.804  -9.512  15.059 0.0000000000
77044  -63.176  -8.954  14.698 0.0000000000
77048  -62.849  -9.468  14.118 0.0000000000
77049  -63.257  -8.858  13.724 0.0000000000
77055  -48.656  -9.057  12.176 0.0000000000
77056  -49.036  -9.174  12.191 0.0000000000
77057  -49.862  -9.254  12.133 0.0000000000
77058  -50.610  -9.169  12.010 0.0000000000
77059  -62.249  -9.690  12.488 0.0000000000
77060  -62.752  -9.440  12.929 0.0000000000
77061  -63.289  -8.627  12.652 0.0000000000
77069  -48.581  -9.153  11.749 0.0000000000
77070  -49.252  -9.361  11.440 0.0000000000
77071  -50.120  -9.368  11.330 0.0000000000
77072  -51.051  -9.174  11.361 0.0000000000
77073  -51.714  -9.055  11.090 0.0000000000
77074  -62.467  -9.527  11.928 0.0000000000
77075  -63.057  -9.132  11.826 0.0000000000
77076  -63.417  -8.308  11.471 0.0000000000
77079  -48.460  -9.210  10.687 0.0000000000
77080  -49.443  -9.456  10.535 0.0000000000
77081  -50.372  -9.432  10.492 0.0000000000
77082  -51.221  -9.308  10.459 0.0000000000
77083  -51.991  -9.102  10.491 0.0000000000
77084  -62.747  -9.439  11.265 0.0000000000
77085  -63.179  -9.151  10.784 0.0000000000
77086  -63.470  -8.384  10.201 0.0000000000
77089  -48.780  -9.256  9.662 0.0000000000
77090  -49.697  -9.456  9.644 0.0000000000
77091  -50.604  -9.472  9.626 0.0000000000
77092  -51.475  -9.356  9.668 0.0000000000
77093  -52.225  -9.139  9.750 0.0000000000
77094  -63.244  -9.129  9.704 0.0000000000
77095  -63.473  -8.469  9.095 0.0000000000
77098  -49.112  -9.249  8.952 0.0000000000
77099  -49.906  -9.366  8.698 0.0000000000
77100  -50.903  -9.425  8.839 0.0000000000
77101  -51.801  -9.296  8.859 0.0000000000
77102  -52.372  -9.125  9.244 0.0000000000
77103  -63.257  -9.160  8.678 0.0000000000
77104  -63.454  -8.578  8.110 0.0000000000
77106  -50.428  -9.294  8.130 0.0000000000
77107  -51.170  -9.295  8.177 0.0000000000
77108  -51.647  -9.257  8.249 0.0000000000
77109  -54.021  -9.370  6.642 0.0000000000
77110  -54.548  -9.400  6.898 0.0000000000
77111  -55.403  -9.421  7.102 0.0000000000
77112  -56.318  -9.381  7.192 0.0000000000
77113  -57.225  -9.299  7.222 0.0000000000
77114  -58.096  -9.190  7.207 0.0000000000
77115  -58.877  -9.089  7.178 0.0000000000
77116  -63.357  -9.161  7.918 0.0000000000
77117  -63.664  -8.862  7.253 0.0000000000
77119  -54.214  -9.457  6.154 0.0000000000
77120  -54.892  -9.520  6.274 0.0000000000
77121  -55.716  -9.571  6.329 0.0000000000
77122  -56.618  -9.555  6.382 0.0000000000
77123  -57.506  -9.516  6.408 0.0000000000
77124  -58.409  -9.451  6.440 0.0000000000
77125  -59.473  -9.268  6.580 0.0000000000
77126  -60.447  -9.090  6.304 0.0000000000
77127  -61.205  -8.753  6.112 0.0000000000
77128  -64.006  -9.039  6.220 0.0000000000
77129  -64.327  -8.756  5.552 0.0000000000
77131  -54.512  -9.414  5.663 0.0000000000
77132  -55.106  -9.445  5.439 0.0000000000
77133  -56.039  -9.524  5.508 0.0000000000
77134  -56.917  -9.533  5.540 0.0000000000
77135  -57.792  -9.556  5.536 0.0000000000
77136  -58.746  -9.563  5.552 0.0000000000
77137  -59.759  -9.474  5.540 0.0000000000
77138  -60.719  -9.216  5.459 0.0000000000
77139  -61.615  -8.711  5.427 0.0000000000
77140  -64.107  -9.416  5.235 0.0000000000
77141  -64.452  -8.819  4.958 0.0000000000
77143  -55.584  -9.200  4.793 0.0000000000
77144  -56.392  -9.259  4.733 0.0000000000
77145  -57.218  -9.340  4.768 0.0000000000
77146  -58.041  -9.374  4.569 0.0000000000
77147  -59.082  -9.424  4.642 0.0000000000
77148  -60.080  -9.349  4.624 0.0000000000
77149  -61.055  -9.100  4.623 0.0000000000
77150  -61.873  -8.658  4.578 0.0000000000
77151  -64.272  -9.410  4.520 0.0000000000
77152  -64.458  -8.862  4.233 0.0000000000
77154  -58.561  -9.081  3.957 0.0000000000
77155  -59.431  -9.029  3.852 0.0000000000
77156  -60.447  -8.932  3.834 0.0000000000
77157  -61.382  -8.742  3.928 0.0000000000
77158  -61.958  -8.585  4.015 0.0000000000
77159  -64.452  -9.015  3.344 0.0000000000
77163  -33.975  -10.125  2.523 0.0000000000
77164  -34.646  -9.580  2.593 0.0000000000
77165  -35.765  -9.663  2.743 0.0000000000
77166  -36.676  -9.589  2.762 0.0000000000
77167  -37.600  -9.536  2.827 0.0000000000
77168  -38.582  -9.566  2.782 0.0000000000
77169  -39.541  -9.562  2.620 0.0000000000
77170  -40.556  -9.640  2.363 0.0000000000
77171  -41.478  -9.338  2.202 0.0000000000
77172  -42.212  -9.216  1.897 0.0000000000
77173  -64.437  -9.189  2.291 0.0000000000
77183  -41.149  -9.981  1.737 0.0000000000
77184  -41.788  -9.778  1.469 0.0000000000
77185  -42.650  -9.570  1.020 0.0000000000
77186  -43.402  -9.269  0.678 0.0000000000
77187  -57.738  -9.921  1.078 0.0000000000
77188  -58.328  -9.895  0.955 0.0000000000
77189  -59.035  -9.924  0.808 0.0000000000
77190  -61.913  -10.454  0.822 0.0000000000
77191  -62.294  -10.352  0.661 0.0000000000
77192  -64.183  -9.811  0.975 0.0000000000
77193  -64.319  -9.343  1.225 0.0000000000
77202  -43.118  -9.881  -0.173 0.0000000000
77203  -43.960  -9.267  0.021 0.0000000000
77204  -44.541  -8.919  -0.118 0.0000000000
77205  -55.838  -9.621  0.050 0.0000000000
77206  -56.585  -9.583  0.093 0.0000000000
77207  -57.538  -9.635  0.410 0.0000000000
77208  -58.650  -9.592  0.274 0.0000000000
77209  -59.695  -9.664  0.365 0.0000000000
77210  -60.742  -9.638  0.321 0.0000000000
77211  -61.716  -9.896  0.464 0.0000000000
77212  -62.704  -9.922  0.299 0.0000000000
77213  -63.391  -9.708  0.254 0.0000000000
77214  -63.942  -9.370  0.484 0.0000000000
77215  -64.238  -9.160  0.795 0.0000000000
77225  -43.165  -10.211  -0.902 0.0000000000
77226  -43.748  -9.947  -1.136 0.0000000000
77227  -44.447  -9.298  -0.877 0.0000000000
77228  -50.795  -9.710  -0.647 0.0000000000
77229  -51.729  -9.597  -0.597 0.0000000000
77230  -52.727  -9.541  -0.634 0.0000000000
77231  -53.672  -9.509  -0.670 0.0000000000
77232  -54.505  -9.451  -0.636 0.0000000000
77233  -55.309  -9.469  -0.441 0.0000000000
77234  -56.182  -9.343  -0.479 0.0000000000
77235  -57.136  -9.145  -0.655 0.0000000000
77236  -58.238  -9.167  -0.445 0.0000000000
77237  -59.291  -9.183  -0.420 0.0000000000
77238  -60.344  -9.204  -0.396 0.0000000000
77239  -61.362  -9.266  -0.344 0.0000000000
77240  -62.293  -9.349  -0.299 0.0000000000
77241  -63.055  -9.317  -0.235 0.0000000000
77242  -63.476  -9.255  -0.011 0.0000000000
77251  -43.930  -10.100  -1.902 0.0000000000
77252  -44.578  -9.615  -2.154 0.0000000000
77253  -45.274  -9.045  -2.484 0.0000000000
77254  -48.350  -9.596  -1.729 0.0000000000
77255  -49.097  -9.345  -1.525 0.0000000000
77256  -50.066  -9.330  -1.123 0.0000000000
77257  -51.149  -9.041  -1.086 0.0000000000
77258  -52.202  -8.934  -1.142 0.0000000000
77259  -53.242  -8.919  -1.206 0.0000000000
77260  -54.199  -8.957  -1.183 0.0000000000
77261  -55.084  -9.015  -1.134 0.0000000000
77262  -55.926  -9.018  -1.012 0.0000000000
77263  -56.490  -9.047  -0.896 0.0000000000
77273  -44.752  -9.820  -3.437 0.0000000000
77274  -45.234  -9.280  -3.139 0.0000000000
77275  -47.026  -9.678  -2.981 0.0000000000
77276  -47.709  -9.337  -2.481 0.0000000000
77277  -48.476  -9.043  -2.081 0.0000000000
77287  -44.966  -9.894  -4.100 0.0000000000
77288  -45.235  -9.503  -3.840 0.0000000000
77289  -46.629  -9.473  -3.586 0.0000000000
77290  -47.259  -9.169  -3.261 0.0000000000
77304  -45.223  -9.994  -4.278 0.0000000000
77305  -45.464  -9.706  -4.181 0.0000000000
77306  -46.026  -9.580  -4.116 0.0000000000
78379  -61.611  -8.289  18.266 0.0000000000
78380  -62.057  -8.086  18.392 0.0000000000
78381  -62.325  -7.734  18.311 0.0000000000
78396  -61.901  -8.842  17.998 0.0000000000
78397  -62.457  -8.352  17.695 0.0000000000
78418  -62.870  -8.509  16.605 0.0000000000
78419  -63.116  -8.217  16.069 0.0000000000
78437  -63.018  -8.708  15.901 0.0000000000
78438  -63.221  -8.347  15.378 0.0000000000
78440  -49.682  -7.792  14.154 0.0000000000
78441  -50.080  -7.910  14.157 0.0000000000
78442  -50.925  -8.059  14.059 0.0000000000
78443  -51.721  -8.150  13.916 0.0000000000
78448  -63.362  -8.234  14.452 0.0000000000
78452  -47.666  -7.752  13.309 0.0000000000
78453  -48.083  -7.925  13.441 0.0000000000
78454  -49.236  -8.071  13.819 0.0000000000
78455  -50.246  -8.470  13.563 0.0000000000
78456  -51.166  -8.530  13.357 0.0000000000
78457  -52.141  -8.439  13.265 0.0000000000
78458  -52.790  -8.391  12.973 0.0000000000
78459  -63.422  -8.027  13.497 0.0000000000
78465  -46.975  -7.722  12.652 0.0000000000
78466  -47.362  -7.908  12.899 0.0000000000
78467  -48.355  -8.731  12.570 0.0000000000
78468  -49.534  -8.908  12.919 0.0000000000
78469  -50.491  -8.930  12.760 0.0000000000
78470  -51.385  -8.860  12.416 0.0000000000
78471  -52.308  -8.640  12.361 0.0000000000
78472  -53.184  -8.378  12.332 0.0000000000
78473  -53.877  -8.149  12.053 0.0000000000
78474  -63.481  -7.772  12.506 0.0000000000
78481  -46.860  -7.837  12.299 0.0000000000
78482  -47.299  -8.357  11.953 0.0000000000
78483  -47.845  -8.849  11.385 0.0000000000
78484  -51.805  -8.939  11.733 0.0000000000
78485  -52.444  -8.736  11.408 0.0000000000
78486  -53.338  -8.425  11.358 0.0000000000
78487  -54.219  -8.055  11.360 0.0000000000
78488  -54.876  -7.782  11.052 0.0000000000
78489  -58.375  -8.221  10.825 0.0000000000
78490  -58.659  -8.211  10.775 0.0000000000
78491  -63.528  -7.484  11.706 0.0000000000
78494  -46.735  -7.913  11.569 0.0000000000
78495  -47.067  -8.226  10.867 0.0000000000
78496  -47.689  -8.687  10.460 0.0000000000
78497  -52.724  -8.758  10.526 0.0000000000
78498  -53.517  -8.501  10.483 0.0000000000
78499  -54.356  -8.265  10.402 0.0000000000
78500  -55.324  -7.970  10.417 0.0000000000
78501  -56.233  -8.008  10.214 0.0000000000
78502  -57.115  -8.127  10.229 0.0000000000
78503  -58.095  -8.235  10.452 0.0000000000
78504  -58.966  -8.187  10.249 0.0000000000
78505  -63.550  -7.490  10.714 0.0000000000
78507  -47.312  -8.056  9.799 0.0000000000
78508  -47.978  -8.756  9.689 0.0000000000
78509  -52.838  -8.869  9.703 0.0000000000
78510  -53.577  -8.660  9.548 0.0000000000
78511  -54.519  -8.457  9.485 0.0000000000
78512  -55.488  -8.314  9.450 0.0000000000
78513  -56.436  -8.267  9.439 0.0000000000
78514  -57.375  -8.288  9.495 0.0000000000
78515  -58.318  -8.307  9.497 0.0000000000
78516  -59.334  -8.166  9.418 0.0000000000
78517  -60.030  -7.995  9.057 0.0000000000
78518  -63.528  -7.669  9.496 0.0000000000
78520  -47.681  -8.202  9.083 0.0000000000
78521  -48.309  -8.662  8.667 0.0000000000
78522  -49.077  -9.042  8.277 0.0000000000
78523  -51.932  -9.217  8.351 0.0000000000
78524  -52.579  -9.101  8.681 0.0000000000
78525  -53.652  -8.908  8.533 0.0000000000
78526  -54.704  -8.761  8.542 0.0000000000
78527  -55.718  -8.630  8.625 0.0000000000
78528  -56.674  -8.523  8.663 0.0000000000
78529  -57.604  -8.463  8.681 0.0000000000
78530  -58.535  -8.421  8.658 0.0000000000
78531  -59.440  -8.316  8.524 0.0000000000
78532  -60.353  -8.009  8.428 0.0000000000
78533  -63.488  -7.858  8.377 0.0000000000
78535  -48.706  -8.524  7.690 0.0000000000
78536  -49.635  -8.969  7.661 0.0000000000
78537  -50.591  -9.066  7.467 0.0000000000
78538  -51.656  -9.159  7.687 0.0000000000
78539  -52.694  -9.171  7.527 0.0000000000
78540  -53.846  -9.239  7.332 0.0000000000
78541  -55.028  -9.129  7.770 0.0000000000
78542  -56.010  -9.020  7.908 0.0000000000
78543  -56.936  -8.868  7.923 0.0000000000
78544  -57.841  -8.759  7.910 0.0000000000
78545  -58.732  -8.696  7.849 0.0000000000
78546  -59.712  -8.610  7.626 0.0000000000
78547  -60.869  -8.114  7.652 0.0000000000
78548  -61.627  -7.867  7.248 0.0000000000
78549  -63.718  -8.090  7.391 0.0000000000
78551  -49.122  -8.466  7.044 0.0000000000
78552  -49.887  -8.554  6.718 0.0000000000
78553  -50.873  -8.775  6.703 0.0000000000
78554  -51.799  -8.923  6.570 0.0000000000
78555  -52.755  -9.088  6.354 0.0000000000
78556  -53.569  -9.303  6.153 0.0000000000
78557  -60.308  -8.715  7.018 0.0000000000
78558  -61.099  -8.456  6.823 0.0000000000
78559  -62.092  -8.045  6.434 0.0000000000
78560  -62.963  -7.604  6.112 0.0000000000
78561  -64.071  -8.288  6.598 0.0000000000
78562  -64.339  -8.336  5.939 0.0000000000
78564  -50.381  -8.324  6.117 0.0000000000
78565  -51.088  -8.421  5.913 0.0000000000
78566  -51.949  -8.467  5.484 0.0000000000
78567  -53.027  -8.659  5.301 0.0000000000
78568  -53.982  -9.124  5.330 0.0000000000
78569  -54.538  -9.250  5.220 0.0000000000
78570  -62.643  -8.188  5.274 0.0000000000
78571  -63.590  -7.652  5.556 0.0000000000
78572  -64.112  -7.609  5.566 0.0000000000
78573  -64.459  -8.305  5.364 0.0000000000
78575  -52.437  -8.081  4.794 0.0000000000
78576  -53.031  -8.028  4.590 0.0000000000
78577  -53.706  -8.357  4.633 0.0000000000
78578  -54.716  -8.745  4.646 0.0000000000
78579  -55.870  -8.420  4.124 0.0000000000
78580  -56.878  -8.789  4.229 0.0000000000
78581  -57.431  -9.067  4.282 0.0000000000
78582  -62.531  -8.374  4.188 0.0000000000
78583  -63.370  -8.025  4.482 0.0000000000
78584  -64.152  -7.824  4.807 0.0000000000
78585  -64.433  -8.298  4.762 0.0000000000
78587  -56.184  -7.803  3.662 0.0000000000
78588  -56.735  -8.092  3.729 0.0000000000
78589  -57.701  -8.576  3.777 0.0000000000
78590  -58.747  -8.444  3.452 0.0000000000
78591  -59.818  -8.280  3.094 0.0000000000
78592  -60.955  -8.419  3.231 0.0000000000
78593  -61.998  -8.336  3.408 0.0000000000
78594  -63.011  -8.085  3.406 0.0000000000
78595  -63.831  -8.073  3.612 0.0000000000
78596  -64.324  -8.355  3.933 0.0000000000
78600  -35.393  -8.947  2.497 0.0000000000
78601  -36.116  -8.872  2.522 0.0000000000
78602  -36.890  -8.542  2.467 0.0000000000
78603  -37.891  -8.606  2.629 0.0000000000
78604  -38.888  -8.574  2.628 0.0000000000
78605  -39.933  -8.571  2.698 0.0000000000
78606  -40.984  -8.575  2.631 0.0000000000
78607  -41.965  -8.534  2.418 0.0000000000
78608  -42.994  -8.599  1.888 0.0000000000
78609  -43.578  -8.159  1.788 0.0000000000
78610  -60.048  -7.826  2.601 0.0000000000
78611  -60.609  -7.951  2.644 0.0000000000
78612  -61.527  -7.971  2.647 0.0000000000
78613  -62.504  -7.897  2.576 0.0000000000
78614  -63.493  -8.059  2.224 0.0000000000
78615  -64.178  -8.491  2.844 0.0000000000
78625  -36.298  -8.342  2.266 0.0000000000
78626  -43.267  -9.010  1.221 0.0000000000
78627  -43.998  -8.548  1.154 0.0000000000
78628  -44.661  -8.101  1.114 0.0000000000
78629  -63.860  -8.082  0.972 0.0000000000
78630  -64.186  -8.591  1.707 0.0000000000
78635  -44.365  -8.787  0.394 0.0000000000
78636  -44.942  -8.350  0.405 0.0000000000
78637  -45.499  -7.997  0.131 0.0000000000
78638  -63.850  -8.349  0.117 0.0000000000
78639  -64.170  -8.784  0.836 0.0000000000
78643  -44.941  -8.789  -0.652 0.0000000000
78644  -45.433  -8.264  -0.471 0.0000000000
78645  -57.418  -8.700  -1.218 0.0000000000
78646  -58.022  -8.678  -1.149 0.0000000000
78647  -58.982  -8.620  -1.112 0.0000000000
78648  -60.027  -8.619  -1.085 0.0000000000
78649  -61.074  -8.668  -1.050 0.0000000000
78650  -62.029  -8.747  -0.920 0.0000000000
78651  -62.795  -8.821  -0.755 0.0000000000
78652  -63.382  -8.678  -0.451 0.0000000000
78656  -44.838  -9.106  -1.323 0.0000000000
78657  -45.346  -8.663  -1.631 0.0000000000
78658  -48.995  -8.705  -2.066 0.0000000000
78659  -49.682  -8.694  -1.762 0.0000000000
78660  -50.572  -8.386  -1.722 0.0000000000
78661  -51.625  -8.350  -1.622 0.0000000000
78662  -52.819  -8.108  -1.889 0.0000000000
78663  -53.941  -8.294  -1.779 0.0000000000
78664  -54.897  -8.427  -1.786 0.0000000000
78665  -55.829  -8.463  -1.677 0.0000000000
78666  -56.835  -8.577  -1.451 0.0000000000
78667  -57.786  -8.348  -1.682 0.0000000000
78668  -58.724  -8.085  -1.924 0.0000000000
78669  -59.733  -8.083  -1.797 0.0000000000
78670  -60.785  -8.025  -1.746 0.0000000000
78671  -61.812  -8.089  -1.544 0.0000000000
78672  -62.632  -8.300  -1.219 0.0000000000
78673  -63.057  -8.492  -0.969 0.0000000000
78677  -45.766  -8.495  -2.909 0.0000000000
78678  -46.233  -8.022  -3.342 0.0000000000
78679  -47.669  -8.734  -3.174 0.0000000000
78680  -48.427  -8.380  -2.874 0.0000000000
78681  -49.443  -8.230  -2.364 0.0000000000
78682  -50.009  -8.252  -2.059 0.0000000000
78683  -53.210  -7.629  -2.515 0.0000000000
78684  -53.810  -7.707  -2.471 0.0000000000
78685  -54.739  -7.809  -2.515 0.0000000000
78686  -55.699  -7.892  -2.512 0.0000000000
78687  -56.675  -7.927  -2.387 0.0000000000
78688  -57.627  -7.940  -2.250 0.0000000000
78689  -58.209  -7.965  -2.143 0.0000000000
78694  -45.590  -9.039  -3.722 0.0000000000
78695  -46.370  -8.632  -3.716 0.0000000000
78696  -47.302  -8.522  -3.666 0.0000000000
78697  -47.865  -8.366  -3.462 0.0000000000
78701  -45.468  -9.360  -4.038 0.0000000000
78702  -45.748  -9.247  -4.053 0.0000000000
79685  -61.842  -7.003  19.382 0.0000000000
79686  -62.314  -6.717  19.055 0.0000000000
79687  -62.496  -6.498  18.721 0.0000000000
79697  -60.830  -7.489  18.765 0.0000000000
79698  -61.583  -7.621  18.754 0.0000000000
79699  -62.161  -7.394  18.753 0.0000000000
79700  -62.576  -7.090  18.218 0.0000000000
79711  -61.147  -8.050  18.314 0.0000000000
79712  -62.954  -7.449  16.980 0.0000000000
79713  -63.225  -7.075  16.517 0.0000000000
79728  -63.066  -7.929  16.423 0.0000000000
79729  -63.292  -7.524  16.005 0.0000000000
79742  -59.076  -7.131  14.947 0.0000000000
79743  -60.156  -6.993  14.921 0.0000000000
79744  -60.772  -6.758  14.707 0.0000000000
79745  -63.401  -7.675  15.080 0.0000000000
79752  -49.117  -6.912  14.383 0.0000000000
79753  -49.724  -7.333  14.414 0.0000000000
79754  -50.672  -7.406  14.554 0.0000000000
79755  -51.617  -7.585  14.507 0.0000000000
79756  -52.687  -7.837  14.145 0.0000000000
79757  -53.797  -7.457  14.112 0.0000000000
79758  -54.313  -7.284  14.077 0.0000000000
79759  -57.701  -7.266  14.037 0.0000000000
79760  -58.556  -7.428  14.113 0.0000000000
79761  -59.642  -7.390  14.135 0.0000000000
79762  -60.579  -7.081  14.166 0.0000000000
79763  -63.468  -7.413  14.303 0.0000000000
79767  -47.064  -6.983  13.262 0.0000000000
79768  -47.626  -7.310  13.501 0.0000000000
79769  -48.531  -7.231  14.012 0.0000000000
79770  -49.145  -7.408  14.193 0.0000000000
79771  -52.782  -8.226  13.466 0.0000000000
79772  -53.399  -8.026  13.357 0.0000000000
79773  -54.348  -7.496  13.505 0.0000000000
79774  -55.180  -7.314  13.251 0.0000000000
79775  -56.007  -7.245  13.234 0.0000000000
79776  -56.953  -7.307  13.422 0.0000000000
79777  -57.932  -7.590  13.297 0.0000000000
79778  -59.010  -7.667  13.231 0.0000000000
79779  -60.382  -7.428  13.127 0.0000000000
79780  -60.985  -7.294  12.472 0.0000000000
79781  -63.504  -7.186  13.357 0.0000000000
79787  -46.756  -7.327  12.727 0.0000000000
79788  -47.167  -7.422  13.133 0.0000000000
79789  -53.899  -7.963  12.743 0.0000000000
79790  -54.562  -7.701  12.437 0.0000000000
79791  -55.451  -7.490  12.438 0.0000000000
79792  -56.326  -7.505  12.453 0.0000000000
79793  -57.250  -7.671  12.466 0.0000000000
79794  -58.220  -7.888  12.354 0.0000000000
79795  -59.318  -7.879  12.186 0.0000000000
79796  -60.363  -7.640  11.958 0.0000000000
79797  -61.242  -7.217  11.782 0.0000000000
79798  -63.512  -7.011  12.416 0.0000000000
79804  -46.359  -7.391  11.871 0.0000000000
79805  -54.945  -7.663  11.748 0.0000000000
79806  -55.670  -7.626  11.509 0.0000000000
79807  -56.625  -7.706  11.633 0.0000000000
79808  -57.493  -7.921  11.580 0.0000000000
79809  -58.371  -8.130  11.229 0.0000000000
79810  -59.466  -8.028  11.097 0.0000000000
79811  -60.553  -7.621  11.000 0.0000000000
79812  -61.430  -7.156  10.783 0.0000000000
79813  -63.480  -6.936  11.508 0.0000000000
79816  -46.416  -7.382  10.883 0.0000000000
79817  -46.831  -7.595  10.227 0.0000000000
79818  -56.147  -7.726  10.908 0.0000000000
79819  -56.884  -7.874  10.893 0.0000000000
79820  -57.660  -8.104  10.875 0.0000000000
79821  -58.038  -8.198  10.861 0.0000000000
79822  -59.869  -7.887  10.249 0.0000000000
79823  -60.734  -7.498  10.122 0.0000000000
79824  -61.548  -7.070  9.867 0.0000000000
79825  -63.429  -6.871  10.759 0.0000000000
79827  -46.570  -6.981  10.134 0.0000000000
79828  -47.001  -7.138  9.635 0.0000000000
79829  -60.161  -7.821  9.619 0.0000000000
79830  -60.838  -7.550  9.227 0.0000000000
79831  -61.790  -7.089  9.062 0.0000000000
79832  -63.481  -6.968  9.924 0.0000000000
79834  -47.444  -7.391  8.957 0.0000000000
79835  -47.721  -7.926  8.520 0.0000000000
79836  -61.279  -7.528  8.421 0.0000000000
79837  -62.197  -7.106  8.353 0.0000000000
79838  -62.825  -6.856  8.193 0.0000000000
79839  -63.324  -7.009  8.697 0.0000000000
79841  -47.666  -7.381  8.305 0.0000000000
79842  -47.979  -7.827  7.862 0.0000000000
79843  -61.670  -7.537  7.823 0.0000000000
79844  -62.376  -7.339  7.475 0.0000000000
79845  -63.135  -7.113  7.524 0.0000000000
79846  -63.498  -7.519  7.511 0.0000000000
79848  -48.518  -7.892  6.962 0.0000000000
79849  -49.182  -8.117  6.529 0.0000000000
79850  -62.837  -7.336  6.794 0.0000000000
79851  -63.482  -7.430  6.591 0.0000000000
79852  -63.955  -7.717  6.589 0.0000000000
79853  -64.297  -7.931  6.151 0.0000000000
79855  -48.950  -7.702  6.308 0.0000000000
79856  -49.697  -7.854  5.940 0.0000000000
79857  -50.531  -7.923  5.578 0.0000000000
79858  -51.185  -7.993  5.292 0.0000000000
79859  -63.952  -7.512  6.042 0.0000000000
79860  -64.224  -7.694  5.909 0.0000000000
79861  -64.433  -7.930  5.686 0.0000000000
79863  -50.178  -7.528  5.355 0.0000000000
79864  -50.800  -7.529  5.007 0.0000000000
79865  -51.729  -7.595  4.687 0.0000000000
79866  -52.675  -7.392  4.364 0.0000000000
79867  -53.483  -7.481  4.190 0.0000000000
79868  -54.239  -7.798  4.153 0.0000000000
79869  -55.002  -7.906  3.998 0.0000000000
79870  -64.306  -7.763  5.462 0.0000000000
79871  -64.430  -7.961  5.231 0.0000000000
79874  -53.981  -7.164  3.836 0.0000000000
79875  -54.652  -7.150  3.678 0.0000000000
79876  -55.644  -7.361  3.556 0.0000000000
79877  -56.550  -7.338  3.362 0.0000000000
79878  -57.318  -7.658  3.332 0.0000000000
79879  -58.159  -7.824  3.168 0.0000000000
79880  -58.954  -7.862  2.961 0.0000000000
79884  -36.880  -8.054  2.174 0.0000000000
79885  -37.293  -7.959  2.175 0.0000000000
79886  -38.185  -7.770  2.192 0.0000000000
79887  -39.230  -7.514  2.274 0.0000000000
79888  -40.382  -7.613  2.505 0.0000000000
79889  -41.425  -7.619  2.557 0.0000000000
79890  -42.452  -7.634  2.462 0.0000000000
79891  -43.362  -7.597  2.150 0.0000000000
79892  -43.925  -7.293  1.972 0.0000000000
79893  -57.084  -7.104  3.036 0.0000000000
79894  -57.720  -7.237  2.790 0.0000000000
79895  -58.600  -7.364  2.599 0.0000000000
79896  -59.541  -7.520  2.439 0.0000000000
79897  -60.303  -7.552  2.242 0.0000000000
79898  -61.094  -7.584  2.093 0.0000000000
79899  -61.996  -7.614  1.939 0.0000000000
79900  -62.773  -7.697  1.783 0.0000000000
79911  -43.896  -7.842  1.779 0.0000000000
79912  -44.511  -7.526  1.563 0.0000000000
79913  -45.227  -7.193  1.267 0.0000000000
79914  -59.991  -7.260  1.943 0.0000000000
79915  -60.626  -7.249  1.665 0.0000000000
79916  -61.530  -7.262  1.338 0.0000000000
79917  -62.430  -7.374  1.181 0.0000000000
79918  -63.199  -7.636  1.069 0.0000000000
79923  -45.053  -7.787  1.071 0.0000000000
79924  -45.624  -7.489  0.610 0.0000000000
79925  -46.158  -7.201  0.163 0.0000000000
79926  -62.020  -7.120  0.631 0.0000000000
79927  -62.743  -7.255  0.320 0.0000000000
79928  -63.425  -7.626  0.103 0.0000000000
79932  -45.862  -7.734  -0.155 0.0000000000
79933  -46.356  -7.329  -0.502 0.0000000000
79934  -62.182  -6.977  -0.105 0.0000000000
79935  -62.696  -7.129  -0.774 0.0000000000
79936  -63.362  -7.840  -0.733 0.0000000000
79940  -45.916  -7.931  -1.020 0.0000000000
79941  -46.393  -7.454  -1.457 0.0000000000
79942  -50.674  -7.988  -2.053 0.0000000000
79943  -51.106  -7.881  -2.030 0.0000000000
79944  -51.939  -7.794  -2.120 0.0000000000
79945  -58.966  -7.755  -2.371 0.0000000000
79946  -59.432  -7.688  -2.415 0.0000000000
79947  -60.397  -7.517  -2.448 0.0000000000
79948  -61.401  -7.291  -2.289 0.0000000000
79949  -62.498  -7.533  -1.470 0.0000000000
79950  -63.123  -8.162  -1.114 0.0000000000
79954  -45.942  -7.989  -1.961 0.0000000000
79955  -46.433  -7.529  -2.646 0.0000000000
79956  -48.681  -7.834  -3.441 0.0000000000
79957  -49.268  -7.750  -3.105 0.0000000000
79958  -50.368  -7.747  -2.530 0.0000000000
79959  -51.517  -7.437  -2.675 0.0000000000
79960  -52.621  -7.421  -2.741 0.0000000000
79961  -53.593  -7.293  -3.108 0.0000000000
79962  -54.551  -7.283  -3.333 0.0000000000
79963  -55.554  -7.373  -3.448 0.0000000000
79964  -56.553  -7.422  -3.397 0.0000000000
79965  -57.586  -7.404  -3.189 0.0000000000
79966  -58.738  -7.525  -2.780 0.0000000000
79967  -59.921  -7.248  -3.063 0.0000000000
79968  -60.764  -6.906  -3.011 0.0000000000
79969  -61.225  -6.992  -2.762 0.0000000000
79975  -46.690  -7.577  -3.623 0.0000000000
79976  -47.450  -7.528  -4.116 0.0000000000
79977  -48.163  -7.808  -3.880 0.0000000000
79978  -48.994  -7.499  -3.858 0.0000000000
79979  -49.895  -7.250  -3.826 0.0000000000
79980  -50.981  -7.110  -3.476 0.0000000000
79981  -52.080  -6.972  -3.508 0.0000000000
79982  -53.140  -6.947  -3.742 0.0000000000
79983  -54.178  -6.816  -4.034 0.0000000000
79984  -55.367  -6.764  -4.518 0.0000000000
79985  -56.372  -7.018  -4.345 0.0000000000
79986  -57.383  -6.783  -4.313 0.0000000000
79987  -58.468  -6.856  -3.835 0.0000000000
79988  -59.538  -6.866  -3.608 0.0000000000
79989  -60.202  -6.828  -3.452 0.0000000000
79993  -47.763  -7.111  -4.807 0.0000000000
79994  -48.090  -7.275  -4.747 0.0000000000
79995  -48.783  -7.232  -4.491 0.0000000000
79996  -49.333  -7.226  -4.276 0.0000000000
79997  -55.833  -6.470  -5.168 0.0000000000
79998  -56.338  -6.569  -4.952 0.0000000000
79999  -56.858  -6.658  -4.749 0.0000000000
80918  -58.706  -5.665  22.829 0.0000000000
80919  -59.266  -5.564  22.500 0.0000000000
80933  -58.971  -6.004  22.133 0.0000000000
80934  -59.873  -5.755  21.939 0.0000000000
80935  -60.672  -5.831  21.387 0.0000000000
80936  -61.197  -5.810  21.053 0.0000000000
80947  -59.287  -6.254  21.361 0.0000000000
80948  -60.182  -6.252  21.138 0.0000000000
80949  -60.959  -6.237  20.829 0.0000000000
80950  -61.559  -5.978  20.534 0.0000000000
80957  -59.534  -6.516  20.573 0.0000000000
80958  -60.401  -6.578  20.334 0.0000000000
80959  -61.280  -6.616  20.017 0.0000000000
80960  -62.006  -6.200  19.740 0.0000000000
80961  -62.416  -6.092  19.054 0.0000000000
80970  -60.576  -6.975  19.514 0.0000000000
80971  -61.259  -7.170  19.346 0.0000000000
80972  -62.621  -6.184  18.343 0.0000000000
80979  -58.925  -5.902  17.036 0.0000000000
80980  -59.401  -5.835  17.075 0.0000000000
80981  -62.901  -6.417  17.395 0.0000000000
80982  -63.131  -6.740  16.780 0.0000000000
80991  -56.909  -6.111  15.943 0.0000000000
80992  -57.623  -6.239  16.024 0.0000000000
80993  -58.850  -6.234  16.561 0.0000000000
80994  -60.226  -5.984  16.617 0.0000000000
80995  -61.364  -5.672  16.461 0.0000000000
80996  -62.019  -5.403  16.523 0.0000000000
80997  -63.112  -6.278  16.685 0.0000000000
80998  -63.329  -6.633  16.188 0.0000000000
81011  -50.948  -5.903  15.269 0.0000000000
81012  -51.975  -6.113  15.463 0.0000000000
81013  -53.047  -6.311  15.497 0.0000000000
81014  -54.103  -6.323  15.374 0.0000000000
81015  -55.098  -6.286  15.292 0.0000000000
81016  -55.970  -6.312  15.269 0.0000000000
81017  -56.832  -6.385  15.333 0.0000000000
81018  -57.598  -6.609  15.234 0.0000000000
81019  -58.453  -6.669  15.575 0.0000000000
81020  -59.637  -6.619  15.728 0.0000000000
81021  -61.015  -6.347  15.419 0.0000000000
81022  -61.979  -5.650  15.742 0.0000000000
81023  -63.294  -6.098  14.993 0.0000000000
81024  -63.452  -6.838  15.218 0.0000000000
81033  -47.788  -5.877  14.233 0.0000000000
81034  -48.651  -6.224  14.461 0.0000000000
81035  -49.552  -6.367  14.724 0.0000000000
81036  -50.375  -6.609  14.891 0.0000000000
81037  -51.312  -6.796  15.024 0.0000000000
81038  -52.349  -7.018  15.024 0.0000000000
81039  -53.429  -7.029  14.849 0.0000000000
81040  -54.471  -6.928  14.567 0.0000000000
81041  -55.411  -6.678  14.604 0.0000000000
81042  -56.241  -6.643  14.574 0.0000000000
81043  -57.110  -6.840  14.460 0.0000000000
81044  -58.063  -7.002  14.750 0.0000000000
81045  -61.276  -6.657  14.253 0.0000000000
81046  -62.240  -6.084  14.520 0.0000000000
81047  -63.111  -6.014  14.148 0.0000000000
81048  -63.403  -6.614  14.207 0.0000000000
81052  -46.594  -6.316  13.119 0.0000000000
81053  -47.342  -6.430  13.670 0.0000000000
81054  -47.959  -6.626  14.028 0.0000000000
81055  -54.551  -7.208  14.050 0.0000000000
81056  -54.953  -7.072  13.980 0.0000000000
81057  -55.704  -6.952  13.918 0.0000000000
81058  -56.405  -6.964  13.915 0.0000000000
81059  -61.037  -6.994  13.645 0.0000000000
81060  -61.697  -6.737  12.944 0.0000000000
81061  -62.783  -6.208  13.162 0.0000000000
81062  -63.290  -6.526  13.248 0.0000000000
81068  -45.663  -6.006  11.834 0.0000000000
81069  -46.100  -6.674  12.296 0.0000000000
81070  -62.036  -6.722  11.478 0.0000000000
81071  -62.670  -6.433  11.999 0.0000000000
81072  -63.217  -6.524  12.256 0.0000000000
81078  -45.678  -5.949  10.956 0.0000000000
81079  -45.933  -6.697  11.361 0.0000000000
81080  -62.172  -6.725  10.442 0.0000000000
81081  -62.729  -6.533  10.933 0.0000000000
81082  -63.180  -6.574  11.296 0.0000000000
81085  -45.818  -5.844  10.494 0.0000000000
81086  -46.093  -6.336  10.406 0.0000000000
81087  -62.301  -6.732  9.595 0.0000000000
81088  -62.783  -6.542  10.026 0.0000000000
81089  -63.183  -6.629  10.405 0.0000000000
81091  -46.681  -6.320  9.719 0.0000000000
81092  -47.268  -6.433  9.172 0.0000000000
81093  -62.491  -6.771  8.928 0.0000000000
81094  -62.845  -6.576  9.307 0.0000000000
81095  -63.175  -6.654  9.557 0.0000000000
81097  -47.642  -6.630  8.365 0.0000000000
81098  -47.829  -6.379  7.960 0.0000000000
81099  -62.654  -6.780  8.548 0.0000000000
81100  -62.931  -6.659  8.766 0.0000000000
81101  -63.117  -6.653  9.074 0.0000000000
81103  -47.739  -7.195  7.949 0.0000000000
81104  -47.908  -7.024  7.393 0.0000000000
81106  -48.481  -7.334  6.441 0.0000000000
81108  -49.041  -7.411  5.845 0.0000000000
81109  -49.655  -7.358  5.369 0.0000000000
81111  -50.282  -7.195  4.948 0.0000000000
81112  -51.121  -6.977  4.482 0.0000000000
81113  -52.256  -6.562  3.919 0.0000000000
81114  -53.181  -6.793  3.881 0.0000000000
81115  -53.644  -6.958  3.832 0.0000000000
81118  -52.640  -5.844  3.568 0.0000000000
81119  -53.124  -6.004  3.574 0.0000000000
81120  -54.008  -6.393  3.564 0.0000000000
81121  -55.142  -6.307  3.090 0.0000000000
81122  -56.188  -6.695  3.049 0.0000000000
81123  -56.732  -6.897  3.021 0.0000000000
81132  -55.227  -6.061  2.521 0.0000000000
81133  -55.830  -6.249  2.259 0.0000000000
81134  -57.061  -6.696  2.439 0.0000000000
81135  -58.194  -6.908  2.121 0.0000000000
81136  -59.119  -7.048  1.995 0.0000000000
81137  -59.629  -7.160  1.948 0.0000000000
81153  -56.028  -6.195  1.367 0.0000000000
81154  -56.825  -6.399  1.461 0.0000000000
81155  -57.838  -6.620  1.422 0.0000000000
81156  -58.865  -6.730  1.320 0.0000000000
81157  -59.930  -6.909  1.341 0.0000000000
81158  -60.977  -6.944  0.980 0.0000000000
81159  -61.522  -7.033  0.818 0.0000000000
81167  -46.099  -6.911  0.540 0.0000000000
81170  -55.983  -6.139  0.827 0.0000000000
81171  -56.634  -6.239  0.522 0.0000000000
81172  -57.583  -6.394  0.585 0.0000000000
81173  -58.559  -6.474  0.517 0.0000000000
81174  -59.598  -6.546  0.406 0.0000000000
81175  -60.680  -6.670  0.264 0.0000000000
81176  -61.527  -6.869  0.290 0.0000000000
81181  -46.784  -6.958  -0.872 0.0000000000
81183  -56.874  -6.152  -0.100 0.0000000000
81184  -57.411  -6.179  -0.233 0.0000000000
81185  -58.271  -6.249  -0.271 0.0000000000
81186  -59.232  -6.314  -0.455 0.0000000000
81187  -60.319  -6.403  -0.655 0.0000000000
81188  -61.613  -6.667  -0.811 0.0000000000
81189  -62.251  -6.800  -1.340 0.0000000000
81194  -46.832  -6.899  -1.742 0.0000000000
81196  -58.031  -6.068  -0.861 0.0000000000
81197  -58.813  -6.086  -1.276 0.0000000000
81198  -59.803  -6.152  -1.472 0.0000000000
81199  -60.777  -6.374  -1.768 0.0000000000
81200  -61.759  -6.788  -1.966 0.0000000000
81201  -62.467  -6.979  -1.507 0.0000000000
81207  -46.925  -6.842  -2.536 0.0000000000
81208  -47.325  -6.513  -2.989 0.0000000000
81209  -59.383  -5.931  -2.051 0.0000000000
81210  -60.083  -5.970  -2.448 0.0000000000
81211  -60.707  -6.389  -2.851 0.0000000000
81212  -61.231  -6.856  -2.656 0.0000000000
81219  -46.854  -7.030  -3.216 0.0000000000
81220  -47.276  -6.835  -3.930 0.0000000000
81221  -50.042  -7.023  -4.320 0.0000000000
81222  -50.507  -6.871  -4.277 0.0000000000
81223  -51.529  -6.678  -4.286 0.0000000000
81224  -52.616  -6.602  -4.441 0.0000000000
81225  -53.659  -6.526  -4.683 0.0000000000
81226  -54.564  -6.504  -4.906 0.0000000000
81227  -57.620  -6.443  -4.737 0.0000000000
81228  -58.081  -6.294  -4.498 0.0000000000
81229  -59.166  -6.295  -4.033 0.0000000000
81230  -60.164  -6.346  -3.570 0.0000000000
81235  -47.654  -6.845  -4.706 0.0000000000
81236  -48.081  -6.711  -5.133 0.0000000000
81237  -48.680  -6.781  -5.046 0.0000000000
81238  -49.710  -6.817  -4.752 0.0000000000
81239  -50.906  -6.447  -5.008 0.0000000000
81240  -52.028  -6.291  -5.129 0.0000000000
81241  -53.092  -6.225  -5.272 0.0000000000
81242  -54.138  -6.177  -5.478 0.0000000000
81243  -55.247  -6.278  -5.407 0.0000000000
81244  -56.183  -6.182  -5.270 0.0000000000
81245  -57.211  -6.256  -4.954 0.0000000000
81246  -57.906  -5.895  -4.745 0.0000000000
81254  -48.616  -6.352  -5.284 0.0000000000
81255  -49.222  -6.274  -5.405 0.0000000000
81256  -50.255  -6.035  -5.585 0.0000000000
81257  -51.422  -5.887  -5.776 0.0000000000
81258  -52.469  -5.851  -5.791 0.0000000000
81259  -53.379  -5.816  -5.682 0.0000000000
81260  -54.003  -5.765  -5.580 0.0000000000
82253  -58.610  -5.111  23.496 0.0000000000
82268  -58.551  -5.375  23.362 0.0000000000
82269  -58.998  -5.232  23.005 0.0000000000
82270  -59.534  -5.242  22.479 0.0000000000
82283  -53.937  -4.989  21.428 0.0000000000
82284  -59.958  -5.196  22.120 0.0000000000
82285  -60.429  -5.327  21.700 0.0000000000
82286  -60.981  -5.433  21.258 0.0000000000
82294  -53.018  -5.077  20.661 0.0000000000
82295  -53.715  -4.737  20.694 0.0000000000
82296  -61.394  -5.433  20.838 0.0000000000
82304  -52.087  -5.183  19.767 0.0000000000
82305  -52.778  -4.767  19.894 0.0000000000
82306  -61.773  -5.351  20.076 0.0000000000
82307  -62.128  -5.584  19.363 0.0000000000
82314  -51.849  -4.819  18.980 0.0000000000
82315  -56.855  -5.089  18.064 0.0000000000
82316  -57.359  -5.146  18.162 0.0000000000
82317  -58.453  -5.183  18.318 0.0000000000
82318  -59.633  -5.110  18.454 0.0000000000
82319  -60.750  -4.915  18.628 0.0000000000
82320  -61.746  -4.933  19.044 0.0000000000
82321  -62.311  -5.568  18.614 0.0000000000
82328  -55.981  -5.016  17.282 0.0000000000
82329  -56.559  -5.133  17.563 0.0000000000
82330  -57.671  -5.450  17.484 0.0000000000
82331  -58.862  -5.615  17.494 0.0000000000
82332  -60.179  -5.434  17.635 0.0000000000
82333  -61.280  -5.139  17.932 0.0000000000
82334  -62.060  -5.240  17.935 0.0000000000
82335  -62.550  -5.715  17.705 0.0000000000
82343  -51.833  -4.754  16.118 0.0000000000
82344  -52.367  -4.916  16.263 0.0000000000
82345  -53.363  -5.080  16.419 0.0000000000
82346  -54.429  -5.125  16.490 0.0000000000
82347  -55.628  -5.167  16.792 0.0000000000
82348  -56.830  -5.684  16.524 0.0000000000
82349  -58.066  -5.836  16.835 0.0000000000
82350  -58.656  -5.887  16.978 0.0000000000
82351  -60.985  -5.476  17.172 0.0000000000
82352  -61.715  -5.306  17.179 0.0000000000
82353  -62.322  -5.446  17.057 0.0000000000
82354  -62.867  -5.797  16.740 0.0000000000
82355  -63.220  -6.048  16.235 0.0000000000
82368  -49.731  -4.939  15.272 0.0000000000
82369  -50.359  -5.135  15.372 0.0000000000
82370  -51.590  -5.136  15.745 0.0000000000
82371  -52.670  -5.523  15.911 0.0000000000
82372  -53.734  -5.651  15.936 0.0000000000
82373  -54.802  -5.652  15.913 0.0000000000
82374  -55.802  -5.797  15.899 0.0000000000
82375  -56.453  -6.059  15.806 0.0000000000
82376  -62.513  -5.545  16.213 0.0000000000
82377  -63.050  -5.743  15.756 0.0000000000
82378  -63.335  -6.202  15.687 0.0000000000
82388  -47.593  -5.259  14.373 0.0000000000
82389  -48.328  -5.315  14.629 0.0000000000
82390  -49.383  -5.374  14.959 0.0000000000
82391  -50.108  -5.847  15.081 0.0000000000
82392  -62.587  -5.681  15.438 0.0000000000
82393  -62.931  -5.758  14.953 0.0000000000
82398  -45.572  -4.937  12.960 0.0000000000
82399  -46.120  -5.327  13.231 0.0000000000
82400  -47.058  -5.536  13.844 0.0000000000
82405  -45.476  -5.266  12.374 0.0000000000
82406  -45.940  -5.928  12.602 0.0000000000
82412  -45.372  -5.280  11.357 0.0000000000
82415  -45.627  -5.282  10.418 0.0000000000
82416  -45.901  -5.751  10.245 0.0000000000
82418  -45.808  -4.930  9.897 0.0000000000
82419  -46.196  -5.443  9.798 0.0000000000
82420  -46.987  -5.546  9.345 0.0000000000
82422  -47.532  -5.655  8.892 0.0000000000
82441  -52.933  -5.288  3.336 0.0000000000
82442  -53.770  -5.322  2.998 0.0000000000
82443  -54.481  -5.798  3.071 0.0000000000
82454  -53.910  -5.090  2.331 0.0000000000
82455  -54.744  -5.642  2.129 0.0000000000
82456  -55.510  -6.010  1.773 0.0000000000
82474  -54.876  -5.538  0.736 0.0000000000
82475  -55.491  -5.922  1.195 0.0000000000
82486  -55.053  -5.486  -0.385 0.0000000000
82487  -55.909  -5.918  0.152 0.0000000000
82488  -56.568  -6.098  -0.022 0.0000000000
82495  -55.137  -5.353  -1.436 0.0000000000
82496  -55.983  -5.618  -1.078 0.0000000000
82497  -56.920  -5.901  -0.707 0.0000000000
82498  -57.605  -5.979  -0.861 0.0000000000
82505  -55.109  -5.312  -2.493 0.0000000000
82506  -55.989  -5.463  -2.242 0.0000000000
82507  -56.958  -5.601  -1.981 0.0000000000
82508  -58.052  -5.784  -1.696 0.0000000000
82509  -58.874  -5.873  -2.003 0.0000000000
82515  -47.761  -6.106  -3.600 0.0000000000
82517  -54.208  -5.251  -3.776 0.0000000000
82518  -55.041  -5.377  -3.568 0.0000000000
82519  -55.929  -5.415  -3.361 0.0000000000
82520  -56.863  -5.486  -3.163 0.0000000000
82521  -57.895  -5.551  -3.019 0.0000000000
82522  -59.153  -5.693  -2.858 0.0000000000
82523  -60.145  -5.872  -3.263 0.0000000000
82524  -60.331  -6.096  -3.420 0.0000000000
82529  -47.815  -6.300  -4.525 0.0000000000
82530  -48.238  -5.693  -4.201 0.0000000000
82531  -54.076  -5.432  -4.755 0.0000000000
82532  -54.918  -5.510  -4.608 0.0000000000
82533  -55.823  -5.549  -4.394 0.0000000000
82534  -56.720  -5.549  -4.183 0.0000000000
82535  -57.584  -5.621  -4.025 0.0000000000
82536  -58.513  -5.755  -4.089 0.0000000000
82537  -59.665  -5.897  -3.727 0.0000000000
82538  -60.154  -5.967  -3.634 0.0000000000
82543  -47.944  -6.448  -4.982 0.0000000000
82544  -48.496  -5.837  -5.140 0.0000000000
82545  -49.160  -5.201  -5.381 0.0000000000
82546  -53.945  -5.579  -5.381 0.0000000000
82547  -54.584  -5.736  -5.462 0.0000000000
82548  -55.616  -5.781  -5.222 0.0000000000
82549  -56.545  -5.790  -4.951 0.0000000000
82550  -57.366  -5.768  -4.687 0.0000000000
82551  -57.894  -5.725  -4.490 0.0000000000
82557  -48.897  -6.019  -5.496 0.0000000000
82558  -49.579  -5.471  -5.705 0.0000000000
82559  -50.900  -5.220  -6.394 0.0000000000
82560  -51.920  -5.425  -6.357 0.0000000000
82561  -52.741  -5.326  -6.051 0.0000000000
82562  -53.526  -5.540  -5.598 0.0000000000
82563  -54.182  -5.612  -5.509 0.0000000000
83588  -55.372  -4.844  23.034 0.0000000000
83589  -56.378  -4.558  23.481 0.0000000000
83590  -57.396  -4.564  23.790 0.0000000000
83591  -58.277  -4.884  23.719 0.0000000000
83592  -58.832  -4.989  23.321 0.0000000000
83608  -54.920  -4.785  21.945 0.0000000000
83609  -55.968  -4.530  22.371 0.0000000000
83610  -57.072  -4.400  22.719 0.0000000000
83611  -58.165  -4.442  22.898 0.0000000000
83612  -59.114  -4.845  22.769 0.0000000000
83613  -59.707  -4.978  22.365 0.0000000000
83622  -54.464  -4.648  20.980 0.0000000000
83623  -55.460  -4.531  21.293 0.0000000000
83624  -56.566  -4.425  21.601 0.0000000000
83625  -57.716  -4.386  21.853 0.0000000000
83626  -58.849  -4.469  21.962 0.0000000000
83627  -59.939  -4.770  21.862 0.0000000000
83628  -60.770  -4.998  21.306 0.0000000000
83629  -61.161  -5.176  21.069 0.0000000000
83635  -53.312  -4.682  20.182 0.0000000000
83636  -53.952  -4.578  20.165 0.0000000000
83637  -54.875  -4.516  20.301 0.0000000000
83638  -55.942  -4.452  20.501 0.0000000000
83639  -57.092  -4.429  20.730 0.0000000000
83640  -58.273  -4.433  20.939 0.0000000000
83641  -59.420  -4.441  21.027 0.0000000000
83642  -60.422  -4.594  20.903 0.0000000000
83643  -61.225  -4.901  20.655 0.0000000000
83648  -52.430  -4.715  19.328 0.0000000000
83649  -53.197  -4.578  19.425 0.0000000000
83650  -54.192  -4.515  19.393 0.0000000000
83651  -55.236  -4.496  19.468 0.0000000000
83652  -56.354  -4.547  19.582 0.0000000000
83653  -57.550  -4.562  19.799 0.0000000000
83654  -58.751  -4.542  20.038 0.0000000000
83655  -59.861  -4.518  20.123 0.0000000000
83656  -60.805  -4.582  20.070 0.0000000000
83657  -61.448  -4.800  19.817 0.0000000000
83661  -50.573  -5.047  18.283 0.0000000000
83662  -51.303  -4.756  18.285 0.0000000000
83663  -52.331  -4.594  18.508 0.0000000000
83664  -53.420  -4.491  18.508 0.0000000000
83665  -54.478  -4.497  18.530 0.0000000000
83666  -55.551  -4.609  18.535 0.0000000000
83667  -56.698  -4.872  18.459 0.0000000000
83668  -58.008  -4.839  19.006 0.0000000000
83669  -59.187  -4.763  19.213 0.0000000000
83670  -60.272  -4.699  19.325 0.0000000000
83671  -61.149  -4.702  19.403 0.0000000000
83672  -61.496  -4.776  19.446 0.0000000000
83675  -49.533  -4.924  17.347 0.0000000000
83676  -50.409  -4.723  17.496 0.0000000000
83677  -51.515  -4.551  17.497 0.0000000000
83678  -52.625  -4.519  17.594 0.0000000000
83679  -53.716  -4.519  17.677 0.0000000000
83680  -54.764  -4.595  17.698 0.0000000000
83681  -55.773  -4.859  17.573 0.0000000000
83682  -56.335  -4.938  17.849 0.0000000000
83686  -48.322  -4.756  16.348 0.0000000000
83687  -49.439  -4.671  16.574 0.0000000000
83688  -50.642  -4.552  16.604 0.0000000000
83689  -51.807  -4.587  16.589 0.0000000000
83690  -52.983  -4.664  16.896 0.0000000000
83691  -54.048  -4.683  16.983 0.0000000000
83692  -55.021  -4.803  17.062 0.0000000000
83693  -55.465  -4.917  17.122 0.0000000000
83704  -47.282  -4.824  15.620 0.0000000000
83705  -48.543  -4.614  15.677 0.0000000000
83706  -49.747  -4.683  15.688 0.0000000000
83707  -50.959  -4.656  15.935 0.0000000000
83708  -51.553  -4.696  16.048 0.0000000000
83718  -46.396  -4.722  14.645 0.0000000000
83719  -47.623  -4.820  14.790 0.0000000000
83720  -48.850  -4.863  15.144 0.0000000000
83721  -49.430  -4.892  15.237 0.0000000000
83729  -44.339  -4.441  13.504 0.0000000000
83730  -45.505  -4.731  13.575 0.0000000000
83731  -46.673  -4.934  14.059 0.0000000000
83732  -47.245  -5.057  14.260 0.0000000000
83737  -44.600  -4.360  12.857 0.0000000000
83738  -45.122  -4.657  12.623 0.0000000000
83745  -44.550  -4.212  12.097 0.0000000000
83746  -45.032  -4.641  11.786 0.0000000000
83749  -44.690  -4.039  11.429 0.0000000000
83750  -45.087  -4.429  10.840 0.0000000000
83752  -45.515  -4.418  10.029 0.0000000000
83783  -53.905  -4.890  1.870 0.0000000000
83798  -54.062  -5.027  1.109 0.0000000000
83813  -54.226  -5.064  0.037 0.0000000000
83824  -54.460  -5.122  -0.851 0.0000000000
83831  -54.372  -5.014  -1.716 0.0000000000
83842  -54.304  -5.080  -2.744 0.0000000000
83853  -48.615  -5.371  -4.550 0.0000000000
85030  -44.135  -4.184  12.914 0.0000000000
