#!ascii label  , from subject colin27_FS vox2ras=TkReg
2053
96556  -42.610  5.575  14.206 0.0000000000
96557  -43.861  5.744  14.475 0.0000000000
96558  -44.984  6.048  14.748 0.0000000000
96559  -45.660  6.350  14.776 0.0000000000
96560  -52.390  5.632  13.348 0.0000000000
96561  -52.928  5.612  13.565 0.0000000000
96562  -53.833  5.546  13.808 0.0000000000
96563  -54.813  5.641  14.008 0.0000000000
96564  -55.749  5.944  14.152 0.0000000000
96565  -56.401  6.316  14.270 0.0000000000
96567  -59.999  5.997  14.247 0.0000000000
96570  -41.142  5.950  13.935 0.0000000000
96571  -41.775  6.010  13.774 0.0000000000
96572  -42.430  6.140  13.641 0.0000000000
96573  -43.107  6.068  13.735 0.0000000000
96574  -51.251  5.836  12.765 0.0000000000
96575  -51.948  5.604  12.941 0.0000000000
96576  -52.810  5.313  12.803 0.0000000000
96577  -53.694  5.158  12.904 0.0000000000
96578  -54.690  5.194  13.071 0.0000000000
96579  -55.718  5.451  13.251 0.0000000000
96580  -56.786  6.006  13.468 0.0000000000
96581  -57.476  6.258  13.187 0.0000000000
96583  -60.016  5.457  13.695 0.0000000000
96589  -50.892  5.851  12.238 0.0000000000
96590  -51.658  5.606  12.064 0.0000000000
96591  -52.557  5.375  11.980 0.0000000000
96592  -53.518  5.117  11.963 0.0000000000
96593  -54.524  4.980  12.057 0.0000000000
96594  -55.565  5.100  12.224 0.0000000000
96595  -56.607  5.433  12.397 0.0000000000
96596  -57.659  5.970  12.502 0.0000000000
96597  -58.285  6.198  12.091 0.0000000000
96598  -60.468  5.435  12.762 0.0000000000
96603  -50.631  5.932  11.768 0.0000000000
96604  -51.235  5.886  11.435 0.0000000000
96605  -52.290  5.872  11.154 0.0000000000
96606  -53.360  5.546  11.135 0.0000000000
96607  -54.372  5.240  11.079 0.0000000000
96608  -55.396  5.076  11.179 0.0000000000
96609  -56.403  5.205  11.349 0.0000000000
96610  -57.358  5.486  11.481 0.0000000000
96611  -58.172  5.859  11.514 0.0000000000
96612  -60.790  5.531  12.024 0.0000000000
96613  -61.023  5.442  11.229 0.0000000000
96615  -52.646  6.285  10.680 0.0000000000
96616  -53.238  6.129  10.615 0.0000000000
96617  -54.312  5.936  10.233 0.0000000000
96618  -55.311  5.556  10.275 0.0000000000
96619  -56.264  5.379  10.358 0.0000000000
96620  -57.149  5.390  10.515 0.0000000000
96621  -57.994  5.598  10.608 0.0000000000
96622  -61.191  5.382  10.308 0.0000000000
96624  -54.812  6.292  9.733 0.0000000000
96625  -55.276  6.098  9.633 0.0000000000
96626  -56.300  5.929  9.352 0.0000000000
96627  -57.035  5.578  9.669 0.0000000000
96628  -57.737  5.612  9.737 0.0000000000
96630  -61.160  5.473  9.411 0.0000000000
96632  -56.869  6.119  8.706 0.0000000000
96633  -57.202  5.852  8.970 0.0000000000
96634  -57.525  5.697  9.265 0.0000000000
96635  -60.765  5.522  8.232 0.0000000000
96636  -61.035  5.553  8.835 0.0000000000
96639  -60.348  5.650  7.311 0.0000000000
96641  -59.892  5.623  6.320 0.0000000000
96642  -60.107  5.720  6.805 0.0000000000
97742  -56.528  6.649  20.772 0.0000000000
97750  -57.008  6.724  19.468 0.0000000000
97751  -57.533  7.067  18.882 0.0000000000
97759  -57.007  5.849  18.897 0.0000000000
97760  -57.643  6.322  18.245 0.0000000000
97761  -58.358  6.893  17.794 0.0000000000
97768  -57.929  5.503  17.616 0.0000000000
97769  -58.557  6.258  17.150 0.0000000000
97770  -59.256  6.924  16.840 0.0000000000
97777  -54.094  7.043  16.100 0.0000000000
97778  -54.573  7.134  16.194 0.0000000000
97779  -58.832  5.690  16.516 0.0000000000
97780  -59.503  6.542  16.162 0.0000000000
97781  -60.264  7.370  16.011 0.0000000000
97789  -46.232  6.487  15.053 0.0000000000
97790  -46.809  6.653  15.359 0.0000000000
97791  -47.247  6.879  15.674 0.0000000000
97792  -51.094  6.897  14.940 0.0000000000
97793  -52.178  6.717  15.081 0.0000000000
97794  -53.191  6.572  15.244 0.0000000000
97795  -54.090  6.543  15.453 0.0000000000
97796  -54.992  6.800  15.718 0.0000000000
97797  -55.996  6.977  15.485 0.0000000000
97798  -56.457  7.204  15.341 0.0000000000
97799  -59.883  6.238  15.052 0.0000000000
97800  -60.372  7.072  15.428 0.0000000000
97802  -40.108  6.554  14.103 0.0000000000
97803  -40.711  6.171  13.951 0.0000000000
97804  -44.573  6.338  14.054 0.0000000000
97805  -45.316  6.479  14.215 0.0000000000
97806  -46.007  6.578  14.430 0.0000000000
97807  -46.657  6.695  14.652 0.0000000000
97808  -47.053  6.784  15.140 0.0000000000
97809  -48.956  6.812  13.798 0.0000000000
97810  -49.887  6.717  13.934 0.0000000000
97811  -50.801  6.481  14.048 0.0000000000
97812  -51.914  6.048  14.029 0.0000000000
97813  -52.990  6.081  14.418 0.0000000000
97814  -53.963  6.053  14.663 0.0000000000
97815  -54.905  6.180  14.852 0.0000000000
97816  -55.813  6.452  14.903 0.0000000000
97817  -56.753  6.895  14.730 0.0000000000
97818  -57.371  7.160  14.435 0.0000000000
97819  -59.993  6.147  14.532 0.0000000000
97820  -60.621  6.790  14.356 0.0000000000
97821  -61.423  7.409  14.129 0.0000000000
97824  -40.446  7.067  13.760 0.0000000000
97825  -40.993  6.619  13.605 0.0000000000
97826  -41.927  6.609  13.365 0.0000000000
97827  -42.749  6.593  13.309 0.0000000000
97828  -43.811  6.611  13.370 0.0000000000
97829  -44.892  6.694  13.429 0.0000000000
97830  -45.746  6.701  13.881 0.0000000000
97831  -46.258  6.722  14.182 0.0000000000
97832  -48.716  6.643  12.801 0.0000000000
97833  -49.574  6.448  13.022 0.0000000000
97834  -50.526  6.179  13.118 0.0000000000
97835  -51.278  6.024  13.400 0.0000000000
97836  -56.887  6.473  14.051 0.0000000000
97837  -57.619  6.767  13.745 0.0000000000
97838  -58.293  7.112  13.425 0.0000000000
97839  -60.733  6.355  13.232 0.0000000000
97840  -61.372  7.120  13.569 0.0000000000
97846  -44.109  6.964  12.898 0.0000000000
97847  -44.379  6.842  13.075 0.0000000000
97848  -47.833  7.045  11.803 0.0000000000
97849  -48.514  6.694  11.884 0.0000000000
97850  -49.363  6.340  12.053 0.0000000000
97851  -50.168  6.056  12.250 0.0000000000
97852  -57.825  6.403  13.037 0.0000000000
97853  -58.494  6.759  12.704 0.0000000000
97854  -59.092  7.268  12.381 0.0000000000
97855  -60.890  6.128  12.433 0.0000000000
97856  -61.381  6.807  12.736 0.0000000000
97860  -47.781  7.297  11.372 0.0000000000
97861  -48.305  7.172  11.062 0.0000000000
97862  -49.222  6.673  11.140 0.0000000000
97863  -50.328  6.248  11.236 0.0000000000
97864  -51.247  6.196  10.849 0.0000000000
97865  -51.701  6.067  10.970 0.0000000000
97866  -58.715  6.404  11.634 0.0000000000
97867  -59.196  7.015  11.851 0.0000000000
97868  -60.937  6.045  12.083 0.0000000000
97869  -61.253  6.380  11.847 0.0000000000
97871  -48.585  7.548  10.545 0.0000000000
97872  -49.102  7.271  10.503 0.0000000000
97873  -49.975  6.898  10.417 0.0000000000
97874  -50.993  6.701  10.388 0.0000000000
97875  -52.052  6.567  10.600 0.0000000000
97878  -58.713  6.093  10.721 0.0000000000
97879  -59.275  6.768  10.938 0.0000000000
97880  -61.452  6.324  10.810 0.0000000000
97884  -55.817  6.594  9.085 0.0000000000
97885  -58.507  5.931  9.747 0.0000000000
97886  -59.202  6.570  9.928 0.0000000000
97887  -61.516  6.288  9.821 0.0000000000
97889  -56.557  6.599  8.323 0.0000000000
97890  -57.363  6.252  8.283 0.0000000000
97891  -58.056  5.959  8.786 0.0000000000
97892  -58.912  6.475  8.907 0.0000000000
97893  -61.075  6.195  8.164 0.0000000000
97894  -61.284  6.262  8.731 0.0000000000
97896  -56.669  6.865  7.618 0.0000000000
97897  -57.284  6.770  7.472 0.0000000000
97898  -58.157  6.619  7.732 0.0000000000
97899  -58.555  6.529  8.299 0.0000000000
97900  -60.958  6.449  7.625 0.0000000000
97901  -61.251  6.545  8.111 0.0000000000
97903  -57.677  6.977  7.023 0.0000000000
97904  -57.866  6.832  7.244 0.0000000000
97905  -59.990  6.158  6.254 0.0000000000
97906  -60.324  6.396  6.603 0.0000000000
97908  -59.939  6.429  5.802 0.0000000000
97909  -60.260  6.850  6.065 0.0000000000
97911  -59.698  6.429  4.788 0.0000000000
99018  -56.539  7.630  21.385 0.0000000000
99027  -57.097  7.825  20.257 0.0000000000
99028  -57.698  8.328  20.078 0.0000000000
99036  -57.279  7.491  19.643 0.0000000000
99037  -57.852  7.835  19.400 0.0000000000
99038  -58.609  8.208  19.154 0.0000000000
99046  -57.883  7.263  18.654 0.0000000000
99047  -58.644  7.729  18.364 0.0000000000
99048  -59.735  8.287  18.104 0.0000000000
99049  -60.206  8.604  18.031 0.0000000000
99055  -53.674  7.948  17.299 0.0000000000
99056  -54.573  7.843  17.388 0.0000000000
99057  -55.138  7.859  17.381 0.0000000000
99058  -58.732  7.132  17.626 0.0000000000
99059  -59.375  7.525  17.362 0.0000000000
99060  -60.186  8.332  17.588 0.0000000000
99064  -47.695  7.136  16.345 0.0000000000
99065  -48.039  7.217  16.560 0.0000000000
99066  -49.217  7.581  16.632 0.0000000000
99067  -49.703  7.708  16.231 0.0000000000
99068  -51.477  7.824  16.432 0.0000000000
99069  -52.035  7.718  16.485 0.0000000000
99070  -53.180  7.557  16.582 0.0000000000
99071  -54.311  7.440  16.687 0.0000000000
99072  -55.150  7.555  16.847 0.0000000000
99073  -55.852  7.651  16.604 0.0000000000
99074  -59.627  7.250  16.751 0.0000000000
99075  -60.313  7.894  16.665 0.0000000000
99076  -61.094  8.330  16.178 0.0000000000
99084  -47.649  7.119  15.993 0.0000000000
99085  -48.253  7.321  15.752 0.0000000000
99086  -49.154  7.481  15.647 0.0000000000
99087  -50.231  7.585  15.670 0.0000000000
99088  -51.427  7.520  15.900 0.0000000000
99089  -52.556  7.180  15.867 0.0000000000
99090  -53.422  6.967  15.861 0.0000000000
99091  -54.911  7.224  16.322 0.0000000000
99092  -55.540  7.278  16.150 0.0000000000
99093  -56.376  7.553  15.921 0.0000000000
99094  -56.954  7.845  15.559 0.0000000000
99095  -60.787  7.775  15.831 0.0000000000
99096  -61.382  8.168  15.550 0.0000000000
99099  -46.809  6.785  14.468 0.0000000000
99100  -47.315  6.891  14.896 0.0000000000
99101  -48.331  7.056  14.616 0.0000000000
99102  -49.414  7.155  14.776 0.0000000000
99103  -50.234  6.969  14.724 0.0000000000
99104  -56.762  7.434  15.278 0.0000000000
99105  -57.345  7.679  14.925 0.0000000000
99106  -58.009  7.895  14.596 0.0000000000
99107  -61.018  7.560  15.179 0.0000000000
99108  -61.645  7.899  14.706 0.0000000000
99109  -62.233  8.300  14.193 0.0000000000
99112  -40.080  7.528  13.979 0.0000000000
99113  -40.707  7.612  13.454 0.0000000000
99114  -41.473  7.294  13.197 0.0000000000
99115  -42.250  7.174  13.002 0.0000000000
99116  -42.994  7.053  12.919 0.0000000000
99117  -45.033  6.863  13.086 0.0000000000
99118  -45.434  6.851  13.263 0.0000000000
99119  -46.417  6.840  13.848 0.0000000000
99120  -47.303  6.899  13.695 0.0000000000
99121  -48.062  6.813  13.365 0.0000000000
99122  -57.749  7.403  14.333 0.0000000000
99123  -58.346  7.659  13.937 0.0000000000
99124  -58.863  7.952  13.478 0.0000000000
99125  -61.922  7.713  13.880 0.0000000000
99126  -62.442  8.194  13.468 0.0000000000
99132  -41.252  7.952  13.106 0.0000000000
99133  -41.848  7.872  12.885 0.0000000000
99134  -42.621  7.733  12.654 0.0000000000
99135  -43.582  7.364  12.619 0.0000000000
99136  -44.680  7.143  12.658 0.0000000000
99137  -45.633  7.102  12.812 0.0000000000
99138  -46.447  7.115  12.793 0.0000000000
99139  -47.316  7.060  12.503 0.0000000000
99140  -48.045  6.829  12.493 0.0000000000
99141  -58.627  7.418  13.276 0.0000000000
99142  -59.098  7.731  12.843 0.0000000000
99143  -62.020  7.462  13.103 0.0000000000
99144  -62.542  7.951  12.603 0.0000000000
99148  -45.143  7.365  12.223 0.0000000000
99149  -45.644  7.461  12.055 0.0000000000
99150  -46.439  7.525  11.782 0.0000000000
99151  -47.282  7.431  11.498 0.0000000000
99152  -47.724  7.519  11.047 0.0000000000
99153  -59.475  7.705  12.108 0.0000000000
99154  -61.939  7.265  12.245 0.0000000000
99155  -62.460  7.685  11.841 0.0000000000
99157  -46.722  7.839  11.151 0.0000000000
99158  -47.279  7.921  10.827 0.0000000000
99159  -48.073  7.891  10.558 0.0000000000
99167  -59.623  7.638  11.222 0.0000000000
99168  -59.844  8.073  10.577 0.0000000000
99169  -61.942  7.123  11.360 0.0000000000
99170  -62.587  7.762  11.070 0.0000000000
99177  -59.614  7.388  10.260 0.0000000000
99178  -59.939  8.115  9.826 0.0000000000
99179  -62.027  7.086  10.399 0.0000000000
99180  -62.628  7.827  10.060 0.0000000000
99184  -59.599  7.336  9.137 0.0000000000
99185  -59.979  8.211  9.037 0.0000000000
99186  -61.925  7.142  9.323 0.0000000000
99187  -62.550  7.965  8.970 0.0000000000
99192  -56.694  7.046  7.161 0.0000000000
99193  -58.500  6.990  7.497 0.0000000000
99194  -59.028  7.183  7.869 0.0000000000
99195  -61.232  6.919  7.552 0.0000000000
99196  -61.600  7.288  7.989 0.0000000000
99197  -62.395  8.268  8.125 0.0000000000
99201  -56.249  7.482  6.705 0.0000000000
99202  -57.241  7.337  6.674 0.0000000000
99203  -58.262  7.244  6.964 0.0000000000
99204  -59.055  7.899  6.965 0.0000000000
99205  -61.091  7.045  7.095 0.0000000000
99206  -61.569  7.802  6.888 0.0000000000
99208  -56.707  7.807  6.213 0.0000000000
99209  -57.211  7.986  6.088 0.0000000000
99210  -60.192  7.042  5.786 0.0000000000
99211  -60.722  7.518  6.068 0.0000000000
99212  -61.483  8.329  6.245 0.0000000000
99214  -59.980  7.372  5.215 0.0000000000
99215  -60.490  8.189  5.258 0.0000000000
99217  -59.607  7.402  4.124 0.0000000000
99220  -59.740  7.682  3.356 0.0000000000
99229  -60.681  7.808  2.181 0.0000000000
99230  -61.369  7.703  1.822 0.0000000000
99231  -62.381  7.213  1.604 0.0000000000
99232  -63.242  7.235  1.132 0.0000000000
99246  -63.722  7.320  0.632 0.0000000000
99247  -64.220  7.404  -0.011 0.0000000000
99276  -64.531  7.413  -0.879 0.0000000000
99303  -64.551  7.496  -1.752 0.0000000000
99314  -63.081  7.346  -2.902 0.0000000000
99315  -63.935  7.330  -2.823 0.0000000000
99316  -64.341  7.747  -2.557 0.0000000000
99321  -63.286  7.987  -3.467 0.0000000000
99322  -63.704  7.927  -3.360 0.0000000000
99323  -64.108  8.015  -3.155 0.0000000000
100244  -56.917  9.381  22.232 0.0000000000
100257  -56.676  8.570  21.927 0.0000000000
100258  -57.231  9.296  21.550 0.0000000000
100267  -56.981  8.522  21.116 0.0000000000
100268  -57.695  9.025  20.657 0.0000000000
100269  -58.424  9.249  20.307 0.0000000000
100278  -58.111  8.650  20.022 0.0000000000
100279  -58.793  8.826  19.694 0.0000000000
100280  -59.421  8.984  19.281 0.0000000000
100288  -53.150  8.746  18.307 0.0000000000
100289  -53.536  8.728  18.372 0.0000000000
100290  -54.331  8.711  18.418 0.0000000000
100291  -59.027  8.480  19.059 0.0000000000
100292  -59.537  8.601  18.726 0.0000000000
100293  -60.153  8.885  18.394 0.0000000000
100299  -50.665  8.244  17.707 0.0000000000
100300  -51.211  8.367  17.528 0.0000000000
100301  -52.005  8.437  17.650 0.0000000000
100302  -52.975  8.502  17.926 0.0000000000
100303  -54.018  8.299  17.947 0.0000000000
100304  -55.117  8.330  17.942 0.0000000000
100305  -56.090  8.540  17.553 0.0000000000
100306  -56.763  8.866  17.217 0.0000000000
100307  -60.547  8.936  17.885 0.0000000000
100308  -60.877  9.079  17.440 0.0000000000
100312  -49.978  7.924  17.251 0.0000000000
100313  -50.352  8.041  16.784 0.0000000000
100314  -51.397  8.109  16.847 0.0000000000
100315  -52.395  8.066  17.150 0.0000000000
100316  -53.034  8.042  17.238 0.0000000000
100317  -55.641  7.989  17.189 0.0000000000
100318  -56.430  8.181  16.751 0.0000000000
100319  -57.257  8.784  16.560 0.0000000000
100320  -57.827  9.044  16.100 0.0000000000
100321  -60.659  8.633  17.306 0.0000000000
100322  -61.133  8.817  16.831 0.0000000000
100329  -50.867  7.888  16.345 0.0000000000
100330  -51.231  7.874  16.401 0.0000000000
100331  -56.911  8.123  16.101 0.0000000000
100332  -57.478  8.380  15.677 0.0000000000
100333  -58.162  8.958  15.469 0.0000000000
100334  -61.639  8.781  16.024 0.0000000000
100335  -61.972  8.963  15.543 0.0000000000
100339  -57.914  8.295  15.057 0.0000000000
100340  -58.557  8.651  14.615 0.0000000000
100341  -59.186  9.003  14.143 0.0000000000
100342  -61.790  8.537  15.343 0.0000000000
100343  -62.213  8.811  14.862 0.0000000000
100347  -40.290  8.461  13.876 0.0000000000
100348  -58.876  8.363  13.927 0.0000000000
100349  -59.352  8.688  13.422 0.0000000000
100350  -62.658  8.948  13.971 0.0000000000
100356  -40.915  8.480  13.285 0.0000000000
100357  -41.469  8.539  12.966 0.0000000000
100358  -42.121  8.562  12.602 0.0000000000
100359  -43.024  8.423  12.219 0.0000000000
100360  -43.903  7.899  12.119 0.0000000000
100361  -59.664  8.524  12.516 0.0000000000
100362  -59.971  8.911  12.076 0.0000000000
100363  -62.880  8.904  12.966 0.0000000000
100364  -63.223  9.245  12.407 0.0000000000
100368  -43.681  8.641  11.778 0.0000000000
100369  -44.675  8.129  11.602 0.0000000000
100370  -45.650  8.060  11.407 0.0000000000
100371  -46.210  8.074  11.155 0.0000000000
100374  -59.820  8.335  11.750 0.0000000000
100375  -60.133  9.003  11.475 0.0000000000
100376  -62.970  8.453  11.923 0.0000000000
100377  -63.427  9.294  11.668 0.0000000000
100379  -45.261  8.687  11.076 0.0000000000
100380  -45.872  8.657  10.949 0.0000000000
100381  -46.629  8.538  10.764 0.0000000000
100382  -47.505  8.651  10.474 0.0000000000
100391  -59.917  8.375  11.102 0.0000000000
100392  -60.213  8.871  10.532 0.0000000000
100393  -63.160  8.516  10.864 0.0000000000
100394  -63.514  9.417  10.670 0.0000000000
100399  -60.269  8.922  9.485 0.0000000000
100400  -63.144  8.673  9.810 0.0000000000
100401  -63.457  9.606  9.674 0.0000000000
100406  -59.751  7.952  8.372 0.0000000000
100407  -60.151  8.863  8.449 0.0000000000
100408  -63.060  8.959  8.701 0.0000000000
100409  -63.429  9.869  8.880 0.0000000000
100415  -59.658  8.403  7.544 0.0000000000
100416  -60.078  9.198  7.689 0.0000000000
100417  -62.057  8.208  7.451 0.0000000000
100418  -62.665  8.969  7.563 0.0000000000
100424  -56.169  7.946  6.077 0.0000000000
100425  -57.787  7.872  6.301 0.0000000000
100426  -58.480  8.374  6.331 0.0000000000
100427  -59.281  8.785  6.695 0.0000000000
100428  -62.092  8.710  6.732 0.0000000000
100429  -62.553  9.408  6.850 0.0000000000
100434  -55.753  8.368  5.673 0.0000000000
100435  -56.664  8.401  5.692 0.0000000000
100436  -57.610  8.663  5.800 0.0000000000
100437  -58.263  9.161  5.857 0.0000000000
100438  -61.185  8.710  5.563 0.0000000000
100439  -61.799  8.992  6.046 0.0000000000
100441  -60.036  8.461  4.510 0.0000000000
100442  -60.666  8.907  4.967 0.0000000000
100444  -59.709  8.327  3.638 0.0000000000
100446  -59.824  8.248  2.960 0.0000000000
100447  -60.238  8.351  2.444 0.0000000000
100449  -60.761  8.525  1.798 0.0000000000
100450  -61.810  8.594  1.215 0.0000000000
100451  -62.879  8.029  0.959 0.0000000000
100452  -63.395  7.753  0.768 0.0000000000
100459  -62.065  9.226  0.787 0.0000000000
100460  -62.661  8.937  0.690 0.0000000000
100461  -63.626  8.379  0.347 0.0000000000
100462  -64.308  8.329  -0.498 0.0000000000
100472  -64.559  8.362  -1.255 0.0000000000
100500  -64.590  8.613  -2.167 0.0000000000
100504  -41.137  9.137  -2.237 0.0000000000
100506  -42.761  8.608  -2.645 0.0000000000
100507  -43.758  8.270  -3.083 0.0000000000
100508  -44.641  8.140  -3.095 0.0000000000
100509  -45.555  8.203  -2.981 0.0000000000
100510  -46.565  8.360  -2.806 0.0000000000
100511  -47.591  8.579  -2.832 0.0000000000
100512  -48.560  8.605  -2.712 0.0000000000
100513  -49.519  8.585  -2.589 0.0000000000
100514  -50.479  8.581  -2.469 0.0000000000
100515  -51.440  8.527  -2.413 0.0000000000
100516  -52.386  8.470  -2.405 0.0000000000
100517  -53.293  8.517  -2.408 0.0000000000
100518  -54.309  8.780  -2.597 0.0000000000
100519  -55.422  8.770  -2.385 0.0000000000
100520  -56.439  8.827  -2.258 0.0000000000
100521  -57.452  8.802  -2.202 0.0000000000
100522  -58.458  8.735  -2.174 0.0000000000
100523  -59.442  8.665  -2.196 0.0000000000
100524  -60.582  8.621  -2.516 0.0000000000
100525  -61.783  7.948  -2.611 0.0000000000
100526  -62.524  7.806  -2.973 0.0000000000
100527  -64.344  8.565  -3.046 0.0000000000
100532  -42.872  9.082  -3.347 0.0000000000
100533  -43.419  8.900  -3.745 0.0000000000
100534  -44.345  8.453  -3.828 0.0000000000
100535  -45.237  8.426  -3.752 0.0000000000
100536  -46.111  8.559  -3.647 0.0000000000
100537  -47.088  8.847  -3.762 0.0000000000
100538  -48.220  8.965  -3.469 0.0000000000
100539  -49.230  8.953  -3.335 0.0000000000
100540  -50.204  8.938  -3.208 0.0000000000
100541  -51.163  8.942  -3.091 0.0000000000
100542  -52.119  8.923  -3.013 0.0000000000
100543  -53.039  8.903  -2.933 0.0000000000
100544  -53.647  8.883  -2.823 0.0000000000
100545  -60.929  8.976  -3.099 0.0000000000
100546  -61.513  8.659  -3.221 0.0000000000
100547  -62.659  8.352  -3.633 0.0000000000
100548  -63.514  8.338  -3.831 0.0000000000
100549  -64.041  8.526  -3.755 0.0000000000
100552  -43.523  9.162  -4.402 0.0000000000
100553  -44.121  8.860  -4.666 0.0000000000
100554  -44.959  8.582  -4.469 0.0000000000
100555  -45.800  8.756  -4.467 0.0000000000
100556  -46.400  8.805  -4.132 0.0000000000
100557  -62.936  8.772  -4.360 0.0000000000
100558  -63.374  8.703  -4.288 0.0000000000
100559  -63.768  8.661  -4.175 0.0000000000
100562  -44.427  8.962  -5.246 0.0000000000
100563  -44.879  8.775  -5.082 0.0000000000
100564  -45.337  8.759  -4.850 0.0000000000
101492  -56.489  9.776  23.039 0.0000000000
101510  -56.843  9.808  22.682 0.0000000000
101520  -57.412  10.111  22.004 0.0000000000
101521  -57.956  10.484  21.549 0.0000000000
101529  -52.930  9.040  19.802 0.0000000000
101530  -53.639  9.379  20.326 0.0000000000
101531  -57.773  9.844  21.360 0.0000000000
101532  -58.447  10.109  20.887 0.0000000000
101533  -59.112  10.318  20.419 0.0000000000
101540  -51.782  8.711  18.922 0.0000000000
101541  -52.453  8.954  19.200 0.0000000000
101542  -58.914  9.656  20.249 0.0000000000
101543  -59.563  9.838  19.743 0.0000000000
101544  -60.190  10.057  19.142 0.0000000000
101549  -51.165  8.430  18.239 0.0000000000
101550  -51.777  8.682  18.520 0.0000000000
101551  -52.543  8.938  18.674 0.0000000000
101552  -53.075  8.953  18.531 0.0000000000
101553  -53.977  9.117  18.838 0.0000000000
101554  -55.076  9.212  18.691 0.0000000000
101555  -56.173  9.580  18.576 0.0000000000
101556  -56.989  9.939  18.181 0.0000000000
101557  -59.939  9.344  18.970 0.0000000000
101558  -60.576  9.686  18.423 0.0000000000
101559  -60.915  9.839  17.865 0.0000000000
101564  -51.302  8.501  18.000 0.0000000000
101565  -51.859  8.624  18.100 0.0000000000
101566  -52.505  8.719  18.219 0.0000000000
101567  -52.798  8.758  18.271 0.0000000000
101568  -55.811  8.962  18.134 0.0000000000
101569  -56.572  9.221  17.863 0.0000000000
101570  -57.473  9.649  17.375 0.0000000000
101571  -58.114  10.006  16.883 0.0000000000
101572  -60.811  9.423  17.786 0.0000000000
101573  -61.143  9.564  17.362 0.0000000000
101577  -57.823  9.428  16.622 0.0000000000
101578  -58.398  9.751  16.160 0.0000000000
101579  -61.645  9.523  16.557 0.0000000000
101580  -61.957  9.704  15.987 0.0000000000
101588  -58.880  9.637  15.261 0.0000000000
101589  -59.447  10.016  14.893 0.0000000000
101590  -61.920  9.275  15.936 0.0000000000
101591  -62.139  9.498  15.444 0.0000000000
101595  -59.183  9.451  14.603 0.0000000000
101596  -59.815  10.024  14.056 0.0000000000
101597  -60.465  10.548  13.691 0.0000000000
101598  -62.503  9.654  14.610 0.0000000000
101601  -40.886  9.343  13.484 0.0000000000
101603  -59.910  9.351  12.965 0.0000000000
101604  -60.369  10.179  13.128 0.0000000000
101605  -62.964  9.906  13.496 0.0000000000
101606  -63.115  10.430  13.025 0.0000000000
101612  -41.184  8.950  13.135 0.0000000000
101613  -41.582  9.407  12.921 0.0000000000
101614  -42.384  9.411  12.411 0.0000000000
101615  -43.154  9.497  11.968 0.0000000000
101616  -59.963  9.095  12.443 0.0000000000
101617  -60.297  9.659  12.211 0.0000000000
101618  -63.138  9.548  12.859 0.0000000000
101619  -63.369  10.051  12.542 0.0000000000
101623  -43.907  9.415  11.336 0.0000000000
101624  -44.788  9.380  10.930 0.0000000000
101629  -60.658  9.905  11.216 0.0000000000
101630  -61.059  10.508  11.104 0.0000000000
101631  -63.572  10.203  11.492 0.0000000000
101633  -45.532  9.357  10.784 0.0000000000
101634  -46.171  9.308  10.728 0.0000000000
101635  -46.942  9.428  10.520 0.0000000000
101645  -60.640  9.832  10.089 0.0000000000
101646  -60.945  10.348  10.673 0.0000000000
101647  -63.565  10.347  10.473 0.0000000000
101651  -60.573  9.756  9.045 0.0000000000
101652  -63.527  10.528  9.511 0.0000000000
101658  -60.435  9.796  8.122 0.0000000000
101659  -63.243  9.730  8.039 0.0000000000
101660  -63.484  10.693  8.507 0.0000000000
101665  -59.800  9.255  7.079 0.0000000000
101666  -60.148  9.797  7.370 0.0000000000
101667  -62.958  9.800  7.230 0.0000000000
101668  -63.301  10.439  7.538 0.0000000000
101673  -58.858  9.258  6.170 0.0000000000
101674  -59.468  9.753  6.478 0.0000000000
101675  -59.878  9.766  6.933 0.0000000000
101676  -62.253  9.508  6.271 0.0000000000
101677  -62.772  10.173  6.513 0.0000000000
101678  -63.097  10.308  6.997 0.0000000000
101684  -55.211  8.851  5.153 0.0000000000
101685  -56.151  9.023  5.137 0.0000000000
101686  -57.026  9.180  5.193 0.0000000000
101687  -57.813  9.707  5.243 0.0000000000
101688  -58.592  9.771  5.713 0.0000000000
101689  -59.005  9.765  6.052 0.0000000000
101690  -61.111  9.421  5.084 0.0000000000
101691  -61.801  9.854  5.542 0.0000000000
101692  -62.370  10.072  6.021 0.0000000000
101695  -51.075  9.793  4.105 0.0000000000
101696  -51.803  9.602  4.457 0.0000000000
101697  -52.692  9.323  4.670 0.0000000000
101698  -53.710  9.160  4.703 0.0000000000
101699  -54.690  9.252  4.636 0.0000000000
101700  -55.654  9.591  4.460 0.0000000000
101701  -56.640  9.680  4.724 0.0000000000
101702  -57.204  9.756  4.924 0.0000000000
101703  -59.894  9.112  3.828 0.0000000000
101704  -60.669  9.739  4.394 0.0000000000
101705  -61.277  9.927  4.949 0.0000000000
101708  -51.213  9.913  3.597 0.0000000000
101709  -51.731  9.821  3.736 0.0000000000
101710  -52.513  9.719  3.890 0.0000000000
101711  -53.432  9.648  4.010 0.0000000000
101712  -54.372  9.633  4.106 0.0000000000
101713  -54.992  9.623  4.209 0.0000000000
101714  -59.744  8.980  3.108 0.0000000000
101715  -60.136  9.787  3.369 0.0000000000
101718  -59.946  8.747  2.700 0.0000000000
101719  -60.187  9.367  2.376 0.0000000000
101721  -60.864  9.493  1.453 0.0000000000
101722  -61.574  9.676  0.909 0.0000000000
101725  -62.261  9.747  0.510 0.0000000000
101726  -63.115  9.552  0.169 0.0000000000
101727  -63.996  9.409  -0.490 0.0000000000
101728  -64.453  8.891  -0.862 0.0000000000
101734  -64.184  9.862  -0.982 0.0000000000
101735  -64.486  9.382  -1.368 0.0000000000
101741  -36.353  9.889  -1.870 0.0000000000
101742  -37.628  9.412  -1.784 0.0000000000
101743  -38.648  9.300  -2.109 0.0000000000
101744  -39.531  9.161  -2.024 0.0000000000
101746  -64.585  9.482  -2.176 0.0000000000
101751  -36.646  10.366  -2.484 0.0000000000
101752  -37.400  10.117  -2.761 0.0000000000
101753  -38.313  9.679  -2.843 0.0000000000
101754  -39.273  9.557  -2.827 0.0000000000
101755  -40.414  9.404  -2.549 0.0000000000
101756  -41.465  9.407  -2.778 0.0000000000
101757  -42.096  9.154  -2.720 0.0000000000
101758  -54.600  9.212  -3.143 0.0000000000
101759  -55.220  9.208  -3.042 0.0000000000
101760  -56.181  9.280  -2.969 0.0000000000
101761  -57.201  9.340  -2.866 0.0000000000
101762  -58.234  9.269  -2.794 0.0000000000
101763  -59.241  9.160  -2.716 0.0000000000
101764  -59.900  8.986  -2.643 0.0000000000
101765  -64.534  9.287  -2.836 0.0000000000
101770  -37.821  10.332  -3.201 0.0000000000
101771  -38.171  10.094  -3.402 0.0000000000
101772  -38.981  9.891  -3.534 0.0000000000
101773  -39.947  9.885  -3.471 0.0000000000
101774  -41.061  9.902  -3.674 0.0000000000
101775  -42.274  9.484  -3.399 0.0000000000
101776  -42.896  9.272  -3.696 0.0000000000
101777  -47.277  9.156  -4.378 0.0000000000
101778  -47.911  9.274  -4.216 0.0000000000
101779  -48.890  9.353  -4.087 0.0000000000
101780  -49.886  9.355  -3.940 0.0000000000
101781  -50.843  9.362  -3.766 0.0000000000
101782  -51.804  9.331  -3.681 0.0000000000
101783  -52.797  9.310  -3.587 0.0000000000
101784  -53.910  9.273  -3.381 0.0000000000
101785  -54.914  9.527  -3.580 0.0000000000
101786  -55.832  9.626  -3.609 0.0000000000
101787  -56.940  9.832  -3.699 0.0000000000
101788  -57.963  9.745  -3.455 0.0000000000
101789  -59.100  9.700  -3.418 0.0000000000
101790  -60.300  9.317  -3.234 0.0000000000
101791  -61.203  9.133  -3.512 0.0000000000
101792  -61.829  8.952  -3.844 0.0000000000
101793  -64.398  9.225  -3.655 0.0000000000
101798  -41.351  10.155  -4.079 0.0000000000
101799  -41.878  10.129  -4.208 0.0000000000
101800  -42.910  9.584  -4.327 0.0000000000
101801  -43.553  9.365  -4.847 0.0000000000
101802  -46.036  8.934  -4.835 0.0000000000
101803  -46.578  9.061  -4.674 0.0000000000
101804  -47.507  9.386  -4.913 0.0000000000
101805  -48.450  9.595  -4.858 0.0000000000
101806  -49.531  9.787  -4.828 0.0000000000
101807  -50.481  9.722  -4.453 0.0000000000
101808  -51.394  9.744  -4.340 0.0000000000
101809  -52.385  9.717  -4.299 0.0000000000
101810  -53.419  9.713  -4.231 0.0000000000
101811  -54.441  9.831  -4.176 0.0000000000
101812  -55.406  9.994  -4.153 0.0000000000
101813  -56.261  10.039  -4.140 0.0000000000
101814  -59.297  10.109  -3.930 0.0000000000
101815  -60.017  9.946  -3.981 0.0000000000
101816  -61.249  9.552  -4.236 0.0000000000
101817  -62.396  9.114  -4.471 0.0000000000
101818  -63.168  9.090  -4.791 0.0000000000
101819  -63.930  9.260  -4.544 0.0000000000
101822  -42.499  10.233  -4.878 0.0000000000
101823  -43.193  9.976  -5.303 0.0000000000
101824  -43.954  9.332  -5.472 0.0000000000
101825  -44.706  9.044  -5.697 0.0000000000
101826  -45.703  9.035  -5.354 0.0000000000
101827  -46.835  9.371  -5.648 0.0000000000
101828  -47.934  9.745  -5.764 0.0000000000
101829  -48.809  9.943  -5.407 0.0000000000
101830  -49.345  10.079  -5.404 0.0000000000
101831  -61.969  9.583  -4.989 0.0000000000
101832  -62.687  9.546  -5.216 0.0000000000
101833  -63.409  9.662  -5.229 0.0000000000
101834  -63.803  9.863  -5.097 0.0000000000
101839  -43.600  9.972  -5.953 0.0000000000
101840  -44.237  9.622  -6.333 0.0000000000
101841  -45.107  9.195  -6.424 0.0000000000
101842  -46.076  9.333  -6.512 0.0000000000
101843  -47.218  9.616  -6.663 0.0000000000
101844  -47.814  9.790  -6.380 0.0000000000
101848  -44.679  9.600  -6.978 0.0000000000
101849  -45.326  9.384  -7.384 0.0000000000
101850  -46.320  9.439  -7.512 0.0000000000
101851  -47.236  9.656  -7.762 0.0000000000
101852  -47.670  9.768  -8.340 0.0000000000
101857  -45.676  9.487  -8.186 0.0000000000
101858  -46.409  9.487  -8.393 0.0000000000
101859  -47.093  9.572  -8.734 0.0000000000
101860  -47.607  9.714  -8.772 0.0000000000
101865  -45.807  9.639  -8.815 0.0000000000
101866  -46.336  9.605  -9.162 0.0000000000
101867  -46.929  9.665  -9.390 0.0000000000
102729  -56.344  10.125  23.035 0.0000000000
102730  -56.748  10.284  22.760 0.0000000000
102743  -55.935  10.731  22.727 0.0000000000
102744  -56.681  10.776  22.626 0.0000000000
102745  -57.202  10.646  22.378 0.0000000000
102750  -54.368  10.296  20.977 0.0000000000
102751  -55.104  10.804  21.885 0.0000000000
102752  -55.747  11.373  22.016 0.0000000000
102753  -57.757  10.855  21.919 0.0000000000
102754  -58.390  10.973  21.482 0.0000000000
102759  -53.498  9.414  19.712 0.0000000000
102760  -54.174  10.136  20.268 0.0000000000
102761  -58.987  10.960  20.872 0.0000000000
102762  -59.461  10.861  20.188 0.0000000000
102768  -53.221  9.283  19.250 0.0000000000
102769  -54.139  10.039  19.852 0.0000000000
102770  -55.091  10.670  19.817 0.0000000000
102771  -56.219  11.003  19.621 0.0000000000
102772  -57.263  11.254  19.191 0.0000000000
102773  -57.854  11.464  18.935 0.0000000000
102774  -59.952  10.725  19.481 0.0000000000
102775  -60.414  10.571  18.803 0.0000000000
102780  -53.060  9.220  18.904 0.0000000000
102781  -53.599  9.380  19.205 0.0000000000
102782  -54.531  9.784  19.333 0.0000000000
102783  -55.618  10.120  19.204 0.0000000000
102784  -56.746  10.418  18.899 0.0000000000
102785  -57.993  10.831  18.194 0.0000000000
102786  -58.807  11.165  17.726 0.0000000000
102787  -60.748  10.470  18.004 0.0000000000
102788  -61.071  10.048  17.651 0.0000000000
102793  -58.136  10.301  17.370 0.0000000000
102794  -58.902  10.740  17.000 0.0000000000
102795  -59.620  11.143  16.746 0.0000000000
102796  -60.908  10.639  17.519 0.0000000000
102797  -61.206  10.286  17.204 0.0000000000
102801  -59.195  10.362  15.857 0.0000000000
102802  -59.645  10.964  16.207 0.0000000000
102803  -61.708  10.308  16.148 0.0000000000
102804  -62.070  9.923  15.755 0.0000000000
102812  -59.373  10.204  15.306 0.0000000000
102813  -60.023  10.726  15.226 0.0000000000
102814  -61.090  11.140  15.205 0.0000000000
102815  -61.763  10.734  15.256 0.0000000000
102816  -62.164  10.138  15.299 0.0000000000
102820  -60.208  10.605  14.520 0.0000000000
102821  -60.748  10.954  14.229 0.0000000000
102822  -61.808  11.002  14.325 0.0000000000
102823  -62.381  10.462  14.397 0.0000000000
102829  -60.928  10.870  13.294 0.0000000000
102830  -61.803  11.254  13.409 0.0000000000
102831  -62.703  10.944  13.234 0.0000000000
102832  -63.178  10.635  12.786 0.0000000000
102845  -60.828  10.523  12.508 0.0000000000
102846  -61.476  11.143  12.709 0.0000000000
102847  -62.903  11.201  12.594 0.0000000000
102848  -63.272  10.931  12.249 0.0000000000
102853  -44.480  10.413  11.299 0.0000000000
102854  -45.534  10.382  10.903 0.0000000000
102863  -60.732  10.249  11.917 0.0000000000
102864  -61.243  10.819  11.741 0.0000000000
102865  -63.428  10.997  11.146 0.0000000000
102867  -45.863  9.786  10.725 0.0000000000
102868  -46.366  10.065  10.677 0.0000000000
102877  -61.008  10.556  10.189 0.0000000000
102878  -61.356  10.951  10.766 0.0000000000
102879  -63.457  11.198  10.168 0.0000000000
102884  -60.918  10.494  9.526 0.0000000000
102885  -61.307  11.075  9.874 0.0000000000
102886  -63.457  11.407  9.252 0.0000000000
102891  -60.887  10.748  8.676 0.0000000000
102892  -61.118  11.011  9.301 0.0000000000
102893  -63.479  11.613  8.530 0.0000000000
102897  -60.513  10.562  7.627 0.0000000000
102898  -63.464  11.355  7.777 0.0000000000
102903  -59.752  10.644  6.228 0.0000000000
102904  -60.044  10.304  6.875 0.0000000000
102905  -62.969  10.722  6.294 0.0000000000
102906  -63.256  10.974  6.798 0.0000000000
102911  -57.941  10.252  4.879 0.0000000000
102912  -58.521  10.445  5.129 0.0000000000
102913  -59.131  10.263  5.837 0.0000000000
102914  -62.072  10.560  5.307 0.0000000000
102915  -62.651  10.809  5.730 0.0000000000
102916  -63.085  11.065  6.208 0.0000000000
102921  -55.895  10.031  3.953 0.0000000000
102922  -56.435  10.093  4.182 0.0000000000
102923  -57.393  10.322  4.479 0.0000000000
102924  -58.058  10.487  4.688 0.0000000000
102925  -61.028  10.496  4.252 0.0000000000
102926  -61.615  10.674  4.703 0.0000000000
102927  -62.229  10.897  5.170 0.0000000000
102930  -50.613  10.230  3.442 0.0000000000
102931  -51.521  10.057  3.195 0.0000000000
102932  -52.283  10.018  3.237 0.0000000000
102933  -53.154  9.957  3.281 0.0000000000
102934  -54.155  9.974  3.392 0.0000000000
102935  -55.236  10.019  3.682 0.0000000000
102936  -56.209  10.439  3.540 0.0000000000
102937  -56.802  10.423  3.933 0.0000000000
102938  -60.787  10.674  3.708 0.0000000000
102939  -61.185  10.836  4.146 0.0000000000
102943  -50.413  10.608  2.488 0.0000000000
102944  -51.287  10.366  2.603 0.0000000000
102945  -52.001  10.280  2.741 0.0000000000
102946  -52.760  10.288  2.643 0.0000000000
102947  -53.759  10.314  2.666 0.0000000000
102948  -54.916  10.450  2.739 0.0000000000
102949  -55.605  10.460  3.153 0.0000000000
102950  -60.391  10.498  2.805 0.0000000000
102954  -50.254  10.904  1.806 0.0000000000
102955  -51.064  10.719  1.879 0.0000000000
102956  -52.099  10.578  2.031 0.0000000000
102957  -53.231  10.610  1.976 0.0000000000
102958  -54.281  10.664  2.058 0.0000000000
102959  -54.886  10.699  2.150 0.0000000000
102960  -60.530  10.403  1.922 0.0000000000
102961  -61.006  10.481  1.202 0.0000000000
102964  -61.632  10.564  0.580 0.0000000000
102965  -62.488  10.549  0.005 0.0000000000
102966  -63.319  10.162  -0.324 0.0000000000
102969  -63.042  10.804  -0.497 0.0000000000
102970  -63.750  10.489  -0.885 0.0000000000
102971  -64.239  10.124  -1.306 0.0000000000
102976  -35.408  10.179  -1.923 0.0000000000
102977  -64.053  10.656  -1.492 0.0000000000
102978  -64.412  10.188  -1.923 0.0000000000
102984  -34.906  10.605  -2.215 0.0000000000
102985  -35.951  10.635  -2.474 0.0000000000
102986  -36.864  10.786  -2.830 0.0000000000
102987  -64.541  9.926  -2.583 0.0000000000
102996  -37.615  10.704  -2.994 0.0000000000
102997  -38.167  10.576  -3.284 0.0000000000
102998  -38.845  10.433  -3.499 0.0000000000
102999  -39.817  10.355  -3.604 0.0000000000
103000  -40.483  10.253  -3.766 0.0000000000
103001  -57.246  10.119  -4.060 0.0000000000
103002  -57.687  10.163  -4.005 0.0000000000
103003  -58.622  10.176  -3.934 0.0000000000
103004  -64.548  9.958  -3.282 0.0000000000
103010  -40.624  10.462  -3.800 0.0000000000
103011  -41.282  10.423  -4.040 0.0000000000
103012  -42.148  10.649  -4.676 0.0000000000
103013  -50.224  10.000  -4.931 0.0000000000
103014  -50.852  10.152  -4.943 0.0000000000
103015  -51.847  10.255  -4.919 0.0000000000
103016  -52.908  10.227  -4.911 0.0000000000
103017  -53.950  10.222  -4.883 0.0000000000
103018  -54.965  10.317  -4.827 0.0000000000
103019  -55.991  10.373  -4.775 0.0000000000
103020  -57.115  10.352  -4.501 0.0000000000
103021  -58.276  10.530  -4.551 0.0000000000
103022  -59.419  10.410  -4.512 0.0000000000
103023  -60.591  10.225  -4.760 0.0000000000
103024  -61.427  9.976  -5.052 0.0000000000
103025  -64.426  9.961  -4.130 0.0000000000
103030  -42.729  10.689  -5.559 0.0000000000
103031  -43.178  10.452  -5.958 0.0000000000
103032  -48.519  10.007  -5.856 0.0000000000
103033  -49.003  10.217  -5.850 0.0000000000
103034  -49.951  10.282  -5.589 0.0000000000
103035  -51.142  10.540  -5.728 0.0000000000
103036  -52.302  10.714  -5.662 0.0000000000
103037  -53.426  10.666  -5.604 0.0000000000
103038  -54.476  10.648  -5.568 0.0000000000
103039  -55.512  10.709  -5.537 0.0000000000
103040  -56.683  10.839  -5.548 0.0000000000
103041  -57.865  10.915  -5.290 0.0000000000
103042  -59.002  10.896  -5.240 0.0000000000
103043  -60.103  10.670  -5.354 0.0000000000
103044  -61.152  10.446  -5.572 0.0000000000
103045  -62.052  10.046  -5.628 0.0000000000
103046  -62.937  10.093  -5.779 0.0000000000
103047  -63.698  10.316  -5.624 0.0000000000
103048  -64.132  10.257  -4.877 0.0000000000
103052  -43.025  10.780  -6.241 0.0000000000
103053  -43.601  10.522  -6.556 0.0000000000
103054  -44.266  10.131  -6.952 0.0000000000
103055  -47.778  9.798  -6.631 0.0000000000
103056  -48.273  10.008  -6.451 0.0000000000
103057  -49.163  10.345  -6.619 0.0000000000
103058  -50.274  10.603  -6.670 0.0000000000
103059  -51.580  10.959  -6.741 0.0000000000
103060  -52.881  11.150  -6.399 0.0000000000
103061  -53.985  11.079  -6.294 0.0000000000
103062  -55.003  11.060  -6.258 0.0000000000
103063  -55.985  11.111  -6.268 0.0000000000
103064  -56.803  11.234  -6.357 0.0000000000
103065  -61.709  10.476  -6.084 0.0000000000
103066  -62.385  10.493  -6.347 0.0000000000
103067  -63.188  10.644  -6.392 0.0000000000
103068  -63.769  10.925  -6.142 0.0000000000
103073  -44.055  10.648  -7.332 0.0000000000
103074  -44.592  10.061  -7.588 0.0000000000
103075  -45.065  9.784  -8.069 0.0000000000
103076  -47.746  9.833  -7.015 0.0000000000
103077  -48.223  10.029  -7.533 0.0000000000
103078  -49.307  10.458  -7.693 0.0000000000
103079  -50.496  10.830  -7.719 0.0000000000
103080  -51.534  11.172  -7.841 0.0000000000
103081  -62.714  10.761  -6.822 0.0000000000
103082  -63.065  10.940  -7.006 0.0000000000
103087  -44.287  10.634  -7.891 0.0000000000
103088  -44.673  10.437  -8.295 0.0000000000
103089  -45.278  10.003  -8.631 0.0000000000
103090  -47.451  9.712  -9.138 0.0000000000
103091  -48.223  10.031  -8.793 0.0000000000
103092  -49.536  10.743  -8.850 0.0000000000
103093  -50.731  11.209  -8.554 0.0000000000
103094  -51.573  11.409  -8.522 0.0000000000
103099  -44.908  10.542  -8.902 0.0000000000
103100  -45.558  10.227  -9.405 0.0000000000
103101  -46.407  9.982  -9.829 0.0000000000
103102  -47.367  10.011  -9.854 0.0000000000
103103  -48.425  10.596  -9.970 0.0000000000
103104  -49.319  11.128  -9.777 0.0000000000
103108  -45.917  10.523  -10.118 0.0000000000
103109  -46.561  10.490  -10.622 0.0000000000
103110  -47.472  10.542  -10.791 0.0000000000
103111  -48.131  10.966  -11.025 0.0000000000
103115  -46.907  10.826  -11.357 0.0000000000
103116  -47.481  11.044  -11.567 0.0000000000
103117  -48.014  11.272  -11.710 0.0000000000
104028  -56.411  11.360  22.232 0.0000000000
104029  -57.125  11.289  22.241 0.0000000000
104030  -57.509  11.101  22.097 0.0000000000
104035  -54.828  11.212  21.087 0.0000000000
104036  -55.354  11.733  21.335 0.0000000000
104037  -56.021  11.832  21.665 0.0000000000
104038  -56.824  11.858  21.772 0.0000000000
104039  -57.721  11.547  21.623 0.0000000000
104040  -58.484  11.586  20.983 0.0000000000
104044  -54.620  10.886  20.635 0.0000000000
104045  -55.154  11.711  20.811 0.0000000000
104046  -55.614  11.953  20.748 0.0000000000
104047  -59.043  11.554  20.414 0.0000000000
104048  -59.474  11.398  19.775 0.0000000000
104053  -54.449  10.542  20.328 0.0000000000
104054  -54.808  10.944  20.398 0.0000000000
104055  -55.755  11.625  20.356 0.0000000000
104056  -56.893  11.779  19.885 0.0000000000
104057  -57.748  11.836  19.440 0.0000000000
104058  -60.007  11.253  18.955 0.0000000000
104059  -60.431  10.883  18.531 0.0000000000
104064  -58.338  11.704  18.910 0.0000000000
104065  -59.082  11.622  18.177 0.0000000000
104066  -59.974  11.411  18.200 0.0000000000
104067  -60.398  11.043  18.282 0.0000000000
104072  -59.180  11.269  17.553 0.0000000000
104073  -59.804  11.336  17.297 0.0000000000
104074  -60.589  10.970  17.533 0.0000000000
104075  -60.973  10.716  17.288 0.0000000000
104079  -60.092  11.239  16.493 0.0000000000
104080  -60.618  11.185  16.714 0.0000000000
104081  -61.092  10.795  16.843 0.0000000000
104089  -60.090  11.140  15.969 0.0000000000
104090  -60.570  11.229  15.956 0.0000000000
104091  -61.233  11.044  16.057 0.0000000000
104102  -62.118  11.464  13.164 0.0000000000
104103  -62.332  11.391  13.079 0.0000000000
104120  -62.054  11.501  12.907 0.0000000000
104121  -62.530  11.383  12.620 0.0000000000
104122  -62.923  11.338  12.216 0.0000000000
104140  -61.957  11.458  12.236 0.0000000000
104141  -62.543  11.471  11.872 0.0000000000
104142  -63.041  11.380  11.568 0.0000000000
104151  -61.937  11.440  11.364 0.0000000000
104152  -62.581  11.630  11.020 0.0000000000
104153  -63.087  11.561  10.658 0.0000000000
104158  -61.933  11.658  10.308 0.0000000000
104159  -62.637  11.907  10.103 0.0000000000
104160  -63.133  11.975  9.683 0.0000000000
104164  -61.119  11.283  8.620 0.0000000000
104165  -61.503  11.603  9.069 0.0000000000
104166  -63.324  12.183  8.880 0.0000000000
104170  -61.026  11.425  8.081 0.0000000000
104171  -61.520  12.192  8.270 0.0000000000
104172  -63.455  12.277  8.103 0.0000000000
104177  -59.909  11.048  6.108 0.0000000000
104178  -60.418  11.339  6.715 0.0000000000
104179  -63.454  12.142  7.176 0.0000000000
104183  -58.802  10.873  4.966 0.0000000000
104184  -59.471  11.186  5.477 0.0000000000
104185  -60.391  12.134  5.950 0.0000000000
104186  -62.942  11.641  5.488 0.0000000000
104187  -63.272  11.886  6.105 0.0000000000
104190  -57.664  10.686  4.113 0.0000000000
104191  -58.359  11.009  4.380 0.0000000000
104192  -59.283  11.817  4.620 0.0000000000
104193  -61.961  11.443  4.426 0.0000000000
104194  -62.511  11.567  4.918 0.0000000000
104198  -56.483  10.682  3.220 0.0000000000
104199  -57.172  10.807  3.515 0.0000000000
104200  -58.102  11.629  3.260 0.0000000000
104201  -61.001  11.143  3.590 0.0000000000
104202  -61.439  11.409  3.859 0.0000000000
104206  -55.242  10.725  2.263 0.0000000000
104207  -56.036  10.838  2.631 0.0000000000
104208  -57.265  11.566  2.326 0.0000000000
104209  -58.137  12.038  2.508 0.0000000000
104210  -60.873  11.285  3.182 0.0000000000
104211  -61.353  11.927  3.213 0.0000000000
104216  -50.687  11.057  1.250 0.0000000000
104217  -51.611  10.957  1.246 0.0000000000
104218  -52.657  10.919  1.256 0.0000000000
104219  -53.782  10.920  1.289 0.0000000000
104220  -55.054  10.970  1.567 0.0000000000
104221  -56.250  11.489  1.439 0.0000000000
104222  -57.181  11.974  1.218 0.0000000000
104223  -60.688  11.181  2.377 0.0000000000
104224  -60.811  11.271  1.725 0.0000000000
104227  -50.181  11.403  0.753 0.0000000000
104228  -51.041  11.272  0.611 0.0000000000
104229  -52.044  11.272  0.590 0.0000000000
104230  -53.125  11.279  0.555 0.0000000000
104231  -54.283  11.363  0.542 0.0000000000
104232  -55.432  11.616  0.530 0.0000000000
104233  -56.483  12.005  0.399 0.0000000000
104234  -57.245  12.282  0.505 0.0000000000
104235  -61.122  11.471  1.020 0.0000000000
104236  -61.721  11.549  0.303 0.0000000000
104239  -50.334  11.640  0.017 0.0000000000
104240  -51.344  11.501  -0.034 0.0000000000
104241  -52.413  11.533  -0.077 0.0000000000
104242  -53.549  11.650  -0.164 0.0000000000
104243  -54.715  11.889  -0.363 0.0000000000
104244  -55.759  12.078  -0.323 0.0000000000
104245  -56.437  12.319  -0.389 0.0000000000
104246  -62.424  11.619  -0.377 0.0000000000
104247  -63.146  11.277  -0.811 0.0000000000
104249  -38.874  12.153  -1.839 0.0000000000
104250  -39.248  12.053  -1.805 0.0000000000
104251  -40.095  11.890  -1.834 0.0000000000
104252  -40.930  11.913  -2.095 0.0000000000
104253  -50.692  11.770  -0.498 0.0000000000
104254  -51.551  11.699  -0.628 0.0000000000
104255  -52.819  11.798  -0.692 0.0000000000
104256  -53.944  12.016  -0.869 0.0000000000
104257  -54.696  12.262  -1.096 0.0000000000
104258  -62.777  11.941  -0.922 0.0000000000
104259  -63.472  11.496  -1.460 0.0000000000
104260  -64.137  10.964  -1.946 0.0000000000
104264  -35.259  11.321  -2.702 0.0000000000
104265  -36.345  11.587  -2.911 0.0000000000
104266  -37.460  11.580  -2.711 0.0000000000
104267  -38.524  11.854  -2.235 0.0000000000
104268  -39.387  11.442  -2.441 0.0000000000
104269  -40.310  11.345  -2.642 0.0000000000
104270  -41.379  11.541  -2.826 0.0000000000
104271  -42.118  11.672  -3.238 0.0000000000
104272  -63.880  11.629  -2.291 0.0000000000
104273  -64.363  10.713  -2.688 0.0000000000
104281  -35.596  12.120  -3.086 0.0000000000
104282  -36.323  12.384  -3.046 0.0000000000
104283  -38.068  11.120  -2.910 0.0000000000
104284  -38.722  11.021  -3.016 0.0000000000
104285  -39.561  10.883  -3.222 0.0000000000
104286  -40.553  10.925  -3.530 0.0000000000
104287  -41.513  11.197  -3.716 0.0000000000
104288  -42.493  11.522  -3.966 0.0000000000
104289  -43.187  11.747  -4.426 0.0000000000
104290  -64.109  11.577  -3.143 0.0000000000
104291  -64.383  10.690  -3.647 0.0000000000
104298  -41.112  10.720  -3.926 0.0000000000
104299  -41.778  10.953  -4.354 0.0000000000
104300  -42.676  11.285  -5.161 0.0000000000
104301  -43.612  11.770  -5.091 0.0000000000
104302  -64.145  11.385  -4.169 0.0000000000
104303  -64.324  10.601  -4.344 0.0000000000
104310  -42.968  11.086  -6.231 0.0000000000
104311  -43.659  11.551  -6.169 0.0000000000
104312  -44.186  11.837  -6.686 0.0000000000
104313  -57.601  11.234  -6.133 0.0000000000
104314  -58.647  11.240  -6.001 0.0000000000
104315  -59.733  11.114  -5.986 0.0000000000
104316  -60.732  10.842  -6.060 0.0000000000
104317  -61.299  10.642  -6.107 0.0000000000
104318  -64.052  11.243  -5.268 0.0000000000
104319  -64.239  10.839  -4.709 0.0000000000
104325  -43.154  10.917  -6.584 0.0000000000
104326  -43.631  11.126  -7.027 0.0000000000
104327  -44.082  11.628  -7.227 0.0000000000
104328  -52.511  11.329  -7.348 0.0000000000
104329  -53.564  11.408  -7.100 0.0000000000
104330  -54.575  11.361  -7.010 0.0000000000
104331  -55.541  11.364  -6.984 0.0000000000
104332  -56.475  11.419  -6.984 0.0000000000
104333  -57.393  11.445  -6.922 0.0000000000
104334  -58.370  11.474  -6.797 0.0000000000
104335  -59.427  11.435  -6.712 0.0000000000
104336  -60.506  11.236  -6.694 0.0000000000
104337  -61.591  10.827  -6.648 0.0000000000
104338  -62.311  10.764  -6.831 0.0000000000
104339  -63.482  11.176  -6.746 0.0000000000
104340  -63.746  11.657  -6.214 0.0000000000
104344  -43.951  10.971  -7.933 0.0000000000
104345  -44.082  11.453  -7.991 0.0000000000
104346  -52.341  11.431  -8.210 0.0000000000
104347  -53.274  11.518  -7.939 0.0000000000
104348  -54.240  11.561  -7.779 0.0000000000
104349  -55.188  11.550  -7.718 0.0000000000
104350  -56.143  11.571  -7.733 0.0000000000
104351  -57.131  11.619  -7.703 0.0000000000
104352  -58.134  11.666  -7.583 0.0000000000
104353  -59.164  11.679  -7.474 0.0000000000
104354  -60.229  11.581  -7.422 0.0000000000
104355  -61.313  11.359  -7.415 0.0000000000
104356  -62.431  11.120  -7.339 0.0000000000
104357  -63.205  11.392  -7.364 0.0000000000
104358  -63.538  11.876  -7.010 0.0000000000
104362  -44.265  10.811  -8.223 0.0000000000
104363  -44.381  11.060  -8.641 0.0000000000
104364  -50.188  11.388  -9.412 0.0000000000
104365  -51.188  11.612  -9.164 0.0000000000
104366  -52.135  11.673  -8.933 0.0000000000
104367  -53.055  11.739  -8.697 0.0000000000
104368  -53.997  11.775  -8.520 0.0000000000
104369  -54.922  11.766  -8.409 0.0000000000
104370  -55.805  11.773  -8.375 0.0000000000
104371  -56.838  11.952  -8.569 0.0000000000
104372  -57.929  11.937  -8.354 0.0000000000
104373  -58.956  11.960  -8.217 0.0000000000
104374  -59.991  11.906  -8.137 0.0000000000
104375  -61.030  11.821  -8.105 0.0000000000
104376  -62.052  11.684  -8.148 0.0000000000
104377  -62.905  11.761  -7.982 0.0000000000
104378  -63.348  11.988  -7.633 0.0000000000
104384  -44.910  10.985  -9.353 0.0000000000
104385  -45.419  10.985  -9.949 0.0000000000
104386  -48.890  11.269  -10.574 0.0000000000
104387  -49.733  11.607  -10.244 0.0000000000
104388  -50.742  11.998  -10.092 0.0000000000
104389  -51.857  12.009  -9.650 0.0000000000
104390  -52.838  12.076  -9.402 0.0000000000
104391  -53.807  12.101  -9.231 0.0000000000
104392  -54.756  12.060  -9.094 0.0000000000
104393  -55.635  12.030  -8.949 0.0000000000
104394  -56.204  12.010  -8.811 0.0000000000
104399  -45.915  11.084  -10.545 0.0000000000
104400  -46.400  11.217  -11.248 0.0000000000
104401  -48.566  11.448  -11.399 0.0000000000
104402  -49.362  11.855  -11.177 0.0000000000
104403  -50.039  11.979  -10.622 0.0000000000
104408  -46.902  11.381  -12.106 0.0000000000
104409  -47.632  11.449  -12.262 0.0000000000
104410  -48.359  11.640  -12.207 0.0000000000
104411  -48.796  11.749  -11.740 0.0000000000
104415  -46.919  11.739  -12.635 0.0000000000
104416  -47.324  11.763  -12.884 0.0000000000
104417  -47.892  11.735  -12.899 0.0000000000
104421  -47.530  12.022  -13.326 0.0000000000
104422  -47.668  11.888  -13.226 0.0000000000
105279  -55.338  12.068  21.197 0.0000000000
105280  -55.605  12.049  21.212 0.0000000000
105281  -56.304  12.122  21.239 0.0000000000
105282  -57.251  12.219  21.068 0.0000000000
105283  -57.998  12.091  20.893 0.0000000000
105288  -55.340  12.094  21.036 0.0000000000
105289  -55.727  12.106  20.934 0.0000000000
105290  -56.523  12.205  20.838 0.0000000000
105291  -57.262  12.234  20.613 0.0000000000
105292  -58.480  12.028  20.420 0.0000000000
105293  -58.992  11.886  20.033 0.0000000000
105298  -56.028  12.046  20.728 0.0000000000
105299  -56.694  12.095  20.475 0.0000000000
105300  -57.695  12.259  20.103 0.0000000000
105301  -58.515  12.143  19.954 0.0000000000
105302  -59.226  11.719  19.487 0.0000000000
105306  -58.284  12.025  19.566 0.0000000000
105307  -58.866  11.851  19.187 0.0000000000
105308  -59.469  11.598  18.827 0.0000000000
105382  -62.207  12.127  9.556 0.0000000000
105383  -62.661  12.410  9.302 0.0000000000
105384  -63.028  12.572  9.025 0.0000000000
105389  -62.098  12.604  8.751 0.0000000000
105390  -62.716  12.972  8.562 0.0000000000
105391  -63.184  12.849  8.430 0.0000000000
105396  -61.158  12.151  7.550 0.0000000000
105397  -61.763  12.878  7.774 0.0000000000
105398  -62.965  13.321  8.054 0.0000000000
105399  -63.330  13.134  7.580 0.0000000000
105405  -61.143  12.668  6.763 0.0000000000
105406  -61.757  13.371  7.081 0.0000000000
105407  -63.444  13.057  6.627 0.0000000000
105411  -59.989  12.342  5.146 0.0000000000
105412  -60.846  13.131  5.761 0.0000000000
105413  -63.151  12.367  5.263 0.0000000000
105414  -63.387  13.137  5.730 0.0000000000
105417  -58.943  12.012  3.847 0.0000000000
105418  -59.689  12.520  4.321 0.0000000000
105419  -60.364  13.184  4.760 0.0000000000
105420  -62.264  12.085  4.188 0.0000000000
105421  -62.887  12.767  4.514 0.0000000000
105422  -63.274  13.274  4.995 0.0000000000
105426  -58.746  12.326  3.002 0.0000000000
105427  -59.530  12.778  3.513 0.0000000000
105428  -60.071  13.088  4.047 0.0000000000
105429  -62.019  12.473  3.502 0.0000000000
105430  -62.573  12.856  3.943 0.0000000000
105433  -57.932  12.215  1.770 0.0000000000
105434  -58.611  12.539  2.213 0.0000000000
105435  -59.289  12.934  2.609 0.0000000000
105436  -61.049  11.829  2.614 0.0000000000
105437  -61.545  12.498  2.856 0.0000000000
105441  -57.850  12.424  0.922 0.0000000000
105442  -58.592  12.757  1.415 0.0000000000
105443  -59.085  12.987  1.936 0.0000000000
105444  -60.889  11.659  2.147 0.0000000000
105445  -61.221  12.269  1.953 0.0000000000
105449  -57.028  12.433  -0.146 0.0000000000
105450  -57.715  12.614  0.118 0.0000000000
105451  -58.436  12.884  0.503 0.0000000000
105452  -61.443  12.487  0.991 0.0000000000
105453  -61.871  12.620  0.251 0.0000000000
105457  -55.349  12.363  -1.014 0.0000000000
105458  -56.109  12.497  -0.979 0.0000000000
105459  -56.831  12.605  -0.893 0.0000000000
105460  -57.526  12.776  -0.665 0.0000000000
105461  -58.246  13.063  -0.405 0.0000000000
105462  -62.291  12.756  -0.450 0.0000000000
105464  -38.335  12.865  -1.743 0.0000000000
105465  -38.872  12.617  -1.573 0.0000000000
105466  -39.812  12.687  -1.315 0.0000000000
105467  -40.802  12.641  -1.497 0.0000000000
105468  -41.921  12.529  -2.063 0.0000000000
105469  -42.722  13.040  -2.214 0.0000000000
105472  -51.975  11.870  -1.002 0.0000000000
105473  -53.501  12.085  -1.278 0.0000000000
105474  -54.428  12.327  -1.573 0.0000000000
105475  -55.112  12.557  -1.675 0.0000000000
105476  -55.820  12.671  -1.690 0.0000000000
105477  -56.566  12.761  -1.634 0.0000000000
105478  -57.383  12.948  -1.552 0.0000000000
105479  -58.002  13.130  -1.126 0.0000000000
105480  -62.732  12.695  -1.217 0.0000000000
105481  -63.236  12.504  -1.929 0.0000000000
105483  -37.032  12.551  -2.695 0.0000000000
105484  -37.898  12.559  -2.173 0.0000000000
105485  -38.392  12.455  -1.897 0.0000000000
105486  -42.137  11.991  -2.737 0.0000000000
105487  -43.061  12.399  -2.988 0.0000000000
105488  -43.886  12.780  -3.337 0.0000000000
105491  -52.592  12.752  -2.368 0.0000000000
105492  -54.401  12.476  -2.114 0.0000000000
105493  -54.935  12.660  -2.350 0.0000000000
105494  -55.564  12.805  -2.398 0.0000000000
105495  -56.339  12.934  -2.485 0.0000000000
105496  -57.001  12.966  -2.223 0.0000000000
105497  -63.543  12.473  -2.614 0.0000000000
105500  -35.101  12.714  -3.525 0.0000000000
105501  -36.041  12.809  -3.358 0.0000000000
105502  -36.581  12.961  -2.990 0.0000000000
105503  -43.209  11.967  -3.832 0.0000000000
105504  -44.056  12.432  -4.061 0.0000000000
105505  -44.808  12.942  -4.210 0.0000000000
105508  -53.169  13.026  -3.064 0.0000000000
105509  -54.821  12.865  -3.221 0.0000000000
105510  -55.347  12.924  -3.158 0.0000000000
105511  -55.918  12.999  -3.081 0.0000000000
105512  -63.702  12.485  -3.446 0.0000000000
105519  -44.263  12.160  -5.114 0.0000000000
105520  -45.030  12.759  -4.887 0.0000000000
105521  -45.625  13.162  -5.234 0.0000000000
105522  -63.785  12.398  -4.460 0.0000000000
105530  -44.007  11.869  -5.606 0.0000000000
105531  -44.619  12.187  -6.038 0.0000000000
105532  -45.569  12.830  -5.784 0.0000000000
105533  -63.750  12.447  -5.463 0.0000000000
105540  -44.638  12.136  -7.196 0.0000000000
105541  -45.780  12.645  -6.884 0.0000000000
105542  -46.527  13.032  -7.335 0.0000000000
105543  -63.631  12.620  -6.405 0.0000000000
105547  -44.414  12.031  -8.108 0.0000000000
105548  -45.265  12.374  -8.057 0.0000000000
105549  -46.225  12.764  -8.009 0.0000000000
105550  -63.486  12.818  -7.400 0.0000000000
105553  -44.522  11.676  -8.796 0.0000000000
105554  -45.022  12.189  -8.994 0.0000000000
105555  -45.881  12.573  -8.998 0.0000000000
105556  -57.206  12.277  -9.131 0.0000000000
105557  -57.829  12.274  -9.064 0.0000000000
105558  -58.810  12.294  -8.960 0.0000000000
105559  -59.824  12.290  -8.810 0.0000000000
105560  -60.818  12.256  -8.726 0.0000000000
105561  -61.751  12.227  -8.707 0.0000000000
105562  -62.693  12.527  -8.715 0.0000000000
105563  -63.232  12.459  -8.104 0.0000000000
105567  -44.672  11.385  -9.139 0.0000000000
105568  -45.175  11.628  -9.672 0.0000000000
105569  -45.767  12.268  -9.946 0.0000000000
105570  -51.054  12.381  -10.586 0.0000000000
105571  -51.676  12.369  -10.334 0.0000000000
105572  -52.613  12.402  -10.115 0.0000000000
105573  -53.622  12.442  -9.990 0.0000000000
105574  -54.639  12.404  -9.858 0.0000000000
105575  -55.604  12.355  -9.644 0.0000000000
105576  -56.610  12.329  -9.362 0.0000000000
105577  -57.615  12.553  -9.566 0.0000000000
105578  -58.662  12.820  -9.750 0.0000000000
105579  -59.723  12.753  -9.454 0.0000000000
105580  -60.691  12.727  -9.298 0.0000000000
105581  -61.597  12.698  -9.213 0.0000000000
105582  -62.170  12.672  -9.066 0.0000000000
105587  -45.575  11.413  -10.264 0.0000000000
105588  -45.962  11.799  -10.852 0.0000000000
105589  -49.663  12.295  -11.698 0.0000000000
105590  -50.412  12.384  -11.124 0.0000000000
105591  -51.455  12.652  -10.979 0.0000000000
105592  -52.376  12.692  -10.809 0.0000000000
105593  -53.338  12.743  -10.701 0.0000000000
105594  -54.527  12.902  -10.777 0.0000000000
105595  -55.544  12.767  -10.407 0.0000000000
105596  -56.480  12.756  -10.164 0.0000000000
105597  -57.411  12.848  -10.062 0.0000000000
105598  -58.034  12.892  -10.008 0.0000000000
105603  -46.454  11.722  -11.773 0.0000000000
105604  -48.591  11.841  -12.429 0.0000000000
105605  -49.000  12.059  -12.210 0.0000000000
105606  -50.056  12.667  -12.431 0.0000000000
105607  -51.141  12.912  -11.764 0.0000000000
105608  -52.121  12.982  -11.519 0.0000000000
105609  -53.041  13.010  -11.364 0.0000000000
105610  -53.837  13.111  -11.237 0.0000000000
105615  -46.698  11.885  -12.404 0.0000000000
105616  -46.953  12.025  -12.891 0.0000000000
105617  -48.469  11.910  -12.811 0.0000000000
105618  -49.042  12.323  -13.228 0.0000000000
105619  -49.749  12.816  -13.680 0.0000000000
105624  -47.383  12.157  -13.237 0.0000000000
105625  -48.029  12.177  -13.615 0.0000000000
105626  -49.047  12.676  -14.314 0.0000000000
105627  -49.644  12.905  -14.302 0.0000000000
105632  -48.397  12.765  -14.301 0.0000000000
105633  -48.753  12.935  -14.702 0.0000000000
106361  -57.506  12.230  20.671 0.0000000000
106362  -57.736  12.212  20.670 0.0000000000
106367  -57.774  12.273  20.438 0.0000000000
106368  -58.040  12.244  20.450 0.0000000000
106374  -58.011  12.363  20.234 0.0000000000
106375  -58.224  12.229  20.250 0.0000000000
106452  -62.322  13.133  8.162 0.0000000000
106453  -62.621  13.356  7.970 0.0000000000
106458  -62.249  13.445  7.531 0.0000000000
106459  -62.741  13.604  7.308 0.0000000000
106460  -63.127  13.655  6.843 0.0000000000
106467  -61.481  13.457  6.467 0.0000000000
106468  -62.096  13.955  6.615 0.0000000000
106469  -62.750  14.106  6.324 0.0000000000
106470  -63.232  13.866  6.134 0.0000000000
106476  -61.502  13.854  5.978 0.0000000000
106477  -61.880  14.376  5.755 0.0000000000
106478  -62.990  14.408  5.754 0.0000000000
106479  -63.237  14.079  5.240 0.0000000000
106484  -61.162  14.033  5.169 0.0000000000
106485  -61.761  14.649  5.129 0.0000000000
106486  -62.827  13.309  4.069 0.0000000000
106487  -63.158  13.859  4.286 0.0000000000
106492  -60.059  13.274  3.658 0.0000000000
106493  -60.586  13.897  4.015 0.0000000000
106494  -62.090  12.927  3.081 0.0000000000
106495  -62.669  13.548  3.412 0.0000000000
106496  -63.095  14.362  3.686 0.0000000000
106501  -59.973  13.470  3.102 0.0000000000
106502  -60.572  14.337  2.938 0.0000000000
106503  -61.948  13.143  2.605 0.0000000000
106504  -62.481  13.958  2.452 0.0000000000
106507  -59.118  13.185  1.571 0.0000000000
106508  -59.687  13.765  1.936 0.0000000000
106509  -60.577  14.690  2.089 0.0000000000
106510  -61.810  13.274  1.766 0.0000000000
106511  -62.275  14.014  1.552 0.0000000000
106515  -59.077  13.339  1.024 0.0000000000
106516  -59.654  14.068  0.698 0.0000000000
106517  -61.845  13.306  0.995 0.0000000000
106518  -62.154  13.783  0.495 0.0000000000
106520  -39.697  13.998  -0.808 0.0000000000
106521  -39.943  13.988  -0.786 0.0000000000
106523  -59.010  13.478  0.008 0.0000000000
106524  -59.605  14.285  -0.430 0.0000000000
106525  -62.329  13.820  -0.540 0.0000000000
106527  -38.033  13.274  -1.802 0.0000000000
106528  -38.545  13.484  -1.433 0.0000000000
106529  -39.449  13.705  -0.992 0.0000000000
106530  -40.409  13.602  -0.975 0.0000000000
106531  -41.437  13.571  -1.339 0.0000000000
106532  -42.405  13.814  -1.804 0.0000000000
106535  -58.088  13.302  -1.777 0.0000000000
106536  -58.796  13.689  -1.243 0.0000000000
106537  -59.657  14.547  -1.491 0.0000000000
106538  -62.709  13.755  -1.600 0.0000000000
106539  -63.132  13.087  -2.211 0.0000000000
106541  -37.047  13.489  -2.734 0.0000000000
106542  -37.556  13.372  -2.211 0.0000000000
106543  -43.260  13.649  -2.413 0.0000000000
106544  -44.040  13.488  -3.079 0.0000000000
106545  -44.449  13.960  -3.334 0.0000000000
106548  -57.021  13.130  -2.869 0.0000000000
106549  -57.692  13.305  -2.543 0.0000000000
106550  -58.531  13.695  -2.404 0.0000000000
106551  -59.248  14.251  -2.325 0.0000000000
106552  -62.783  14.354  -1.941 0.0000000000
106553  -63.143  13.671  -2.576 0.0000000000
106556  -35.862  13.352  -3.738 0.0000000000
106557  -36.607  13.564  -3.342 0.0000000000
106558  -44.273  13.001  -3.482 0.0000000000
106559  -44.840  13.575  -3.795 0.0000000000
106560  -45.380  14.140  -4.190 0.0000000000
106564  -54.452  13.305  -4.373 0.0000000000
106565  -55.078  13.169  -4.053 0.0000000000
106566  -55.805  13.152  -3.857 0.0000000000
106567  -56.588  13.212  -3.536 0.0000000000
106568  -57.476  13.444  -3.530 0.0000000000
106569  -58.368  13.785  -3.455 0.0000000000
106570  -58.972  14.093  -3.060 0.0000000000
106571  -63.408  13.548  -3.664 0.0000000000
106576  -36.360  13.890  -3.853 0.0000000000
106577  -45.143  13.217  -4.358 0.0000000000
106578  -45.707  13.760  -4.753 0.0000000000
106579  -46.158  14.330  -5.145 0.0000000000
106582  -53.492  13.994  -5.185 0.0000000000
106583  -54.608  13.509  -4.957 0.0000000000
106584  -55.534  13.422  -4.746 0.0000000000
106585  -56.387  13.449  -4.538 0.0000000000
106586  -57.189  13.561  -4.373 0.0000000000
106587  -58.000  13.783  -4.389 0.0000000000
106588  -63.529  13.497  -4.656 0.0000000000
106597  -46.071  13.417  -5.678 0.0000000000
106598  -46.430  14.083  -5.577 0.0000000000
106599  -53.530  14.231  -5.528 0.0000000000
106600  -54.151  14.009  -5.680 0.0000000000
106601  -55.160  13.708  -5.539 0.0000000000
106602  -56.181  13.762  -5.505 0.0000000000
106603  -57.004  13.797  -5.182 0.0000000000
106604  -57.654  13.866  -5.027 0.0000000000
106605  -63.563  13.555  -5.616 0.0000000000
106612  -46.106  13.105  -6.222 0.0000000000
106613  -46.882  13.670  -6.681 0.0000000000
106614  -47.560  14.344  -7.173 0.0000000000
106615  -54.388  14.204  -6.068 0.0000000000
106616  -54.876  14.046  -6.117 0.0000000000
106617  -55.656  13.983  -6.070 0.0000000000
106618  -63.529  13.701  -6.551 0.0000000000
106623  -47.074  13.274  -7.899 0.0000000000
106624  -47.873  14.134  -7.871 0.0000000000
106625  -48.453  14.564  -8.385 0.0000000000
106626  -63.505  13.943  -7.381 0.0000000000
106629  -46.846  12.959  -8.913 0.0000000000
106630  -47.719  13.558  -8.826 0.0000000000
106631  -48.473  14.192  -8.834 0.0000000000
106632  -62.994  13.164  -9.040 0.0000000000
106633  -63.335  13.548  -8.463 0.0000000000
106636  -46.579  12.749  -9.961 0.0000000000
106637  -47.479  13.256  -9.860 0.0000000000
106638  -48.371  13.778  -9.731 0.0000000000
106639  -59.120  13.344  -10.198 0.0000000000
106640  -59.726  13.296  -9.998 0.0000000000
106641  -60.623  13.281  -9.807 0.0000000000
106642  -61.506  13.231  -9.687 0.0000000000
106643  -62.473  13.385  -9.495 0.0000000000
106644  -63.071  13.516  -9.184 0.0000000000
106649  -46.476  12.509  -10.997 0.0000000000
106650  -47.219  13.065  -10.957 0.0000000000
106651  -48.131  13.562  -10.802 0.0000000000
106652  -55.050  13.342  -11.301 0.0000000000
106653  -55.579  13.268  -11.086 0.0000000000
106654  -56.414  13.256  -10.787 0.0000000000
106655  -57.284  13.314  -10.577 0.0000000000
106656  -58.449  13.534  -10.552 0.0000000000
106657  -59.647  13.762  -10.503 0.0000000000
106658  -60.572  13.789  -10.364 0.0000000000
106659  -61.457  13.735  -10.226 0.0000000000
106660  -62.022  13.623  -10.038 0.0000000000
106665  -46.541  12.264  -12.020 0.0000000000
106666  -46.985  12.959  -12.046 0.0000000000
106667  -47.815  13.467  -11.928 0.0000000000
106668  -51.049  13.120  -12.553 0.0000000000
106669  -51.871  13.259  -12.282 0.0000000000
106670  -52.808  13.312  -12.102 0.0000000000
106671  -53.695  13.455  -11.851 0.0000000000
106672  -54.568  13.482  -11.580 0.0000000000
106673  -55.498  13.820  -11.756 0.0000000000
106674  -56.382  13.760  -11.410 0.0000000000
106675  -57.205  13.772  -11.104 0.0000000000
106676  -57.779  13.724  -10.883 0.0000000000
106681  -46.788  12.196  -12.619 0.0000000000
106682  -47.115  12.557  -12.975 0.0000000000
106683  -47.568  13.355  -13.008 0.0000000000
106684  -50.634  13.150  -13.333 0.0000000000
106685  -51.586  13.435  -13.109 0.0000000000
106686  -52.499  13.597  -12.861 0.0000000000
106687  -53.505  13.844  -12.758 0.0000000000
106688  -54.392  13.896  -12.243 0.0000000000
106689  -54.928  13.899  -11.993 0.0000000000
106695  -47.540  12.450  -13.476 0.0000000000
106696  -47.834  12.936  -13.898 0.0000000000
106697  -49.636  13.071  -14.678 0.0000000000
106698  -50.232  13.242  -14.300 0.0000000000
106699  -51.196  13.548  -13.967 0.0000000000
106700  -52.236  13.868  -13.786 0.0000000000
106701  -52.910  13.880  -13.260 0.0000000000
106707  -48.518  13.211  -14.586 0.0000000000
106708  -49.330  13.424  -15.016 0.0000000000
106709  -50.067  13.414  -15.057 0.0000000000
106710  -50.929  13.740  -14.913 0.0000000000
106711  -51.585  13.846  -14.374 0.0000000000
106714  -49.719  13.889  -15.596 0.0000000000
106715  -50.016  13.725  -15.583 0.0000000000
106716  -50.402  13.711  -15.374 0.0000000000
107631  -62.389  14.402  5.971 0.0000000000
107632  -62.671  14.518  5.726 0.0000000000
107638  -62.306  14.649  5.397 0.0000000000
107639  -62.765  14.667  5.081 0.0000000000
107640  -63.074  14.525  4.547 0.0000000000
107646  -61.387  14.572  4.543 0.0000000000
107647  -62.100  14.979  4.531 0.0000000000
107648  -62.770  14.921  4.125 0.0000000000
107649  -63.104  14.604  3.916 0.0000000000
107653  -61.340  14.820  3.714 0.0000000000
107654  -62.173  15.253  3.343 0.0000000000
107655  -62.942  14.782  3.179 0.0000000000
107656  -63.109  14.663  3.611 0.0000000000
107661  -61.270  15.152  2.690 0.0000000000
107662  -61.878  15.652  2.326 0.0000000000
107663  -62.650  14.704  2.198 0.0000000000
107667  -60.246  14.618  1.321 0.0000000000
107668  -61.080  15.452  1.504 0.0000000000
107669  -61.813  15.866  1.603 0.0000000000
107670  -62.476  14.719  1.336 0.0000000000
107674  -60.323  15.042  0.325 0.0000000000
107675  -61.038  15.874  0.423 0.0000000000
107676  -62.425  14.797  0.385 0.0000000000
107678  -39.775  14.304  -0.783 0.0000000000
107679  -40.240  14.395  -0.823 0.0000000000
107681  -60.165  15.086  -0.859 0.0000000000
107682  -60.718  15.748  -0.482 0.0000000000
107683  -62.460  14.881  -0.604 0.0000000000
107685  -37.936  14.142  -1.648 0.0000000000
107686  -38.756  14.372  -1.129 0.0000000000
107687  -39.372  14.491  -0.883 0.0000000000
107688  -40.950  14.499  -1.062 0.0000000000
107689  -41.740  14.566  -1.505 0.0000000000
107690  -42.259  14.790  -1.865 0.0000000000
107693  -60.193  15.183  -1.692 0.0000000000
107694  -60.604  15.757  -1.411 0.0000000000
107695  -62.592  14.965  -1.422 0.0000000000
107697  -36.993  14.304  -2.845 0.0000000000
107698  -37.313  14.215  -2.237 0.0000000000
107699  -42.883  14.713  -2.298 0.0000000000
107700  -43.812  14.653  -2.956 0.0000000000
107701  -44.226  14.181  -3.176 0.0000000000
107703  -59.957  14.942  -2.399 0.0000000000
107704  -60.524  15.721  -2.301 0.0000000000
107705  -62.807  14.930  -2.131 0.0000000000
107706  -63.140  14.742  -2.946 0.0000000000
107708  -36.672  14.416  -3.444 0.0000000000
107709  -44.182  15.157  -3.437 0.0000000000
107710  -44.533  14.628  -3.528 0.0000000000
107711  -45.127  14.636  -4.016 0.0000000000
107714  -59.060  14.247  -3.745 0.0000000000
107715  -59.626  14.671  -3.338 0.0000000000
107716  -60.405  15.478  -3.238 0.0000000000
107717  -63.340  14.630  -3.882 0.0000000000
107721  -45.568  14.667  -4.496 0.0000000000
107722  -45.964  14.720  -4.939 0.0000000000
107726  -58.786  14.212  -4.458 0.0000000000
107727  -59.510  14.651  -4.359 0.0000000000
107728  -60.211  15.213  -4.211 0.0000000000
107729  -63.473  14.605  -4.818 0.0000000000
107735  -46.395  14.838  -5.456 0.0000000000
107738  -54.069  14.303  -6.025 0.0000000000
107739  -56.964  14.043  -5.883 0.0000000000
107740  -57.632  14.112  -5.742 0.0000000000
107741  -58.388  14.247  -5.369 0.0000000000
107742  -59.353  14.723  -5.355 0.0000000000
107743  -59.975  15.075  -4.975 0.0000000000
107744  -63.484  14.676  -5.747 0.0000000000
107751  -46.936  14.733  -6.091 0.0000000000
107752  -47.467  14.779  -6.777 0.0000000000
107754  -54.441  14.452  -6.524 0.0000000000
107755  -55.543  14.307  -6.679 0.0000000000
107756  -56.514  14.258  -6.460 0.0000000000
107757  -57.452  14.381  -6.465 0.0000000000
107758  -58.266  14.563  -6.412 0.0000000000
107759  -58.947  14.707  -6.086 0.0000000000
107760  -63.474  14.822  -6.673 0.0000000000
107766  -47.977  14.895  -7.401 0.0000000000
107767  -48.457  14.978  -8.048 0.0000000000
107769  -54.364  14.851  -7.234 0.0000000000
107770  -55.398  14.722  -7.519 0.0000000000
107771  -56.371  14.591  -7.297 0.0000000000
107772  -57.396  14.695  -7.343 0.0000000000
107773  -57.916  14.638  -6.931 0.0000000000
107774  -63.487  14.995  -7.708 0.0000000000
107780  -49.001  15.026  -8.812 0.0000000000
107781  -49.287  15.526  -9.229 0.0000000000
107782  -55.913  14.995  -8.120 0.0000000000
107783  -56.422  14.886  -7.955 0.0000000000
107784  -56.913  14.805  -7.750 0.0000000000
107785  -63.370  14.787  -8.686 0.0000000000
107793  -49.040  14.481  -9.636 0.0000000000
107794  -49.412  15.241  -9.641 0.0000000000
107795  -62.777  14.058  -9.888 0.0000000000
107796  -63.122  14.207  -9.436 0.0000000000
107803  -48.973  14.174  -10.608 0.0000000000
107804  -49.533  14.887  -10.405 0.0000000000
107805  -58.866  14.196  -11.180 0.0000000000
107806  -59.518  14.240  -11.071 0.0000000000
107807  -60.480  14.297  -10.949 0.0000000000
107808  -61.393  14.285  -10.787 0.0000000000
107809  -62.368  14.426  -10.431 0.0000000000
107810  -62.889  14.383  -9.990 0.0000000000
107814  -48.761  14.015  -11.708 0.0000000000
107815  -49.628  14.743  -11.455 0.0000000000
107816  -49.958  15.088  -11.906 0.0000000000
107817  -55.826  14.255  -12.249 0.0000000000
107818  -56.359  14.260  -12.030 0.0000000000
107819  -57.199  14.290  -11.716 0.0000000000
107820  -58.190  14.244  -11.395 0.0000000000
107821  -59.313  14.727  -11.797 0.0000000000
107822  -60.328  14.793  -11.609 0.0000000000
107823  -61.298  14.835  -11.429 0.0000000000
107824  -61.874  14.790  -11.105 0.0000000000
107828  -48.397  13.941  -12.812 0.0000000000
107829  -49.418  14.578  -12.561 0.0000000000
107830  -49.820  14.891  -12.120 0.0000000000
107831  -53.870  14.242  -13.204 0.0000000000
107832  -54.390  14.283  -12.923 0.0000000000
107833  -55.243  14.301  -12.525 0.0000000000
107834  -56.169  14.631  -12.755 0.0000000000
107835  -57.069  14.693  -12.450 0.0000000000
107836  -58.046  14.737  -12.205 0.0000000000
107837  -58.700  14.744  -12.017 0.0000000000
107841  -48.286  13.647  -13.779 0.0000000000
107842  -48.977  14.319  -13.613 0.0000000000
107843  -52.675  14.252  -14.254 0.0000000000
107844  -53.327  14.266  -13.693 0.0000000000
107845  -54.220  14.540  -13.529 0.0000000000
107846  -55.084  14.715  -13.455 0.0000000000
107847  -55.640  14.672  -13.062 0.0000000000
107852  -48.350  13.414  -14.290 0.0000000000
107853  -48.927  13.962  -14.634 0.0000000000
107854  -51.306  14.159  -15.358 0.0000000000
107855  -51.989  14.233  -14.836 0.0000000000
107856  -53.116  14.643  -14.742 0.0000000000
107857  -54.023  14.779  -14.171 0.0000000000
107858  -54.606  14.796  -13.886 0.0000000000
107863  -49.593  14.205  -15.474 0.0000000000
107864  -50.133  14.318  -15.996 0.0000000000
107865  -50.722  14.118  -15.692 0.0000000000
107866  -51.682  14.589  -15.863 0.0000000000
107867  -52.470  14.665  -15.398 0.0000000000
107871  -50.415  14.817  -16.321 0.0000000000
107872  -50.888  14.672  -16.395 0.0000000000
107873  -51.527  14.928  -16.460 0.0000000000
108886  -62.486  15.339  2.551 0.0000000000
108887  -62.768  15.094  2.501 0.0000000000
108893  -62.242  15.622  1.831 0.0000000000
108894  -62.581  15.218  1.975 0.0000000000
108899  -61.612  15.988  0.951 0.0000000000
108900  -62.129  15.919  1.115 0.0000000000
108901  -62.435  15.416  1.196 0.0000000000
108905  -61.576  16.210  0.297 0.0000000000
108906  -61.966  16.194  0.523 0.0000000000
108907  -62.393  15.787  0.242 0.0000000000
108909  -39.718  14.811  -0.826 0.0000000000
108910  -40.004  14.702  -0.783 0.0000000000
108913  -61.269  16.237  -0.304 0.0000000000
108914  -62.519  15.752  -0.740 0.0000000000
108916  -36.715  15.405  -2.096 0.0000000000
108917  -37.322  15.122  -1.760 0.0000000000
108918  -38.189  15.193  -1.279 0.0000000000
108919  -39.186  15.252  -0.960 0.0000000000
108920  -40.214  15.237  -0.991 0.0000000000
108921  -41.294  15.546  -1.547 0.0000000000
108922  -41.891  15.147  -1.763 0.0000000000
108925  -61.079  16.336  -1.138 0.0000000000
108926  -62.642  15.808  -1.538 0.0000000000
108929  -36.585  15.172  -2.767 0.0000000000
108930  -36.969  14.838  -2.301 0.0000000000
108931  -41.598  16.221  -2.020 0.0000000000
108932  -42.208  15.676  -2.198 0.0000000000
108933  -43.158  15.654  -2.833 0.0000000000
108936  -60.907  16.461  -2.015 0.0000000000
108937  -62.863  15.812  -2.349 0.0000000000
108938  -63.153  15.727  -3.204 0.0000000000
108942  -43.830  15.665  -3.427 0.0000000000
108943  -44.454  15.644  -3.955 0.0000000000
108944  -44.854  15.138  -3.994 0.0000000000
108948  -61.023  16.492  -3.087 0.0000000000
108949  -61.449  16.952  -3.544 0.0000000000
108950  -63.350  15.640  -4.090 0.0000000000
108954  -44.668  16.036  -4.452 0.0000000000
108955  -45.188  15.590  -4.608 0.0000000000
108956  -45.689  15.149  -4.811 0.0000000000
108959  -60.941  15.939  -4.134 0.0000000000
108960  -61.409  16.701  -4.115 0.0000000000
108961  -63.462  15.659  -4.976 0.0000000000
108966  -45.485  16.028  -5.184 0.0000000000
108967  -45.916  15.605  -5.311 0.0000000000
108970  -60.092  15.251  -5.684 0.0000000000
108971  -60.690  15.653  -5.192 0.0000000000
108972  -61.354  16.400  -5.039 0.0000000000
108973  -63.447  15.758  -5.874 0.0000000000
108976  -46.588  15.593  -5.993 0.0000000000
108977  -47.172  15.598  -6.581 0.0000000000
108980  -58.977  14.968  -6.759 0.0000000000
108981  -59.692  15.198  -6.434 0.0000000000
108982  -60.664  15.778  -6.361 0.0000000000
108983  -61.202  16.218  -5.844 0.0000000000
108984  -63.459  15.897  -6.770 0.0000000000
108987  -47.734  15.656  -7.160 0.0000000000
108988  -48.246  15.722  -7.764 0.0000000000
108991  -54.278  15.227  -7.741 0.0000000000
108992  -54.831  14.964  -7.736 0.0000000000
108993  -57.971  15.011  -7.901 0.0000000000
108994  -58.496  15.025  -7.441 0.0000000000
108995  -59.481  15.369  -7.376 0.0000000000
108996  -60.283  15.701  -7.322 0.0000000000
108997  -63.457  16.102  -7.498 0.0000000000
109003  -48.694  15.787  -8.411 0.0000000000
109004  -49.144  15.917  -8.961 0.0000000000
109006  -54.278  15.575  -8.491 0.0000000000
109007  -55.333  15.200  -8.366 0.0000000000
109008  -56.472  15.250  -8.584 0.0000000000
109009  -57.435  15.184  -8.306 0.0000000000
109010  -58.452  15.391  -8.325 0.0000000000
109011  -59.452  15.666  -8.365 0.0000000000
109012  -59.989  15.662  -7.896 0.0000000000
109013  -63.446  15.896  -8.383 0.0000000000
109022  -49.503  15.981  -9.568 0.0000000000
109024  -54.312  15.994  -9.510 0.0000000000
109025  -55.287  15.584  -9.328 0.0000000000
109026  -56.276  15.531  -9.268 0.0000000000
109027  -57.421  15.715  -9.455 0.0000000000
109028  -58.386  15.705  -9.064 0.0000000000
109029  -58.952  15.704  -8.830 0.0000000000
109030  -63.329  15.358  -9.307 0.0000000000
109040  -49.775  15.723  -10.358 0.0000000000
109041  -49.969  15.731  -10.938 0.0000000000
109042  -54.789  16.095  -10.233 0.0000000000
109043  -55.364  15.887  -10.143 0.0000000000
109044  -56.250  15.787  -9.996 0.0000000000
109045  -56.845  15.768  -9.816 0.0000000000
109046  -62.882  15.652  -10.666 0.0000000000
109047  -63.105  14.950  -10.048 0.0000000000
109055  -49.850  15.299  -10.917 0.0000000000
109056  -50.080  15.538  -11.523 0.0000000000
109057  -59.548  15.087  -12.240 0.0000000000
109058  -60.071  15.191  -12.263 0.0000000000
109059  -61.145  15.371  -12.220 0.0000000000
109060  -62.209  15.617  -11.710 0.0000000000
109065  -49.754  14.889  -12.813 0.0000000000
109066  -50.082  15.297  -12.578 0.0000000000
109067  -56.333  14.879  -13.134 0.0000000000
109068  -56.788  15.011  -13.104 0.0000000000
109069  -57.847  15.220  -13.001 0.0000000000
109070  -59.247  15.276  -12.726 0.0000000000
109071  -60.720  15.715  -13.084 0.0000000000
109072  -61.881  16.180  -13.025 0.0000000000
109073  -62.283  16.314  -12.533 0.0000000000
109077  -49.680  14.857  -13.292 0.0000000000
109078  -50.188  15.460  -13.791 0.0000000000
109079  -55.401  14.954  -13.813 0.0000000000
109080  -56.040  15.007  -13.584 0.0000000000
109081  -57.322  15.458  -13.882 0.0000000000
109082  -58.687  15.736  -13.931 0.0000000000
109083  -60.225  16.142  -14.146 0.0000000000
109084  -61.349  16.412  -13.819 0.0000000000
109085  -61.862  16.659  -13.690 0.0000000000
109089  -49.592  14.741  -14.275 0.0000000000
109090  -50.162  15.430  -14.890 0.0000000000
109091  -53.371  14.925  -15.073 0.0000000000
109092  -53.826  15.061  -14.904 0.0000000000
109093  -55.052  15.189  -14.414 0.0000000000
109094  -56.527  15.677  -14.713 0.0000000000
109095  -58.058  16.163  -15.019 0.0000000000
109096  -59.376  16.290  -14.807 0.0000000000
109097  -60.095  16.459  -14.889 0.0000000000
109102  -49.644  14.666  -15.118 0.0000000000
109103  -50.142  15.150  -15.940 0.0000000000
109104  -52.401  14.877  -15.867 0.0000000000
109105  -53.166  15.079  -15.565 0.0000000000
109106  -54.317  15.516  -15.576 0.0000000000
109107  -55.694  16.017  -15.795 0.0000000000
109108  -57.055  16.249  -15.653 0.0000000000
109109  -57.828  16.445  -15.769 0.0000000000
109112  -50.740  15.237  -16.554 0.0000000000
109113  -51.364  15.335  -16.708 0.0000000000
109114  -52.298  15.355  -16.422 0.0000000000
109115  -53.573  15.725  -16.358 0.0000000000
109116  -54.651  16.070  -16.366 0.0000000000
109117  -55.331  16.324  -16.490 0.0000000000
110027  -61.837  16.296  0.188 0.0000000000
110028  -62.061  16.297  0.009 0.0000000000
110029  -62.298  16.209  -0.379 0.0000000000
110033  -61.736  16.369  -0.186 0.0000000000
110034  -62.042  16.516  -0.588 0.0000000000
110035  -62.384  16.358  -1.020 0.0000000000
110039  -36.192  15.981  -2.279 0.0000000000
110040  -36.782  16.021  -1.759 0.0000000000
110041  -37.572  16.076  -1.437 0.0000000000
110042  -38.526  16.198  -1.214 0.0000000000
110043  -39.595  16.307  -1.254 0.0000000000
110044  -40.478  16.140  -1.415 0.0000000000
110047  -61.609  16.575  -0.877 0.0000000000
110048  -62.080  16.819  -1.341 0.0000000000
110049  -62.571  16.548  -1.806 0.0000000000
110053  -36.175  15.704  -2.687 0.0000000000
110054  -40.181  16.796  -1.597 0.0000000000
110055  -40.964  16.717  -1.899 0.0000000000
110056  -41.801  16.887  -2.552 0.0000000000
110057  -42.618  16.405  -2.840 0.0000000000
110061  -61.492  16.940  -1.823 0.0000000000
110062  -62.280  17.124  -2.297 0.0000000000
110063  -62.898  16.702  -2.665 0.0000000000
110064  -63.173  16.525  -3.513 0.0000000000
110069  -42.448  17.065  -3.152 0.0000000000
110070  -43.312  16.683  -3.592 0.0000000000
110071  -43.974  16.176  -3.855 0.0000000000
110074  -61.197  16.900  -2.459 0.0000000000
110075  -61.683  17.168  -3.005 0.0000000000
110076  -63.317  16.487  -4.307 0.0000000000
110081  -43.580  17.149  -4.185 0.0000000000
110082  -44.218  16.694  -4.481 0.0000000000
110083  -44.801  16.244  -4.726 0.0000000000
110085  -61.785  17.157  -4.031 0.0000000000
110086  -63.405  16.577  -5.136 0.0000000000
110092  -44.499  17.147  -5.079 0.0000000000
110093  -45.108  16.688  -5.320 0.0000000000
110094  -45.677  16.244  -5.493 0.0000000000
110097  -61.781  17.035  -4.950 0.0000000000
110098  -63.413  16.687  -6.017 0.0000000000
110103  -45.488  17.159  -5.922 0.0000000000
110104  -46.124  16.662  -6.166 0.0000000000
110105  -46.792  16.130  -6.486 0.0000000000
110108  -61.290  16.434  -6.554 0.0000000000
110109  -61.686  16.860  -6.012 0.0000000000
110110  -63.391  16.762  -6.888 0.0000000000
110114  -46.544  17.185  -6.865 0.0000000000
110115  -47.219  16.699  -7.213 0.0000000000
110116  -47.921  16.230  -7.570 0.0000000000
110119  -61.025  16.318  -7.340 0.0000000000
110120  -61.641  16.901  -7.136 0.0000000000
110121  -63.361  16.735  -7.735 0.0000000000
110126  -47.605  17.278  -7.934 0.0000000000
110127  -48.247  16.806  -8.324 0.0000000000
110128  -48.818  16.338  -8.745 0.0000000000
110130  -60.041  16.161  -8.954 0.0000000000
110131  -60.554  16.215  -8.357 0.0000000000
110132  -61.446  16.878  -8.177 0.0000000000
110133  -63.348  16.722  -8.452 0.0000000000
110137  -48.548  17.368  -9.109 0.0000000000
110138  -49.100  16.866  -9.327 0.0000000000
110141  -57.958  16.110  -10.123 0.0000000000
110142  -58.544  16.105  -9.920 0.0000000000
110143  -59.474  16.168  -9.466 0.0000000000
110144  -60.594  16.676  -9.516 0.0000000000
110145  -61.233  16.885  -9.034 0.0000000000
110146  -63.214  16.618  -9.688 0.0000000000
110147  -63.353  16.391  -9.167 0.0000000000
110152  -49.723  16.636  -10.199 0.0000000000
110153  -50.092  16.381  -10.997 0.0000000000
110156  -55.304  16.227  -10.781 0.0000000000
110157  -56.298  16.153  -10.778 0.0000000000
110158  -57.369  16.163  -10.476 0.0000000000
110159  -58.464  16.455  -10.626 0.0000000000
110160  -59.479  16.696  -10.615 0.0000000000
110161  -60.225  16.793  -10.258 0.0000000000
110162  -63.045  16.544  -10.293 0.0000000000
110163  -63.267  15.932  -9.923 0.0000000000
110171  -50.450  16.414  -12.018 0.0000000000
110175  -56.114  16.512  -11.522 0.0000000000
110176  -57.317  16.664  -11.608 0.0000000000
110177  -58.312  16.722  -11.361 0.0000000000
110178  -59.121  16.840  -11.285 0.0000000000
110179  -62.768  16.506  -11.195 0.0000000000
110188  -50.613  16.381  -13.210 0.0000000000
110191  -55.873  16.862  -12.189 0.0000000000
110192  -56.796  16.875  -12.208 0.0000000000
110193  -62.299  16.666  -12.889 0.0000000000
110194  -62.480  16.687  -12.206 0.0000000000
110202  -50.682  16.324  -14.361 0.0000000000
110203  -61.194  16.659  -14.504 0.0000000000
110204  -61.778  16.903  -14.178 0.0000000000
110205  -62.161  17.002  -13.497 0.0000000000
110206  -62.340  17.036  -12.847 0.0000000000
110213  -50.877  16.399  -15.490 0.0000000000
110214  -51.309  17.153  -15.756 0.0000000000
110215  -59.152  16.516  -15.474 0.0000000000
110216  -59.948  16.601  -15.397 0.0000000000
110217  -60.675  16.725  -15.118 0.0000000000
110218  -61.190  17.343  -14.702 0.0000000000
110219  -61.764  17.338  -14.042 0.0000000000
110226  -50.933  15.951  -16.464 0.0000000000
110227  -51.432  16.861  -16.300 0.0000000000
110228  -56.707  16.489  -16.333 0.0000000000
110229  -57.633  16.636  -16.347 0.0000000000
110230  -58.615  16.695  -16.076 0.0000000000
110231  -59.678  16.836  -16.010 0.0000000000
110232  -60.405  16.974  -15.837 0.0000000000
110233  -60.707  17.378  -15.610 0.0000000000
110237  -51.174  15.691  -16.751 0.0000000000
110238  -51.886  16.401  -16.962 0.0000000000
110239  -53.022  16.246  -16.943 0.0000000000
110240  -54.056  16.403  -16.908 0.0000000000
110241  -55.029  16.579  -16.952 0.0000000000
110242  -56.031  16.665  -16.823 0.0000000000
110243  -57.191  16.919  -16.997 0.0000000000
110244  -58.388  17.291  -17.022 0.0000000000
110245  -59.401  17.284  -16.581 0.0000000000
110246  -60.172  17.332  -16.267 0.0000000000
110247  -60.539  17.362  -16.025 0.0000000000
110252  -52.372  17.071  -17.248 0.0000000000
110253  -52.877  16.965  -17.340 0.0000000000
110254  -53.655  16.843  -17.291 0.0000000000
110255  -54.560  17.060  -17.408 0.0000000000
110256  -55.633  17.200  -17.480 0.0000000000
110257  -56.692  17.354  -17.491 0.0000000000
110258  -57.602  17.507  -17.466 0.0000000000
111177  -36.207  16.699  -1.881 0.0000000000
111178  -36.937  16.864  -1.611 0.0000000000
111179  -37.831  17.015  -1.468 0.0000000000
111180  -38.826  17.201  -1.489 0.0000000000
111181  -39.631  17.137  -1.588 0.0000000000
111186  -39.337  17.690  -1.784 0.0000000000
111187  -40.103  17.565  -2.014 0.0000000000
111188  -40.969  17.617  -2.546 0.0000000000
111189  -41.495  17.548  -2.797 0.0000000000
111192  -62.649  17.153  -2.791 0.0000000000
111193  -62.935  17.144  -3.231 0.0000000000
111194  -63.137  17.006  -3.831 0.0000000000
111199  -41.841  17.724  -3.158 0.0000000000
111200  -42.584  17.633  -3.611 0.0000000000
111203  -62.425  17.265  -3.140 0.0000000000
111204  -62.769  17.241  -3.837 0.0000000000
111205  -63.178  17.120  -4.470 0.0000000000
111209  -43.143  17.633  -4.071 0.0000000000
111210  -43.630  17.635  -4.525 0.0000000000
111213  -62.264  17.313  -3.881 0.0000000000
111214  -62.738  17.357  -4.615 0.0000000000
111215  -63.206  17.250  -5.304 0.0000000000
111220  -44.110  17.637  -4.976 0.0000000000
111221  -44.573  17.634  -5.428 0.0000000000
111224  -62.256  17.325  -4.780 0.0000000000
111225  -62.732  17.435  -5.512 0.0000000000
111226  -63.168  17.299  -6.211 0.0000000000
111231  -45.066  17.641  -5.872 0.0000000000
111232  -45.570  17.646  -6.327 0.0000000000
111234  -62.229  17.312  -5.748 0.0000000000
111235  -62.695  17.425  -6.470 0.0000000000
111236  -63.114  17.262  -7.133 0.0000000000
111242  -46.106  17.677  -6.788 0.0000000000
111243  -46.619  17.701  -7.316 0.0000000000
111245  -62.167  17.301  -6.787 0.0000000000
111246  -62.655  17.342  -7.467 0.0000000000
111247  -63.089  17.167  -8.034 0.0000000000
111254  -47.143  17.757  -7.849 0.0000000000
111255  -47.626  17.799  -8.447 0.0000000000
111257  -62.120  17.255  -7.892 0.0000000000
111258  -62.683  17.260  -8.510 0.0000000000
111259  -63.180  17.045  -8.862 0.0000000000
111266  -48.134  17.855  -9.062 0.0000000000
111267  -48.674  17.986  -9.689 0.0000000000
111269  -61.423  17.130  -9.811 0.0000000000
111270  -62.072  17.282  -9.245 0.0000000000
111271  -62.917  17.088  -9.514 0.0000000000
111272  -63.233  16.871  -9.346 0.0000000000
111278  -49.493  17.744  -10.434 0.0000000000
111279  -49.946  17.090  -10.728 0.0000000000
111281  -60.425  17.092  -11.007 0.0000000000
111282  -61.110  17.201  -10.641 0.0000000000
111283  -61.966  17.383  -10.527 0.0000000000
111284  -62.612  17.117  -10.403 0.0000000000
111287  -49.777  18.191  -11.072 0.0000000000
111288  -50.205  17.580  -11.407 0.0000000000
111291  -58.382  17.026  -12.139 0.0000000000
111292  -59.220  17.111  -12.050 0.0000000000
111293  -60.109  17.213  -11.748 0.0000000000
111294  -61.108  17.413  -11.711 0.0000000000
111295  -61.839  17.487  -11.544 0.0000000000
111296  -62.404  17.175  -11.409 0.0000000000
111301  -50.697  17.483  -12.631 0.0000000000
111305  -56.754  17.217  -12.932 0.0000000000
111306  -57.899  17.214  -12.777 0.0000000000
111307  -59.163  17.387  -12.917 0.0000000000
111308  -60.176  17.511  -12.820 0.0000000000
111309  -61.071  17.598  -12.670 0.0000000000
111310  -61.778  17.559  -12.487 0.0000000000
111311  -62.237  17.297  -12.306 0.0000000000
111318  -51.044  17.491  -13.923 0.0000000000
111319  -51.299  18.135  -14.394 0.0000000000
111323  -56.552  17.490  -13.797 0.0000000000
111324  -57.794  17.540  -13.851 0.0000000000
111325  -59.050  17.663  -13.896 0.0000000000
111326  -60.170  17.674  -13.843 0.0000000000
111327  -61.042  17.749  -13.619 0.0000000000
111328  -61.759  17.576  -13.418 0.0000000000
111329  -62.124  17.352  -12.973 0.0000000000
111336  -51.031  16.940  -14.728 0.0000000000
111337  -51.339  17.654  -15.070 0.0000000000
111341  -57.512  17.855  -14.708 0.0000000000
111342  -58.894  18.095  -14.918 0.0000000000
111343  -60.157  18.083  -14.958 0.0000000000
111344  -60.933  17.870  -14.515 0.0000000000
111345  -61.429  17.619  -14.106 0.0000000000
111351  -51.582  17.802  -16.015 0.0000000000
111354  -57.195  18.249  -15.411 0.0000000000
111355  -58.231  18.283  -15.453 0.0000000000
111356  -60.458  18.216  -15.550 0.0000000000
111357  -60.689  17.936  -15.502 0.0000000000
111362  -51.953  17.733  -16.900 0.0000000000
111363  -52.380  18.292  -17.260 0.0000000000
111364  -58.789  17.764  -17.349 0.0000000000
111365  -59.248  17.712  -17.100 0.0000000000
111366  -59.960  17.793  -16.691 0.0000000000
111367  -60.540  17.733  -16.149 0.0000000000
111372  -52.193  17.221  -17.169 0.0000000000
111373  -52.708  17.792  -17.431 0.0000000000
111374  -53.899  17.718  -17.612 0.0000000000
111375  -55.193  17.889  -17.849 0.0000000000
111376  -56.302  17.935  -17.939 0.0000000000
111377  -57.291  17.992  -17.896 0.0000000000
111378  -58.256  17.955  -17.605 0.0000000000
111379  -58.998  18.038  -17.350 0.0000000000
111380  -59.515  18.039  -17.069 0.0000000000
112428  -36.234  17.547  -1.786 0.0000000000
112429  -37.117  17.756  -1.646 0.0000000000
112430  -38.035  17.893  -1.666 0.0000000000
112431  -38.765  17.998  -1.787 0.0000000000
112564  -59.886  18.312  -15.504 0.0000000000
112565  -60.313  18.278  -15.535 0.0000000000
112574  -58.077  18.511  -16.204 0.0000000000
112575  -59.233  18.434  -15.968 0.0000000000
112576  -60.291  18.306  -15.946 0.0000000000
112577  -60.588  18.068  -16.062 0.0000000000
112587  -57.678  18.846  -17.085 0.0000000000
112588  -58.834  18.482  -16.808 0.0000000000
112589  -59.727  18.241  -16.639 0.0000000000
112590  -60.333  18.066  -16.355 0.0000000000
112601  -56.864  18.620  -18.167 0.0000000000
112602  -57.525  18.678  -17.695 0.0000000000
112603  -58.486  18.363  -17.307 0.0000000000
112604  -59.194  18.255  -17.102 0.0000000000
113763  -57.377  19.101  -17.618 0.0000000000
