#!ascii label  , from subject colin27_FS vox2ras=TkReg
1583
46398  63.871  -31.486  -27.958 0.0000000000
46399  63.137  -31.342  -27.885 0.0000000000
46400  62.391  -31.143  -27.897 0.0000000000
46412  64.322  -31.175  -28.484 0.0000000000
46413  64.153  -31.303  -28.436 0.0000000000
46414  63.512  -31.496  -28.543 0.0000000000
46415  62.364  -31.375  -28.569 0.0000000000
46416  61.562  -31.261  -28.975 0.0000000000
46425  64.265  -31.129  -28.682 0.0000000000
46426  63.990  -31.244  -29.153 0.0000000000
46427  63.200  -31.543  -29.387 0.0000000000
46428  62.162  -31.386  -29.614 0.0000000000
46429  61.258  -31.116  -29.442 0.0000000000
46435  63.688  -31.143  -29.965 0.0000000000
46436  63.029  -31.311  -30.313 0.0000000000
46437  62.233  -31.162  -30.421 0.0000000000
47415  64.163  -30.155  -26.874 0.0000000000
47416  63.388  -30.299  -26.857 0.0000000000
47417  62.825  -30.193  -26.950 0.0000000000
47427  64.320  -30.584  -27.696 0.0000000000
47428  63.797  -30.989  -27.394 0.0000000000
47429  62.648  -30.616  -27.412 0.0000000000
47430  61.368  -30.798  -27.957 0.0000000000
47431  59.924  -30.445  -28.123 0.0000000000
47432  59.198  -30.282  -28.150 0.0000000000
47441  64.400  -30.942  -28.416 0.0000000000
47442  64.232  -31.189  -27.935 0.0000000000
47443  61.470  -31.144  -28.552 0.0000000000
47444  60.576  -30.943  -28.814 0.0000000000
47445  59.176  -30.416  -28.663 0.0000000000
47446  58.597  -30.210  -28.992 0.0000000000
47454  64.277  -30.783  -29.034 0.0000000000
47455  64.065  -30.621  -29.864 0.0000000000
47456  61.445  -31.024  -30.121 0.0000000000
47457  60.559  -30.765  -29.755 0.0000000000
47458  59.641  -30.515  -29.390 0.0000000000
47459  58.932  -30.290  -29.228 0.0000000000
47466  63.613  -30.602  -30.918 0.0000000000
47467  62.684  -30.868  -31.014 0.0000000000
47468  61.725  -30.776  -30.868 0.0000000000
47469  60.782  -30.549  -30.575 0.0000000000
47470  59.739  -30.186  -30.255 0.0000000000
47471  59.037  -30.105  -29.730 0.0000000000
47480  63.444  -30.272  -31.474 0.0000000000
47481  63.059  -30.370  -31.597 0.0000000000
47482  62.074  -30.433  -31.609 0.0000000000
47483  61.076  -30.321  -31.349 0.0000000000
47484  60.186  -30.045  -31.089 0.0000000000
47502  62.543  -30.135  -31.974 0.0000000000
47503  61.985  -30.088  -32.181 0.0000000000
48390  64.519  -28.983  -25.588 0.0000000000
48391  64.184  -29.179  -25.766 0.0000000000
48403  64.467  -29.221  -26.148 0.0000000000
48404  63.737  -29.582  -26.261 0.0000000000
48405  62.771  -29.611  -26.656 0.0000000000
48406  61.942  -29.471  -26.839 0.0000000000
48416  64.424  -29.450  -27.271 0.0000000000
48417  64.193  -28.752  -27.650 0.0000000000
48418  62.358  -29.973  -27.034 0.0000000000
48419  61.497  -29.837  -27.327 0.0000000000
48420  60.285  -29.872  -27.640 0.0000000000
48421  59.113  -29.873  -27.780 0.0000000000
48422  58.175  -29.583  -27.987 0.0000000000
48423  57.428  -29.299  -28.253 0.0000000000
48424  56.927  -29.088  -28.478 0.0000000000
48432  64.408  -30.197  -28.323 0.0000000000
48433  63.934  -29.232  -28.418 0.0000000000
48434  63.388  -28.907  -28.881 0.0000000000
48435  58.716  -30.083  -28.208 0.0000000000
48436  58.125  -29.843  -28.692 0.0000000000
48437  57.307  -29.351  -28.783 0.0000000000
48438  56.868  -29.096  -28.872 0.0000000000
48443  64.359  -30.541  -28.776 0.0000000000
48444  64.258  -29.978  -29.340 0.0000000000
48445  63.547  -29.248  -29.338 0.0000000000
48446  58.372  -29.874  -29.463 0.0000000000
48447  57.517  -29.370  -29.415 0.0000000000
48448  57.085  -29.188  -29.118 0.0000000000
48455  63.949  -29.650  -30.633 0.0000000000
48456  63.766  -29.484  -29.905 0.0000000000
48457  59.439  -29.710  -30.933 0.0000000000
48458  58.584  -29.511  -30.405 0.0000000000
48459  57.981  -29.464  -29.884 0.0000000000
48467  63.445  -29.728  -31.813 0.0000000000
48468  62.944  -30.027  -31.980 0.0000000000
48469  61.295  -30.008  -32.003 0.0000000000
48470  60.449  -29.802  -31.812 0.0000000000
48471  59.680  -29.573  -31.593 0.0000000000
48472  58.982  -29.279  -31.388 0.0000000000
48486  63.140  -29.116  -32.833 0.0000000000
48487  62.481  -29.733  -32.506 0.0000000000
48488  61.459  -29.797  -32.609 0.0000000000
48489  60.646  -29.652  -32.472 0.0000000000
48490  59.736  -29.348  -32.421 0.0000000000
48491  59.286  -29.256  -31.928 0.0000000000
48505  62.405  -29.204  -33.286 0.0000000000
48506  61.575  -29.481  -33.236 0.0000000000
48507  60.717  -29.471  -33.080 0.0000000000
48508  60.212  -29.386  -32.853 0.0000000000
49419  46.071  -28.267  -23.343 0.0000000000
49420  45.613  -29.022  -23.573 0.0000000000
49429  64.892  -28.235  -24.791 0.0000000000
49430  64.573  -28.334  -24.896 0.0000000000
49431  45.928  -28.397  -24.312 0.0000000000
49444  65.380  -28.314  -25.240 0.0000000000
49445  65.033  -28.622  -25.253 0.0000000000
49446  64.115  -28.658  -25.297 0.0000000000
49447  63.158  -28.438  -25.588 0.0000000000
49448  62.374  -28.358  -25.844 0.0000000000
49449  45.946  -28.842  -25.356 0.0000000000
49461  65.374  -28.173  -25.482 0.0000000000
49462  65.096  -28.536  -26.233 0.0000000000
49463  63.697  -29.011  -25.793 0.0000000000
49464  62.989  -28.929  -26.137 0.0000000000
49465  61.814  -28.711  -26.376 0.0000000000
49466  60.624  -28.494  -26.607 0.0000000000
49467  59.611  -28.438  -26.826 0.0000000000
49468  58.599  -28.438  -26.976 0.0000000000
49469  57.613  -28.434  -27.121 0.0000000000
49470  56.674  -28.412  -27.333 0.0000000000
49471  56.000  -28.421  -27.556 0.0000000000
49472  46.355  -28.847  -26.416 0.0000000000
49478  64.546  -28.361  -27.060 0.0000000000
49479  64.091  -28.094  -27.603 0.0000000000
49480  61.256  -29.136  -26.852 0.0000000000
49481  60.443  -29.133  -27.137 0.0000000000
49482  59.397  -29.126  -27.351 0.0000000000
49483  58.389  -29.055  -27.522 0.0000000000
49484  57.475  -28.937  -27.711 0.0000000000
49485  56.615  -28.878  -27.960 0.0000000000
49486  55.681  -28.535  -28.069 0.0000000000
49487  55.123  -28.187  -28.447 0.0000000000
49488  47.039  -28.509  -27.680 0.0000000000
49489  46.719  -28.766  -27.158 0.0000000000
49491  63.685  -28.355  -28.044 0.0000000000
49492  63.240  -28.455  -28.571 0.0000000000
49493  56.410  -28.839  -28.609 0.0000000000
49494  55.724  -28.483  -28.911 0.0000000000
49495  55.048  -28.029  -29.108 0.0000000000
49496  47.385  -28.637  -28.261 0.0000000000
49499  62.826  -28.566  -29.215 0.0000000000
49500  62.308  -28.343  -29.741 0.0000000000
49501  57.245  -29.061  -29.707 0.0000000000
49502  56.698  -28.824  -29.473 0.0000000000
49503  55.582  -28.056  -29.822 0.0000000000
49504  55.022  -27.814  -29.538 0.0000000000
49505  48.275  -28.547  -29.540 0.0000000000
49506  47.820  -28.790  -29.010 0.0000000000
49510  63.657  -28.976  -30.929 0.0000000000
49511  63.109  -28.936  -30.249 0.0000000000
49512  62.168  -28.308  -30.379 0.0000000000
49513  58.099  -29.076  -30.606 0.0000000000
49514  57.528  -28.939  -30.293 0.0000000000
49515  56.398  -28.141  -30.654 0.0000000000
49516  55.742  -27.829  -30.482 0.0000000000
49517  49.274  -28.417  -30.717 0.0000000000
49518  48.710  -28.703  -30.117 0.0000000000
49523  63.657  -28.801  -31.676 0.0000000000
49524  63.170  -28.640  -31.133 0.0000000000
49525  62.681  -28.513  -30.764 0.0000000000
49526  58.151  -28.813  -31.198 0.0000000000
49527  57.051  -28.162  -31.479 0.0000000000
49528  56.568  -27.962  -31.228 0.0000000000
49544  63.707  -28.625  -32.549 0.0000000000
49545  59.202  -29.024  -32.910 0.0000000000
49546  58.724  -28.846  -32.314 0.0000000000
49547  57.784  -28.344  -32.153 0.0000000000
49563  60.670  -29.221  -33.809 0.0000000000
49564  59.704  -29.174  -33.448 0.0000000000
49565  58.647  -28.703  -33.437 0.0000000000
49566  57.817  -28.299  -33.125 0.0000000000
50469  66.071  -27.144  -15.748 0.0000000000
50476  54.169  -26.888  -15.353 0.0000000000
50494  66.110  -26.919  -16.062 0.0000000000
50495  65.715  -27.424  -16.196 0.0000000000
50496  64.883  -27.536  -16.462 0.0000000000
50497  63.723  -27.636  -16.212 0.0000000000
50498  62.693  -27.317  -16.089 0.0000000000
50499  61.767  -27.300  -16.081 0.0000000000
50505  50.920  -27.047  -16.154 0.0000000000
50506  50.099  -27.121  -16.213 0.0000000000
50507  49.182  -27.141  -16.177 0.0000000000
50508  48.287  -27.131  -16.077 0.0000000000
50509  47.749  -27.084  -15.999 0.0000000000
50569  46.618  -27.637  -23.126 0.0000000000
50572  47.172  -27.071  -23.615 0.0000000000
50573  46.467  -27.613  -24.022 0.0000000000
50585  65.537  -27.474  -24.833 0.0000000000
50586  65.248  -27.796  -24.774 0.0000000000
50587  64.477  -27.728  -24.585 0.0000000000
50588  63.492  -27.359  -24.627 0.0000000000
50589  62.466  -27.178  -24.734 0.0000000000
50590  61.555  -27.101  -24.830 0.0000000000
50591  47.146  -27.069  -24.684 0.0000000000
50592  46.443  -27.755  -25.082 0.0000000000
50604  65.572  -27.700  -25.115 0.0000000000
50605  65.352  -28.159  -25.058 0.0000000000
50606  64.028  -28.099  -24.811 0.0000000000
50607  63.293  -27.911  -25.081 0.0000000000
50608  62.220  -27.746  -25.317 0.0000000000
50609  60.977  -27.352  -25.304 0.0000000000
50610  59.999  -27.298  -25.619 0.0000000000
50611  59.065  -27.258  -25.799 0.0000000000
50612  58.114  -27.280  -25.899 0.0000000000
50613  57.142  -27.234  -26.051 0.0000000000
50614  56.108  -27.277  -26.106 0.0000000000
50615  55.081  -27.182  -26.106 0.0000000000
50616  54.264  -26.949  -26.058 0.0000000000
50617  47.187  -27.081  -25.916 0.0000000000
50618  46.493  -27.957  -26.128 0.0000000000
50625  65.632  -27.479  -25.886 0.0000000000
50626  65.024  -27.557  -26.658 0.0000000000
50627  61.634  -28.007  -25.767 0.0000000000
50628  60.803  -27.929  -25.992 0.0000000000
50629  59.819  -27.820  -26.249 0.0000000000
50630  58.829  -27.807  -26.412 0.0000000000
50631  57.835  -27.845  -26.516 0.0000000000
50632  56.816  -27.860  -26.676 0.0000000000
50633  55.636  -27.937  -26.911 0.0000000000
50634  54.478  -27.460  -26.689 0.0000000000
50635  53.612  -26.958  -26.387 0.0000000000
50636  53.083  -26.759  -26.372 0.0000000000
50637  47.057  -27.507  -27.006 0.0000000000
50638  46.649  -28.203  -26.826 0.0000000000
50640  64.344  -27.465  -27.316 0.0000000000
50641  63.429  -27.448  -27.883 0.0000000000
50642  62.826  -27.051  -28.091 0.0000000000
50643  55.500  -28.233  -27.545 0.0000000000
50644  54.755  -27.931  -27.661 0.0000000000
50645  53.745  -27.358  -27.153 0.0000000000
50646  53.082  -26.898  -26.785 0.0000000000
50647  47.288  -27.838  -27.905 0.0000000000
50648  46.866  -28.117  -27.350 0.0000000000
50650  63.185  -27.967  -28.271 0.0000000000
50651  62.480  -27.569  -28.620 0.0000000000
50652  61.747  -27.146  -28.904 0.0000000000
50653  54.488  -27.749  -28.565 0.0000000000
50654  53.655  -27.416  -28.034 0.0000000000
50655  53.111  -27.027  -27.427 0.0000000000
50656  48.144  -27.566  -29.222 0.0000000000
50657  47.686  -27.856  -28.747 0.0000000000
50660  62.227  -28.045  -29.280 0.0000000000
50661  61.548  -27.599  -29.601 0.0000000000
50662  60.808  -27.202  -29.873 0.0000000000
50663  54.921  -27.606  -29.894 0.0000000000
50664  54.513  -27.511  -29.371 0.0000000000
50665  53.880  -27.224  -28.823 0.0000000000
50666  49.028  -27.455  -30.178 0.0000000000
50667  48.529  -27.786  -29.772 0.0000000000
50668  48.025  -28.083  -29.310 0.0000000000
50673  61.523  -27.919  -30.600 0.0000000000
50674  60.889  -27.426  -30.437 0.0000000000
50675  55.784  -27.636  -30.931 0.0000000000
50676  55.167  -27.467  -30.557 0.0000000000
50677  54.311  -27.094  -30.198 0.0000000000
50678  53.877  -26.982  -29.512 0.0000000000
50679  49.871  -27.433  -31.090 0.0000000000
50680  49.408  -27.586  -30.666 0.0000000000
50681  48.943  -27.965  -30.332 0.0000000000
50685  63.715  -28.274  -32.028 0.0000000000
50686  63.218  -28.300  -31.811 0.0000000000
50687  62.236  -28.204  -31.293 0.0000000000
50688  61.266  -27.630  -31.276 0.0000000000
50689  56.647  -27.726  -32.092 0.0000000000
50690  56.188  -27.649  -31.598 0.0000000000
50691  55.265  -27.278  -31.469 0.0000000000
50692  54.431  -26.866  -31.177 0.0000000000
50693  50.696  -27.354  -31.741 0.0000000000
50694  50.178  -27.683  -31.540 0.0000000000
50695  49.692  -28.018  -31.228 0.0000000000
50709  63.916  -28.115  -32.352 0.0000000000
50710  63.582  -27.922  -32.235 0.0000000000
50711  62.581  -27.740  -32.235 0.0000000000
50712  61.778  -27.743  -31.786 0.0000000000
50713  57.015  -27.850  -32.698 0.0000000000
50714  56.153  -27.533  -32.646 0.0000000000
50715  55.324  -27.246  -32.430 0.0000000000
50716  54.584  -26.884  -32.154 0.0000000000
50717  51.782  -27.150  -32.665 0.0000000000
50718  51.046  -27.677  -32.443 0.0000000000
50719  50.510  -27.909  -32.002 0.0000000000
50730  57.040  -27.912  -33.799 0.0000000000
50731  56.263  -27.590  -33.610 0.0000000000
50732  55.353  -27.326  -33.449 0.0000000000
50733  54.281  -26.945  -33.239 0.0000000000
50734  53.104  -27.065  -33.505 0.0000000000
50735  52.161  -27.483  -33.471 0.0000000000
50736  51.531  -27.788  -33.060 0.0000000000
51746  66.212  -26.399  -15.173 0.0000000000
51752  61.074  -26.584  -14.494 0.0000000000
51753  59.979  -26.536  -14.479 0.0000000000
51754  58.928  -26.493  -14.494 0.0000000000
51755  57.894  -26.443  -14.531 0.0000000000
51756  56.755  -26.363  -14.776 0.0000000000
51757  55.685  -26.816  -14.937 0.0000000000
51758  55.061  -27.083  -15.057 0.0000000000
51768  66.222  -26.471  -15.779 0.0000000000
51770  56.513  -25.829  -15.011 0.0000000000
51771  55.966  -26.059  -15.117 0.0000000000
51772  54.909  -26.456  -15.279 0.0000000000
51773  53.905  -26.337  -15.579 0.0000000000
51774  52.809  -26.414  -15.831 0.0000000000
51775  52.153  -26.919  -15.875 0.0000000000
51776  47.354  -26.964  -15.959 0.0000000000
51777  46.774  -27.046  -15.678 0.0000000000
51778  45.810  -26.926  -15.336 0.0000000000
51779  44.928  -26.498  -15.043 0.0000000000
51787  66.036  -26.506  -16.384 0.0000000000
51788  65.431  -26.451  -16.784 0.0000000000
51789  64.330  -26.561  -16.715 0.0000000000
51790  63.181  -26.604  -16.472 0.0000000000
51791  62.130  -26.564  -16.395 0.0000000000
51792  61.137  -26.607  -16.380 0.0000000000
51793  60.160  -26.741  -16.421 0.0000000000
51798  52.408  -25.842  -16.167 0.0000000000
51799  51.686  -26.400  -16.208 0.0000000000
51800  50.580  -26.387  -16.413 0.0000000000
51801  49.637  -26.430  -16.487 0.0000000000
51802  48.702  -26.460  -16.464 0.0000000000
51803  47.765  -26.524  -16.326 0.0000000000
51804  46.903  -26.468  -16.168 0.0000000000
51805  46.374  -26.570  -15.877 0.0000000000
51815  65.291  -25.864  -17.157 0.0000000000
51816  64.892  -26.055  -17.108 0.0000000000
51817  57.718  -25.993  -17.324 0.0000000000
51876  50.207  -26.039  -22.065 0.0000000000
51879  47.916  -26.711  -23.259 0.0000000000
51887  62.081  -25.743  -23.911 0.0000000000
51888  61.562  -25.891  -23.940 0.0000000000
51889  60.710  -26.014  -23.960 0.0000000000
51890  59.800  -26.077  -23.969 0.0000000000
51891  58.911  -25.999  -24.101 0.0000000000
51892  58.208  -26.039  -24.259 0.0000000000
51893  49.524  -25.979  -23.019 0.0000000000
51894  48.765  -26.284  -23.651 0.0000000000
51895  47.916  -26.594  -24.207 0.0000000000
51911  66.316  -25.952  -24.773 0.0000000000
51912  65.768  -26.760  -24.714 0.0000000000
51913  64.887  -26.901  -24.249 0.0000000000
51914  63.866  -26.738  -24.277 0.0000000000
51915  62.620  -26.354  -24.243 0.0000000000
51916  61.576  -26.519  -24.384 0.0000000000
51917  60.599  -26.604  -24.585 0.0000000000
51918  59.553  -26.443  -24.589 0.0000000000
51919  58.695  -26.394  -24.690 0.0000000000
51920  57.866  -26.343  -24.764 0.0000000000
51921  56.987  -26.209  -24.830 0.0000000000
51922  56.035  -26.149  -24.839 0.0000000000
51923  55.071  -26.150  -24.800 0.0000000000
51924  54.115  -26.056  -24.822 0.0000000000
51925  53.169  -25.928  -24.820 0.0000000000
51926  52.226  -25.840  -24.765 0.0000000000
51927  51.238  -25.828  -24.649 0.0000000000
51928  50.045  -25.928  -24.238 0.0000000000
51929  48.868  -26.343  -24.807 0.0000000000
51930  47.956  -26.611  -25.282 0.0000000000
51939  66.458  -26.109  -25.043 0.0000000000
51940  65.994  -26.778  -25.337 0.0000000000
51941  60.081  -26.852  -25.072 0.0000000000
51942  59.293  -26.787  -25.198 0.0000000000
51943  58.409  -26.780  -25.295 0.0000000000
51944  57.500  -26.731  -25.397 0.0000000000
51945  56.539  -26.688  -25.466 0.0000000000
51946  55.554  -26.675  -25.469 0.0000000000
51947  54.602  -26.586  -25.482 0.0000000000
51948  53.644  -26.479  -25.602 0.0000000000
51949  52.746  -26.278  -25.506 0.0000000000
51950  51.864  -26.192  -25.510 0.0000000000
51951  50.858  -26.176  -25.476 0.0000000000
51952  49.798  -26.275  -25.594 0.0000000000
51953  48.810  -26.397  -25.903 0.0000000000
51954  48.058  -26.625  -26.184 0.0000000000
51958  66.417  -26.031  -25.499 0.0000000000
51959  66.084  -26.364  -25.931 0.0000000000
51960  65.480  -26.595  -26.490 0.0000000000
51961  53.109  -26.640  -26.020 0.0000000000
51962  52.549  -26.582  -26.235 0.0000000000
51963  51.630  -26.464  -26.345 0.0000000000
51964  50.642  -26.390  -26.485 0.0000000000
51965  49.627  -26.369  -26.681 0.0000000000
51966  48.673  -26.471  -26.878 0.0000000000
51967  47.795  -26.811  -26.950 0.0000000000
51970  64.746  -26.633  -27.054 0.0000000000
51971  63.942  -26.588  -27.511 0.0000000000
51972  63.079  -26.446  -27.844 0.0000000000
51973  62.401  -26.143  -28.001 0.0000000000
51974  52.391  -26.803  -27.031 0.0000000000
51975  51.518  -26.552  -27.311 0.0000000000
51976  50.471  -26.400  -27.522 0.0000000000
51977  49.437  -26.414  -27.705 0.0000000000
51978  48.474  -26.663  -27.818 0.0000000000
51979  47.729  -27.167  -27.798 0.0000000000
51982  62.482  -26.739  -28.170 0.0000000000
51983  61.805  -26.512  -28.465 0.0000000000
51984  60.994  -26.306  -28.762 0.0000000000
51985  60.371  -26.169  -28.957 0.0000000000
51986  53.370  -27.028  -28.491 0.0000000000
51987  52.630  -26.776  -28.111 0.0000000000
51988  51.383  -26.437  -28.370 0.0000000000
51989  50.270  -26.354  -28.570 0.0000000000
51990  49.213  -26.562  -28.720 0.0000000000
51991  48.222  -27.059  -28.762 0.0000000000
51992  47.705  -27.436  -28.312 0.0000000000
51995  61.322  -26.873  -28.998 0.0000000000
51996  60.731  -26.745  -29.411 0.0000000000
51997  59.844  -26.334  -29.490 0.0000000000
51998  59.156  -26.190  -29.748 0.0000000000
51999  53.245  -26.777  -29.046 0.0000000000
52000  52.275  -26.501  -29.248 0.0000000000
52001  51.141  -26.330  -29.432 0.0000000000
52002  50.059  -26.515  -29.597 0.0000000000
52003  49.032  -26.969  -29.715 0.0000000000
52004  48.462  -27.296  -29.388 0.0000000000
52009  60.280  -26.934  -30.112 0.0000000000
52010  59.507  -26.505  -30.432 0.0000000000
52011  58.764  -26.119  -30.287 0.0000000000
52012  53.910  -26.732  -30.696 0.0000000000
52013  53.248  -26.593  -30.177 0.0000000000
52014  51.979  -26.314  -30.293 0.0000000000
52015  50.912  -26.499  -30.411 0.0000000000
52016  49.918  -26.917  -30.581 0.0000000000
52017  49.341  -27.187  -30.302 0.0000000000
52022  60.281  -27.065  -31.166 0.0000000000
52023  59.429  -26.474  -31.329 0.0000000000
52024  58.969  -26.281  -30.898 0.0000000000
52025  53.551  -26.580  -31.215 0.0000000000
52026  52.620  -26.446  -31.172 0.0000000000
52027  51.629  -26.527  -31.200 0.0000000000
52028  50.784  -26.840  -31.216 0.0000000000
52029  50.293  -27.214  -31.248 0.0000000000
52041  61.200  -27.307  -32.250 0.0000000000
52042  59.979  -26.589  -32.159 0.0000000000
52043  53.900  -26.643  -31.987 0.0000000000
52044  53.073  -26.564  -32.007 0.0000000000
52045  52.164  -26.627  -32.006 0.0000000000
52046  51.345  -26.976  -31.908 0.0000000000
52059  54.090  -26.740  -32.548 0.0000000000
52060  53.520  -26.718  -32.714 0.0000000000
52061  52.618  -26.822  -32.786 0.0000000000
53124  66.170  -26.174  -14.930 0.0000000000
53125  65.824  -26.013  -14.674 0.0000000000
53126  64.983  -26.066  -14.361 0.0000000000
53127  64.010  -25.975  -14.406 0.0000000000
53128  62.954  -25.881  -14.529 0.0000000000
53129  61.850  -25.807  -14.544 0.0000000000
53130  60.755  -25.765  -14.588 0.0000000000
53131  59.697  -25.727  -14.605 0.0000000000
53132  58.680  -25.674  -14.606 0.0000000000
53133  57.714  -25.615  -14.723 0.0000000000
53134  56.967  -25.501  -14.960 0.0000000000
53135  43.927  -25.997  -14.312 0.0000000000
53136  43.552  -25.250  -13.988 0.0000000000
53140  66.292  -25.625  -15.413 0.0000000000
53141  66.062  -25.231  -14.939 0.0000000000
53142  56.346  -25.389  -15.156 0.0000000000
53143  55.521  -25.444  -15.324 0.0000000000
53144  54.543  -25.501  -15.570 0.0000000000
53145  53.486  -25.441  -15.894 0.0000000000
53146  52.863  -25.733  -16.032 0.0000000000
53147  45.184  -26.042  -15.613 0.0000000000
53148  44.267  -25.517  -15.116 0.0000000000
53149  43.707  -24.625  -14.751 0.0000000000
53158  66.269  -25.536  -16.468 0.0000000000
53159  66.007  -26.046  -16.796 0.0000000000
53160  64.317  -25.831  -17.130 0.0000000000
53161  63.529  -25.853  -16.919 0.0000000000
53162  62.512  -25.805  -16.734 0.0000000000
53163  61.468  -25.806  -16.691 0.0000000000
53164  60.442  -25.890  -16.738 0.0000000000
53165  59.432  -26.021  -16.843 0.0000000000
53166  58.770  -26.200  -16.914 0.0000000000
53167  53.205  -24.956  -16.108 0.0000000000
53168  52.727  -25.206  -16.190 0.0000000000
53169  51.902  -25.393  -16.392 0.0000000000
53170  51.028  -25.577  -16.538 0.0000000000
53171  50.111  -25.680  -16.688 0.0000000000
53172  49.185  -25.717  -16.738 0.0000000000
53173  48.230  -25.742  -16.738 0.0000000000
53174  47.229  -25.745  -16.629 0.0000000000
53175  46.046  -25.841  -16.289 0.0000000000
53176  45.049  -25.273  -16.041 0.0000000000
53187  66.236  -24.992  -17.003 0.0000000000
53188  65.788  -25.449  -17.177 0.0000000000
53189  64.848  -25.368  -17.384 0.0000000000
53190  63.837  -25.240  -17.376 0.0000000000
53191  62.859  -25.153  -17.199 0.0000000000
53192  61.825  -25.085  -17.128 0.0000000000
53193  60.783  -25.148  -17.194 0.0000000000
53194  59.731  -25.296  -17.317 0.0000000000
53195  58.375  -25.427  -17.520 0.0000000000
53196  57.248  -25.695  -17.700 0.0000000000
53209  57.911  -24.878  -18.250 0.0000000000
53210  57.383  -25.210  -18.210 0.0000000000
53224  56.079  -25.065  -19.809 0.0000000000
53236  56.166  -24.947  -20.862 0.0000000000
53237  55.328  -25.316  -20.631 0.0000000000
53252  57.266  -24.874  -21.992 0.0000000000
53253  56.410  -25.093  -21.785 0.0000000000
53254  55.522  -25.262  -21.606 0.0000000000
53255  54.582  -25.414  -21.448 0.0000000000
53256  53.570  -25.608  -21.313 0.0000000000
53257  52.464  -25.894  -21.223 0.0000000000
53258  51.545  -25.941  -21.577 0.0000000000
53259  51.004  -26.093  -21.591 0.0000000000
53267  59.401  -24.956  -22.992 0.0000000000
53268  58.551  -25.118  -22.875 0.0000000000
53269  57.643  -25.205  -22.770 0.0000000000
53270  56.722  -25.267  -22.642 0.0000000000
53271  55.807  -25.365  -22.511 0.0000000000
53272  54.863  -25.399  -22.399 0.0000000000
53273  53.882  -25.430  -22.296 0.0000000000
53274  52.872  -25.544  -22.224 0.0000000000
53275  51.862  -25.613  -22.227 0.0000000000
53276  50.821  -25.805  -22.199 0.0000000000
53277  50.091  -25.892  -22.521 0.0000000000
53287  63.385  -25.317  -24.017 0.0000000000
53288  62.558  -25.393  -23.864 0.0000000000
53289  61.640  -25.249  -23.674 0.0000000000
53290  60.824  -25.352  -23.579 0.0000000000
53291  59.992  -25.477  -23.512 0.0000000000
53292  59.119  -25.538  -23.505 0.0000000000
53293  58.135  -25.630  -23.573 0.0000000000
53294  57.103  -25.525  -23.450 0.0000000000
53295  56.153  -25.503  -23.368 0.0000000000
53296  55.202  -25.496  -23.294 0.0000000000
53297  54.237  -25.479  -23.222 0.0000000000
53298  53.255  -25.458  -23.157 0.0000000000
53299  52.269  -25.469  -23.109 0.0000000000
53300  51.295  -25.532  -23.092 0.0000000000
53301  50.396  -25.693  -23.240 0.0000000000
53316  67.383  -24.666  -24.984 0.0000000000
53317  66.921  -25.259  -24.834 0.0000000000
53318  66.154  -25.589  -24.536 0.0000000000
53319  65.290  -25.858  -24.278 0.0000000000
53320  64.218  -25.828  -24.113 0.0000000000
53321  63.336  -25.963  -24.068 0.0000000000
53322  57.467  -25.897  -24.176 0.0000000000
53323  56.549  -25.764  -24.159 0.0000000000
53324  55.595  -25.693  -24.133 0.0000000000
53325  54.633  -25.675  -24.085 0.0000000000
53326  53.669  -25.643  -24.038 0.0000000000
53327  52.704  -25.582  -23.992 0.0000000000
53328  51.736  -25.538  -23.934 0.0000000000
53329  50.829  -25.650  -23.834 0.0000000000
53330  50.406  -25.738  -23.774 0.0000000000
53335  67.351  -24.830  -25.265 0.0000000000
53336  66.880  -25.452  -25.364 0.0000000000
53340  67.240  -24.949  -25.688 0.0000000000
53341  66.709  -25.430  -25.953 0.0000000000
53342  65.994  -25.635  -26.435 0.0000000000
53343  65.199  -25.741  -26.948 0.0000000000
53344  62.676  -25.027  -27.199 0.0000000000
53345  62.169  -25.124  -27.194 0.0000000000
53346  61.392  -25.197  -27.219 0.0000000000
53349  64.371  -25.822  -27.298 0.0000000000
53350  63.649  -25.797  -27.516 0.0000000000
53351  62.807  -25.524  -27.524 0.0000000000
53352  61.799  -25.669  -27.791 0.0000000000
53353  60.813  -25.491  -27.684 0.0000000000
53354  60.054  -25.484  -27.948 0.0000000000
53355  59.351  -25.432  -28.044 0.0000000000
53357  61.199  -25.911  -28.252 0.0000000000
53358  60.535  -25.822  -28.396 0.0000000000
53359  59.747  -25.797  -28.667 0.0000000000
53360  58.838  -25.562  -28.595 0.0000000000
53361  58.220  -25.458  -28.861 0.0000000000
53364  59.231  -25.929  -29.189 0.0000000000
53365  58.583  -25.800  -29.456 0.0000000000
53366  57.763  -25.444  -29.446 0.0000000000
53367  57.134  -25.217  -29.736 0.0000000000
53373  58.183  -25.774  -30.138 0.0000000000
53374  57.540  -25.433  -30.423 0.0000000000
53375  56.851  -25.089  -30.229 0.0000000000
53387  58.948  -26.188  -31.318 0.0000000000
53388  58.390  -25.870  -31.096 0.0000000000
53389  57.594  -25.279  -31.412 0.0000000000
53396  59.083  -26.069  -31.907 0.0000000000
53397  58.363  -25.402  -32.242 0.0000000000
53398  57.543  -24.892  -32.143 0.0000000000
54507  65.512  -25.438  -14.717 0.0000000000
54508  64.806  -25.274  -14.645 0.0000000000
54509  63.781  -25.168  -14.679 0.0000000000
54510  62.674  -25.101  -14.743 0.0000000000
54511  61.563  -25.027  -14.724 0.0000000000
54512  60.490  -25.010  -14.803 0.0000000000
54513  59.460  -24.965  -14.809 0.0000000000
54514  58.479  -24.912  -14.831 0.0000000000
54515  57.591  -24.891  -14.976 0.0000000000
54516  56.884  -24.924  -15.151 0.0000000000
54517  43.567  -24.094  -14.201 0.0000000000
54522  66.309  -24.600  -15.489 0.0000000000
54523  65.682  -24.628  -14.982 0.0000000000
54524  64.665  -24.503  -14.998 0.0000000000
54525  63.561  -24.466  -15.095 0.0000000000
54526  62.425  -24.400  -15.108 0.0000000000
54527  61.321  -24.337  -15.100 0.0000000000
54528  60.265  -24.298  -15.124 0.0000000000
54529  59.255  -24.252  -15.133 0.0000000000
54530  58.278  -24.217  -15.178 0.0000000000
54531  57.304  -24.252  -15.314 0.0000000000
54532  56.226  -24.574  -15.399 0.0000000000
54533  55.162  -24.701  -15.558 0.0000000000
54534  54.291  -24.625  -15.866 0.0000000000
54535  53.574  -24.739  -16.096 0.0000000000
54536  43.945  -24.237  -15.382 0.0000000000
54537  43.625  -23.889  -14.874 0.0000000000
54545  66.535  -24.587  -16.152 0.0000000000
54546  53.828  -24.194  -16.280 0.0000000000
54547  53.070  -24.452  -16.404 0.0000000000
54548  52.206  -24.644  -16.536 0.0000000000
54549  51.369  -24.689  -16.730 0.0000000000
54550  50.549  -24.935  -16.810 0.0000000000
54551  49.709  -25.010  -17.000 0.0000000000
54552  48.771  -25.021  -17.106 0.0000000000
54553  47.780  -24.988  -17.125 0.0000000000
54554  46.721  -24.851  -16.988 0.0000000000
54555  45.536  -24.333  -16.748 0.0000000000
54556  44.520  -24.404  -16.042 0.0000000000
54566  66.540  -24.466  -16.903 0.0000000000
54567  66.166  -24.480  -17.427 0.0000000000
54568  65.355  -24.432  -17.775 0.0000000000
54569  64.218  -24.522  -17.736 0.0000000000
54570  63.199  -24.537  -17.595 0.0000000000
54571  62.207  -24.464  -17.531 0.0000000000
54572  61.147  -24.327  -17.681 0.0000000000
54573  60.136  -24.598  -17.729 0.0000000000
54574  59.228  -24.668  -17.815 0.0000000000
54575  50.889  -24.451  -17.050 0.0000000000
54576  50.315  -24.379  -17.269 0.0000000000
54577  49.368  -24.340  -17.446 0.0000000000
54578  48.390  -24.265  -17.497 0.0000000000
54579  47.412  -24.126  -17.446 0.0000000000
54580  46.461  -23.896  -17.345 0.0000000000
54581  45.815  -23.571  -17.255 0.0000000000
54593  64.613  -24.017  -18.031 0.0000000000
54594  64.092  -23.988  -17.975 0.0000000000
54595  60.384  -24.050  -18.104 0.0000000000
54596  59.590  -24.129  -18.282 0.0000000000
54597  58.455  -24.272  -18.649 0.0000000000
54598  57.496  -24.733  -18.720 0.0000000000
54599  57.009  -25.084  -18.659 0.0000000000
54610  58.184  -23.892  -19.915 0.0000000000
54611  57.533  -24.395  -19.510 0.0000000000
54612  56.847  -24.857  -19.206 0.0000000000
54622  58.256  -23.956  -20.853 0.0000000000
54623  57.593  -24.332  -20.497 0.0000000000
54624  56.843  -24.664  -20.168 0.0000000000
54634  59.235  -23.926  -22.043 0.0000000000
54635  58.645  -24.095  -21.607 0.0000000000
54636  57.810  -24.451  -21.377 0.0000000000
54637  56.997  -24.698  -21.122 0.0000000000
54647  60.338  -24.141  -22.965 0.0000000000
54648  59.712  -24.194  -22.592 0.0000000000
54649  58.928  -24.498  -22.386 0.0000000000
54650  58.125  -24.701  -22.174 0.0000000000
54659  63.884  -24.762  -24.092 0.0000000000
54660  62.974  -24.491  -23.795 0.0000000000
54661  61.945  -24.456  -23.534 0.0000000000
54662  60.958  -24.523  -23.335 0.0000000000
54663  60.176  -24.780  -23.190 0.0000000000
54678  67.635  -24.124  -25.181 0.0000000000
54679  67.321  -24.278  -24.811 0.0000000000
54680  66.636  -24.577  -24.512 0.0000000000
54681  65.677  -24.760  -24.349 0.0000000000
54682  64.723  -24.895  -24.204 0.0000000000
54691  67.567  -24.264  -25.653 0.0000000000
54692  63.362  -24.007  -26.113 0.0000000000
54693  62.281  -24.112  -25.935 0.0000000000
54694  61.158  -24.222  -25.951 0.0000000000
54695  60.011  -24.190  -25.942 0.0000000000
54696  58.894  -24.064  -25.788 0.0000000000
54697  58.286  -23.845  -25.810 0.0000000000
54701  67.251  -24.545  -26.113 0.0000000000
54702  66.564  -24.738  -26.392 0.0000000000
54703  65.715  -24.865  -26.702 0.0000000000
54704  64.593  -24.887  -27.120 0.0000000000
54705  63.627  -24.622  -26.823 0.0000000000
54706  62.692  -24.648  -26.738 0.0000000000
54707  61.694  -24.726  -26.631 0.0000000000
54708  60.518  -24.896  -26.848 0.0000000000
54709  59.254  -24.658  -26.650 0.0000000000
54710  58.046  -24.250  -26.444 0.0000000000
54711  57.371  -24.013  -26.719 0.0000000000
54714  64.058  -25.396  -27.352 0.0000000000
54715  63.635  -25.157  -27.319 0.0000000000
54716  63.081  -24.951  -27.179 0.0000000000
54717  60.249  -25.277  -27.461 0.0000000000
54718  59.644  -25.169  -27.413 0.0000000000
54719  58.514  -25.052  -27.644 0.0000000000
54720  57.238  -24.409  -27.432 0.0000000000
54721  56.619  -24.182  -27.839 0.0000000000
54723  58.301  -25.298  -28.387 0.0000000000
54724  57.676  -25.086  -28.461 0.0000000000
54725  56.763  -24.570  -28.468 0.0000000000
54726  56.153  -24.229  -28.849 0.0000000000
54728  57.153  -25.045  -29.113 0.0000000000
54729  56.559  -24.726  -29.508 0.0000000000
54730  55.848  -24.061  -29.630 0.0000000000
54733  56.991  -25.090  -30.869 0.0000000000
54734  56.340  -24.539  -30.590 0.0000000000
54735  55.693  -23.723  -30.583 0.0000000000
54748  56.890  -24.699  -31.577 0.0000000000
54749  56.130  -23.863  -31.605 0.0000000000
54750  55.620  -23.412  -31.144 0.0000000000
55810  43.556  -23.186  -14.510 0.0000000000
55815  66.719  -23.761  -16.009 0.0000000000
55816  66.282  -23.864  -15.546 0.0000000000
55817  65.524  -23.807  -15.350 0.0000000000
55818  64.484  -23.762  -15.378 0.0000000000
55819  63.347  -23.762  -15.484 0.0000000000
55820  62.208  -23.700  -15.474 0.0000000000
55821  61.116  -23.645  -15.466 0.0000000000
55822  60.076  -23.584  -15.447 0.0000000000
55823  59.068  -23.531  -15.457 0.0000000000
55824  58.047  -23.477  -15.522 0.0000000000
55825  56.844  -23.420  -15.800 0.0000000000
55826  55.579  -23.915  -15.760 0.0000000000
55827  54.908  -24.217  -15.813 0.0000000000
55828  44.111  -23.646  -15.932 0.0000000000
55829  43.705  -23.220  -15.410 0.0000000000
55834  66.863  -23.617  -16.711 0.0000000000
55835  56.633  -22.695  -16.323 0.0000000000
55836  55.818  -23.116  -16.286 0.0000000000
55837  54.673  -23.676  -16.290 0.0000000000
55838  53.557  -23.448  -16.821 0.0000000000
55839  52.413  -23.918  -16.844 0.0000000000
55840  51.819  -24.244  -16.844 0.0000000000
55841  45.316  -23.438  -17.049 0.0000000000
55842  44.605  -23.188  -16.632 0.0000000000
55843  43.972  -23.074  -16.059 0.0000000000
55851  66.682  -23.474  -17.561 0.0000000000
55852  66.004  -23.914  -17.972 0.0000000000
55853  65.589  -23.982  -18.012 0.0000000000
55854  63.498  -23.963  -17.954 0.0000000000
55855  62.562  -23.911  -17.913 0.0000000000
55856  61.675  -23.907  -17.902 0.0000000000
55857  61.267  -23.938  -17.921 0.0000000000
55858  53.357  -22.775  -17.328 0.0000000000
55859  52.600  -23.070  -17.383 0.0000000000
55860  51.330  -23.737  -17.372 0.0000000000
55861  50.031  -23.618  -17.723 0.0000000000
55862  49.005  -23.582  -17.872 0.0000000000
55863  48.055  -23.434  -17.862 0.0000000000
55864  47.123  -23.249  -17.775 0.0000000000
55865  46.282  -23.077  -17.586 0.0000000000
55866  45.583  -22.983  -17.379 0.0000000000
55867  45.114  -23.023  -17.156 0.0000000000
55879  66.792  -23.013  -17.953 0.0000000000
55880  66.373  -23.153  -18.148 0.0000000000
55881  65.311  -23.541  -18.252 0.0000000000
55882  64.021  -23.511  -18.326 0.0000000000
55883  62.913  -23.424  -18.395 0.0000000000
55884  61.905  -23.396  -18.408 0.0000000000
55885  61.023  -23.638  -18.257 0.0000000000
55886  60.097  -23.623  -18.637 0.0000000000
55887  59.340  -23.718  -18.878 0.0000000000
55899  61.292  -23.138  -18.777 0.0000000000
55900  60.612  -23.157  -19.029 0.0000000000
55901  59.762  -23.266  -19.416 0.0000000000
55902  58.949  -23.588  -19.573 0.0000000000
55914  59.389  -23.196  -20.197 0.0000000000
55915  58.797  -23.572  -20.500 0.0000000000
55925  60.126  -22.966  -21.572 0.0000000000
55926  59.450  -23.358  -21.326 0.0000000000
55927  58.755  -23.712  -21.091 0.0000000000
55939  62.019  -22.819  -22.704 0.0000000000
55940  61.475  -23.040  -22.680 0.0000000000
55941  60.400  -23.364  -22.362 0.0000000000
55942  59.660  -23.680  -22.114 0.0000000000
55955  64.335  -23.379  -23.886 0.0000000000
55956  63.793  -23.665  -23.823 0.0000000000
55957  62.412  -23.295  -23.265 0.0000000000
55958  61.267  -23.720  -23.140 0.0000000000
55959  60.689  -23.903  -23.044 0.0000000000
55975  68.191  -22.856  -24.879 0.0000000000
55976  67.925  -23.281  -24.901 0.0000000000
55977  67.152  -23.567  -24.524 0.0000000000
55978  66.169  -23.698  -24.340 0.0000000000
55979  64.888  -23.674  -24.110 0.0000000000
55980  64.316  -24.261  -24.088 0.0000000000
55981  62.755  -22.642  -25.145 0.0000000000
55982  62.314  -22.695  -25.062 0.0000000000
55983  61.367  -22.780  -24.906 0.0000000000
55984  60.361  -22.800  -24.808 0.0000000000
55985  59.455  -22.746  -24.811 0.0000000000
55999  68.237  -22.839  -25.125 0.0000000000
56000  67.982  -23.274  -25.559 0.0000000000
56001  66.794  -23.546  -26.377 0.0000000000
56002  66.258  -23.415  -26.278 0.0000000000
56003  65.269  -23.320  -26.028 0.0000000000
56004  64.161  -23.241  -25.704 0.0000000000
56005  62.973  -23.050  -25.373 0.0000000000
56006  61.788  -23.434  -25.397 0.0000000000
56007  60.706  -23.539  -25.327 0.0000000000
56008  59.616  -23.486  -25.256 0.0000000000
56009  58.363  -23.169  -25.239 0.0000000000
56010  57.631  -22.872  -25.463 0.0000000000
56015  67.619  -23.755  -26.052 0.0000000000
56016  67.132  -23.851  -26.393 0.0000000000
56017  66.353  -24.083  -26.518 0.0000000000
56018  65.450  -24.111  -26.529 0.0000000000
56019  64.416  -24.061  -26.372 0.0000000000
56020  57.950  -23.723  -25.870 0.0000000000
56021  57.309  -23.369  -26.189 0.0000000000
56022  56.692  -22.924  -26.615 0.0000000000
56026  57.055  -23.856  -26.914 0.0000000000
56027  56.512  -23.475  -27.403 0.0000000000
56028  56.107  -23.076  -27.935 0.0000000000
56031  56.286  -24.029  -28.199 0.0000000000
56032  55.850  -23.436  -28.592 0.0000000000
56034  55.489  -23.195  -29.766 0.0000000000
56036  55.390  -22.969  -30.714 0.0000000000
57126  66.665  -23.353  -15.941 0.0000000000
57127  66.299  -23.182  -15.811 0.0000000000
57128  65.410  -23.090  -15.735 0.0000000000
57129  64.312  -23.078  -15.803 0.0000000000
57130  63.158  -23.110  -15.925 0.0000000000
57131  62.026  -23.034  -15.886 0.0000000000
57132  60.949  -22.941  -15.818 0.0000000000
57133  59.921  -22.872  -15.797 0.0000000000
57134  58.924  -22.816  -15.835 0.0000000000
57135  57.965  -22.741  -15.952 0.0000000000
57136  57.294  -22.625  -16.210 0.0000000000
57137  43.434  -22.234  -14.903 0.0000000000
57141  67.458  -22.173  -16.849 0.0000000000
57142  67.086  -22.683  -16.492 0.0000000000
57143  66.292  -22.498  -16.229 0.0000000000
57144  65.298  -22.461  -16.222 0.0000000000
57145  64.161  -22.469  -16.312 0.0000000000
57146  62.999  -22.484  -16.404 0.0000000000
57147  61.876  -22.386  -16.341 0.0000000000
57148  60.810  -22.309  -16.312 0.0000000000
57149  59.798  -22.230  -16.296 0.0000000000
57150  58.835  -22.161  -16.338 0.0000000000
57151  57.954  -22.093  -16.439 0.0000000000
57152  57.123  -22.080  -16.582 0.0000000000
57153  56.135  -22.132  -16.775 0.0000000000
57154  55.081  -22.717  -16.770 0.0000000000
57155  54.373  -23.068  -16.805 0.0000000000
57156  44.464  -22.032  -16.842 0.0000000000
57157  43.796  -22.124  -16.040 0.0000000000
57164  67.588  -22.014  -17.257 0.0000000000
57165  67.206  -22.836  -17.227 0.0000000000
57166  55.915  -21.633  -17.124 0.0000000000
57167  55.341  -21.848  -17.162 0.0000000000
57168  54.198  -22.331  -17.313 0.0000000000
57169  53.094  -22.142  -17.756 0.0000000000
57170  51.858  -22.198  -18.036 0.0000000000
57171  50.622  -22.716  -18.083 0.0000000000
57172  49.564  -22.825  -18.186 0.0000000000
57173  48.653  -22.798  -18.218 0.0000000000
57174  47.818  -22.441  -18.179 0.0000000000
57175  46.820  -22.349  -17.934 0.0000000000
57176  45.977  -22.292  -17.660 0.0000000000
57177  45.124  -22.344  -17.318 0.0000000000
57188  67.590  -21.748  -18.020 0.0000000000
57189  67.107  -22.444  -18.111 0.0000000000
57190  65.833  -22.358  -18.740 0.0000000000
57191  64.452  -22.748  -18.773 0.0000000000
57192  63.286  -22.831  -18.852 0.0000000000
57193  62.260  -22.891  -18.891 0.0000000000
57194  61.682  -22.994  -18.859 0.0000000000
57195  51.566  -21.399  -18.339 0.0000000000
57196  50.926  -21.702  -18.356 0.0000000000
57197  49.993  -21.921  -18.396 0.0000000000
57198  49.076  -22.068  -18.411 0.0000000000
57199  48.472  -22.198  -18.342 0.0000000000
57213  65.403  -21.726  -19.222 0.0000000000
57214  64.653  -22.000  -19.235 0.0000000000
57215  63.632  -22.267  -19.325 0.0000000000
57216  62.536  -22.318  -19.649 0.0000000000
57217  61.337  -22.680  -19.451 0.0000000000
57218  60.303  -22.836  -19.756 0.0000000000
57219  59.798  -22.976  -19.938 0.0000000000
57234  62.293  -22.081  -20.249 0.0000000000
57235  61.651  -22.214  -20.517 0.0000000000
57236  60.630  -22.571  -20.431 0.0000000000
57237  59.893  -22.865  -20.451 0.0000000000
57252  62.233  -21.951  -21.815 0.0000000000
57253  61.583  -22.237  -21.541 0.0000000000
57254  60.731  -22.551  -21.419 0.0000000000
57255  60.106  -22.776  -21.059 0.0000000000
57271  63.133  -22.082  -22.816 0.0000000000
57272  62.439  -22.393  -22.601 0.0000000000
57273  61.783  -22.483  -22.275 0.0000000000
57274  61.136  -22.653  -22.125 0.0000000000
57286  65.080  -22.342  -23.746 0.0000000000
57287  64.352  -22.773  -23.724 0.0000000000
57288  63.351  -22.688  -23.394 0.0000000000
57289  62.805  -22.603  -23.054 0.0000000000
57302  68.278  -22.446  -24.900 0.0000000000
57303  67.652  -22.592  -24.555 0.0000000000
57304  66.770  -22.752  -24.288 0.0000000000
57305  65.708  -22.706  -24.064 0.0000000000
57306  64.994  -22.873  -23.930 0.0000000000
57307  63.660  -21.816  -25.099 0.0000000000
57308  63.050  -22.165  -24.985 0.0000000000
57309  62.046  -21.984  -24.671 0.0000000000
57310  61.034  -21.939  -24.591 0.0000000000
57311  60.038  -21.945  -24.535 0.0000000000
57312  58.994  -22.023  -24.650 0.0000000000
57313  58.364  -21.738  -24.701 0.0000000000
57333  68.360  -22.334  -25.401 0.0000000000
57334  68.138  -22.458  -25.967 0.0000000000
57335  67.266  -22.836  -26.185 0.0000000000
57336  66.173  -22.513  -25.913 0.0000000000
57337  65.012  -22.369  -25.610 0.0000000000
57338  63.835  -22.276  -25.293 0.0000000000
57339  63.267  -22.504  -25.227 0.0000000000
57340  58.339  -22.324  -24.840 0.0000000000
57341  57.746  -22.167  -25.003 0.0000000000
57342  57.173  -21.928  -25.414 0.0000000000
57358  67.803  -23.146  -26.075 0.0000000000
57359  67.496  -23.393  -26.195 0.0000000000
57360  57.296  -22.564  -25.602 0.0000000000
57361  56.776  -22.319  -26.027 0.0000000000
57367  56.400  -22.410  -26.928 0.0000000000
57368  56.224  -22.768  -27.595 0.0000000000
57371  56.256  -22.217  -27.553 0.0000000000
57372  56.050  -22.550  -28.203 0.0000000000
57374  55.666  -22.524  -29.110 0.0000000000
57376  55.422  -22.290  -30.085 0.0000000000
58582  43.422  -21.127  -15.185 0.0000000000
58587  67.463  -21.935  -16.813 0.0000000000
58588  67.069  -21.837  -16.528 0.0000000000
58589  66.227  -21.833  -16.583 0.0000000000
58590  65.188  -21.834  -16.684 0.0000000000
58591  64.036  -21.852  -16.809 0.0000000000
58592  62.870  -21.816  -16.853 0.0000000000
58593  61.753  -21.713  -16.812 0.0000000000
58594  60.696  -21.601  -16.758 0.0000000000
58595  59.692  -21.514  -16.742 0.0000000000
58596  58.740  -21.454  -16.787 0.0000000000
58597  57.836  -21.422  -16.869 0.0000000000
58598  56.973  -21.442  -16.997 0.0000000000
58599  56.334  -21.428  -17.143 0.0000000000
58600  44.212  -21.115  -16.668 0.0000000000
58601  43.699  -20.758  -16.009 0.0000000000
58606  67.450  -21.402  -17.085 0.0000000000
58607  66.976  -21.272  -16.876 0.0000000000
58608  66.174  -21.266  -17.046 0.0000000000
58609  65.115  -21.240  -17.199 0.0000000000
58610  63.934  -21.210  -17.298 0.0000000000
58611  62.759  -21.151  -17.363 0.0000000000
58612  61.631  -21.044  -17.377 0.0000000000
58613  60.568  -20.897  -17.286 0.0000000000
58614  59.567  -20.809  -17.254 0.0000000000
58615  58.615  -20.730  -17.271 0.0000000000
58616  57.686  -20.697  -17.293 0.0000000000
58617  56.797  -20.754  -17.332 0.0000000000
58618  55.886  -20.997  -17.376 0.0000000000
58619  54.877  -21.101  -17.552 0.0000000000
58620  53.817  -21.136  -17.798 0.0000000000
58621  52.665  -21.010  -18.143 0.0000000000
58622  51.994  -21.366  -18.254 0.0000000000
58623  47.355  -21.451  -18.202 0.0000000000
58624  46.478  -21.468  -17.920 0.0000000000
58625  45.664  -21.427  -17.638 0.0000000000
58626  44.868  -21.275  -17.274 0.0000000000
58635  67.564  -21.217  -17.731 0.0000000000
58636  67.217  -21.191  -18.596 0.0000000000
58637  66.743  -21.851  -18.744 0.0000000000
58638  52.331  -20.395  -18.219 0.0000000000
58639  51.896  -20.727  -18.320 0.0000000000
58640  51.168  -20.828  -18.436 0.0000000000
58641  50.366  -20.955  -18.535 0.0000000000
58642  49.427  -21.112  -18.539 0.0000000000
58643  48.392  -21.416  -18.406 0.0000000000
58655  66.833  -20.770  -19.239 0.0000000000
58656  66.179  -21.309  -19.196 0.0000000000
58657  64.879  -21.262  -19.726 0.0000000000
58658  63.805  -21.727  -19.782 0.0000000000
58659  63.181  -22.032  -19.770 0.0000000000
58673  64.558  -20.973  -20.243 0.0000000000
58674  63.864  -21.199  -20.513 0.0000000000
58675  62.832  -21.803  -20.317 0.0000000000
58676  62.236  -22.024  -20.526 0.0000000000
58692  63.577  -21.110  -21.522 0.0000000000
58693  62.872  -21.528  -21.209 0.0000000000
58694  62.195  -21.909  -20.986 0.0000000000
58713  64.402  -21.111  -22.718 0.0000000000
58714  63.639  -21.376  -22.398 0.0000000000
58715  62.894  -21.633  -22.114 0.0000000000
58731  66.648  -21.092  -23.958 0.0000000000
58732  65.675  -21.587  -23.687 0.0000000000
58733  64.729  -21.739  -23.383 0.0000000000
58734  63.872  -21.908  -23.161 0.0000000000
58746  68.478  -21.472  -25.095 0.0000000000
58747  68.027  -21.580  -24.607 0.0000000000
58748  67.212  -21.800  -24.334 0.0000000000
58749  66.402  -21.988  -24.111 0.0000000000
58750  64.491  -20.829  -25.051 0.0000000000
58751  63.847  -21.165  -24.917 0.0000000000
58752  62.777  -21.102  -24.620 0.0000000000
58753  61.738  -21.004  -24.525 0.0000000000
58754  60.722  -20.967  -24.508 0.0000000000
58755  59.729  -20.973  -24.504 0.0000000000
58756  58.831  -20.946  -24.616 0.0000000000
58757  58.058  -21.054  -24.739 0.0000000000
58768  68.364  -21.531  -25.656 0.0000000000
58769  67.932  -21.625  -26.092 0.0000000000
58770  67.051  -21.629  -25.826 0.0000000000
58771  65.916  -21.462  -25.567 0.0000000000
58772  64.681  -21.347  -25.251 0.0000000000
58773  63.984  -21.651  -25.160 0.0000000000
58774  57.440  -21.166  -25.084 0.0000000000
58775  56.887  -21.247  -25.593 0.0000000000
58795  56.469  -21.437  -26.326 0.0000000000
58812  56.237  -21.563  -27.102 0.0000000000
58819  56.217  -21.646  -27.976 0.0000000000
58820  56.057  -21.947  -28.722 0.0000000000
58825  56.783  -21.244  -28.997 0.0000000000
58826  55.952  -21.705  -29.507 0.0000000000
60026  43.303  -20.208  -14.505 0.0000000000
60029  43.472  -20.043  -15.349 0.0000000000
60033  44.103  -20.246  -16.480 0.0000000000
60034  43.745  -19.793  -16.053 0.0000000000
60039  67.270  -21.022  -17.089 0.0000000000
60040  66.965  -20.869  -17.337 0.0000000000
60041  66.171  -20.697  -17.584 0.0000000000
60042  65.046  -20.616  -17.715 0.0000000000
60043  63.837  -20.541  -17.807 0.0000000000
60044  62.662  -20.425  -17.871 0.0000000000
60045  61.507  -20.230  -17.923 0.0000000000
60046  60.390  -20.203  -17.783 0.0000000000
60047  59.437  -20.058  -17.737 0.0000000000
60048  58.462  -19.890  -17.659 0.0000000000
60049  57.463  -19.853  -17.561 0.0000000000
60050  56.477  -19.956  -17.512 0.0000000000
60051  55.497  -20.042  -17.588 0.0000000000
60052  54.496  -20.055  -17.718 0.0000000000
60053  53.503  -20.007  -17.892 0.0000000000
60054  52.681  -19.890  -18.074 0.0000000000
60055  46.910  -20.587  -18.095 0.0000000000
60056  46.192  -20.637  -17.864 0.0000000000
60057  45.453  -20.467  -17.565 0.0000000000
60058  44.655  -20.161  -17.091 0.0000000000
60063  67.358  -20.967  -17.452 0.0000000000
60064  67.112  -20.346  -18.140 0.0000000000
60065  66.082  -20.076  -18.140 0.0000000000
60066  64.946  -20.012  -18.300 0.0000000000
60067  63.747  -19.839  -18.329 0.0000000000
60068  62.620  -19.697  -18.370 0.0000000000
60069  61.786  -19.602  -18.437 0.0000000000
60070  52.078  -19.925  -18.227 0.0000000000
60071  51.489  -20.056  -18.355 0.0000000000
60072  50.786  -20.049  -18.427 0.0000000000
60073  49.903  -20.067  -18.483 0.0000000000
60074  48.870  -20.209  -18.474 0.0000000000
60075  47.808  -20.390  -18.342 0.0000000000
60082  67.044  -20.041  -19.365 0.0000000000
60083  66.242  -20.548  -19.657 0.0000000000
60084  65.635  -20.920  -19.712 0.0000000000
60085  59.243  -20.089  -19.956 0.0000000000
60086  58.434  -20.065  -19.817 0.0000000000
60087  57.506  -20.022  -19.701 0.0000000000
60088  56.525  -19.949  -19.619 0.0000000000
60089  55.546  -19.811  -19.619 0.0000000000
60090  54.591  -19.609  -19.633 0.0000000000
60091  53.722  -19.333  -19.715 0.0000000000
60092  53.241  -19.118  -19.762 0.0000000000
60104  66.960  -19.513  -20.017 0.0000000000
60105  66.248  -19.873  -20.382 0.0000000000
60106  65.164  -20.604  -20.270 0.0000000000
60107  64.456  -20.869  -20.503 0.0000000000
60108  60.489  -20.276  -20.969 0.0000000000
60109  59.799  -20.326  -20.713 0.0000000000
60110  58.819  -20.442  -20.715 0.0000000000
60111  57.879  -20.567  -20.617 0.0000000000
60112  56.887  -20.583  -20.507 0.0000000000
60113  55.881  -20.531  -20.421 0.0000000000
60114  54.867  -20.462  -20.331 0.0000000000
60115  53.865  -20.217  -20.294 0.0000000000
60116  52.840  -19.716  -20.230 0.0000000000
60117  51.796  -19.656  -20.693 0.0000000000
60118  51.292  -19.652  -20.905 0.0000000000
60131  65.807  -19.728  -20.987 0.0000000000
60132  65.207  -20.107  -21.216 0.0000000000
60133  64.349  -20.686  -20.969 0.0000000000
60134  60.808  -20.126  -21.403 0.0000000000
60135  60.140  -20.264  -21.854 0.0000000000
60136  59.164  -20.425  -21.683 0.0000000000
60137  58.203  -20.544  -21.669 0.0000000000
60138  57.204  -20.668  -21.597 0.0000000000
60139  56.190  -20.743  -21.448 0.0000000000
60140  55.182  -20.794  -21.339 0.0000000000
60141  54.162  -20.702  -21.277 0.0000000000
60142  53.133  -20.514  -21.234 0.0000000000
60143  52.134  -20.280  -21.298 0.0000000000
60144  51.201  -19.997  -21.441 0.0000000000
60145  50.671  -19.944  -21.881 0.0000000000
60162  65.733  -19.960  -22.611 0.0000000000
60163  64.974  -20.304  -22.256 0.0000000000
60164  64.245  -20.655  -21.879 0.0000000000
60165  59.876  -19.874  -22.584 0.0000000000
60166  59.326  -20.041  -22.539 0.0000000000
60167  58.498  -20.165  -22.518 0.0000000000
60168  57.468  -20.177  -22.779 0.0000000000
60169  56.425  -20.516  -22.476 0.0000000000
60170  55.452  -20.643  -22.332 0.0000000000
60171  54.472  -20.715  -22.295 0.0000000000
60172  53.450  -20.748  -22.272 0.0000000000
60173  52.433  -20.605  -22.238 0.0000000000
60174  51.561  -20.393  -22.219 0.0000000000
60175  50.891  -20.149  -22.350 0.0000000000
60190  67.626  -19.792  -24.239 0.0000000000
60191  66.967  -20.033  -23.791 0.0000000000
60192  66.089  -20.458  -23.389 0.0000000000
60193  65.203  -20.812  -23.072 0.0000000000
60194  57.051  -19.775  -23.495 0.0000000000
60195  56.494  -20.061  -23.341 0.0000000000
60196  55.630  -20.311  -23.211 0.0000000000
60197  54.751  -20.408  -23.127 0.0000000000
60198  53.786  -20.429  -23.312 0.0000000000
60199  52.744  -20.527  -23.168 0.0000000000
60200  51.679  -20.367  -23.191 0.0000000000
60201  51.178  -20.280  -22.790 0.0000000000
60215  68.349  -20.641  -25.336 0.0000000000
60216  68.184  -20.390  -24.720 0.0000000000
60217  67.493  -20.754  -24.337 0.0000000000
60218  65.338  -19.777  -25.042 0.0000000000
60219  64.638  -20.154  -24.929 0.0000000000
60220  63.514  -20.150  -24.698 0.0000000000
60221  62.483  -20.075  -24.520 0.0000000000
60222  61.445  -19.974  -24.537 0.0000000000
60223  60.410  -19.975  -24.596 0.0000000000
60224  59.453  -19.979  -24.700 0.0000000000
60225  58.539  -19.985  -24.910 0.0000000000
60226  57.860  -20.383  -25.033 0.0000000000
60227  52.991  -20.195  -23.906 0.0000000000
60228  52.169  -20.214  -23.869 0.0000000000
60229  51.636  -20.182  -23.851 0.0000000000
60237  68.176  -20.825  -25.716 0.0000000000
60238  67.706  -20.777  -25.753 0.0000000000
60239  66.826  -20.592  -25.541 0.0000000000
60240  65.590  -20.372  -25.255 0.0000000000
60241  64.843  -20.666  -25.123 0.0000000000
60242  57.974  -19.749  -25.171 0.0000000000
60243  57.380  -20.185  -25.332 0.0000000000
60244  56.615  -20.373  -25.812 0.0000000000
60257  56.174  -20.615  -26.603 0.0000000000
60258  55.873  -20.345  -26.965 0.0000000000
60277  56.122  -20.891  -27.359 0.0000000000
60278  55.837  -20.260  -27.487 0.0000000000
60292  56.238  -20.745  -28.162 0.0000000000
60293  55.812  -20.077  -28.032 0.0000000000
61423  43.096  -19.109  -14.829 0.0000000000
61424  42.817  -18.547  -14.629 0.0000000000
61428  43.419  -19.220  -15.639 0.0000000000
61431  44.185  -19.344  -16.607 0.0000000000
61432  43.691  -19.073  -16.195 0.0000000000
61438  61.047  -19.756  -18.253 0.0000000000
61439  60.283  -19.616  -18.289 0.0000000000
61440  59.323  -19.337  -18.197 0.0000000000
61441  58.220  -18.942  -18.049 0.0000000000
61442  57.096  -19.060  -17.735 0.0000000000
61443  56.110  -19.101  -17.668 0.0000000000
61444  55.129  -19.074  -17.642 0.0000000000
61445  54.139  -19.052  -17.683 0.0000000000
61446  53.190  -19.056  -17.823 0.0000000000
61447  52.284  -19.122  -18.045 0.0000000000
61448  51.672  -19.015  -18.151 0.0000000000
61449  51.260  -18.850  -18.235 0.0000000000
61450  46.575  -20.103  -17.985 0.0000000000
61451  46.103  -19.733  -17.859 0.0000000000
61452  45.326  -19.519  -17.504 0.0000000000
61453  44.723  -19.078  -17.151 0.0000000000
61459  66.702  -19.553  -18.478 0.0000000000
61460  65.933  -19.398  -18.553 0.0000000000
61461  64.843  -19.287  -18.728 0.0000000000
61462  63.670  -19.119  -18.868 0.0000000000
61463  62.501  -19.111  -18.825 0.0000000000
61464  61.361  -19.230  -18.779 0.0000000000
61465  60.254  -19.269  -18.855 0.0000000000
61466  59.204  -19.036  -18.816 0.0000000000
61467  58.253  -18.829  -18.778 0.0000000000
61468  57.685  -18.644  -18.970 0.0000000000
61469  51.758  -19.464  -18.212 0.0000000000
61470  51.252  -19.383  -18.278 0.0000000000
61471  50.535  -19.114  -18.284 0.0000000000
61472  49.431  -19.139  -18.347 0.0000000000
61473  48.300  -19.282  -18.393 0.0000000000
61474  47.072  -19.467  -18.176 0.0000000000
61475  46.347  -18.949  -17.975 0.0000000000
61480  67.139  -19.317  -18.971 0.0000000000
61481  63.255  -18.830  -19.292 0.0000000000
61482  62.498  -18.957  -19.582 0.0000000000
61483  61.296  -19.377  -19.623 0.0000000000
61484  60.052  -19.748  -19.691 0.0000000000
61485  58.896  -19.407  -19.372 0.0000000000
61486  58.007  -19.276  -19.275 0.0000000000
61487  57.099  -19.040  -19.204 0.0000000000
61488  56.132  -19.005  -19.226 0.0000000000
61489  55.229  -18.818  -19.257 0.0000000000
61490  54.328  -18.653  -19.325 0.0000000000
61491  53.447  -18.576  -19.444 0.0000000000
61492  52.753  -18.408  -19.508 0.0000000000
61498  67.324  -19.008  -19.951 0.0000000000
61499  66.827  -19.257  -20.495 0.0000000000
61500  62.960  -19.152  -21.419 0.0000000000
61501  62.422  -19.300  -20.703 0.0000000000
61502  61.051  -19.924  -20.588 0.0000000000
61503  60.385  -20.113  -20.447 0.0000000000
61504  52.906  -18.897  -19.764 0.0000000000
61505  52.162  -18.864  -19.958 0.0000000000
61506  51.180  -19.144  -20.528 0.0000000000
61507  50.394  -18.850  -20.607 0.0000000000
61508  49.893  -18.582  -20.579 0.0000000000
61517  66.781  -18.613  -21.119 0.0000000000
61518  66.190  -19.390  -21.137 0.0000000000
61519  65.698  -19.741  -21.288 0.0000000000
61520  63.240  -18.987  -22.079 0.0000000000
61521  62.441  -19.406  -22.032 0.0000000000
61522  61.420  -19.798  -21.768 0.0000000000
61523  60.743  -20.003  -21.941 0.0000000000
61524  51.008  -19.640  -21.029 0.0000000000
61525  50.446  -19.531  -21.366 0.0000000000
61526  49.750  -18.992  -21.142 0.0000000000
61538  66.729  -18.541  -22.489 0.0000000000
61539  66.202  -19.163  -22.042 0.0000000000
61540  65.599  -19.703  -21.772 0.0000000000
61541  63.397  -18.672  -22.668 0.0000000000
61542  62.608  -18.870  -23.145 0.0000000000
61543  61.524  -19.307  -22.951 0.0000000000
61544  60.483  -19.613  -22.751 0.0000000000
61545  59.500  -19.502  -23.205 0.0000000000
61546  58.638  -19.599  -23.231 0.0000000000
61547  58.065  -19.798  -23.076 0.0000000000
61548  50.248  -19.816  -22.397 0.0000000000
61549  49.428  -19.233  -22.200 0.0000000000
61550  48.829  -18.913  -22.680 0.0000000000
61564  67.937  -19.190  -24.344 0.0000000000
61565  67.268  -18.960  -23.593 0.0000000000
61566  66.465  -19.428  -23.049 0.0000000000
61567  62.145  -18.672  -24.098 0.0000000000
61568  61.357  -18.664  -23.889 0.0000000000
61569  60.654  -18.942  -23.677 0.0000000000
61570  59.834  -19.011  -23.801 0.0000000000
61571  58.745  -18.948  -24.205 0.0000000000
61572  57.616  -19.399  -23.838 0.0000000000
61573  56.579  -19.524  -24.000 0.0000000000
61574  55.723  -19.769  -23.917 0.0000000000
61575  54.853  -19.971  -23.818 0.0000000000
61576  54.293  -20.151  -23.698 0.0000000000
61577  51.204  -20.120  -23.855 0.0000000000
61578  50.623  -20.022  -23.333 0.0000000000
61579  49.654  -19.565  -23.234 0.0000000000
61580  48.962  -19.126  -23.243 0.0000000000
61597  68.131  -20.239  -25.472 0.0000000000
61598  68.243  -19.580  -25.092 0.0000000000
61599  66.306  -18.949  -24.956 0.0000000000
61600  65.306  -19.159  -24.836 0.0000000000
61601  64.218  -19.228  -24.697 0.0000000000
61602  63.219  -19.286  -24.534 0.0000000000
61603  62.291  -19.107  -24.532 0.0000000000
61604  61.126  -19.003  -24.596 0.0000000000
61605  60.062  -19.230  -24.788 0.0000000000
61606  59.257  -19.239  -24.991 0.0000000000
61607  58.385  -19.081  -25.116 0.0000000000
61608  57.509  -18.752  -24.954 0.0000000000
61609  56.677  -18.976  -24.663 0.0000000000
61610  55.804  -19.208  -24.571 0.0000000000
61611  54.931  -19.433  -24.443 0.0000000000
61612  53.780  -19.642  -24.441 0.0000000000
61613  52.486  -19.779  -24.492 0.0000000000
61614  51.531  -19.866  -24.387 0.0000000000
61615  50.673  -19.766  -24.321 0.0000000000
61616  49.719  -19.434  -24.317 0.0000000000
61617  49.201  -19.293  -23.808 0.0000000000
61631  68.003  -20.381  -25.651 0.0000000000
61632  67.676  -19.852  -25.427 0.0000000000
61633  66.625  -19.647  -25.293 0.0000000000
61634  65.834  -19.534  -25.115 0.0000000000
61635  57.741  -19.491  -25.277 0.0000000000
61636  57.212  -19.322  -25.441 0.0000000000
61637  56.174  -19.606  -26.126 0.0000000000
61638  55.674  -19.248  -26.464 0.0000000000
61639  53.361  -19.131  -25.193 0.0000000000
61640  52.729  -19.300  -25.143 0.0000000000
61641  51.771  -19.428  -25.134 0.0000000000
61642  50.837  -19.444  -25.022 0.0000000000
61643  50.257  -19.397  -24.801 0.0000000000
61654  55.922  -20.072  -26.619 0.0000000000
61655  55.642  -19.741  -26.860 0.0000000000
61669  55.508  -19.572  -27.607 0.0000000000
61687  56.155  -20.080  -28.473 0.0000000000
61688  55.616  -19.454  -28.368 0.0000000000
62810  43.124  -18.660  -15.459 0.0000000000
62811  42.790  -18.215  -15.052 0.0000000000
62819  43.329  -18.623  -16.025 0.0000000000
62820  42.971  -18.119  -15.816 0.0000000000
62828  44.274  -18.730  -16.960 0.0000000000
62829  43.686  -18.388  -16.725 0.0000000000
62830  43.225  -18.176  -16.272 0.0000000000
62838  57.919  -18.676  -18.394 0.0000000000
62839  57.474  -18.616  -18.205 0.0000000000
62840  56.655  -18.486  -17.986 0.0000000000
62841  55.732  -18.352  -17.845 0.0000000000
62842  54.760  -18.291  -17.846 0.0000000000
62843  53.789  -18.326  -17.952 0.0000000000
62844  52.830  -18.415  -18.130 0.0000000000
62845  51.816  -18.493  -18.282 0.0000000000
62846  50.992  -18.482  -18.376 0.0000000000
62847  45.800  -19.006  -17.745 0.0000000000
62848  45.193  -18.655  -17.651 0.0000000000
62849  44.341  -18.188  -17.514 0.0000000000
62850  43.783  -17.969  -17.278 0.0000000000
62856  66.625  -18.971  -18.780 0.0000000000
62857  65.859  -18.728  -18.975 0.0000000000
62858  64.825  -18.668  -19.202 0.0000000000
62859  64.026  -18.658  -19.385 0.0000000000
62860  57.702  -18.580  -18.580 0.0000000000
62861  57.075  -18.498  -18.618 0.0000000000
62862  56.183  -18.310  -18.440 0.0000000000
62863  55.312  -18.043  -18.383 0.0000000000
62864  54.377  -18.020  -18.420 0.0000000000
62865  53.433  -18.105  -18.513 0.0000000000
62866  52.422  -18.066  -18.648 0.0000000000
62867  51.214  -17.936  -18.770 0.0000000000
62868  50.086  -18.261  -18.496 0.0000000000
62869  48.852  -18.316  -18.433 0.0000000000
62870  47.743  -18.465  -18.517 0.0000000000
62871  46.751  -18.403  -18.382 0.0000000000
62872  45.815  -18.311  -18.186 0.0000000000
62873  44.951  -17.967  -18.107 0.0000000000
62874  44.491  -17.773  -18.055 0.0000000000
62877  66.732  -18.458  -19.508 0.0000000000
62878  65.763  -18.154  -19.592 0.0000000000
62879  64.744  -18.270  -19.720 0.0000000000
62880  63.676  -18.503  -19.903 0.0000000000
62881  63.045  -18.838  -20.299 0.0000000000
62882  56.492  -18.481  -18.935 0.0000000000
62883  55.743  -18.304  -18.910 0.0000000000
62884  54.881  -17.986  -19.006 0.0000000000
62885  53.949  -18.075  -18.976 0.0000000000
62886  53.042  -18.069  -19.067 0.0000000000
62887  52.088  -17.992  -19.373 0.0000000000
62888  51.151  -17.918  -19.497 0.0000000000
62889  50.622  -17.922  -19.765 0.0000000000
62890  50.119  -17.928  -19.837 0.0000000000
62893  67.013  -18.245  -20.372 0.0000000000
62894  65.370  -17.896  -20.016 0.0000000000
62895  64.781  -18.059  -20.411 0.0000000000
62896  63.614  -18.716  -20.974 0.0000000000
62897  63.035  -18.934  -20.612 0.0000000000
62898  51.528  -18.365  -19.918 0.0000000000
62899  50.901  -18.319  -20.144 0.0000000000
62900  50.286  -18.262  -20.201 0.0000000000
62901  49.674  -18.149  -20.247 0.0000000000
62902  49.088  -18.197  -20.552 0.0000000000
62903  48.531  -18.151  -20.801 0.0000000000
62906  67.040  -18.029  -21.073 0.0000000000
62907  65.606  -17.654  -21.609 0.0000000000
62908  65.039  -17.913  -21.477 0.0000000000
62909  64.038  -18.487  -22.187 0.0000000000
62910  49.400  -18.534  -20.857 0.0000000000
62911  48.835  -18.438  -21.209 0.0000000000
62912  48.175  -18.251  -21.480 0.0000000000
62922  66.886  -18.078  -21.871 0.0000000000
62923  65.603  -17.711  -21.966 0.0000000000
62924  64.939  -17.916  -22.688 0.0000000000
62925  63.694  -18.420  -23.212 0.0000000000
62926  62.899  -18.574  -23.768 0.0000000000
62927  49.214  -18.766  -21.508 0.0000000000
62928  48.649  -18.658  -22.091 0.0000000000
62929  47.857  -18.253  -22.396 0.0000000000
62944  67.597  -18.348  -23.835 0.0000000000
62945  67.290  -18.082  -22.954 0.0000000000
62946  64.501  -18.013  -23.802 0.0000000000
62947  63.417  -18.395  -24.002 0.0000000000
62948  62.737  -18.696  -24.161 0.0000000000
62949  60.667  -18.758  -24.199 0.0000000000
62950  60.128  -18.802  -24.292 0.0000000000
62951  59.458  -18.840  -24.519 0.0000000000
62952  58.993  -18.873  -24.735 0.0000000000
62953  48.324  -18.591  -23.153 0.0000000000
62954  47.642  -17.892  -23.320 0.0000000000
62968  67.650  -18.558  -24.569 0.0000000000
62969  66.772  -18.354  -24.629 0.0000000000
62970  65.872  -18.391  -24.609 0.0000000000
62971  64.959  -18.373  -24.451 0.0000000000
62972  63.864  -18.608  -24.366 0.0000000000
62973  63.080  -18.802  -24.319 0.0000000000
62974  60.837  -18.811  -24.309 0.0000000000
62975  60.417  -18.881  -24.521 0.0000000000
62976  59.753  -18.891  -24.763 0.0000000000
62977  59.210  -18.904  -24.894 0.0000000000
62978  56.998  -18.806  -25.303 0.0000000000
62979  56.618  -18.808  -25.292 0.0000000000
62980  55.823  -18.786  -25.216 0.0000000000
62981  54.987  -18.927  -25.033 0.0000000000
62982  54.420  -19.162  -24.833 0.0000000000
62983  49.305  -18.902  -24.831 0.0000000000
62984  48.716  -18.697  -24.300 0.0000000000
62985  48.020  -18.166  -23.954 0.0000000000
63004  67.917  -19.053  -25.228 0.0000000000
63005  67.259  -18.951  -25.125 0.0000000000
63006  57.133  -18.888  -25.336 0.0000000000
63007  56.695  -18.959  -25.546 0.0000000000
63008  55.766  -18.837  -25.995 0.0000000000
63009  54.905  -18.613  -25.762 0.0000000000
63010  53.967  -18.756  -25.399 0.0000000000
63011  52.952  -18.741  -25.630 0.0000000000
63012  52.045  -18.869  -25.717 0.0000000000
63013  51.055  -18.945  -25.692 0.0000000000
63014  49.896  -18.796  -25.395 0.0000000000
63015  49.043  -18.485  -25.154 0.0000000000
63029  55.219  -19.013  -26.965 0.0000000000
63030  54.752  -18.518  -26.584 0.0000000000
63031  54.038  -18.192  -26.363 0.0000000000
63032  53.266  -18.300  -26.174 0.0000000000
63033  52.384  -18.320  -26.240 0.0000000000
63034  51.420  -18.373  -26.278 0.0000000000
63035  50.495  -18.358  -26.186 0.0000000000
63051  55.091  -18.914  -27.894 0.0000000000
63052  54.589  -18.315  -27.436 0.0000000000
63053  54.232  -18.072  -26.981 0.0000000000
63070  55.285  -18.744  -28.553 0.0000000000
63071  54.778  -18.247  -28.283 0.0000000000
64221  42.582  -17.404  -15.552 0.0000000000
64222  43.420  -17.762  -17.133 0.0000000000
64223  42.905  -17.566  -16.559 0.0000000000
64226  44.174  -17.637  -18.038 0.0000000000
64227  43.650  -17.521  -17.756 0.0000000000
64228  43.076  -17.332  -17.349 0.0000000000
64232  50.762  -17.737  -19.185 0.0000000000
64233  50.228  -17.702  -18.976 0.0000000000
64234  49.262  -17.728  -18.877 0.0000000000
64235  48.205  -17.809  -18.905 0.0000000000
64236  47.185  -17.803  -18.917 0.0000000000
64237  46.209  -17.705  -18.854 0.0000000000
64238  45.320  -17.600  -18.736 0.0000000000
64239  44.412  -17.362  -18.639 0.0000000000
64240  43.900  -17.382  -18.281 0.0000000000
64244  66.709  -17.954  -20.092 0.0000000000
64245  66.409  -17.994  -19.826 0.0000000000
64246  50.749  -17.767  -19.447 0.0000000000
64247  50.360  -17.749  -19.436 0.0000000000
64248  49.552  -17.801  -19.618 0.0000000000
64249  48.538  -17.729  -19.598 0.0000000000
64250  47.518  -17.641  -19.658 0.0000000000
64251  46.529  -17.487  -19.649 0.0000000000
64252  45.452  -17.219  -19.653 0.0000000000
64253  44.929  -17.252  -19.160 0.0000000000
64258  66.731  -17.806  -20.737 0.0000000000
64259  66.065  -17.666  -20.265 0.0000000000
64260  65.452  -17.796  -20.322 0.0000000000
64261  49.290  -17.986  -20.129 0.0000000000
64262  48.808  -17.913  -20.199 0.0000000000
64263  47.778  -17.913  -20.661 0.0000000000
64264  46.753  -17.576  -20.511 0.0000000000
64265  45.935  -17.253  -20.516 0.0000000000
64269  66.779  -17.827  -21.445 0.0000000000
64270  66.085  -17.572  -21.433 0.0000000000
64271  65.506  -17.724  -20.742 0.0000000000
64272  47.474  -18.015  -21.747 0.0000000000
64273  46.628  -17.551  -21.678 0.0000000000
64274  46.186  -17.371  -21.082 0.0000000000
64277  66.763  -17.751  -22.271 0.0000000000
64278  66.069  -17.488  -22.679 0.0000000000
64279  65.468  -17.686  -23.406 0.0000000000
64280  47.201  -17.666  -22.561 0.0000000000
64281  46.622  -17.057  -22.746 0.0000000000
64292  67.421  -17.952  -23.524 0.0000000000
64293  67.017  -17.677  -23.310 0.0000000000
64294  66.249  -17.578  -23.685 0.0000000000
64295  65.491  -17.796  -24.062 0.0000000000
64296  47.132  -17.069  -23.425 0.0000000000
64297  46.687  -16.666  -23.246 0.0000000000
64309  67.478  -17.958  -23.884 0.0000000000
64310  66.998  -17.843  -24.118 0.0000000000
64311  66.196  -17.897  -24.290 0.0000000000
64312  65.638  -18.058  -24.363 0.0000000000
64313  48.198  -17.951  -24.481 0.0000000000
64314  47.697  -17.333  -24.297 0.0000000000
64331  49.188  -18.134  -25.616 0.0000000000
64332  48.456  -17.536  -25.297 0.0000000000
64333  47.879  -16.925  -24.896 0.0000000000
64342  53.425  -18.019  -26.629 0.0000000000
64343  52.808  -17.868  -26.750 0.0000000000
64344  51.825  -17.787  -26.818 0.0000000000
64345  50.770  -17.809  -26.783 0.0000000000
64346  49.517  -17.557  -26.426 0.0000000000
64347  48.689  -17.021  -26.157 0.0000000000
64361  54.165  -17.867  -27.362 0.0000000000
64362  53.564  -17.721  -27.183 0.0000000000
64363  52.370  -17.190  -27.488 0.0000000000
64364  51.206  -17.191  -27.343 0.0000000000
64365  50.316  -17.209  -27.158 0.0000000000
64366  49.802  -16.855  -27.181 0.0000000000
64385  54.158  -17.624  -27.929 0.0000000000
64386  53.279  -17.047  -27.948 0.0000000000
64387  52.570  -16.690  -28.084 0.0000000000
65629  42.234  -16.415  -16.152 0.0000000000
65631  43.062  -16.997  -17.852 0.0000000000
65632  42.566  -16.614  -17.336 0.0000000000
65634  43.992  -16.851  -19.096 0.0000000000
65635  43.443  -16.814  -18.569 0.0000000000
65636  42.798  -16.510  -18.119 0.0000000000
65640  44.940  -16.771  -20.108 0.0000000000
65641  44.498  -16.781  -19.607 0.0000000000
65642  43.668  -16.333  -19.487 0.0000000000
65645  45.238  -16.769  -20.619 0.0000000000
65646  44.558  -16.289  -20.567 0.0000000000
65647  43.990  -16.125  -20.137 0.0000000000
65653  46.126  -16.861  -22.348 0.0000000000
65654  45.625  -16.755  -21.648 0.0000000000
65655  44.947  -16.255  -21.245 0.0000000000
65661  46.209  -16.259  -23.048 0.0000000000
65662  45.826  -16.401  -22.457 0.0000000000
65673  47.265  -16.617  -24.063 0.0000000000
65674  46.804  -16.262  -23.743 0.0000000000
65684  47.520  -16.255  -24.669 0.0000000000
65685  47.145  -16.169  -24.208 0.0000000000
65700  48.331  -16.287  -25.913 0.0000000000
65701  47.979  -16.523  -25.246 0.0000000000
65714  49.348  -16.705  -26.983 0.0000000000
65715  48.868  -16.459  -26.680 0.0000000000
65727  52.130  -16.676  -27.949 0.0000000000
65728  51.553  -16.598  -27.840 0.0000000000
65729  50.452  -16.377  -27.708 0.0000000000
65730  49.562  -16.254  -27.373 0.0000000000
65731  49.171  -16.280  -27.093 0.0000000000
67022  42.011  -15.564  -17.032 0.0000000000
67031  42.830  -16.246  -18.530 0.0000000000
67032  42.406  -15.689  -18.159 0.0000000000
67040  42.932  -15.823  -19.114 0.0000000000
67041  42.495  -15.082  -18.958 0.0000000000
67049  44.036  -15.650  -20.664 0.0000000000
67050  43.399  -15.341  -20.160 0.0000000000
67058  45.056  -15.870  -21.865 0.0000000000
67059  44.431  -15.421  -21.445 0.0000000000
67060  43.805  -15.048  -20.982 0.0000000000
67067  46.003  -15.601  -23.200 0.0000000000
67068  45.542  -15.601  -22.668 0.0000000000
67069  44.904  -15.185  -22.200 0.0000000000
67081  46.418  -15.384  -23.675 0.0000000000
67082  45.945  -15.109  -23.320 0.0000000000
67089  47.479  -15.328  -24.848 0.0000000000
67090  47.043  -15.516  -24.321 0.0000000000
67102  48.240  -15.338  -25.937 0.0000000000
67103  47.862  -15.581  -25.373 0.0000000000
67115  48.554  -15.475  -26.524 0.0000000000
67124  49.069  -15.633  -27.203 0.0000000000
68438  42.040  -14.872  -17.512 0.0000000000
68443  42.290  -14.562  -18.378 0.0000000000
68448  42.793  -14.964  -19.578 0.0000000000
68449  42.545  -14.233  -19.307 0.0000000000
68457  42.923  -14.228  -20.105 0.0000000000
68458  42.700  -13.827  -19.767 0.0000000000
68470  43.991  -14.359  -21.547 0.0000000000
68471  43.481  -14.289  -20.836 0.0000000000
68485  45.189  -14.475  -22.645 0.0000000000
68486  44.557  -14.433  -22.157 0.0000000000
68499  46.310  -14.420  -23.636 0.0000000000
68500  45.725  -14.468  -23.177 0.0000000000
68506  47.328  -14.725  -24.665 0.0000000000
68507  46.904  -14.439  -24.212 0.0000000000
68518  48.076  -14.775  -25.664 0.0000000000
68519  47.759  -14.563  -25.148 0.0000000000
69888  42.452  -13.618  -18.614 0.0000000000
69892  42.934  -12.952  -20.049 0.0000000000
69893  42.668  -13.326  -19.480 0.0000000000
69897  43.255  -13.303  -20.588 0.0000000000
69898  42.846  -13.523  -20.040 0.0000000000
69907  44.350  -13.481  -22.046 0.0000000000
69908  43.771  -13.370  -21.402 0.0000000000
69920  45.597  -13.577  -22.973 0.0000000000
69921  44.989  -13.544  -22.524 0.0000000000
69941  46.835  -13.523  -23.905 0.0000000000
69942  46.173  -13.600  -23.422 0.0000000000
69963  47.626  -13.785  -24.675 0.0000000000
69964  47.163  -13.754  -24.266 0.0000000000
69975  47.945  -13.958  -25.092 0.0000000000
71158  42.943  -12.346  -19.530 0.0000000000
71159  42.626  -12.861  -18.863 0.0000000000
71164  43.311  -12.355  -20.365 0.0000000000
71170  45.149  -12.155  -22.187 0.0000000000
71171  44.442  -12.423  -21.761 0.0000000000
71172  43.727  -12.419  -21.073 0.0000000000
71183  45.633  -12.531  -22.671 0.0000000000
71184  44.863  -12.807  -22.307 0.0000000000
71204  46.091  -12.911  -23.155 0.0000000000
