#!ascii label  , from subject colin27_FS vox2ras=TkReg
1093
80300  10.034  -5.089  22.820 0.0000000000
81634  9.157  -4.443  23.653 0.0000000000
81647  10.474  -4.509  22.564 0.0000000000
81648  9.800  -4.486  23.050 0.0000000000
82992  7.429  -3.097  24.994 0.0000000000
82993  6.826  -3.425  25.076 0.0000000000
83009  9.719  -3.021  23.144 0.0000000000
83010  8.882  -3.446  23.841 0.0000000000
83011  8.070  -3.580  24.577 0.0000000000
83025  11.928  -3.438  21.924 0.0000000000
83026  11.080  -3.702  22.315 0.0000000000
83027  10.187  -3.722  22.788 0.0000000000
83028  9.555  -3.821  23.286 0.0000000000
84336  6.136  -1.795  25.454 0.0000000000
84337  5.868  -1.896  25.375 0.0000000000
84338  5.524  -1.836  25.121 0.0000000000
84358  7.391  -2.242  24.886 0.0000000000
84359  6.632  -2.291  25.235 0.0000000000
84360  6.132  -2.574  24.949 0.0000000000
84361  5.639  -1.977  24.613 0.0000000000
84384  13.947  -2.188  22.971 0.0000000000
84385  9.993  -2.039  22.911 0.0000000000
84386  9.132  -2.300  23.544 0.0000000000
84387  8.176  -2.539  24.358 0.0000000000
84388  6.249  -2.550  23.894 0.0000000000
84389  5.753  -1.959  24.145 0.0000000000
84411  13.355  -2.595  22.479 0.0000000000
84412  12.393  -2.582  22.188 0.0000000000
84413  11.468  -2.649  22.294 0.0000000000
84414  10.559  -2.815  22.622 0.0000000000
85793  6.374  -1.515  25.409 0.0000000000
85794  5.795  -1.413  25.560 0.0000000000
85795  5.129  -1.362  25.438 0.0000000000
85796  4.443  -1.146  25.268 0.0000000000
85807  7.753  -1.564  24.516 0.0000000000
85808  7.057  -1.590  25.118 0.0000000000
85809  4.881  -1.400  24.886 0.0000000000
85810  4.290  -1.157  25.027 0.0000000000
85823  14.002  -1.497  23.596 0.0000000000
85824  10.320  -1.057  22.796 0.0000000000
85825  9.476  -1.283  23.275 0.0000000000
85826  8.580  -1.477  23.856 0.0000000000
85827  5.827  -1.690  23.676 0.0000000000
85828  5.368  -1.525  24.224 0.0000000000
85844  13.488  -1.472  22.844 0.0000000000
85845  12.760  -1.563  22.463 0.0000000000
85846  11.853  -1.628  22.360 0.0000000000
85847  10.909  -1.795  22.537 0.0000000000
85848  6.299  -1.882  22.913 0.0000000000
85893  6.283  -1.216  20.525 0.0000000000
87324  6.712  -1.040  25.259 0.0000000000
87325  6.058  -0.813  25.524 0.0000000000
87326  5.287  -0.862  25.716 0.0000000000
87327  4.404  -0.652  25.538 0.0000000000
87328  4.037  -0.207  25.435 0.0000000000
87342  8.121  -0.677  24.145 0.0000000000
87343  7.311  -0.774  24.730 0.0000000000
87344  6.640  -0.471  25.074 0.0000000000
87345  4.309  -1.015  24.749 0.0000000000
87346  3.955  -0.825  25.086 0.0000000000
87347  3.870  -0.256  25.208 0.0000000000
87357  13.787  -0.485  24.073 0.0000000000
87358  10.526  -0.254  22.761 0.0000000000
87359  9.839  -0.376  23.069 0.0000000000
87360  8.973  -0.485  23.564 0.0000000000
87361  5.428  -1.158  23.710 0.0000000000
87362  4.800  -0.879  24.081 0.0000000000
87363  4.149  -0.435  24.429 0.0000000000
87364  3.829  -0.180  24.722 0.0000000000
87377  13.504  -0.576  23.279 0.0000000000
87378  13.037  -0.602  22.700 0.0000000000
87379  12.238  -0.639  22.539 0.0000000000
87380  11.247  -0.661  22.581 0.0000000000
87381  5.924  -0.967  23.090 0.0000000000
87382  5.296  -0.681  23.451 0.0000000000
87397  6.454  -1.155  22.112 0.0000000000
87410  6.381  -0.789  21.124 0.0000000000
87422  6.147  -0.498  20.224 0.0000000000
87423  5.659  -0.627  19.139 0.0000000000
87437  5.010  -0.589  17.907 0.0000000000
87451  4.825  0.035  17.366 0.0000000000
88955  5.542  -0.483  25.486 0.0000000000
88956  5.015  -0.247  25.468 0.0000000000
88957  4.310  0.000  25.374 0.0000000000
88958  3.936  0.082  25.213 0.0000000000
88980  13.514  0.425  24.546 0.0000000000
88981  7.728  -0.213  24.313 0.0000000000
88982  7.126  0.160  24.492 0.0000000000
88983  5.910  0.138  25.115 0.0000000000
88984  4.817  0.414  24.972 0.0000000000
88985  4.134  0.484  24.866 0.0000000000
88986  3.842  0.311  24.675 0.0000000000
89005  13.364  0.383  23.648 0.0000000000
89006  12.946  0.633  23.240 0.0000000000
89007  10.241  0.325  22.880 0.0000000000
89008  9.489  0.445  23.243 0.0000000000
89009  8.267  0.409  23.789 0.0000000000
89010  7.426  1.001  23.960 0.0000000000
89011  4.970  -0.415  23.515 0.0000000000
89012  4.480  -0.129  23.649 0.0000000000
89013  3.774  0.360  23.983 0.0000000000
89028  13.173  0.078  23.042 0.0000000000
89029  12.577  0.276  22.840 0.0000000000
89030  11.826  0.202  22.642 0.0000000000
89031  11.004  0.438  22.694 0.0000000000
89032  6.080  -0.537  22.524 0.0000000000
89033  5.369  -0.010  22.851 0.0000000000
89034  4.322  0.663  23.136 0.0000000000
89035  3.864  1.032  23.429 0.0000000000
89053  6.241  -0.204  21.942 0.0000000000
89054  5.714  0.558  21.734 0.0000000000
89071  6.191  0.080  21.021 0.0000000000
89072  5.840  0.869  20.764 0.0000000000
89087  6.069  0.251  20.416 0.0000000000
89088  5.869  0.481  19.730 0.0000000000
89101  5.514  0.386  18.609 0.0000000000
89115  5.140  0.531  17.747 0.0000000000
89116  4.728  0.633  16.993 0.0000000000
90233  10.440  2.217  32.317 0.0000000000
90244  10.601  2.037  32.257 0.0000000000
90284  12.954  1.541  26.353 0.0000000000
90292  13.277  1.332  25.131 0.0000000000
90293  13.122  1.516  25.717 0.0000000000
90310  13.232  1.399  24.060 0.0000000000
90311  12.818  1.866  23.772 0.0000000000
90312  6.480  1.000  24.255 0.0000000000
90313  5.392  1.070  24.426 0.0000000000
90314  4.461  1.120  24.412 0.0000000000
90315  3.858  0.952  24.331 0.0000000000
90316  3.758  0.695  24.217 0.0000000000
90337  13.039  0.973  23.520 0.0000000000
90338  12.456  1.335  23.261 0.0000000000
90339  11.438  1.630  22.900 0.0000000000
90340  10.410  1.292  22.924 0.0000000000
90341  9.187  1.441  23.317 0.0000000000
90342  8.119  1.618  23.597 0.0000000000
90343  7.073  1.790  23.751 0.0000000000
90344  5.964  1.855  23.869 0.0000000000
90345  4.934  1.859  23.923 0.0000000000
90346  4.133  1.663  23.649 0.0000000000
90347  3.717  1.052  23.846 0.0000000000
90366  12.158  0.720  22.817 0.0000000000
90367  11.683  0.937  22.764 0.0000000000
90368  11.130  1.098  22.755 0.0000000000
90369  4.919  1.010  22.246 0.0000000000
90370  4.150  1.598  22.738 0.0000000000
90371  3.933  1.312  23.431 0.0000000000
90386  5.346  1.217  21.448 0.0000000000
90387  4.798  1.786  21.553 0.0000000000
90402  5.329  1.589  20.886 0.0000000000
90403  5.028  1.981  20.930 0.0000000000
90417  5.562  1.449  20.097 0.0000000000
90431  5.472  1.357  19.090 0.0000000000
90432  5.136  1.728  18.476 0.0000000000
90446  5.316  1.136  18.275 0.0000000000
90447  4.863  1.571  17.624 0.0000000000
90462  4.321  1.581  16.567 0.0000000000
90463  3.893  1.994  16.117 0.0000000000
90479  3.805  2.102  15.618 0.0000000000
90493  3.815  2.304  15.198 0.0000000000
91523  10.781  2.607  33.214 0.0000000000
91524  10.346  2.532  32.413 0.0000000000
91525  9.754  2.626  31.894 0.0000000000
91527  11.320  1.713  31.454 0.0000000000
91528  11.031  1.877  31.555 0.0000000000
91529  10.214  2.151  31.814 0.0000000000
91530  9.157  2.637  31.416 0.0000000000
91531  8.207  2.791  31.177 0.0000000000
91535  11.405  1.786  31.129 0.0000000000
91536  10.743  2.140  30.968 0.0000000000
91537  9.657  2.303  30.915 0.0000000000
91538  8.589  2.521  30.835 0.0000000000
91539  7.510  2.733  30.824 0.0000000000
91540  6.603  2.867  30.714 0.0000000000
91541  5.962  3.064  30.596 0.0000000000
91544  12.211  1.811  29.713 0.0000000000
91545  11.756  2.002  30.161 0.0000000000
91546  10.410  2.490  30.038 0.0000000000
91547  9.186  2.503  30.174 0.0000000000
91548  8.130  2.571  30.174 0.0000000000
91549  7.135  2.746  30.198 0.0000000000
91550  6.265  2.927  30.219 0.0000000000
91551  5.617  3.199  30.236 0.0000000000
91556  12.195  1.997  29.217 0.0000000000
91557  11.347  2.571  29.047 0.0000000000
91558  10.416  2.841  29.173 0.0000000000
91565  12.180  2.370  28.054 0.0000000000
91566  11.355  2.920  28.064 0.0000000000
91577  12.541  2.405  26.749 0.0000000000
91583  13.110  1.802  25.126 0.0000000000
91584  12.875  2.164  25.445 0.0000000000
91591  13.085  1.833  24.810 0.0000000000
91592  12.726  2.297  24.329 0.0000000000
91593  12.254  2.637  23.904 0.0000000000
91602  12.487  2.170  23.675 0.0000000000
91603  11.842  2.381  23.399 0.0000000000
91604  10.934  2.369  23.092 0.0000000000
91605  9.922  2.363  23.198 0.0000000000
91606  8.874  2.423  23.420 0.0000000000
91607  7.798  2.554  23.542 0.0000000000
91608  6.650  2.674  23.660 0.0000000000
91609  5.440  2.756  23.627 0.0000000000
91610  4.638  2.436  23.478 0.0000000000
91625  4.775  3.060  23.242 0.0000000000
91626  4.345  2.585  22.839 0.0000000000
91642  4.523  2.442  21.952 0.0000000000
91658  5.175  1.941  20.475 0.0000000000
91659  4.926  2.496  20.795 0.0000000000
91673  5.123  2.118  19.664 0.0000000000
91674  4.559  2.789  19.727 0.0000000000
91683  5.143  1.960  18.931 0.0000000000
91684  4.652  2.488  18.541 0.0000000000
91691  4.058  2.556  17.141 0.0000000000
91692  3.536  2.957  16.881 0.0000000000
91701  3.951  2.229  16.491 0.0000000000
91702  3.562  2.695  16.294 0.0000000000
91717  5.242  2.803  15.018 0.0000000000
91718  3.586  2.818  15.479 0.0000000000
91735  3.989  2.432  14.924 0.0000000000
91736  3.734  2.649  15.150 0.0000000000
92736  10.983  3.306  33.949 0.0000000000
92739  10.556  3.250  32.846 0.0000000000
92740  9.869  2.981  32.171 0.0000000000
92741  9.325  2.913  31.743 0.0000000000
92743  10.169  3.444  32.149 0.0000000000
92744  9.447  3.327  31.785 0.0000000000
92745  8.540  3.098  31.507 0.0000000000
92746  7.427  3.060  31.231 0.0000000000
92747  6.698  3.171  31.142 0.0000000000
92751  6.826  2.929  31.062 0.0000000000
92752  6.199  3.192  30.964 0.0000000000
92753  5.389  3.556  30.493 0.0000000000
92754  4.559  3.934  30.227 0.0000000000
92757  9.712  2.741  29.503 0.0000000000
92758  8.825  2.784  29.397 0.0000000000
92759  7.761  2.869  29.413 0.0000000000
92760  6.757  3.071  29.548 0.0000000000
92761  5.823  3.282  29.697 0.0000000000
92762  4.868  3.537  29.868 0.0000000000
92763  4.112  3.928  29.951 0.0000000000
92766  10.731  3.021  28.510 0.0000000000
92767  9.759  3.154  28.631 0.0000000000
92768  8.477  3.314  28.428 0.0000000000
92769  7.325  3.365  28.708 0.0000000000
92770  6.307  3.628  28.844 0.0000000000
92771  5.318  3.763  29.181 0.0000000000
92772  4.748  3.875  29.340 0.0000000000
92778  11.755  3.166  27.154 0.0000000000
92779  10.605  3.445  27.580 0.0000000000
92780  9.412  3.619  27.598 0.0000000000
92781  8.505  3.871  27.399 0.0000000000
92782  7.656  3.806  27.841 0.0000000000
92783  6.916  3.827  28.172 0.0000000000
92792  12.154  3.245  25.946 0.0000000000
92793  11.022  3.848  26.250 0.0000000000
92794  9.903  4.003  26.698 0.0000000000
92795  9.098  4.097  26.915 0.0000000000
92802  12.313  3.050  24.825 0.0000000000
92803  11.364  3.755  25.058 0.0000000000
92804  10.834  3.978  24.782 0.0000000000
92808  12.275  2.836  24.260 0.0000000000
92809  11.690  3.221  24.006 0.0000000000
92810  10.835  3.814  24.309 0.0000000000
92814  11.285  2.861  23.458 0.0000000000
92815  10.554  3.258  23.519 0.0000000000
92816  9.528  3.153  23.416 0.0000000000
92817  8.563  3.245  23.544 0.0000000000
92818  7.456  3.377  23.656 0.0000000000
92819  6.249  3.488  23.688 0.0000000000
92820  5.317  3.579  23.386 0.0000000000
92827  4.951  3.451  22.448 0.0000000000
92828  4.586  2.913  22.206 0.0000000000
92839  5.344  3.865  21.231 0.0000000000
92840  4.788  3.117  21.502 0.0000000000
92854  5.292  4.010  20.525 0.0000000000
92855  4.907  3.491  20.321 0.0000000000
92871  4.488  3.513  19.042 0.0000000000
92884  3.834  3.472  17.807 0.0000000000
92885  3.485  3.922  17.402 0.0000000000
92895  3.587  3.110  17.194 0.0000000000
92896  3.352  3.553  16.877 0.0000000000
92905  3.221  3.519  15.927 0.0000000000
92915  8.247  3.653  15.153 0.0000000000
92916  7.697  3.518  15.386 0.0000000000
92917  6.621  3.459  15.427 0.0000000000
92918  5.534  3.345  15.232 0.0000000000
92919  3.556  3.425  15.455 0.0000000000
92934  4.753  3.166  15.026 0.0000000000
92935  4.130  3.019  14.929 0.0000000000
92936  3.735  2.962  15.143 0.0000000000
93894  11.364  4.713  32.962 0.0000000000
93895  11.052  4.110  33.454 0.0000000000
93898  11.234  4.530  32.047 0.0000000000
93899  10.812  3.936  32.500 0.0000000000
93902  11.017  4.657  31.212 0.0000000000
93903  10.138  4.050  31.611 0.0000000000
93904  8.877  3.749  31.342 0.0000000000
93905  7.796  3.607  31.199 0.0000000000
93906  6.857  3.516  31.116 0.0000000000
93907  6.426  3.413  31.059 0.0000000000
93912  10.922  4.846  30.717 0.0000000000
93913  10.324  4.683  30.840 0.0000000000
93914  9.328  4.415  30.855 0.0000000000
93915  8.211  4.284  30.849 0.0000000000
93916  7.110  4.215  30.899 0.0000000000
93917  5.994  4.014  30.841 0.0000000000
93918  4.821  4.373  30.452 0.0000000000
93919  3.938  4.544  30.180 0.0000000000
93920  3.669  4.977  30.018 0.0000000000
93924  4.288  4.071  29.425 0.0000000000
93925  3.861  4.462  29.614 0.0000000000
93926  3.654  4.916  29.716 0.0000000000
93929  6.327  4.100  28.063 0.0000000000
93930  5.596  4.163  28.354 0.0000000000
93931  4.700  4.295  28.708 0.0000000000
93932  3.860  4.764  28.865 0.0000000000
93933  3.697  4.863  29.345 0.0000000000
93940  8.481  4.297  26.709 0.0000000000
93941  7.740  4.287  26.983 0.0000000000
93942  6.805  4.329  27.384 0.0000000000
93943  5.834  4.480  27.485 0.0000000000
93944  5.016  4.631  27.708 0.0000000000
93945  4.188  4.849  27.888 0.0000000000
93953  10.734  4.075  25.364 0.0000000000
93954  10.060  4.290  25.705 0.0000000000
93955  8.989  4.456  26.074 0.0000000000
93956  7.866  4.594  26.135 0.0000000000
93957  6.873  4.585  26.350 0.0000000000
93958  5.945  4.685  26.575 0.0000000000
93959  5.183  4.794  26.809 0.0000000000
93960  4.581  5.020  27.005 0.0000000000
93969  10.817  4.046  25.019 0.0000000000
93970  10.255  4.210  24.770 0.0000000000
93971  9.162  4.513  25.042 0.0000000000
93972  8.021  4.640  25.252 0.0000000000
93973  6.860  4.630  25.413 0.0000000000
93974  5.896  4.688  25.632 0.0000000000
93975  5.007  4.801  25.822 0.0000000000
93976  4.741  4.954  26.407 0.0000000000
93981  10.052  3.941  23.934 0.0000000000
93982  9.235  4.214  24.227 0.0000000000
93983  8.152  4.382  24.431 0.0000000000
93984  6.910  4.472  24.566 0.0000000000
93985  5.635  4.610  24.669 0.0000000000
93986  5.296  4.759  25.204 0.0000000000
93989  9.873  3.552  23.636 0.0000000000
93990  9.287  3.720  23.731 0.0000000000
93991  8.322  3.947  23.805 0.0000000000
93992  7.131  4.048  23.962 0.0000000000
93993  5.755  4.218  23.895 0.0000000000
93994  5.474  4.139  22.945 0.0000000000
93998  6.109  4.799  21.968 0.0000000000
93999  5.612  4.201  22.095 0.0000000000
94007  6.210  5.011  21.200 0.0000000000
94008  5.832  4.493  21.366 0.0000000000
94016  6.161  5.227  20.763 0.0000000000
94017  5.703  4.690  20.390 0.0000000000
94018  5.227  4.081  20.183 0.0000000000
94031  5.219  5.084  19.248 0.0000000000
94032  4.986  4.231  19.554 0.0000000000
94045  4.871  5.372  18.752 0.0000000000
94046  4.307  4.681  18.299 0.0000000000
94047  3.704  4.149  17.678 0.0000000000
94055  3.807  5.119  17.627 0.0000000000
94056  3.437  4.584  17.222 0.0000000000
94064  3.090  4.302  16.335 0.0000000000
94077  8.074  4.315  15.247 0.0000000000
94078  7.175  4.501  15.461 0.0000000000
94079  5.804  4.423  15.402 0.0000000000
94080  4.539  4.611  15.340 0.0000000000
94081  3.448  4.459  15.546 0.0000000000
94096  4.913  3.840  15.268 0.0000000000
94097  4.192  3.733  15.196 0.0000000000
94098  3.784  3.471  15.271 0.0000000000
95167  11.990  5.926  33.069 0.0000000000
95168  11.657  5.530  33.339 0.0000000000
95178  12.215  5.983  32.640 0.0000000000
95179  11.815  5.345  32.519 0.0000000000
95191  12.271  5.754  31.965 0.0000000000
95192  11.720  5.147  31.570 0.0000000000
95205  12.236  5.665  31.080 0.0000000000
95206  11.469  5.230  30.687 0.0000000000
95207  10.708  5.138  30.306 0.0000000000
95208  9.766  5.052  30.272 0.0000000000
95209  8.704  4.951  30.279 0.0000000000
95210  7.595  4.907  30.312 0.0000000000
95211  6.456  4.947  30.359 0.0000000000
95212  5.238  5.203  30.320 0.0000000000
95213  4.226  5.244  30.297 0.0000000000
95214  3.784  5.154  30.145 0.0000000000
95224  12.074  5.810  30.268 0.0000000000
95225  11.329  5.698  29.848 0.0000000000
95226  10.286  5.569  29.657 0.0000000000
95227  9.216  5.538  29.663 0.0000000000
95228  8.140  5.531  29.696 0.0000000000
95229  7.046  5.624  29.784 0.0000000000
95230  5.976  5.847  29.918 0.0000000000
95231  5.131  6.109  29.965 0.0000000000
95232  3.842  5.602  30.107 0.0000000000
95233  3.663  5.448  29.794 0.0000000000
95246  3.672  5.216  28.733 0.0000000000
95247  3.624  5.435  29.089 0.0000000000
95261  3.745  5.498  28.267 0.0000000000
95262  3.672  6.095  28.530 0.0000000000
95271  4.124  5.632  27.255 0.0000000000
95282  4.862  5.486  25.576 0.0000000000
95283  4.570  5.575  26.239 0.0000000000
95292  5.526  5.207  24.384 0.0000000000
95293  5.187  5.384  24.926 0.0000000000
95297  5.723  5.136  23.765 0.0000000000
95298  5.796  4.652  23.192 0.0000000000
95302  6.133  5.286  22.752 0.0000000000
95303  5.849  4.595  22.593 0.0000000000
95311  6.399  5.508  21.814 0.0000000000
95320  6.387  5.621  21.072 0.0000000000
95321  6.134  5.639  20.483 0.0000000000
95330  5.717  5.736  19.800 0.0000000000
95342  5.234  5.986  19.053 0.0000000000
95343  4.637  5.790  18.464 0.0000000000
95352  4.074  5.687  17.869 0.0000000000
95353  3.469  5.613  17.262 0.0000000000
95362  3.035  5.493  16.386 0.0000000000
95363  2.884  6.247  15.986 0.0000000000
95374  7.821  5.635  15.263 0.0000000000
95375  6.590  5.580  15.526 0.0000000000
95376  5.251  5.578  15.449 0.0000000000
95377  4.040  5.643  15.426 0.0000000000
95378  3.193  5.955  15.768 0.0000000000
95379  3.025  6.429  15.764 0.0000000000
96495  13.029  6.879  32.175 0.0000000000
96496  12.576  6.386  32.421 0.0000000000
96507  13.190  6.839  31.232 0.0000000000
96508  12.697  6.280  31.573 0.0000000000
96523  13.150  6.920  30.246 0.0000000000
96524  12.672  6.292  30.598 0.0000000000
96525  4.457  5.926  30.110 0.0000000000
96526  4.027  5.811  30.171 0.0000000000
96542  13.078  7.059  29.663 0.0000000000
96543  12.349  6.555  29.350 0.0000000000
96544  10.914  6.118  29.003 0.0000000000
96545  9.735  5.989  28.982 0.0000000000
96546  8.667  5.997  29.038 0.0000000000
96547  7.628  6.116  29.108 0.0000000000
96548  6.582  6.360  29.270 0.0000000000
96549  5.564  6.604  29.454 0.0000000000
96550  4.646  6.606  29.551 0.0000000000
96551  3.880  6.183  29.719 0.0000000000
96552  3.645  5.855  29.431 0.0000000000
96569  12.235  6.974  28.487 0.0000000000
96570  11.466  6.750  28.152 0.0000000000
96571  10.228  6.334  28.201 0.0000000000
96572  9.128  6.288  28.318 0.0000000000
96573  8.164  6.418  28.444 0.0000000000
96574  7.208  6.711  28.435 0.0000000000
96575  6.143  7.023  28.783 0.0000000000
96576  5.115  7.232  28.905 0.0000000000
96577  4.116  7.001  28.702 0.0000000000
96578  3.679  6.241  29.016 0.0000000000
96596  11.268  6.995  27.519 0.0000000000
96597  10.559  6.757  27.372 0.0000000000
96598  9.521  6.529  27.645 0.0000000000
96599  8.517  6.666  27.719 0.0000000000
96600  7.861  6.710  28.069 0.0000000000
96601  3.914  6.570  27.735 0.0000000000
96602  3.787  6.516  28.507 0.0000000000
96620  10.223  6.886  26.892 0.0000000000
96621  9.650  6.752  27.088 0.0000000000
96622  9.076  6.685  27.323 0.0000000000
96623  4.358  6.372  26.675 0.0000000000
96640  4.977  6.371  25.501 0.0000000000
96641  4.578  6.289  26.097 0.0000000000
96653  5.673  5.792  24.195 0.0000000000
96654  5.538  6.432  24.580 0.0000000000
96658  6.151  6.226  23.466 0.0000000000
96659  5.826  6.431  24.017 0.0000000000
96662  6.464  6.207  22.435 0.0000000000
96669  6.475  6.255  21.516 0.0000000000
96678  6.368  6.188  20.836 0.0000000000
96679  5.993  6.457  20.316 0.0000000000
96686  5.478  6.655  19.654 0.0000000000
96687  5.106  7.013  19.358 0.0000000000
96696  5.166  6.586  19.214 0.0000000000
96697  4.774  6.726  18.831 0.0000000000
96698  4.240  6.946  18.366 0.0000000000
96706  4.303  6.349  18.220 0.0000000000
96707  3.676  6.636  17.693 0.0000000000
96708  3.048  6.934  17.123 0.0000000000
96718  3.134  6.256  16.958 0.0000000000
96719  2.890  6.686  16.448 0.0000000000
96728  7.755  6.709  15.244 0.0000000000
96729  7.162  6.674  15.504 0.0000000000
96730  5.970  6.619  15.543 0.0000000000
96731  4.710  6.600  15.495 0.0000000000
96732  3.667  6.673  15.586 0.0000000000
96733  2.921  6.806  15.820 0.0000000000
96743  8.069  6.736  14.858 0.0000000000
97850  13.476  7.476  31.905 0.0000000000
97861  13.604  7.521  30.908 0.0000000000
97868  13.554  7.632  29.896 0.0000000000
97869  13.111  7.280  29.268 0.0000000000
97878  13.510  7.872  29.087 0.0000000000
97879  12.851  7.484  28.504 0.0000000000
97880  12.210  7.216  28.038 0.0000000000
97881  7.139  6.939  28.063 0.0000000000
97882  6.677  7.094  28.088 0.0000000000
97883  5.718  7.370  28.131 0.0000000000
97884  4.893  7.466  28.154 0.0000000000
97893  12.561  7.716  27.720 0.0000000000
97894  11.839  7.310  27.450 0.0000000000
97895  11.248  7.120  27.098 0.0000000000
97896  8.226  6.816  27.412 0.0000000000
97897  7.539  6.938  27.632 0.0000000000
97898  6.407  7.397  27.402 0.0000000000
97899  5.382  7.659  27.393 0.0000000000
97900  4.533  7.434  27.540 0.0000000000
97914  12.357  7.862  27.065 0.0000000000
97915  11.731  7.581  26.617 0.0000000000
97916  10.794  7.129  26.595 0.0000000000
97917  9.880  6.958  26.498 0.0000000000
97918  8.638  6.907  26.860 0.0000000000
97919  7.264  7.304  26.610 0.0000000000
97920  6.081  7.730  26.506 0.0000000000
97921  5.089  7.826  26.540 0.0000000000
97922  4.549  7.176  26.702 0.0000000000
97938  11.317  7.637  25.952 0.0000000000
97939  10.477  7.305  25.829 0.0000000000
97940  9.440  7.191  25.780 0.0000000000
97941  8.213  7.342  25.723 0.0000000000
97942  6.930  7.703  25.601 0.0000000000
97943  5.777  8.080  25.499 0.0000000000
97944  5.018  7.571  25.598 0.0000000000
97945  4.668  6.812  26.118 0.0000000000
97960  11.020  7.779  25.300 0.0000000000
97961  10.243  7.554  24.939 0.0000000000
97962  9.139  7.496  24.897 0.0000000000
97963  7.923  7.732  24.657 0.0000000000
97964  6.645  8.143  24.725 0.0000000000
97965  5.887  8.376  24.639 0.0000000000
97966  5.394  7.344  24.826 0.0000000000
97970  9.855  7.742  24.336 0.0000000000
97971  9.092  7.834  24.087 0.0000000000
97972  8.277  8.066  23.881 0.0000000000
97973  6.072  6.800  23.399 0.0000000000
97974  5.824  7.233  23.770 0.0000000000
97978  6.223  6.922  22.976 0.0000000000
97979  5.829  7.756  22.637 0.0000000000
97983  6.338  7.043  22.015 0.0000000000
97984  5.846  7.779  21.538 0.0000000000
97992  6.317  6.967  21.026 0.0000000000
97993  5.531  7.517  20.372 0.0000000000
97994  5.123  8.047  20.235 0.0000000000
98003  5.246  7.262  19.695 0.0000000000
98004  4.709  7.816  19.509 0.0000000000
98005  4.038  8.221  19.079 0.0000000000
98014  4.427  7.300  18.772 0.0000000000
98015  3.873  7.689  18.489 0.0000000000
98024  3.156  7.588  17.650 0.0000000000
98025  2.720  7.585  16.939 0.0000000000
98037  2.791  7.548  16.256 0.0000000000
98046  7.627  7.752  15.260 0.0000000000
98047  6.559  7.669  15.521 0.0000000000
98048  5.350  7.588  15.525 0.0000000000
98049  4.209  7.543  15.490 0.0000000000
98050  3.336  7.539  15.686 0.0000000000
98051  2.920  7.549  15.887 0.0000000000
98061  7.916  7.763  14.473 0.0000000000
99187  14.314  8.860  31.341 0.0000000000
99188  13.920  8.141  31.598 0.0000000000
99195  14.361  9.053  30.500 0.0000000000
99196  14.034  8.286  30.628 0.0000000000
99203  14.346  9.270  30.049 0.0000000000
99204  14.067  8.699  29.626 0.0000000000
99212  13.516  8.557  28.386 0.0000000000
99213  13.033  8.023  27.964 0.0000000000
99221  13.413  8.967  27.799 0.0000000000
99222  12.984  8.521  27.416 0.0000000000
99236  12.383  8.468  26.321 0.0000000000
99237  11.838  7.990  26.069 0.0000000000
99250  12.269  8.795  25.700 0.0000000000
99251  11.766  8.401  25.488 0.0000000000
99252  5.390  8.138  24.810 0.0000000000
99253  5.154  7.892  24.869 0.0000000000
99267  11.014  8.339  24.474 0.0000000000
99268  10.375  7.956  24.331 0.0000000000
99269  7.347  8.274  24.009 0.0000000000
99270  6.349  8.518  24.042 0.0000000000
99271  5.639  8.491  24.078 0.0000000000
99272  5.333  8.037  24.277 0.0000000000
99275  10.854  8.595  23.912 0.0000000000
99276  10.252  8.341  23.672 0.0000000000
99277  9.005  8.208  23.366 0.0000000000
99278  7.959  8.352  23.316 0.0000000000
99279  6.942  8.592  23.363 0.0000000000
99280  5.968  8.901  23.327 0.0000000000
99281  5.471  8.472  23.248 0.0000000000
99285  10.306  8.772  23.017 0.0000000000
99286  9.701  8.644  22.844 0.0000000000
99287  8.615  8.590  22.702 0.0000000000
99288  7.554  8.719  22.721 0.0000000000
99289  6.662  8.903  22.800 0.0000000000
99290  5.418  8.658  22.119 0.0000000000
99291  5.099  8.924  21.929 0.0000000000
99295  5.360  8.328  21.107 0.0000000000
99296  5.047  8.856  21.525 0.0000000000
99303  5.237  8.141  20.568 0.0000000000
99304  4.902  8.616  20.567 0.0000000000
99314  4.450  8.750  19.946 0.0000000000
99315  4.074  8.686  19.484 0.0000000000
99324  3.534  8.713  18.826 0.0000000000
99325  2.986  8.936  18.215 0.0000000000
99335  3.180  8.261  18.162 0.0000000000
99336  2.746  8.501  17.505 0.0000000000
99348  2.681  8.395  16.664 0.0000000000
99358  7.417  8.751  15.162 0.0000000000
99359  6.942  8.720  15.482 0.0000000000
99360  5.875  8.605  15.538 0.0000000000
99361  4.732  8.482  15.520 0.0000000000
99362  3.738  8.389  15.604 0.0000000000
99363  2.967  8.345  15.972 0.0000000000
99373  7.623  8.763  14.746 0.0000000000
100617  14.483  9.646  31.101 0.0000000000
100627  14.438  9.712  30.370 0.0000000000
100628  14.333  9.665  29.790 0.0000000000
100638  14.103  9.594  28.980 0.0000000000
100647  13.662  9.603  28.039 0.0000000000
100648  13.359  9.258  27.459 0.0000000000
100662  13.470  9.833  27.388 0.0000000000
100663  13.110  9.438  26.765 0.0000000000
100677  12.569  9.448  25.710 0.0000000000
100678  12.190  8.958  25.386 0.0000000000
100691  12.454  9.910  25.092 0.0000000000
100692  11.970  9.283  24.768 0.0000000000
100696  11.202  9.142  23.627 0.0000000000
100697  10.616  8.864  23.168 0.0000000000
100698  5.405  9.059  22.847 0.0000000000
100699  5.123  8.932  22.685 0.0000000000
100704  11.328  9.734  22.891 0.0000000000
100705  10.526  9.326  22.448 0.0000000000
100706  9.256  9.037  22.133 0.0000000000
100707  8.111  9.046  22.112 0.0000000000
100708  7.043  9.161  22.213 0.0000000000
100709  5.978  9.206  22.405 0.0000000000
100710  5.233  9.079  22.121 0.0000000000
100711  5.047  9.037  21.770 0.0000000000
100715  10.378  9.818  21.730 0.0000000000
100716  9.749  9.635  21.582 0.0000000000
100717  8.617  9.541  21.535 0.0000000000
100718  7.513  9.560  21.593 0.0000000000
100719  6.458  9.582  21.669 0.0000000000
100720  5.552  9.494  21.608 0.0000000000
100721  4.929  9.291  21.262 0.0000000000
100726  4.389  9.423  20.333 0.0000000000
100727  4.002  9.918  20.111 0.0000000000
100736  4.148  9.114  19.847 0.0000000000
100737  3.736  9.563  19.563 0.0000000000
100746  3.134  9.729  18.652 0.0000000000
100747  2.766  9.557  17.829 0.0000000000
100757  2.575  9.311  17.028 0.0000000000
100767  2.823  9.128  16.405 0.0000000000
100777  7.210  9.762  15.104 0.0000000000
100778  6.267  9.649  15.441 0.0000000000
100779  5.165  9.473  15.522 0.0000000000
100780  4.140  9.291  15.580 0.0000000000
100781  3.387  9.122  15.849 0.0000000000
100782  3.027  9.059  16.081 0.0000000000
100791  7.464  9.774  14.354 0.0000000000
101848  14.379  10.483  30.734 0.0000000000
101860  14.400  10.131  30.143 0.0000000000
101861  14.186  10.592  29.767 0.0000000000
101873  13.894  10.549  28.656 0.0000000000
101890  13.602  10.517  27.764 0.0000000000
101908  13.390  10.384  27.019 0.0000000000
101909  13.097  10.339  26.316 0.0000000000
101922  12.713  10.521  25.516 0.0000000000
101929  12.283  10.465  24.502 0.0000000000
101930  11.868  9.792  24.076 0.0000000000
101934  12.142  10.844  23.928 0.0000000000
101935  11.797  10.348  23.486 0.0000000000
101940  11.286  10.406  22.226 0.0000000000
101941  10.704  9.961  21.848 0.0000000000
101945  11.146  10.944  21.495 0.0000000000
101946  10.402  10.471  21.125 0.0000000000
101947  9.061  10.107  20.935 0.0000000000
101948  7.925  10.073  21.009 0.0000000000
101949  6.866  10.082  21.092 0.0000000000
101950  5.873  10.028  21.105 0.0000000000
101951  5.033  9.941  21.052 0.0000000000
101952  4.686  9.718  20.770 0.0000000000
101957  10.071  11.077  20.354 0.0000000000
101958  9.311  10.776  20.388 0.0000000000
101959  8.253  10.665  20.465 0.0000000000
101960  7.206  10.627  20.538 0.0000000000
101961  6.192  10.577  20.572 0.0000000000
101962  5.245  10.463  20.547 0.0000000000
101963  4.417  10.224  20.400 0.0000000000
101964  3.820  10.416  19.804 0.0000000000
101972  3.245  10.517  19.074 0.0000000000
101973  2.986  10.972  18.782 0.0000000000
101983  3.062  10.271  18.681 0.0000000000
101984  2.856  10.552  18.319 0.0000000000
101995  2.595  10.319  17.304 0.0000000000
102007  2.731  10.017  16.560 0.0000000000
102017  7.108  10.602  15.081 0.0000000000
102018  6.573  10.763  15.282 0.0000000000
102019  5.509  10.503  15.459 0.0000000000
102020  4.437  10.269  15.532 0.0000000000
102021  3.589  10.002  15.789 0.0000000000
102022  3.040  9.656  16.092 0.0000000000
102032  7.233  10.882  14.640 0.0000000000
102033  7.031  10.984  15.080 0.0000000000
102042  7.379  10.729  13.923 0.0000000000
103076  13.347  11.295  27.289 0.0000000000
103094  13.272  10.867  26.735 0.0000000000
103095  12.998  11.398  26.393 0.0000000000
103106  12.500  11.568  25.230 0.0000000000
103111  12.132  11.518  24.160 0.0000000000
103112  11.894  12.029  23.765 0.0000000000
103116  12.027  11.044  23.656 0.0000000000
103117  11.784  11.464  23.119 0.0000000000
103122  11.470  11.499  21.912 0.0000000000
103127  11.088  11.548  20.864 0.0000000000
103128  10.526  11.203  20.590 0.0000000000
103133  11.013  11.982  20.324 0.0000000000
103134  10.464  11.777  20.060 0.0000000000
103135  9.479  11.453  19.936 0.0000000000
103136  8.516  11.306  19.985 0.0000000000
103137  7.508  11.247  20.062 0.0000000000
103138  6.494  11.186  20.080 0.0000000000
103139  5.503  11.103  20.086 0.0000000000
103140  4.599  10.945  20.030 0.0000000000
103141  4.110  10.758  19.938 0.0000000000
103148  10.221  12.273  19.663 0.0000000000
103149  9.666  12.103  19.631 0.0000000000
103150  8.776  11.998  19.663 0.0000000000
103151  7.811  11.927  19.699 0.0000000000
103152  6.814  11.864  19.693 0.0000000000
103153  5.788  11.807  19.659 0.0000000000
103154  4.802  11.662  19.639 0.0000000000
103155  3.720  11.436  19.456 0.0000000000
103156  3.133  11.153  19.038 0.0000000000
103164  3.329  12.108  18.961 0.0000000000
103165  2.910  11.620  18.614 0.0000000000
103174  2.628  11.395  17.551 0.0000000000
103185  2.655  11.085  16.631 0.0000000000
103195  6.385  11.397  15.231 0.0000000000
103196  5.789  11.504  15.293 0.0000000000
103197  4.706  11.274  15.364 0.0000000000
103198  3.675  11.045  15.544 0.0000000000
103199  2.991  10.611  15.998 0.0000000000
103209  7.154  11.897  14.495 0.0000000000
103210  6.759  11.556  15.020 0.0000000000
103211  6.251  11.695  15.166 0.0000000000
103221  7.373  11.672  14.058 0.0000000000
103222  7.147  11.559  13.531 0.0000000000
104362  11.569  12.366  22.449 0.0000000000
104367  11.472  12.383  21.461 0.0000000000
104371  11.246  12.572  20.484 0.0000000000
104372  10.915  12.225  20.116 0.0000000000
104377  11.159  13.095  20.054 0.0000000000
104378  10.715  12.676  19.794 0.0000000000
104379  9.945  12.678  19.385 0.0000000000
104380  9.094  12.646  19.363 0.0000000000
104381  8.160  12.609  19.391 0.0000000000
104382  7.188  12.562  19.387 0.0000000000
104383  6.190  12.518  19.335 0.0000000000
104384  5.031  12.552  19.183 0.0000000000
104385  4.331  12.086  19.346 0.0000000000
104393  4.531  13.041  18.808 0.0000000000
104394  3.931  12.595  18.935 0.0000000000
104395  3.176  12.613  18.469 0.0000000000
104405  2.709  12.486  17.736 0.0000000000
104414  2.612  12.272  16.745 0.0000000000
104422  5.631  11.933  15.159 0.0000000000
104423  5.116  12.002  15.142 0.0000000000
104424  3.862  12.246  15.147 0.0000000000
104425  2.965  11.902  15.845 0.0000000000
104434  7.048  12.412  14.385 0.0000000000
104435  6.780  12.303  14.653 0.0000000000
104436  5.951  12.262  15.010 0.0000000000
104437  4.788  12.727  14.871 0.0000000000
104438  4.000  12.967  14.787 0.0000000000
104447  7.184  12.420  14.125 0.0000000000
104448  7.121  12.418  13.660 0.0000000000
104460  6.914  12.257  13.204 0.0000000000
105616  11.480  13.080  21.994 0.0000000000
105628  11.504  13.320  21.208 0.0000000000
105637  11.394  13.550  20.389 0.0000000000
105638  11.084  13.641  19.672 0.0000000000
105639  10.348  13.352  19.285 0.0000000000
105640  9.513  13.284  19.079 0.0000000000
105641  8.589  13.265  19.052 0.0000000000
105642  7.624  13.235  19.050 0.0000000000
105643  6.661  13.179  19.023 0.0000000000
105644  5.805  13.103  18.961 0.0000000000
105651  10.640  14.030  19.221 0.0000000000
105652  10.016  13.955  18.867 0.0000000000
105653  9.117  13.961  18.785 0.0000000000
105654  8.142  13.951  18.762 0.0000000000
105655  7.142  13.902  18.744 0.0000000000
105656  6.152  13.776  18.680 0.0000000000
105657  5.107  13.521  18.650 0.0000000000
105658  4.168  13.501  18.495 0.0000000000
105659  3.554  13.211  18.429 0.0000000000
105667  3.675  13.751  18.203 0.0000000000
105668  3.062  13.512  17.925 0.0000000000
105677  2.615  13.399  17.002 0.0000000000
105684  3.089  12.734  15.381 0.0000000000
105685  2.663  13.360  15.852 0.0000000000
105693  6.880  12.600  14.449 0.0000000000
105694  6.544  12.945  14.471 0.0000000000
105695  5.540  13.333  14.642 0.0000000000
105696  4.370  13.535  14.647 0.0000000000
105697  3.269  13.450  14.880 0.0000000000
105698  2.711  14.189  15.182 0.0000000000
105707  6.983  12.728  14.261 0.0000000000
105708  6.947  13.242  13.926 0.0000000000
105720  6.838  13.331  13.073 0.0000000000
105721  6.071  13.436  12.415 0.0000000000
106929  11.496  14.303  20.988 0.0000000000
106942  11.469  14.422  20.108 0.0000000000
106943  11.095  14.566  19.444 0.0000000000
106954  10.508  14.685  18.985 0.0000000000
106955  9.728  14.712  18.670 0.0000000000
106956  8.765  14.708  18.535 0.0000000000
106957  7.733  14.689  18.482 0.0000000000
106958  6.678  14.597  18.455 0.0000000000
106959  5.632  14.410  18.370 0.0000000000
106960  4.585  14.324  18.207 0.0000000000
106961  4.017  14.016  18.208 0.0000000000
106971  4.365  14.744  17.916 0.0000000000
106972  3.777  14.441  17.847 0.0000000000
106973  2.948  14.349  17.254 0.0000000000
106982  2.667  14.365  16.502 0.0000000000
106987  2.583  14.668  15.705 0.0000000000
106993  6.237  13.949  14.283 0.0000000000
106994  5.054  14.367  14.415 0.0000000000
106995  3.760  14.341  14.446 0.0000000000
106996  2.897  14.550  14.627 0.0000000000
106997  2.561  14.912  15.049 0.0000000000
107006  6.543  14.566  13.508 0.0000000000
107007  5.857  14.798  14.075 0.0000000000
107017  6.445  14.784  12.383 0.0000000000
107018  5.960  14.146  12.124 0.0000000000
107030  6.112  15.190  11.792 0.0000000000
107031  5.529  14.603  11.722 0.0000000000
108180  11.411  15.214  20.651 0.0000000000
108191  11.374  15.299  19.848 0.0000000000
108192  10.996  15.381  19.211 0.0000000000
108203  10.385  15.503  18.715 0.0000000000
108204  9.497  15.516  18.363 0.0000000000
108205  8.435  15.465  18.244 0.0000000000
108206  7.338  15.526  18.141 0.0000000000
108207  6.199  15.219  18.128 0.0000000000
108208  5.197  14.995  18.027 0.0000000000
108209  4.652  14.850  17.946 0.0000000000
108221  7.300  16.030  17.889 0.0000000000
108222  6.744  15.959  17.854 0.0000000000
108223  5.703  15.782  17.760 0.0000000000
108224  4.526  15.359  17.664 0.0000000000
108225  3.418  15.321  17.160 0.0000000000
108226  2.888  14.892  16.850 0.0000000000
108240  3.268  15.806  16.800 0.0000000000
108241  2.805  15.477  16.417 0.0000000000
108253  2.530  15.702  15.398 0.0000000000
108266  5.094  15.179  14.100 0.0000000000
108267  4.116  15.069  14.118 0.0000000000
108268  3.165  15.071  14.152 0.0000000000
108269  2.656  15.497  14.550 0.0000000000
108279  6.539  15.937  13.016 0.0000000000
108280  5.660  15.677  13.729 0.0000000000
108281  4.388  15.780  13.876 0.0000000000
108282  3.380  15.683  13.901 0.0000000000
108283  2.874  15.611  14.083 0.0000000000
108293  6.586  16.020  12.249 0.0000000000
108303  6.332  15.804  11.803 0.0000000000
108304  5.690  15.625  11.482 0.0000000000
109365  11.253  16.115  20.375 0.0000000000
109376  11.189  16.039  19.615 0.0000000000
109377  10.913  16.215  19.073 0.0000000000
109386  10.317  16.575  18.394 0.0000000000
109387  9.178  16.250  18.016 0.0000000000
109388  8.141  16.125  17.938 0.0000000000
109389  7.580  16.065  17.910 0.0000000000
109399  10.241  17.293  18.165 0.0000000000
109400  9.732  17.086  17.897 0.0000000000
109401  8.752  16.890  17.690 0.0000000000
109402  7.565  16.587  17.630 0.0000000000
109403  6.408  16.602  17.468 0.0000000000
109404  5.224  16.530  17.291 0.0000000000
109405  4.088  16.110  17.141 0.0000000000
109406  3.544  15.925  16.933 0.0000000000
109416  5.158  17.026  16.966 0.0000000000
109417  4.580  16.888  16.828 0.0000000000
109418  3.503  16.437  16.570 0.0000000000
109419  2.775  16.385  15.949 0.0000000000
109428  2.630  16.536  15.394 0.0000000000
109442  2.529  16.423  14.796 0.0000000000
109456  6.286  16.854  12.991 0.0000000000
109457  5.649  16.618  13.335 0.0000000000
109458  4.576  16.506  13.553 0.0000000000
109459  3.479  16.406  13.589 0.0000000000
109460  2.710  16.278  14.011 0.0000000000
109472  6.611  16.897  12.414 0.0000000000
109475  6.568  16.655  11.789 0.0000000000
109476  5.911  16.576  11.269 0.0000000000
110530  11.146  16.629  19.876 0.0000000000
110540  11.048  16.530  19.489 0.0000000000
110541  10.910  17.229  19.417 0.0000000000
110548  10.555  17.683  18.550 0.0000000000
110556  10.168  17.833  17.948 0.0000000000
110557  9.401  17.774  17.565 0.0000000000
110558  8.372  17.603  17.300 0.0000000000
110559  7.202  17.541  17.107 0.0000000000
110560  6.038  17.221  17.079 0.0000000000
110561  5.451  17.090  17.012 0.0000000000
110569  7.153  18.067  16.848 0.0000000000
110570  6.561  17.953  16.788 0.0000000000
110571  5.402  17.597  16.648 0.0000000000
110572  4.187  17.598  16.206 0.0000000000
110573  3.193  17.103  15.916 0.0000000000
110574  2.803  16.835  15.623 0.0000000000
110581  4.079  18.056  15.816 0.0000000000
110582  3.558  17.854  15.620 0.0000000000
110583  2.758  17.301  15.191 0.0000000000
110590  2.585  17.223  14.355 0.0000000000
110599  6.199  17.378  12.752 0.0000000000
110600  5.570  17.341  13.045 0.0000000000
110601  4.604  17.231  13.184 0.0000000000
110602  3.573  17.126  13.221 0.0000000000
110603  2.752  17.281  13.542 0.0000000000
110616  6.349  17.843  12.387 0.0000000000
110617  5.580  17.947  12.722 0.0000000000
110618  4.613  17.895  12.829 0.0000000000
110619  3.638  17.773  12.832 0.0000000000
110620  2.911  17.679  12.938 0.0000000000
110633  6.652  17.694  11.652 0.0000000000
110634  6.386  17.126  11.394 0.0000000000
110646  6.768  18.221  11.049 0.0000000000
110647  6.223  17.666  10.819 0.0000000000
111735  10.628  18.504  19.267 0.0000000000
111743  10.430  18.625  18.393 0.0000000000
111751  10.017  18.607  17.665 0.0000000000
111752  9.160  18.669  17.073 0.0000000000
111753  8.031  18.240  16.875 0.0000000000
111754  7.449  18.120  16.857 0.0000000000
111761  9.069  19.255  16.726 0.0000000000
111762  8.477  19.015  16.618 0.0000000000
111763  7.382  18.649  16.547 0.0000000000
111764  6.187  18.607  16.302 0.0000000000
111765  5.046  18.435  15.897 0.0000000000
111766  4.387  18.160  15.856 0.0000000000
111775  4.874  18.907  15.535 0.0000000000
111776  4.212  18.586  15.484 0.0000000000
111777  3.135  18.359  14.877 0.0000000000
111778  2.686  17.794  14.630 0.0000000000
111786  2.952  18.741  14.358 0.0000000000
111787  2.600  18.251  14.061 0.0000000000
111796  2.643  18.268  13.226 0.0000000000
111807  6.473  18.567  12.044 0.0000000000
111808  5.661  18.575  12.407 0.0000000000
111809  4.661  18.539  12.514 0.0000000000
111810  3.696  18.458  12.492 0.0000000000
111811  2.933  18.386  12.647 0.0000000000
111825  7.126  19.320  11.003 0.0000000000
111826  6.820  18.778  11.357 0.0000000000
111843  7.041  19.459  10.680 0.0000000000
111844  6.656  18.954  10.500 0.0000000000
111845  5.664  18.400  10.173 0.0000000000
111860  6.320  19.403  9.982 0.0000000000
111861  5.867  19.118  9.837 0.0000000000
113060  10.276  19.386  18.098 0.0000000000
113067  9.924  19.424  17.482 0.0000000000
113068  9.489  19.654  16.942 0.0000000000
113075  8.918  19.759  16.520 0.0000000000
113076  8.088  19.629  16.234 0.0000000000
113077  7.010  19.619  15.842 0.0000000000
113078  5.786  19.205  15.705 0.0000000000
113079  5.195  19.025  15.571 0.0000000000
113088  6.867  20.213  15.445 0.0000000000
113089  6.236  19.927  15.355 0.0000000000
113090  5.025  19.582  15.121 0.0000000000
113091  3.762  19.144  14.772 0.0000000000
113092  3.193  18.923  14.509 0.0000000000
113102  4.769  20.153  14.565 0.0000000000
113103  4.135  19.864  14.441 0.0000000000
113104  3.083  19.388  13.935 0.0000000000
113105  2.651  18.796  13.513 0.0000000000
113117  2.869  19.810  13.212 0.0000000000
113118  2.636  19.230  12.896 0.0000000000
113131  6.432  19.223  11.795 0.0000000000
113132  5.707  19.235  12.091 0.0000000000
113133  4.705  19.176  12.199 0.0000000000
113134  3.784  19.053  12.154 0.0000000000
113135  2.983  19.098  12.120 0.0000000000
113147  7.168  19.793  11.120 0.0000000000
113148  6.760  19.660  11.437 0.0000000000
113149  5.854  19.874  11.785 0.0000000000
113150  4.714  19.857  11.843 0.0000000000
113151  3.774  19.606  11.846 0.0000000000
113152  3.331  19.360  11.913 0.0000000000
113163  7.183  19.781  10.823 0.0000000000
113164  7.007  19.811  10.453 0.0000000000
113180  6.639  19.825  9.978 0.0000000000
113181  6.053  19.779  9.612 0.0000000000
114397  10.180  20.071  18.300 0.0000000000
114405  10.151  19.834  17.849 0.0000000000
114406  9.860  20.374  17.581 0.0000000000
114414  9.378  20.496  16.751 0.0000000000
114415  8.671  20.546  16.180 0.0000000000
114416  7.912  20.252  15.864 0.0000000000
114426  8.167  20.892  15.767 0.0000000000
114427  7.450  20.638  15.503 0.0000000000
114428  6.701  20.707  15.130 0.0000000000
114429  5.927  20.324  14.946 0.0000000000
114441  6.168  20.947  14.722 0.0000000000
114442  5.372  20.592  14.526 0.0000000000
114443  4.526  20.565  14.081 0.0000000000
114444  3.789  20.211  13.915 0.0000000000
114454  4.038  20.621  13.642 0.0000000000
114455  3.393  20.431  13.250 0.0000000000
114456  2.832  20.038  12.766 0.0000000000
114465  3.129  20.623  12.373 0.0000000000
114466  2.804  19.899  12.143 0.0000000000
114477  7.128  20.005  11.229 0.0000000000
114478  7.010  20.216  11.218 0.0000000000
114479  6.193  20.510  11.497 0.0000000000
114480  4.960  20.629  11.560 0.0000000000
114481  3.510  20.518  11.552 0.0000000000
114482  3.139  19.691  11.798 0.0000000000
114498  7.233  20.034  11.009 0.0000000000
114499  7.102  20.414  10.745 0.0000000000
114519  6.986  20.612  10.066 0.0000000000
114520  6.393  20.605  9.501 0.0000000000
114521  5.648  20.321  9.238 0.0000000000
114541  5.938  20.938  9.085 0.0000000000
115799  9.487  21.223  17.156 0.0000000000
115800  9.132  21.313  16.559 0.0000000000
115812  8.610  21.481  16.018 0.0000000000
115813  7.978  21.549  15.490 0.0000000000
115814  7.324  21.285  15.186 0.0000000000
115824  7.550  21.874  15.085 0.0000000000
115825  6.842  21.612  14.731 0.0000000000
115826  5.922  21.514  14.254 0.0000000000
115827  5.144  21.147  14.001 0.0000000000
115836  5.399  21.723  13.748 0.0000000000
115837  4.458  21.323  13.335 0.0000000000
115838  3.621  21.142  12.711 0.0000000000
115847  4.038  21.691  12.542 0.0000000000
115848  3.446  21.508  12.014 0.0000000000
115862  6.625  21.035  11.152 0.0000000000
115863  5.466  21.482  11.230 0.0000000000
115864  4.192  21.320  11.125 0.0000000000
115865  3.567  21.659  11.306 0.0000000000
115881  7.146  22.197  10.111 0.0000000000
115882  6.935  21.479  10.482 0.0000000000
115883  4.471  21.915  10.937 0.0000000000
115884  3.788  21.913  10.882 0.0000000000
115885  3.495  22.005  11.007 0.0000000000
115899  7.139  22.437  9.676 0.0000000000
115900  6.910  21.705  9.460 0.0000000000
115901  6.349  21.221  9.185 0.0000000000
115912  6.695  22.063  8.907 0.0000000000
115913  6.033  21.731  8.748 0.0000000000
117194  9.223  21.694  16.908 0.0000000000
117207  8.389  22.243  15.844 0.0000000000
117208  7.940  22.385  15.376 0.0000000000
117218  7.381  22.507  14.862 0.0000000000
117219  6.478  22.512  14.208 0.0000000000
117220  5.857  22.080  13.872 0.0000000000
117229  6.280  23.006  13.806 0.0000000000
117230  5.477  22.570  13.321 0.0000000000
117231  4.553  22.022  12.783 0.0000000000
117243  5.198  23.310  12.673 0.0000000000
117244  4.203  22.561  12.059 0.0000000000
117245  3.569  22.013  11.625 0.0000000000
117260  6.193  21.860  11.036 0.0000000000
117261  5.672  21.912  11.058 0.0000000000
117262  3.786  22.805  11.061 0.0000000000
117263  3.583  22.220  11.275 0.0000000000
117276  7.150  23.001  9.999 0.0000000000
117277  6.496  22.583  10.580 0.0000000000
117278  5.250  22.390  10.878 0.0000000000
117279  4.079  22.440  10.755 0.0000000000
117280  3.651  22.276  10.943 0.0000000000
117294  7.145  22.864  9.222 0.0000000000
117295  6.938  22.292  9.002 0.0000000000
117305  6.557  22.711  8.626 0.0000000000
117306  5.475  22.730  8.146 0.0000000000
118530  4.894  23.771  12.121 0.0000000000
118541  4.395  23.545  11.352 0.0000000000
118551  6.501  23.596  10.295 0.0000000000
118552  5.456  23.442  10.574 0.0000000000
118553  4.372  23.353  10.697 0.0000000000
