#!ascii label  , from subject colin27_FS vox2ras=TkReg
1870
48344  17.682  -29.160  -19.136 0.0000000000
48353  20.585  -29.003  -20.196 0.0000000000
48354  19.742  -28.898  -20.168 0.0000000000
49370  16.067  -28.454  -17.990 0.0000000000
49371  15.430  -28.188  -17.563 0.0000000000
49372  14.797  -28.003  -17.265 0.0000000000
49381  17.153  -28.884  -18.776 0.0000000000
49382  16.645  -28.260  -18.666 0.0000000000
49392  19.065  -29.162  -19.873 0.0000000000
49393  18.236  -28.793  -19.742 0.0000000000
49394  17.321  -28.196  -19.392 0.0000000000
49395  16.629  -27.658  -19.084 0.0000000000
49402  21.133  -28.170  -20.373 0.0000000000
49403  20.153  -28.173  -20.442 0.0000000000
49404  19.073  -28.213  -20.259 0.0000000000
49405  17.993  -27.781  -20.093 0.0000000000
49406  17.434  -27.603  -19.785 0.0000000000
50466  10.635  -27.479  -14.760 0.0000000000
50467  9.927  -27.435  -14.933 0.0000000000
50468  9.602  -26.928  -14.992 0.0000000000
50489  12.750  -27.974  -15.474 0.0000000000
50490  12.066  -27.578  -15.172 0.0000000000
50491  11.292  -27.425  -14.822 0.0000000000
50493  9.688  -26.952  -15.501 0.0000000000
50513  13.777  -27.862  -16.510 0.0000000000
50514  13.084  -27.465  -16.086 0.0000000000
50515  12.380  -27.094  -15.582 0.0000000000
50518  9.657  -26.767  -16.031 0.0000000000
50524  15.624  -27.844  -17.969 0.0000000000
50525  15.106  -27.316  -17.816 0.0000000000
50526  14.070  -27.374  -17.058 0.0000000000
50527  13.498  -26.944  -16.774 0.0000000000
50535  15.882  -27.407  -18.542 0.0000000000
50536  15.333  -26.909  -18.317 0.0000000000
50546  16.953  -27.248  -19.570 0.0000000000
50547  16.318  -27.115  -19.229 0.0000000000
50554  21.649  -27.324  -20.359 0.0000000000
50555  20.677  -27.298  -20.576 0.0000000000
50556  19.652  -27.308  -20.599 0.0000000000
50557  18.681  -27.204  -20.458 0.0000000000
50558  17.953  -26.998  -20.332 0.0000000000
50559  17.457  -27.133  -20.021 0.0000000000
51765  10.489  -26.875  -14.711 0.0000000000
51766  10.013  -26.907  -14.726 0.0000000000
51767  9.792  -26.892  -14.767 0.0000000000
51782  11.970  -26.865  -15.360 0.0000000000
51783  11.219  -26.725  -14.945 0.0000000000
51784  10.277  -26.376  -14.832 0.0000000000
51785  9.432  -26.278  -15.037 0.0000000000
51786  9.035  -25.634  -15.284 0.0000000000
51809  13.094  -26.369  -16.730 0.0000000000
51810  12.330  -26.540  -15.901 0.0000000000
51811  11.779  -26.485  -15.440 0.0000000000
51812  9.747  -26.512  -16.384 0.0000000000
51813  9.189  -26.107  -15.975 0.0000000000
51814  8.969  -25.644  -15.505 0.0000000000
51826  15.037  -26.588  -18.171 0.0000000000
51827  14.430  -26.322  -17.793 0.0000000000
51828  13.729  -26.542  -17.204 0.0000000000
51830  10.106  -26.201  -17.103 0.0000000000
51831  9.541  -26.104  -16.568 0.0000000000
51838  15.868  -26.742  -19.143 0.0000000000
51839  15.304  -26.322  -18.762 0.0000000000
51840  14.866  -26.159  -18.288 0.0000000000
51843  10.655  -26.049  -17.678 0.0000000000
51850  17.000  -26.699  -19.927 0.0000000000
51851  16.324  -26.386  -19.665 0.0000000000
51852  15.744  -26.260  -19.290 0.0000000000
51861  21.168  -26.371  -20.506 0.0000000000
51862  20.131  -26.396  -20.759 0.0000000000
51863  19.144  -26.446  -20.715 0.0000000000
51864  18.247  -26.378  -20.588 0.0000000000
51865  17.404  -26.381  -20.281 0.0000000000
51866  16.830  -26.299  -20.046 0.0000000000
53153  10.739  -25.948  -15.125 0.0000000000
53154  9.974  -25.559  -15.146 0.0000000000
53155  9.242  -25.431  -15.240 0.0000000000
53156  8.670  -25.136  -15.557 0.0000000000
53157  8.295  -24.830  -15.759 0.0000000000
53180  12.981  -25.760  -17.014 0.0000000000
53181  12.403  -25.684  -16.564 0.0000000000
53182  11.564  -25.842  -15.682 0.0000000000
53183  10.713  -25.366  -15.507 0.0000000000
53184  8.759  -25.456  -16.325 0.0000000000
53185  8.488  -25.269  -15.960 0.0000000000
53186  8.122  -24.841  -15.899 0.0000000000
53202  14.180  -25.674  -17.954 0.0000000000
53203  13.555  -25.658  -17.546 0.0000000000
53204  12.813  -25.347  -17.183 0.0000000000
53205  9.692  -25.552  -17.465 0.0000000000
53206  9.139  -25.567  -16.868 0.0000000000
53207  8.265  -25.054  -16.686 0.0000000000
53208  7.962  -24.750  -16.248 0.0000000000
53216  15.049  -25.696  -19.011 0.0000000000
53217  14.561  -25.472  -18.516 0.0000000000
53218  14.030  -25.328  -18.039 0.0000000000
53221  10.289  -25.356  -18.199 0.0000000000
53222  9.188  -25.101  -17.719 0.0000000000
53223  8.498  -24.994  -17.314 0.0000000000
53230  16.063  -25.801  -19.921 0.0000000000
53231  15.505  -25.542  -19.526 0.0000000000
53232  14.923  -25.354  -19.123 0.0000000000
53235  10.860  -25.151  -18.907 0.0000000000
53242  21.719  -25.463  -20.206 0.0000000000
53243  20.481  -25.271  -20.798 0.0000000000
53244  19.492  -25.622  -20.915 0.0000000000
53245  18.619  -25.697  -20.861 0.0000000000
53246  17.668  -25.443  -20.787 0.0000000000
53247  16.596  -25.667  -20.241 0.0000000000
53248  15.944  -25.451  -20.047 0.0000000000
53260  20.084  -24.657  -21.094 0.0000000000
53261  19.631  -24.844  -21.127 0.0000000000
53262  18.851  -25.032  -21.105 0.0000000000
53263  18.291  -25.194  -21.032 0.0000000000
54541  9.559  -25.092  -15.329 0.0000000000
54542  9.130  -24.827  -15.463 0.0000000000
54543  8.532  -24.644  -15.732 0.0000000000
54544  8.162  -24.606  -15.918 0.0000000000
54560  11.827  -25.303  -16.379 0.0000000000
54561  11.235  -24.987  -16.156 0.0000000000
54562  10.066  -24.577  -15.774 0.0000000000
54563  9.006  -24.201  -15.854 0.0000000000
54564  8.227  -24.081  -15.977 0.0000000000
54565  7.831  -24.279  -16.297 0.0000000000
54587  12.977  -24.942  -17.619 0.0000000000
54588  12.089  -24.696  -17.096 0.0000000000
54589  11.068  -24.242  -16.665 0.0000000000
54590  10.314  -23.813  -16.614 0.0000000000
54591  7.957  -24.577  -17.253 0.0000000000
54592  7.553  -24.310  -16.854 0.0000000000
54603  14.245  -24.738  -18.753 0.0000000000
54604  13.638  -24.649  -18.272 0.0000000000
54605  12.749  -24.346  -17.893 0.0000000000
54606  9.902  -24.651  -18.718 0.0000000000
54607  9.292  -24.636  -18.414 0.0000000000
54608  8.253  -24.428  -18.031 0.0000000000
54609  7.515  -24.124  -17.587 0.0000000000
54615  15.240  -24.789  -19.778 0.0000000000
54616  14.687  -24.626  -19.311 0.0000000000
54617  14.037  -24.235  -18.912 0.0000000000
54618  11.083  -24.635  -19.688 0.0000000000
54619  10.484  -24.553  -19.257 0.0000000000
54620  9.403  -24.195  -19.085 0.0000000000
54621  8.644  -24.124  -18.760 0.0000000000
54626  20.959  -24.541  -20.472 0.0000000000
54627  17.376  -24.765  -21.071 0.0000000000
54628  16.774  -24.821  -20.792 0.0000000000
54629  15.746  -24.679  -20.287 0.0000000000
54630  15.062  -24.267  -19.907 0.0000000000
54633  10.865  -24.328  -19.898 0.0000000000
54638  20.340  -24.326  -20.970 0.0000000000
54639  19.773  -24.199  -21.355 0.0000000000
54640  19.013  -24.314  -21.506 0.0000000000
54641  18.009  -24.569  -21.386 0.0000000000
54642  17.017  -24.239  -21.354 0.0000000000
54643  16.234  -24.103  -21.006 0.0000000000
55847  9.452  -23.716  -16.368 0.0000000000
55848  8.552  -23.652  -16.344 0.0000000000
55849  7.796  -23.483  -16.616 0.0000000000
55850  7.359  -23.582  -16.872 0.0000000000
55872  11.550  -24.001  -17.290 0.0000000000
55873  10.958  -23.588  -17.281 0.0000000000
55874  9.897  -23.137  -17.217 0.0000000000
55875  8.816  -23.198  -16.826 0.0000000000
55876  8.231  -23.256  -16.676 0.0000000000
55877  7.092  -23.482  -17.530 0.0000000000
55878  6.691  -23.112  -18.090 0.0000000000
55892  12.945  -23.966  -18.330 0.0000000000
55893  12.011  -23.497  -18.089 0.0000000000
55894  10.751  -22.919  -17.855 0.0000000000
55895  10.117  -22.724  -17.810 0.0000000000
55896  8.063  -23.929  -18.708 0.0000000000
55897  7.332  -23.555  -18.404 0.0000000000
55898  6.704  -22.808  -18.695 0.0000000000
55906  14.150  -23.876  -19.276 0.0000000000
55907  13.324  -23.379  -19.016 0.0000000000
55908  12.415  -22.947  -18.845 0.0000000000
55909  10.473  -24.098  -19.848 0.0000000000
55910  9.780  -23.805  -19.794 0.0000000000
55911  8.247  -23.362  -19.523 0.0000000000
55912  7.035  -22.889  -19.179 0.0000000000
55913  6.651  -22.552  -19.137 0.0000000000
55918  15.154  -23.914  -20.234 0.0000000000
55919  14.413  -23.366  -19.958 0.0000000000
55920  13.628  -22.869  -19.738 0.0000000000
55922  10.674  -23.768  -20.484 0.0000000000
55923  9.256  -23.008  -20.668 0.0000000000
55924  8.385  -22.815  -20.346 0.0000000000
55928  20.031  -23.595  -21.272 0.0000000000
55929  19.269  -23.431  -21.747 0.0000000000
55930  18.400  -23.668  -21.907 0.0000000000
55931  17.449  -23.628  -21.868 0.0000000000
55932  16.350  -23.323  -21.692 0.0000000000
55933  15.334  -23.387  -20.833 0.0000000000
55934  14.656  -22.876  -20.653 0.0000000000
55937  10.261  -22.977  -21.268 0.0000000000
55938  9.550  -22.599  -21.315 0.0000000000
55947  18.617  -22.968  -22.169 0.0000000000
55948  17.882  -22.942  -22.289 0.0000000000
55949  16.995  -22.872  -22.251 0.0000000000
55950  16.448  -22.775  -22.143 0.0000000000
57162  7.437  -23.067  -16.935 0.0000000000
57163  7.331  -23.252  -16.907 0.0000000000
57183  9.627  -22.623  -17.769 0.0000000000
57184  8.944  -22.724  -17.416 0.0000000000
57185  7.933  -22.684  -17.102 0.0000000000
57186  7.050  -22.836  -17.410 0.0000000000
57187  6.736  -22.993  -17.785 0.0000000000
57206  11.877  -22.693  -18.815 0.0000000000
57207  11.171  -22.589  -18.507 0.0000000000
57208  10.066  -22.279  -18.421 0.0000000000
57209  8.993  -22.306  -18.001 0.0000000000
57210  8.429  -22.408  -17.634 0.0000000000
57211  6.916  -22.382  -18.017 0.0000000000
57212  6.743  -22.518  -18.285 0.0000000000
57227  13.148  -22.592  -19.716 0.0000000000
57228  12.330  -22.310  -19.504 0.0000000000
57229  11.327  -22.184  -19.131 0.0000000000
57230  10.748  -22.198  -18.863 0.0000000000
57231  7.242  -22.570  -19.738 0.0000000000
57232  6.713  -22.329  -19.509 0.0000000000
57233  6.535  -22.198  -19.183 0.0000000000
57245  14.234  -22.564  -20.619 0.0000000000
57246  13.484  -22.274  -20.381 0.0000000000
57247  12.879  -22.198  -19.985 0.0000000000
57248  8.377  -22.432  -20.805 0.0000000000
57249  7.695  -22.400  -20.325 0.0000000000
57250  6.810  -21.943  -20.170 0.0000000000
57251  6.521  -21.998  -19.715 0.0000000000
57260  20.147  -23.234  -21.017 0.0000000000
57261  19.619  -22.751  -21.398 0.0000000000
57262  16.028  -22.646  -22.072 0.0000000000
57263  15.470  -22.656  -21.656 0.0000000000
57264  14.562  -22.268  -21.292 0.0000000000
57265  13.947  -22.150  -20.920 0.0000000000
57266  10.634  -22.550  -21.829 0.0000000000
57267  9.820  -22.336  -21.705 0.0000000000
57268  8.834  -22.008  -21.571 0.0000000000
57269  7.804  -21.843  -20.987 0.0000000000
57270  7.279  -21.859  -20.581 0.0000000000
57275  19.037  -22.533  -22.094 0.0000000000
57276  18.260  -22.254  -22.471 0.0000000000
57277  17.365  -22.217  -22.717 0.0000000000
57278  16.396  -22.246  -22.540 0.0000000000
57279  15.524  -22.128  -22.220 0.0000000000
57280  15.030  -22.178  -21.847 0.0000000000
57283  11.230  -22.144  -22.572 0.0000000000
57284  10.103  -21.923  -22.217 0.0000000000
57285  9.485  -21.860  -21.980 0.0000000000
57301  11.996  -21.814  -23.253 0.0000000000
58633  7.332  -22.380  -17.726 0.0000000000
58634  7.046  -22.409  -17.848 0.0000000000
58650  9.642  -21.768  -18.995 0.0000000000
58651  8.972  -21.821  -18.681 0.0000000000
58652  7.959  -21.955  -18.064 0.0000000000
58653  7.068  -22.034  -18.216 0.0000000000
58654  6.816  -22.146  -18.349 0.0000000000
58666  11.941  -21.646  -20.003 0.0000000000
58667  11.342  -21.677  -19.765 0.0000000000
58668  10.350  -21.707  -19.329 0.0000000000
58669  9.157  -21.219  -19.464 0.0000000000
58670  8.087  -21.359  -19.048 0.0000000000
58671  7.288  -21.460  -18.815 0.0000000000
58672  6.740  -21.649  -18.943 0.0000000000
58685  13.009  -21.661  -20.800 0.0000000000
58686  12.486  -21.668  -20.367 0.0000000000
58687  11.476  -21.107  -20.510 0.0000000000
58688  10.511  -21.151  -20.103 0.0000000000
58689  9.878  -21.167  -19.796 0.0000000000
58690  6.708  -21.425  -20.314 0.0000000000
58691  6.566  -21.472  -19.914 0.0000000000
58703  19.204  -21.967  -21.528 0.0000000000
58705  14.176  -21.651  -21.672 0.0000000000
58706  13.502  -21.483  -21.389 0.0000000000
58707  12.548  -21.220  -21.057 0.0000000000
58708  12.052  -21.117  -20.809 0.0000000000
58709  8.546  -21.263  -21.955 0.0000000000
58710  7.929  -21.019  -21.656 0.0000000000
58711  7.080  -21.285  -20.756 0.0000000000
58712  6.693  -21.199  -20.393 0.0000000000
58720  19.203  -22.204  -21.868 0.0000000000
58721  18.664  -21.652  -22.204 0.0000000000
58722  17.659  -21.267  -22.999 0.0000000000
58723  16.723  -21.560  -23.120 0.0000000000
58724  15.651  -21.356  -22.920 0.0000000000
58725  14.635  -21.565  -22.154 0.0000000000
58726  13.967  -21.351  -21.917 0.0000000000
58727  10.773  -21.437  -23.006 0.0000000000
58728  10.234  -21.446  -22.753 0.0000000000
58729  9.171  -21.108  -22.386 0.0000000000
58730  8.402  -20.889  -22.099 0.0000000000
58738  17.200  -20.652  -23.348 0.0000000000
58739  16.789  -20.876  -23.400 0.0000000000
58740  16.267  -21.084  -23.322 0.0000000000
58742  12.306  -21.110  -23.915 0.0000000000
58743  11.264  -21.177  -23.438 0.0000000000
58744  10.343  -20.926  -23.222 0.0000000000
58745  9.806  -20.945  -22.902 0.0000000000
58767  13.040  -20.963  -24.340 0.0000000000
60100  8.764  -20.701  -19.910 0.0000000000
60101  8.171  -20.739  -19.658 0.0000000000
60102  7.402  -20.913  -19.425 0.0000000000
60103  7.013  -21.139  -19.244 0.0000000000
60125  11.177  -20.586  -20.911 0.0000000000
60126  10.549  -20.484  -20.746 0.0000000000
60127  9.458  -20.613  -20.260 0.0000000000
60128  8.396  -20.319  -20.216 0.0000000000
60129  7.587  -20.402  -20.042 0.0000000000
60130  6.850  -20.732  -19.827 0.0000000000
60155  13.103  -20.811  -21.854 0.0000000000
60156  12.609  -20.802  -21.586 0.0000000000
60157  11.643  -20.504  -21.317 0.0000000000
60158  10.972  -20.299  -21.091 0.0000000000
60159  7.729  -20.377  -21.879 0.0000000000
60160  7.476  -20.378  -21.380 0.0000000000
60161  6.884  -20.793  -20.498 0.0000000000
60180  18.552  -21.102  -22.049 0.0000000000
60181  18.020  -20.607  -22.508 0.0000000000
60182  15.208  -20.753  -23.205 0.0000000000
60183  14.654  -20.840  -22.849 0.0000000000
60184  13.597  -20.644  -22.415 0.0000000000
60185  12.649  -20.391  -22.085 0.0000000000
60186  12.162  -20.415  -21.811 0.0000000000
60187  8.806  -20.347  -22.764 0.0000000000
60188  8.114  -20.253  -22.425 0.0000000000
60189  7.700  -20.138  -21.978 0.0000000000
60205  17.419  -20.317  -23.226 0.0000000000
60206  16.777  -20.203  -23.629 0.0000000000
60207  15.818  -20.458  -23.547 0.0000000000
60208  14.710  -20.289  -23.344 0.0000000000
60209  14.129  -20.411  -23.007 0.0000000000
60210  12.102  -20.607  -24.199 0.0000000000
60211  11.648  -20.514  -24.081 0.0000000000
60212  10.573  -20.089  -23.846 0.0000000000
60213  9.459  -20.260  -23.203 0.0000000000
60214  8.667  -19.931  -23.020 0.0000000000
60233  13.503  -20.594  -24.789 0.0000000000
60234  12.353  -20.151  -24.620 0.0000000000
60235  11.282  -19.840  -24.395 0.0000000000
60236  10.722  -19.544  -24.317 0.0000000000
60255  13.290  -19.869  -25.286 0.0000000000
60256  12.675  -19.516  -25.242 0.0000000000
61512  9.717  -19.983  -20.890 0.0000000000
61513  8.831  -19.876  -20.773 0.0000000000
61514  7.947  -19.847  -20.646 0.0000000000
61515  7.335  -20.290  -20.536 0.0000000000
61516  7.034  -20.511  -20.416 0.0000000000
61532  11.201  -19.868  -21.740 0.0000000000
61533  10.455  -19.708  -21.433 0.0000000000
61534  9.338  -19.382  -21.260 0.0000000000
61535  8.482  -19.308  -21.246 0.0000000000
61536  7.763  -19.660  -21.350 0.0000000000
61537  7.239  -20.327  -20.792 0.0000000000
61556  17.524  -19.770  -22.629 0.0000000000
61557  17.025  -19.253  -22.530 0.0000000000
61558  13.166  -19.973  -22.882 0.0000000000
61559  12.596  -19.818  -22.681 0.0000000000
61560  11.767  -19.896  -22.184 0.0000000000
61561  10.954  -19.401  -22.031 0.0000000000
61562  8.053  -19.623  -22.574 0.0000000000
61563  7.860  -19.653  -22.178 0.0000000000
61587  17.595  -19.959  -23.056 0.0000000000
61588  16.888  -19.324  -23.465 0.0000000000
61589  16.076  -19.573  -24.009 0.0000000000
61590  14.865  -19.371  -23.885 0.0000000000
61591  13.617  -19.783  -23.305 0.0000000000
61592  12.879  -19.612  -23.083 0.0000000000
61593  9.720  -19.459  -23.716 0.0000000000
61594  8.938  -19.199  -23.495 0.0000000000
61595  8.321  -19.438  -22.976 0.0000000000
61596  8.127  -19.350  -22.636 0.0000000000
61624  16.415  -18.530  -24.031 0.0000000000
61625  16.089  -18.836  -24.238 0.0000000000
61626  15.558  -19.037  -24.194 0.0000000000
61627  11.556  -19.416  -24.764 0.0000000000
61628  10.910  -19.250  -24.612 0.0000000000
61629  10.175  -18.977  -24.287 0.0000000000
61630  9.538  -19.015  -23.847 0.0000000000
61649  13.919  -19.462  -25.779 0.0000000000
61650  12.993  -18.919  -25.726 0.0000000000
61651  12.057  -19.043  -25.253 0.0000000000
61652  11.186  -18.818  -24.988 0.0000000000
61653  10.701  -18.814  -24.705 0.0000000000
61668  13.729  -18.777  -26.156 0.0000000000
62918  9.706  -19.070  -21.638 0.0000000000
62919  9.105  -18.763  -21.672 0.0000000000
62920  8.394  -18.825  -21.869 0.0000000000
62921  8.055  -19.040  -22.058 0.0000000000
62936  16.589  -18.639  -22.785 0.0000000000
62937  16.132  -18.208  -22.576 0.0000000000
62938  11.988  -19.347  -22.671 0.0000000000
62939  11.309  -19.027  -22.585 0.0000000000
62940  10.080  -18.645  -22.259 0.0000000000
62941  9.052  -18.313  -22.310 0.0000000000
62942  8.576  -18.547  -22.620 0.0000000000
62943  8.177  -18.984  -22.603 0.0000000000
62959  16.460  -18.395  -23.607 0.0000000000
62960  14.342  -18.685  -24.194 0.0000000000
62961  13.600  -18.839  -23.937 0.0000000000
62962  12.252  -18.791  -23.323 0.0000000000
62963  10.904  -18.248  -23.077 0.0000000000
62964  10.137  -17.884  -22.973 0.0000000000
62965  8.905  -18.616  -23.546 0.0000000000
62966  8.573  -18.667  -23.182 0.0000000000
62967  8.223  -19.080  -22.851 0.0000000000
62996  16.318  -18.070  -24.080 0.0000000000
62997  15.955  -18.132  -24.359 0.0000000000
62998  15.053  -18.378  -24.399 0.0000000000
62999  13.826  -18.134  -24.399 0.0000000000
63000  12.814  -18.137  -24.186 0.0000000000
63001  9.909  -18.139  -24.440 0.0000000000
63002  9.314  -18.467  -23.891 0.0000000000
63003  8.971  -18.357  -23.574 0.0000000000
63025  12.702  -18.320  -26.081 0.0000000000
63026  12.239  -18.340  -25.841 0.0000000000
63027  11.425  -18.131  -25.553 0.0000000000
63028  10.621  -18.233  -24.903 0.0000000000
63047  14.126  -18.218  -26.512 0.0000000000
63048  13.185  -18.108  -26.364 0.0000000000
63049  12.436  -17.849  -26.275 0.0000000000
63050  11.872  -17.765  -26.073 0.0000000000
64286  16.296  -18.100  -23.176 0.0000000000
64289  9.566  -18.028  -22.771 0.0000000000
64290  9.141  -17.984  -22.931 0.0000000000
64291  8.907  -18.177  -23.168 0.0000000000
64302  16.267  -17.795  -23.760 0.0000000000
64303  15.934  -17.260  -24.169 0.0000000000
64304  11.349  -17.893  -23.508 0.0000000000
64305  10.670  -17.436  -23.573 0.0000000000
64306  9.788  -17.656  -23.310 0.0000000000
64307  9.429  -17.790  -23.466 0.0000000000
64308  9.032  -18.068  -23.513 0.0000000000
64322  16.057  -17.686  -24.273 0.0000000000
64323  15.328  -17.416  -24.609 0.0000000000
64324  14.178  -17.426  -24.760 0.0000000000
64325  12.990  -17.347  -24.652 0.0000000000
64326  11.744  -17.408  -24.106 0.0000000000
64327  11.033  -16.982  -23.972 0.0000000000
64328  10.444  -17.507  -24.695 0.0000000000
64329  9.561  -17.707  -24.067 0.0000000000
64330  9.163  -18.134  -23.751 0.0000000000
64340  11.478  -17.232  -25.952 0.0000000000
64341  10.951  -17.387  -25.399 0.0000000000
64357  14.713  -17.638  -26.808 0.0000000000
64358  13.721  -17.172  -26.827 0.0000000000
64359  12.765  -17.241  -26.579 0.0000000000
64360  12.017  -17.174  -26.429 0.0000000000
64383  14.576  -16.836  -27.192 0.0000000000
64384  13.997  -16.586  -27.173 0.0000000000
65681  10.707  -17.010  -24.018 0.0000000000
65682  10.162  -17.274  -23.779 0.0000000000
65683  9.785  -17.521  -23.591 0.0000000000
65693  15.378  -16.563  -25.065 0.0000000000
65694  14.425  -16.704  -25.169 0.0000000000
65695  13.384  -16.663  -25.106 0.0000000000
65696  12.307  -16.335  -24.866 0.0000000000
65697  11.250  -16.707  -24.457 0.0000000000
65698  10.605  -16.997  -24.410 0.0000000000
65699  9.870  -17.417  -23.813 0.0000000000
65708  15.003  -15.970  -25.495 0.0000000000
65709  14.529  -16.030  -25.481 0.0000000000
65710  13.654  -16.049  -25.426 0.0000000000
65711  12.978  -16.129  -25.317 0.0000000000
65712  11.252  -16.790  -25.772 0.0000000000
65713  10.980  -16.695  -25.283 0.0000000000
65723  13.015  -16.598  -26.857 0.0000000000
65724  12.390  -16.533  -26.697 0.0000000000
65725  11.693  -16.300  -26.304 0.0000000000
65726  11.312  -16.429  -25.816 0.0000000000
65743  15.268  -16.096  -27.682 0.0000000000
65744  14.269  -16.148  -27.424 0.0000000000
65745  13.525  -16.199  -27.229 0.0000000000
65746  12.791  -16.001  -27.074 0.0000000000
65747  12.287  -16.026  -26.836 0.0000000000
65766  15.585  -15.459  -28.127 0.0000000000
67099  12.100  -15.808  -25.271 0.0000000000
67100  11.627  -16.094  -24.976 0.0000000000
67101  11.155  -16.483  -24.771 0.0000000000
67109  15.297  -15.763  -25.555 0.0000000000
67110  14.744  -15.497  -25.747 0.0000000000
67111  13.945  -15.429  -25.747 0.0000000000
67112  12.845  -15.571  -25.594 0.0000000000
67113  11.941  -15.531  -25.668 0.0000000000
67114  11.296  -16.296  -25.147 0.0000000000
67120  11.897  -15.481  -26.256 0.0000000000
67121  11.450  -16.049  -25.745 0.0000000000
67134  14.530  -15.584  -27.654 0.0000000000
67135  13.906  -15.575  -27.515 0.0000000000
67136  13.296  -15.340  -27.418 0.0000000000
67137  12.593  -15.439  -27.066 0.0000000000
67138  12.211  -15.526  -26.673 0.0000000000
67157  15.886  -14.918  -28.551 0.0000000000
67158  15.046  -15.113  -28.022 0.0000000000
67159  14.261  -15.113  -27.752 0.0000000000
67160  13.796  -15.195  -27.599 0.0000000000
67180  16.467  -14.864  -28.864 0.0000000000
68517  15.495  -15.384  -25.704 0.0000000000
68527  15.652  -14.746  -26.282 0.0000000000
68528  15.236  -15.069  -26.146 0.0000000000
68529  14.480  -14.929  -26.195 0.0000000000
68530  13.602  -14.851  -26.144 0.0000000000
68531  12.762  -14.862  -26.163 0.0000000000
68532  12.331  -14.976  -26.285 0.0000000000
68541  15.651  -14.455  -26.645 0.0000000000
68542  15.135  -14.451  -26.720 0.0000000000
68543  14.354  -14.457  -26.716 0.0000000000
68544  13.584  -14.517  -26.692 0.0000000000
68545  12.903  -14.626  -26.791 0.0000000000
68546  12.386  -15.048  -26.711 0.0000000000
68556  13.462  -14.844  -27.455 0.0000000000
68557  12.937  -14.808  -27.238 0.0000000000
68558  12.442  -15.152  -26.956 0.0000000000
68570  15.774  -14.353  -28.751 0.0000000000
68571  15.293  -14.330  -28.502 0.0000000000
68572  14.597  -14.523  -28.023 0.0000000000
68573  13.916  -14.823  -27.663 0.0000000000
68591  16.328  -14.231  -29.083 0.0000000000
68592  15.654  -14.035  -28.870 0.0000000000
69973  17.311  -13.956  -25.062 0.0000000000
69982  17.799  -13.379  -25.557 0.0000000000
69983  16.029  -14.119  -26.834 0.0000000000
69993  16.545  -13.412  -27.249 0.0000000000
69994  15.964  -13.750  -27.251 0.0000000000
69995  15.112  -13.965  -27.251 0.0000000000
69996  14.499  -14.195  -27.081 0.0000000000
69997  13.772  -14.373  -27.170 0.0000000000
69998  13.303  -14.549  -27.170 0.0000000000
70010  15.680  -13.374  -27.594 0.0000000000
70011  15.162  -13.441  -27.664 0.0000000000
70012  14.716  -13.788  -27.792 0.0000000000
70013  13.910  -14.506  -27.482 0.0000000000
70014  13.370  -14.649  -27.303 0.0000000000
70025  15.352  -13.859  -28.766 0.0000000000
70026  14.975  -13.702  -28.416 0.0000000000
70027  14.342  -14.378  -27.986 0.0000000000
70043  16.801  -13.286  -29.781 0.0000000000
70044  15.710  -13.458  -29.087 0.0000000000
70045  15.264  -13.219  -28.890 0.0000000000
70069  17.133  -12.780  -30.216 0.0000000000
71266  18.638  -12.839  -25.935 0.0000000000
71267  17.005  -12.938  -27.423 0.0000000000
71277  19.427  -12.353  -26.368 0.0000000000
71278  17.212  -12.596  -27.642 0.0000000000
71279  16.889  -12.816  -27.667 0.0000000000
71280  16.264  -13.044  -27.719 0.0000000000
71291  16.767  -12.528  -28.141 0.0000000000
71292  16.019  -12.888  -28.031 0.0000000000
71293  15.281  -12.941  -28.198 0.0000000000
71294  15.098  -13.164  -28.458 0.0000000000
71303  16.561  -12.292  -28.595 0.0000000000
71304  15.910  -12.566  -28.628 0.0000000000
71305  15.482  -12.740  -28.775 0.0000000000
71306  15.145  -12.945  -28.901 0.0000000000
71320  16.217  -12.764  -29.517 0.0000000000
71321  15.531  -12.823  -29.093 0.0000000000
71322  15.075  -13.045  -28.835 0.0000000000
71343  17.312  -12.336  -30.493 0.0000000000
71344  16.793  -12.537  -29.963 0.0000000000
71363  17.893  -12.236  -31.149 0.0000000000
72559  20.209  -11.893  -26.830 0.0000000000
72560  19.314  -11.851  -26.883 0.0000000000
72561  17.552  -12.062  -28.026 0.0000000000
72562  17.368  -12.179  -28.151 0.0000000000
72577  23.092  -11.617  -28.129 0.0000000000
72578  22.897  -11.688  -27.971 0.0000000000
72579  20.038  -11.344  -27.331 0.0000000000
72580  18.013  -11.133  -28.340 0.0000000000
72581  17.761  -11.454  -28.301 0.0000000000
72582  17.346  -11.800  -28.556 0.0000000000
72591  24.155  -11.287  -28.532 0.0000000000
72592  23.453  -11.262  -28.443 0.0000000000
72593  23.102  -11.264  -28.330 0.0000000000
72594  17.031  -11.756  -28.993 0.0000000000
72595  16.351  -12.111  -28.990 0.0000000000
72596  15.914  -12.387  -28.951 0.0000000000
72607  16.940  -11.828  -29.411 0.0000000000
72608  16.280  -12.357  -29.307 0.0000000000
72609  15.745  -12.538  -29.030 0.0000000000
72627  26.672  -10.844  -30.020 0.0000000000
72628  16.992  -11.893  -30.040 0.0000000000
72629  16.567  -12.389  -29.673 0.0000000000
72648  18.240  -11.432  -31.533 0.0000000000
72649  17.638  -11.606  -30.818 0.0000000000
72666  18.801  -11.395  -32.200 0.0000000000
73943  22.873  -11.209  -28.292 0.0000000000
73944  22.906  -11.430  -28.180 0.0000000000
73945  20.666  -10.813  -27.816 0.0000000000
73946  18.475  -10.427  -28.692 0.0000000000
73947  18.220  -10.751  -28.563 0.0000000000
73948  17.914  -11.127  -28.640 0.0000000000
73958  25.125  -10.959  -29.095 0.0000000000
73959  24.647  -10.832  -29.028 0.0000000000
73960  23.829  -10.612  -29.021 0.0000000000
73961  23.176  -10.955  -28.535 0.0000000000
73962  21.216  -10.253  -28.303 0.0000000000
73963  18.982  -9.741  -28.999 0.0000000000
73964  18.668  -10.091  -28.873 0.0000000000
73965  18.323  -10.510  -29.014 0.0000000000
73966  17.676  -11.209  -28.993 0.0000000000
73972  26.223  -10.358  -30.037 0.0000000000
73973  25.323  -10.532  -29.487 0.0000000000
73974  24.428  -10.243  -29.402 0.0000000000
73975  23.985  -10.141  -29.383 0.0000000000
73976  18.000  -10.806  -29.511 0.0000000000
73977  17.446  -11.401  -29.349 0.0000000000
73995  27.807  -10.668  -30.637 0.0000000000
73996  26.986  -10.452  -30.419 0.0000000000
73997  18.123  -10.606  -30.220 0.0000000000
73998  17.541  -11.313  -29.833 0.0000000000
74015  18.123  -10.677  -31.081 0.0000000000
74016  17.697  -11.236  -30.403 0.0000000000
74025  18.995  -10.836  -32.636 0.0000000000
74026  18.582  -10.541  -32.052 0.0000000000
74048  19.537  -10.578  -33.271 0.0000000000
74049  18.889  -10.200  -32.761 0.0000000000
74075  20.070  -10.043  -33.903 0.0000000000
75397  23.718  -9.990  -29.409 0.0000000000
75398  23.370  -10.046  -29.290 0.0000000000
75399  21.735  -9.577  -28.846 0.0000000000
75400  19.615  -9.101  -29.247 0.0000000000
75401  19.158  -9.389  -29.234 0.0000000000
75402  18.769  -9.932  -29.155 0.0000000000
75413  26.081  -9.833  -30.300 0.0000000000
75414  25.624  -9.845  -30.045 0.0000000000
75415  24.835  -9.666  -29.850 0.0000000000
75416  24.079  -9.689  -29.659 0.0000000000
75417  23.472  -9.430  -29.658 0.0000000000
75418  22.914  -9.125  -29.644 0.0000000000
75419  19.268  -9.173  -29.548 0.0000000000
75420  18.757  -9.741  -29.723 0.0000000000
75430  28.962  -10.403  -31.415 0.0000000000
75431  28.218  -10.227  -31.212 0.0000000000
75432  27.439  -10.006  -30.938 0.0000000000
75433  26.583  -9.688  -30.659 0.0000000000
75434  25.917  -9.465  -30.463 0.0000000000
75435  25.338  -9.358  -30.308 0.0000000000
75436  18.570  -9.789  -30.708 0.0000000000
75439  31.300  -10.355  -32.300 0.0000000000
75440  30.521  -10.227  -32.113 0.0000000000
75441  29.632  -10.130  -31.822 0.0000000000
75442  28.627  -9.723  -31.794 0.0000000000
75443  27.847  -9.620  -31.487 0.0000000000
75444  27.199  -9.430  -31.224 0.0000000000
75445  18.620  -9.744  -31.589 0.0000000000
75452  31.637  -9.988  -32.821 0.0000000000
75453  30.840  -9.846  -32.670 0.0000000000
75454  30.029  -9.649  -32.456 0.0000000000
75455  29.223  -9.521  -32.310 0.0000000000
75456  18.803  -9.612  -32.420 0.0000000000
75471  31.965  -9.561  -33.468 0.0000000000
75477  19.607  -9.531  -33.678 0.0000000000
75478  19.095  -9.440  -33.152 0.0000000000
75502  20.201  -9.183  -34.353 0.0000000000
76820  20.474  -8.592  -29.465 0.0000000000
76821  19.823  -8.781  -29.431 0.0000000000
76822  19.491  -8.997  -29.498 0.0000000000
76827  24.346  -9.343  -29.997 0.0000000000
76828  23.855  -9.103  -30.063 0.0000000000
76829  22.993  -8.694  -30.032 0.0000000000
76830  21.818  -8.438  -29.824 0.0000000000
76831  20.635  -8.292  -29.729 0.0000000000
76832  19.607  -8.604  -29.901 0.0000000000
76833  19.065  -9.093  -30.442 0.0000000000
76837  26.196  -9.222  -30.769 0.0000000000
76838  25.697  -8.912  -30.747 0.0000000000
76839  24.675  -8.913  -30.438 0.0000000000
76840  23.712  -8.457  -30.523 0.0000000000
76841  22.939  -8.151  -30.495 0.0000000000
76842  19.386  -8.342  -30.733 0.0000000000
76843  18.972  -9.007  -31.170 0.0000000000
76846  28.112  -9.304  -31.874 0.0000000000
76847  27.573  -8.985  -31.759 0.0000000000
76848  26.583  -8.878  -31.256 0.0000000000
76849  25.887  -8.352  -31.239 0.0000000000
76850  19.298  -8.199  -31.542 0.0000000000
76851  18.971  -8.931  -32.014 0.0000000000
76855  31.184  -9.550  -33.204 0.0000000000
76856  30.435  -9.284  -33.106 0.0000000000
76857  29.504  -9.067  -32.858 0.0000000000
76858  28.425  -8.914  -32.444 0.0000000000
76859  27.667  -8.477  -32.263 0.0000000000
76860  19.247  -8.160  -32.462 0.0000000000
76861  18.995  -8.890  -32.843 0.0000000000
76878  32.403  -8.874  -34.159 0.0000000000
76879  31.161  -8.884  -33.753 0.0000000000
76880  30.036  -8.534  -33.470 0.0000000000
76881  29.004  -8.359  -33.150 0.0000000000
76882  28.420  -8.274  -32.858 0.0000000000
76883  19.461  -8.386  -33.567 0.0000000000
76884  19.150  -8.902  -33.200 0.0000000000
76912  20.825  -8.632  -35.044 0.0000000000
76913  20.169  -8.032  -34.773 0.0000000000
76941  20.792  -7.876  -35.443 0.0000000000
76942  20.464  -7.522  -35.238 0.0000000000
78230  22.328  -8.154  -30.198 0.0000000000
78231  21.530  -7.911  -30.136 0.0000000000
78232  20.589  -7.812  -30.189 0.0000000000
78233  19.929  -7.856  -30.482 0.0000000000
78239  25.233  -8.371  -30.993 0.0000000000
78240  24.459  -8.079  -31.037 0.0000000000
78241  23.458  -7.695  -30.995 0.0000000000
78242  22.396  -7.580  -30.588 0.0000000000
78243  21.421  -7.321  -30.559 0.0000000000
78244  20.521  -7.232  -30.786 0.0000000000
78245  19.771  -7.592  -31.070 0.0000000000
78249  27.130  -8.415  -31.874 0.0000000000
78250  26.463  -8.046  -31.746 0.0000000000
78251  25.460  -7.601  -31.511 0.0000000000
78252  24.375  -7.254  -31.400 0.0000000000
78253  23.602  -6.989  -31.374 0.0000000000
78254  20.159  -6.998  -31.311 0.0000000000
78255  19.743  -7.353  -31.911 0.0000000000
78260  28.007  -8.217  -32.650 0.0000000000
78261  27.307  -7.799  -32.458 0.0000000000
78262  26.378  -7.306  -32.234 0.0000000000
78263  25.689  -6.851  -32.117 0.0000000000
78264  19.625  -7.398  -32.846 0.0000000000
78287  32.519  -8.097  -34.498 0.0000000000
78288  31.658  -8.160  -34.361 0.0000000000
78289  30.612  -8.013  -34.127 0.0000000000
78290  29.566  -7.559  -33.747 0.0000000000
78291  28.273  -7.614  -33.165 0.0000000000
78292  27.539  -7.272  -32.963 0.0000000000
78293  19.828  -7.116  -33.627 0.0000000000
78314  32.186  -7.459  -34.567 0.0000000000
78315  31.243  -7.397  -34.470 0.0000000000
78316  30.320  -7.229  -34.267 0.0000000000
78317  29.815  -7.084  -34.102 0.0000000000
78318  19.941  -7.328  -34.340 0.0000000000
78334  20.740  -7.038  -35.759 0.0000000000
78335  20.245  -7.169  -34.995 0.0000000000
78361  21.023  -6.603  -36.300 0.0000000000
79643  22.920  -7.132  -31.114 0.0000000000
79644  22.192  -6.899  -31.017 0.0000000000
79645  21.340  -6.765  -31.074 0.0000000000
79646  20.714  -6.752  -31.296 0.0000000000
79650  25.037  -6.792  -31.736 0.0000000000
79651  24.198  -6.450  -31.835 0.0000000000
79652  23.030  -6.485  -31.575 0.0000000000
79653  22.033  -6.300  -31.510 0.0000000000
79654  21.218  -6.326  -31.637 0.0000000000
79655  20.472  -6.572  -31.933 0.0000000000
79656  20.044  -6.888  -32.456 0.0000000000
79660  27.040  -7.071  -32.758 0.0000000000
79661  26.380  -6.424  -32.757 0.0000000000
79662  25.224  -6.113  -32.369 0.0000000000
79663  24.435  -5.742  -32.362 0.0000000000
79664  20.388  -6.394  -32.630 0.0000000000
79665  20.062  -6.749  -33.051 0.0000000000
79683  29.528  -6.995  -34.026 0.0000000000
79684  28.887  -6.778  -33.888 0.0000000000
79685  27.590  -6.564  -33.399 0.0000000000
79686  26.818  -5.756  -33.381 0.0000000000
79687  20.327  -6.227  -33.141 0.0000000000
79688  20.169  -6.439  -33.624 0.0000000000
79703  32.749  -6.798  -34.796 0.0000000000
79704  31.831  -6.813  -34.714 0.0000000000
79705  30.909  -6.710  -34.644 0.0000000000
79706  29.846  -6.590  -34.419 0.0000000000
79707  29.057  -6.108  -34.443 0.0000000000
79708  20.278  -6.226  -34.547 0.0000000000
79709  20.165  -6.487  -34.280 0.0000000000
79722  32.707  -6.361  -35.141 0.0000000000
79723  20.346  -6.290  -35.038 0.0000000000
79724  20.160  -6.815  -34.675 0.0000000000
79733  21.251  -6.217  -36.679 0.0000000000
79734  20.772  -6.200  -36.010 0.0000000000
80970  23.603  -5.843  -32.259 0.0000000000
80971  22.637  -5.814  -32.135 0.0000000000
80972  21.761  -5.791  -32.090 0.0000000000
80973  21.042  -5.969  -32.225 0.0000000000
80974  20.680  -6.190  -32.398 0.0000000000
80978  25.920  -5.297  -33.065 0.0000000000
80979  24.968  -5.182  -32.678 0.0000000000
80980  24.092  -5.166  -32.747 0.0000000000
80981  23.165  -5.146  -32.700 0.0000000000
80982  22.261  -5.144  -32.608 0.0000000000
80983  21.441  -5.334  -32.658 0.0000000000
80984  20.746  -5.790  -32.873 0.0000000000
81001  28.336  -6.044  -34.105 0.0000000000
81002  27.555  -5.425  -33.999 0.0000000000
81003  26.682  -5.005  -33.634 0.0000000000
81004  20.449  -5.893  -33.578 0.0000000000
81005  20.271  -6.178  -34.026 0.0000000000
81023  32.275  -6.424  -35.048 0.0000000000
81024  31.588  -6.248  -35.077 0.0000000000
81025  30.638  -6.026  -34.995 0.0000000000
81026  29.674  -5.741  -34.936 0.0000000000
81027  28.610  -5.294  -34.774 0.0000000000
81028  27.754  -4.771  -34.610 0.0000000000
81029  20.382  -5.901  -34.323 0.0000000000
81030  20.282  -6.193  -34.268 0.0000000000
81043  32.511  -5.886  -35.525 0.0000000000
81044  31.375  -5.626  -35.576 0.0000000000
81045  30.402  -5.374  -35.543 0.0000000000
81046  29.518  -5.012  -35.450 0.0000000000
81047  28.871  -4.619  -35.386 0.0000000000
81048  20.555  -5.515  -34.900 0.0000000000
81062  21.032  -5.606  -36.393 0.0000000000
81063  20.780  -5.441  -35.602 0.0000000000
81072  21.514  -5.494  -37.334 0.0000000000
81093  21.785  -4.798  -37.973 0.0000000000
82333  25.279  -4.636  -33.185 0.0000000000
82334  24.564  -4.607  -33.131 0.0000000000
82335  23.673  -4.384  -33.261 0.0000000000
82336  22.724  -4.489  -33.052 0.0000000000
82337  21.870  -4.489  -33.171 0.0000000000
82338  21.082  -5.104  -33.202 0.0000000000
82339  20.751  -5.497  -33.336 0.0000000000
82348  27.029  -4.523  -34.191 0.0000000000
82349  25.952  -4.109  -33.762 0.0000000000
82350  24.908  -4.056  -33.477 0.0000000000
82351  24.331  -4.171  -33.455 0.0000000000
82352  21.760  -4.216  -33.698 0.0000000000
82353  21.279  -4.662  -33.808 0.0000000000
82354  20.751  -5.330  -33.758 0.0000000000
82374  28.207  -4.456  -35.127 0.0000000000
82375  27.446  -4.023  -34.852 0.0000000000
82376  26.686  -3.832  -34.438 0.0000000000
82377  21.251  -4.509  -34.568 0.0000000000
82378  20.799  -5.129  -34.409 0.0000000000
82391  33.080  -5.262  -36.299 0.0000000000
82392  32.054  -5.185  -36.183 0.0000000000
82393  31.079  -4.985  -36.131 0.0000000000
82394  30.199  -4.705  -36.055 0.0000000000
82395  29.385  -4.270  -35.988 0.0000000000
82396  28.624  -4.049  -35.652 0.0000000000
82397  28.027  -3.833  -35.376 0.0000000000
82398  21.161  -4.412  -35.301 0.0000000000
82399  20.871  -4.961  -35.066 0.0000000000
82410  33.555  -4.688  -36.867 0.0000000000
82411  32.628  -4.640  -36.741 0.0000000000
82412  31.698  -4.528  -36.674 0.0000000000
82413  30.809  -4.331  -36.620 0.0000000000
82414  30.058  -4.141  -36.531 0.0000000000
82415  21.091  -4.686  -36.201 0.0000000000
82416  20.955  -4.864  -35.556 0.0000000000
82428  21.423  -4.339  -37.184 0.0000000000
82441  22.170  -4.475  -38.647 0.0000000000
82442  21.743  -3.942  -37.879 0.0000000000
82461  22.646  -4.017  -39.426 0.0000000000
82481  22.872  -3.364  -39.904 0.0000000000
83708  23.454  -3.908  -33.614 0.0000000000
83709  22.963  -3.977  -33.394 0.0000000000
83710  22.478  -4.135  -33.316 0.0000000000
83713  25.566  -3.453  -34.135 0.0000000000
83714  25.088  -3.517  -33.875 0.0000000000
83715  24.095  -3.576  -33.888 0.0000000000
83716  23.172  -3.629  -33.820 0.0000000000
83717  22.315  -3.791  -33.884 0.0000000000
83718  21.637  -4.138  -34.091 0.0000000000
83733  26.927  -3.394  -34.841 0.0000000000
83734  26.047  -3.108  -34.623 0.0000000000
83735  25.173  -3.089  -34.341 0.0000000000
83736  24.694  -3.210  -34.168 0.0000000000
83737  22.157  -3.439  -34.481 0.0000000000
83738  21.726  -3.770  -34.758 0.0000000000
83759  28.912  -3.738  -36.184 0.0000000000
83760  28.307  -3.369  -35.939 0.0000000000
83761  27.506  -3.261  -35.391 0.0000000000
83762  26.805  -2.869  -35.155 0.0000000000
83763  21.376  -3.873  -35.614 0.0000000000
83776  33.995  -4.193  -37.385 0.0000000000
83777  33.133  -4.146  -37.285 0.0000000000
83778  32.243  -4.097  -37.245 0.0000000000
83779  31.375  -3.942  -37.179 0.0000000000
83780  30.480  -3.626  -37.124 0.0000000000
83781  29.520  -3.585  -36.702 0.0000000000
83782  28.821  -3.274  -36.548 0.0000000000
83783  21.381  -3.686  -36.356 0.0000000000
83798  33.635  -3.638  -37.753 0.0000000000
83799  32.763  -3.578  -37.691 0.0000000000
83800  31.915  -3.505  -37.647 0.0000000000
83801  31.183  -3.361  -37.562 0.0000000000
83802  21.546  -3.459  -37.128 0.0000000000
83813  22.139  -3.385  -38.460 0.0000000000
83814  21.856  -3.227  -37.659 0.0000000000
83828  22.507  -3.005  -39.232 0.0000000000
83848  23.321  -2.935  -40.529 0.0000000000
83849  22.727  -2.697  -39.840 0.0000000000
83865  24.005  -2.730  -41.407 0.0000000000
85134  23.795  -3.051  -34.422 0.0000000000
85135  23.318  -3.233  -34.261 0.0000000000
85136  22.852  -3.434  -34.117 0.0000000000
85150  25.704  -2.573  -35.033 0.0000000000
85151  25.242  -2.677  -34.799 0.0000000000
85152  24.364  -2.750  -34.714 0.0000000000
85153  23.385  -2.692  -34.883 0.0000000000
85154  22.565  -3.149  -34.607 0.0000000000
85155  22.046  -3.282  -34.790 0.0000000000
85177  27.804  -2.808  -35.977 0.0000000000
85178  27.186  -2.526  -35.691 0.0000000000
85179  26.219  -2.229  -35.495 0.0000000000
85180  25.322  -2.273  -35.241 0.0000000000
85181  24.855  -2.429  -35.047 0.0000000000
85182  23.074  -2.380  -35.312 0.0000000000
85183  22.659  -2.636  -35.260 0.0000000000
85184  21.920  -3.065  -35.491 0.0000000000
85203  29.892  -3.108  -37.317 0.0000000000
85204  29.155  -2.835  -37.169 0.0000000000
85205  28.348  -2.674  -36.606 0.0000000000
85206  27.624  -2.231  -36.343 0.0000000000
85207  26.981  -1.968  -36.079 0.0000000000
85208  21.695  -3.028  -36.458 0.0000000000
85226  33.259  -3.157  -38.248 0.0000000000
85227  32.393  -3.071  -38.158 0.0000000000
85228  31.564  -2.944  -38.018 0.0000000000
85229  30.614  -2.761  -37.807 0.0000000000
85230  29.782  -2.606  -37.640 0.0000000000
85231  21.840  -2.758  -37.073 0.0000000000
85248  32.891  -2.595  -38.661 0.0000000000
85249  32.045  -2.490  -38.503 0.0000000000
85250  31.298  -2.433  -38.362 0.0000000000
85251  22.319  -2.416  -38.488 0.0000000000
85252  22.102  -2.635  -37.766 0.0000000000
85261  22.501  -2.109  -39.274 0.0000000000
85275  23.390  -1.973  -40.955 0.0000000000
85276  22.763  -1.996  -40.164 0.0000000000
85294  24.527  -2.551  -42.061 0.0000000000
85295  23.994  -1.838  -41.814 0.0000000000
85309  24.822  -1.974  -42.714 0.0000000000
85310  24.214  -1.295  -42.386 0.0000000000
85331  25.095  -1.416  -43.397 0.0000000000
86569  24.060  -2.338  -35.190 0.0000000000
86570  23.827  -2.468  -35.074 0.0000000000
86586  25.954  -1.672  -35.902 0.0000000000
86587  25.431  -1.768  -35.710 0.0000000000
86588  24.534  -2.025  -35.449 0.0000000000
86589  23.544  -2.114  -35.510 0.0000000000
86590  22.768  -2.286  -35.736 0.0000000000
86591  22.357  -2.578  -35.670 0.0000000000
86615  28.646  -2.261  -37.303 0.0000000000
86616  28.063  -1.935  -37.016 0.0000000000
86617  27.349  -1.478  -36.729 0.0000000000
86618  26.453  -1.485  -36.275 0.0000000000
86619  25.686  -1.309  -36.237 0.0000000000
86620  24.871  -1.322  -36.145 0.0000000000
86621  23.940  -1.448  -36.199 0.0000000000
86622  22.963  -1.776  -36.588 0.0000000000
86623  22.176  -2.436  -36.284 0.0000000000
86646  29.994  -2.253  -38.117 0.0000000000
86647  29.273  -2.101  -37.824 0.0000000000
86648  28.522  -1.618  -37.754 0.0000000000
86649  27.876  -1.362  -37.385 0.0000000000
86650  22.646  -1.537  -37.519 0.0000000000
86651  22.264  -2.135  -37.160 0.0000000000
86676  32.523  -2.008  -39.020 0.0000000000
86677  31.644  -1.938  -38.830 0.0000000000
86678  30.679  -1.989  -38.586 0.0000000000
86679  29.708  -1.688  -38.603 0.0000000000
86680  29.062  -1.575  -38.304 0.0000000000
86681  22.463  -1.426  -38.438 0.0000000000
86682  22.336  -2.008  -37.852 0.0000000000
86703  32.121  -1.510  -39.485 0.0000000000
86704  31.178  -1.505  -39.328 0.0000000000
86705  30.324  -1.482  -39.180 0.0000000000
86706  22.605  -1.146  -39.498 0.0000000000
86713  23.430  -1.265  -41.316 0.0000000000
86714  22.930  -0.987  -40.575 0.0000000000
86728  23.741  -0.939  -41.905 0.0000000000
86729  23.330  -0.502  -41.330 0.0000000000
86744  24.560  -1.072  -42.993 0.0000000000
86745  24.033  -0.615  -42.578 0.0000000000
86757  25.438  -1.301  -43.925 0.0000000000
86758  24.888  -0.701  -43.806 0.0000000000
86777  25.576  -0.852  -44.480 0.0000000000
86778  25.171  -0.449  -44.382 0.0000000000
88113  26.818  -0.943  -36.830 0.0000000000
88114  26.120  -0.869  -36.723 0.0000000000
88115  25.302  -0.779  -36.676 0.0000000000
88116  24.404  -0.853  -36.771 0.0000000000
88117  23.541  -1.080  -37.043 0.0000000000
88118  23.057  -1.312  -37.310 0.0000000000
88148  28.049  -1.083  -37.938 0.0000000000
88149  27.363  -0.750  -37.528 0.0000000000
88150  26.588  -0.516  -37.259 0.0000000000
88151  25.814  -0.369  -37.213 0.0000000000
88152  24.914  -0.264  -37.206 0.0000000000
88153  23.939  -0.316  -37.347 0.0000000000
88154  22.971  -0.632  -37.777 0.0000000000
88184  29.207  -1.357  -38.739 0.0000000000
88185  28.621  -1.109  -38.590 0.0000000000
88186  27.871  -0.581  -38.429 0.0000000000
88187  22.606  -0.377  -38.789 0.0000000000
88223  31.669  -1.043  -40.057 0.0000000000
88224  30.640  -1.057  -39.861 0.0000000000
88225  29.466  -1.025  -39.433 0.0000000000
88226  28.334  -0.313  -39.367 0.0000000000
88227  27.703  -0.141  -38.867 0.0000000000
88228  22.668  -0.013  -39.829 0.0000000000
88253  31.144  -0.567  -40.615 0.0000000000
88254  30.104  -0.522  -40.427 0.0000000000
88255  29.066  -0.132  -40.292 0.0000000000
88256  28.481  0.067  -39.972 0.0000000000
88257  23.005  0.056  -40.830 0.0000000000
88263  31.534  -0.037  -41.197 0.0000000000
88264  30.661  -0.090  -41.159 0.0000000000
88265  29.749  0.065  -40.953 0.0000000000
88266  29.274  0.232  -40.737 0.0000000000
88267  23.620  -0.032  -42.049 0.0000000000
88268  23.288  0.181  -41.463 0.0000000000
88281  24.299  -0.448  -43.213 0.0000000000
88282  23.825  0.110  -43.008 0.0000000000
88295  24.288  0.079  -43.713 0.0000000000
88296  23.911  0.365  -43.495 0.0000000000
88309  25.879  -0.651  -44.979 0.0000000000
88310  25.417  -0.170  -44.909 0.0000000000
88311  24.812  -0.045  -44.348 0.0000000000
88330  26.216  -0.323  -45.410 0.0000000000
88331  25.673  0.106  -45.356 0.0000000000
89717  26.896  -0.330  -37.682 0.0000000000
89718  26.395  -0.068  -37.743 0.0000000000
89719  25.542  0.261  -37.638 0.0000000000
89720  24.518  0.398  -37.590 0.0000000000
89721  23.555  0.309  -37.859 0.0000000000
89722  22.935  0.186  -38.342 0.0000000000
89743  27.160  -0.096  -38.273 0.0000000000
89744  26.327  0.634  -38.361 0.0000000000
89745  25.169  0.982  -38.021 0.0000000000
89746  24.091  1.108  -37.949 0.0000000000
89747  23.254  0.900  -38.407 0.0000000000
89748  22.684  0.604  -39.013 0.0000000000
89774  28.189  0.210  -39.763 0.0000000000
89775  27.492  0.480  -39.346 0.0000000000
89776  26.548  1.122  -39.151 0.0000000000
89777  22.715  0.828  -39.689 0.0000000000
89814  29.002  0.334  -40.627 0.0000000000
89815  28.416  0.612  -40.357 0.0000000000
89816  27.704  0.983  -40.047 0.0000000000
89817  22.839  0.883  -40.493 0.0000000000
89832  31.216  0.390  -41.684 0.0000000000
89833  30.291  0.594  -41.691 0.0000000000
89834  29.237  0.656  -41.096 0.0000000000
89835  28.723  0.988  -40.923 0.0000000000
89836  23.278  0.536  -41.867 0.0000000000
89837  23.080  0.780  -41.407 0.0000000000
89845  31.510  0.821  -42.169 0.0000000000
89846  30.904  0.695  -42.063 0.0000000000
89847  23.300  0.787  -42.510 0.0000000000
89848  23.105  0.885  -41.976 0.0000000000
89859  23.968  0.534  -43.823 0.0000000000
89860  23.621  0.757  -43.457 0.0000000000
89872  24.894  0.369  -44.812 0.0000000000
89873  24.305  0.706  -44.417 0.0000000000
89874  23.838  0.824  -44.006 0.0000000000
89887  26.523  0.215  -45.804 0.0000000000
89888  25.892  0.352  -45.630 0.0000000000
89889  25.207  0.640  -45.398 0.0000000000
89890  24.720  0.754  -44.971 0.0000000000
89906  26.143  0.781  -45.967 0.0000000000
89907  25.642  0.785  -45.757 0.0000000000
91077  25.723  1.427  -38.691 0.0000000000
91078  24.708  1.679  -38.432 0.0000000000
91079  23.715  1.637  -38.568 0.0000000000
91080  22.976  1.375  -38.996 0.0000000000
91081  22.783  1.086  -39.368 0.0000000000
91100  27.109  1.412  -39.825 0.0000000000
91101  26.190  1.785  -39.410 0.0000000000
91102  25.260  2.109  -39.090 0.0000000000
91103  24.274  2.235  -38.995 0.0000000000
91104  23.447  2.027  -39.267 0.0000000000
91105  23.004  1.536  -39.855 0.0000000000
91141  28.454  1.165  -40.809 0.0000000000
91142  27.861  1.506  -40.572 0.0000000000
91143  23.013  1.620  -40.684 0.0000000000
91165  30.215  0.937  -42.045 0.0000000000
91166  29.762  1.076  -41.882 0.0000000000
91167  28.754  1.538  -41.426 0.0000000000
91168  27.941  2.127  -41.187 0.0000000000
91169  22.969  1.381  -41.209 0.0000000000
91184  31.805  1.328  -42.623 0.0000000000
91185  30.610  1.244  -42.474 0.0000000000
91186  29.562  1.735  -42.327 0.0000000000
91187  28.946  2.238  -42.159 0.0000000000
91188  23.108  1.213  -42.555 0.0000000000
91189  22.931  1.450  -42.130 0.0000000000
91196  32.378  1.911  -43.054 0.0000000000
91197  31.441  1.881  -43.118 0.0000000000
91198  30.681  2.078  -43.133 0.0000000000
91199  23.164  1.403  -43.043 0.0000000000
91200  22.812  2.064  -42.827 0.0000000000
91210  24.169  1.164  -44.612 0.0000000000
91211  23.691  1.437  -44.221 0.0000000000
91224  24.968  1.074  -45.612 0.0000000000
91225  24.487  1.345  -45.216 0.0000000000
91226  23.837  2.115  -44.986 0.0000000000
91241  26.391  1.365  -46.392 0.0000000000
91242  25.325  1.352  -46.052 0.0000000000
91243  24.614  1.997  -46.060 0.0000000000
92287  27.215  1.843  -40.282 0.0000000000
92288  26.633  2.092  -40.071 0.0000000000
92289  25.762  2.426  -39.803 0.0000000000
92290  24.784  2.693  -39.689 0.0000000000
92291  23.939  2.574  -39.675 0.0000000000
92292  23.447  2.300  -40.008 0.0000000000
92324  27.177  2.314  -40.729 0.0000000000
92325  26.241  2.694  -40.492 0.0000000000
92326  25.371  2.991  -40.323 0.0000000000
92327  24.697  3.186  -40.285 0.0000000000
92328  23.211  2.192  -40.558 0.0000000000
92351  28.300  2.459  -41.801 0.0000000000
92352  27.481  2.726  -41.532 0.0000000000
92353  22.929  2.188  -41.344 0.0000000000
92373  30.078  2.060  -42.877 0.0000000000
92374  29.348  2.516  -42.889 0.0000000000
92375  28.571  2.802  -42.524 0.0000000000
92376  22.758  2.513  -42.258 0.0000000000
92389  33.081  2.546  -43.601 0.0000000000
92390  32.014  2.435  -43.596 0.0000000000
92391  31.112  2.492  -43.616 0.0000000000
92392  30.117  2.694  -43.625 0.0000000000
92393  29.357  3.011  -43.481 0.0000000000
92394  23.081  2.232  -43.553 0.0000000000
92395  22.721  2.828  -43.069 0.0000000000
92400  32.923  2.888  -44.086 0.0000000000
92401  32.424  2.862  -44.114 0.0000000000
92402  31.568  2.877  -44.132 0.0000000000
92403  30.800  2.967  -44.127 0.0000000000
92404  23.321  2.676  -44.432 0.0000000000
92405  22.872  2.983  -43.765 0.0000000000
92414  24.146  2.324  -45.659 0.0000000000
92415  23.672  2.863  -45.319 0.0000000000
92427  26.703  2.016  -46.813 0.0000000000
92428  25.804  2.077  -46.773 0.0000000000
92429  24.972  2.424  -46.735 0.0000000000
92430  24.384  2.741  -46.300 0.0000000000
92431  23.970  2.957  -45.919 0.0000000000
92445  27.029  2.674  -47.179 0.0000000000
92446  26.109  2.658  -47.268 0.0000000000
92447  25.452  2.695  -47.143 0.0000000000
93479  24.244  3.008  -40.092 0.0000000000
93480  23.707  2.956  -40.359 0.0000000000
93481  23.421  2.605  -40.484 0.0000000000
93501  26.620  2.982  -41.226 0.0000000000
93502  25.829  3.324  -40.911 0.0000000000
93503  24.996  3.655  -40.799 0.0000000000
93504  24.200  3.542  -40.615 0.0000000000
93505  23.644  3.506  -40.848 0.0000000000
93506  23.224  3.014  -40.969 0.0000000000
93525  27.862  3.108  -42.219 0.0000000000
93526  26.987  3.463  -41.989 0.0000000000
93527  26.180  3.651  -41.526 0.0000000000
93528  25.530  3.834  -41.275 0.0000000000
93529  22.908  3.098  -41.707 0.0000000000
93553  28.785  3.150  -43.183 0.0000000000
93554  28.149  3.378  -42.896 0.0000000000
93555  27.515  3.678  -42.730 0.0000000000
93556  22.846  3.437  -42.508 0.0000000000
93577  33.681  2.999  -44.090 0.0000000000
93578  33.177  2.915  -44.082 0.0000000000
93579  29.554  3.298  -43.926 0.0000000000
93580  28.994  3.482  -43.710 0.0000000000
93581  28.306  3.805  -43.535 0.0000000000
93582  27.835  3.770  -43.172 0.0000000000
93583  22.816  3.776  -43.474 0.0000000000
93594  34.018  3.588  -44.754 0.0000000000
93595  32.937  3.284  -44.526 0.0000000000
93596  31.921  3.301  -44.629 0.0000000000
93597  31.074  3.332  -44.599 0.0000000000
93598  30.134  3.606  -44.501 0.0000000000
93599  29.198  3.803  -44.199 0.0000000000
93600  28.735  3.837  -43.918 0.0000000000
93601  23.242  3.645  -44.980 0.0000000000
93602  22.933  3.481  -44.234 0.0000000000
93606  33.638  4.049  -45.286 0.0000000000
93607  33.047  3.930  -45.231 0.0000000000
93608  32.154  3.823  -45.177 0.0000000000
93609  31.285  3.754  -45.079 0.0000000000
93610  30.738  3.723  -44.864 0.0000000000
93611  23.655  3.550  -45.836 0.0000000000
93620  25.035  3.042  -47.201 0.0000000000
93621  24.570  3.431  -46.897 0.0000000000
93622  24.087  3.370  -46.356 0.0000000000
93635  27.370  3.487  -47.421 0.0000000000
93636  26.366  3.426  -47.534 0.0000000000
93637  25.466  3.378  -47.418 0.0000000000
93638  24.948  3.499  -47.278 0.0000000000
94687  24.452  4.050  -41.097 0.0000000000
94688  23.892  4.046  -41.172 0.0000000000
94689  23.386  3.757  -41.327 0.0000000000
94690  23.117  3.446  -41.444 0.0000000000
94701  26.345  3.993  -42.105 0.0000000000
94702  25.700  4.178  -41.815 0.0000000000
94703  24.976  4.277  -41.451 0.0000000000
94704  24.308  4.489  -41.738 0.0000000000
94705  23.684  4.439  -41.989 0.0000000000
94706  23.141  3.805  -41.912 0.0000000000
94722  26.847  4.106  -42.631 0.0000000000
94723  26.066  4.626  -42.554 0.0000000000
94724  25.190  4.648  -42.089 0.0000000000
94725  24.709  4.585  -41.888 0.0000000000
94726  23.543  4.871  -42.537 0.0000000000
94727  23.150  4.509  -42.745 0.0000000000
94744  28.057  4.249  -43.732 0.0000000000
94745  27.454  4.358  -43.413 0.0000000000
94746  26.689  4.520  -43.021 0.0000000000
94747  22.890  4.762  -43.625 0.0000000000
94766  34.681  3.822  -44.844 0.0000000000
94767  29.977  4.211  -44.863 0.0000000000
94768  29.391  4.451  -44.764 0.0000000000
94769  28.482  4.324  -44.143 0.0000000000
94770  27.953  4.490  -43.851 0.0000000000
94771  23.038  4.218  -45.029 0.0000000000
94772  22.855  4.396  -44.476 0.0000000000
94780  34.245  4.213  -45.328 0.0000000000
94781  33.114  4.550  -45.625 0.0000000000
94782  32.263  4.561  -45.595 0.0000000000
94783  31.375  4.472  -45.467 0.0000000000
94784  30.461  4.284  -45.141 0.0000000000
94785  29.901  4.487  -45.028 0.0000000000
94786  23.259  4.352  -45.570 0.0000000000
94787  22.934  4.520  -45.083 0.0000000000
94793  24.424  3.955  -47.021 0.0000000000
94794  23.930  4.233  -46.682 0.0000000000
94806  27.712  4.389  -47.690 0.0000000000
94807  26.666  4.255  -47.844 0.0000000000
94808  25.731  4.193  -47.811 0.0000000000
94809  24.766  4.227  -47.416 0.0000000000
94810  24.195  4.960  -47.319 0.0000000000
96025  24.268  4.720  -42.051 0.0000000000
96026  24.052  4.776  -42.127 0.0000000000
96034  25.886  5.125  -42.939 0.0000000000
96035  25.349  5.156  -42.654 0.0000000000
96036  24.487  4.996  -42.335 0.0000000000
96037  23.827  5.174  -42.530 0.0000000000
96038  23.407  5.298  -42.883 0.0000000000
96048  27.215  5.050  -43.713 0.0000000000
96049  26.511  5.113  -43.347 0.0000000000
96050  23.100  5.427  -43.338 0.0000000000
96069  29.155  5.132  -45.155 0.0000000000
96070  28.561  5.109  -44.765 0.0000000000
96071  27.799  5.019  -44.112 0.0000000000
96072  22.789  5.647  -44.210 0.0000000000
96089  34.556  4.518  -45.479 0.0000000000
96090  33.041  5.247  -46.107 0.0000000000
96091  32.286  5.317  -45.986 0.0000000000
96092  31.477  5.328  -45.821 0.0000000000
96093  30.576  5.229  -45.593 0.0000000000
96094  29.769  5.008  -45.291 0.0000000000
96095  23.295  5.177  -46.110 0.0000000000
96096  22.824  5.170  -45.226 0.0000000000
96105  35.309  5.985  -46.581 0.0000000000
96106  34.405  5.915  -46.460 0.0000000000
96107  33.894  6.215  -46.566 0.0000000000
96108  23.714  5.377  -46.986 0.0000000000
96114  35.056  6.335  -47.089 0.0000000000
96115  34.598  6.238  -46.938 0.0000000000
96116  34.185  6.203  -46.801 0.0000000000
96119  28.103  5.458  -47.955 0.0000000000
96120  26.963  5.115  -48.180 0.0000000000
96121  26.033  4.973  -48.247 0.0000000000
96122  25.258  5.038  -48.023 0.0000000000
96123  24.553  5.509  -47.842 0.0000000000
96124  24.084  5.524  -47.477 0.0000000000
96132  27.718  6.125  -48.265 0.0000000000
96133  27.142  5.946  -48.437 0.0000000000
96134  26.279  5.767  -48.612 0.0000000000
96135  25.459  5.673  -48.503 0.0000000000
96136  24.973  5.614  -48.281 0.0000000000
97400  25.683  5.603  -43.181 0.0000000000
97401  24.877  5.743  -43.001 0.0000000000
97402  24.143  5.883  -42.872 0.0000000000
97403  23.575  5.875  -43.059 0.0000000000
97404  23.306  5.769  -43.210 0.0000000000
97410  27.087  5.688  -43.981 0.0000000000
97411  26.245  6.086  -43.658 0.0000000000
97412  25.346  6.334  -43.478 0.0000000000
97413  24.521  6.513  -43.383 0.0000000000
97414  23.808  6.610  -43.365 0.0000000000
97415  23.139  6.420  -43.566 0.0000000000
97425  29.346  5.496  -45.360 0.0000000000
97426  28.838  5.740  -45.281 0.0000000000
97427  27.891  6.154  -44.805 0.0000000000
97428  22.731  6.769  -44.276 0.0000000000
97444  32.401  6.105  -46.470 0.0000000000
97445  32.162  6.081  -46.344 0.0000000000
97446  31.548  6.142  -46.196 0.0000000000
97447  30.696  6.173  -46.061 0.0000000000
97448  29.609  6.078  -45.722 0.0000000000
97449  28.584  6.571  -45.604 0.0000000000
97450  27.950  6.980  -45.455 0.0000000000
97451  22.975  5.761  -45.735 0.0000000000
97452  22.679  6.481  -45.255 0.0000000000
97461  36.036  6.363  -46.769 0.0000000000
97462  32.380  6.340  -46.603 0.0000000000
97463  33.256  7.161  -46.930 0.0000000000
97464  23.187  6.218  -46.378 0.0000000000
97465  22.768  7.056  -46.056 0.0000000000
97470  36.396  6.945  -47.087 0.0000000000
97471  35.557  6.731  -47.319 0.0000000000
97472  34.795  6.654  -47.393 0.0000000000
97473  33.946  6.734  -47.158 0.0000000000
97474  33.316  7.371  -47.442 0.0000000000
97476  28.941  5.844  -47.842 0.0000000000
97477  24.403  6.045  -48.015 0.0000000000
97478  23.882  6.285  -47.651 0.0000000000
97482  35.146  7.075  -47.784 0.0000000000
97483  34.533  7.205  -47.860 0.0000000000
97484  33.785  7.400  -47.858 0.0000000000
97485  33.298  7.642  -47.861 0.0000000000
97489  28.344  6.430  -48.134 0.0000000000
97490  27.414  6.632  -48.598 0.0000000000
97491  26.555  6.596  -48.897 0.0000000000
97492  25.648  6.455  -48.977 0.0000000000
97493  24.673  6.324  -48.514 0.0000000000
97494  24.017  6.984  -48.387 0.0000000000
98768  26.776  6.586  -44.377 0.0000000000
98769  25.819  6.826  -44.052 0.0000000000
98770  24.973  7.037  -43.811 0.0000000000
98771  24.239  7.452  -43.673 0.0000000000
98772  23.476  7.383  -43.665 0.0000000000
98773  22.863  7.534  -43.961 0.0000000000
98787  27.254  7.255  -45.213 0.0000000000
98788  26.289  7.377  -44.687 0.0000000000
98789  25.340  7.517  -44.297 0.0000000000
98790  24.748  7.548  -44.000 0.0000000000
98791  22.586  7.631  -44.707 0.0000000000
98810  32.039  6.848  -46.568 0.0000000000
98811  31.601  6.862  -46.494 0.0000000000
98812  30.941  7.002  -46.456 0.0000000000
98813  29.953  7.245  -46.424 0.0000000000
98814  29.036  7.082  -46.173 0.0000000000
98815  28.228  7.430  -46.024 0.0000000000
98816  27.719  7.397  -45.676 0.0000000000
98817  22.580  7.633  -45.582 0.0000000000
98834  32.045  7.300  -46.945 0.0000000000
98835  31.800  7.979  -47.671 0.0000000000
98836  29.632  7.903  -46.502 0.0000000000
98837  29.207  7.745  -46.399 0.0000000000
98838  28.732  7.617  -46.287 0.0000000000
98839  23.084  7.397  -46.832 0.0000000000
98840  22.692  7.605  -46.199 0.0000000000
98853  36.142  7.638  -47.753 0.0000000000
98854  35.546  7.263  -47.833 0.0000000000
98855  31.836  8.316  -48.468 0.0000000000
98856  23.580  7.439  -47.920 0.0000000000
98866  35.979  8.098  -48.209 0.0000000000
98867  35.299  7.831  -48.285 0.0000000000
98868  34.315  7.939  -48.416 0.0000000000
98869  32.212  8.685  -49.151 0.0000000000
98870  32.050  8.544  -48.875 0.0000000000
98873  28.937  7.288  -48.214 0.0000000000
98874  27.854  7.366  -48.574 0.0000000000
98875  26.981  7.356  -49.097 0.0000000000
98876  25.979  7.478  -49.432 0.0000000000
98877  25.066  7.177  -49.260 0.0000000000
98878  24.339  7.553  -48.936 0.0000000000
98879  23.890  7.549  -48.503 0.0000000000
98889  35.058  8.288  -48.683 0.0000000000
98890  34.820  8.123  -48.617 0.0000000000
98893  25.646  8.083  -49.757 0.0000000000
98894  25.193  7.871  -49.634 0.0000000000
98895  24.761  7.733  -49.376 0.0000000000
100147  24.180  7.893  -43.867 0.0000000000
100148  23.855  7.998  -43.809 0.0000000000
100149  23.266  8.065  -43.936 0.0000000000
100155  27.141  7.663  -45.513 0.0000000000
100156  26.727  7.802  -45.347 0.0000000000
100157  25.752  8.138  -44.984 0.0000000000
100158  24.535  8.126  -44.310 0.0000000000
100159  23.644  8.577  -44.317 0.0000000000
100160  22.840  8.638  -44.443 0.0000000000
100161  22.475  9.324  -44.827 0.0000000000
100166  31.850  7.132  -46.636 0.0000000000
100167  31.654  7.405  -46.710 0.0000000000
100168  31.200  7.654  -46.650 0.0000000000
100169  30.576  7.953  -46.629 0.0000000000
100170  28.010  7.814  -46.235 0.0000000000
100171  27.433  7.909  -45.960 0.0000000000
100172  26.541  8.495  -45.629 0.0000000000
100173  25.814  8.887  -45.463 0.0000000000
100174  22.424  8.644  -45.152 0.0000000000
100175  22.218  9.509  -45.042 0.0000000000
100186  31.882  7.329  -46.776 0.0000000000
100187  31.638  7.912  -47.216 0.0000000000
100188  31.406  8.549  -47.623 0.0000000000
100189  29.941  8.209  -46.602 0.0000000000
100190  29.380  8.348  -46.532 0.0000000000
100191  28.462  8.211  -46.409 0.0000000000
100192  27.719  8.743  -46.343 0.0000000000
100193  22.859  7.982  -46.838 0.0000000000
100194  22.570  8.369  -46.320 0.0000000000
100208  31.596  8.390  -48.158 0.0000000000
100209  31.402  8.876  -48.128 0.0000000000
100210  23.035  8.223  -47.341 0.0000000000
100211  22.625  9.003  -47.014 0.0000000000
100222  38.318  10.073  -48.237 0.0000000000
100223  35.895  8.427  -48.446 0.0000000000
100224  34.237  8.308  -48.678 0.0000000000
100225  32.455  8.881  -49.558 0.0000000000
100226  32.058  8.779  -49.002 0.0000000000
100228  29.310  8.123  -48.371 0.0000000000
100229  28.308  8.172  -48.549 0.0000000000
100230  27.366  8.209  -49.109 0.0000000000
100231  26.674  7.985  -49.527 0.0000000000
100232  24.187  8.086  -49.025 0.0000000000
100233  23.710  8.332  -48.578 0.0000000000
100245  36.112  8.997  -48.588 0.0000000000
100246  35.470  8.744  -48.740 0.0000000000
100247  34.595  8.665  -48.825 0.0000000000
100248  33.081  9.474  -49.865 0.0000000000
100251  26.828  8.574  -49.656 0.0000000000
100252  26.120  8.458  -49.890 0.0000000000
100253  25.325  8.567  -49.958 0.0000000000
100254  24.494  8.449  -49.459 0.0000000000
100255  23.872  9.176  -49.199 0.0000000000
101427  25.095  8.766  -45.116 0.0000000000
101428  24.274  9.202  -44.953 0.0000000000
101429  23.355  9.441  -44.682 0.0000000000
101430  22.691  9.756  -44.688 0.0000000000
101431  22.225  10.042  -44.829 0.0000000000
101436  31.376  8.013  -46.882 0.0000000000
101437  31.025  8.630  -46.776 0.0000000000
101438  30.264  8.901  -46.759 0.0000000000
101439  29.805  9.285  -46.698 0.0000000000
101440  27.084  8.809  -46.084 0.0000000000
101441  26.369  9.333  -46.003 0.0000000000
101442  25.259  9.620  -45.664 0.0000000000
101443  24.457  9.930  -45.444 0.0000000000
101444  22.254  9.431  -45.576 0.0000000000
101445  21.951  10.178  -45.131 0.0000000000
101453  31.305  8.453  -47.187 0.0000000000
101454  31.140  9.240  -47.537 0.0000000000
101455  29.740  8.795  -46.653 0.0000000000
101456  29.209  9.102  -46.614 0.0000000000
101457  28.323  9.280  -46.536 0.0000000000
101458  27.326  9.530  -46.424 0.0000000000
101459  26.581  9.971  -46.407 0.0000000000
101460  25.925  9.978  -46.263 0.0000000000
101461  22.342  9.588  -46.361 0.0000000000
101470  31.579  8.932  -48.820 0.0000000000
101471  31.241  9.359  -48.493 0.0000000000
101472  22.953  9.139  -47.792 0.0000000000
101473  22.516  9.817  -47.176 0.0000000000
101480  37.759  10.486  -49.226 0.0000000000
101481  32.516  9.219  -49.763 0.0000000000
101482  32.047  9.338  -49.557 0.0000000000
101483  31.794  9.518  -49.088 0.0000000000
101484  29.682  8.731  -48.460 0.0000000000
101485  28.702  8.995  -48.533 0.0000000000
101486  27.822  8.923  -48.898 0.0000000000
101487  27.264  9.047  -49.446 0.0000000000
101488  23.339  9.657  -48.578 0.0000000000
101489  22.756  9.946  -47.899 0.0000000000
101498  36.606  10.642  -50.094 0.0000000000
101499  35.469  10.356  -50.657 0.0000000000
101500  34.073  10.040  -50.471 0.0000000000
101501  33.181  9.869  -49.992 0.0000000000
101502  32.557  9.695  -49.852 0.0000000000
101504  30.012  9.311  -48.637 0.0000000000
101505  29.273  9.451  -48.548 0.0000000000
101506  26.623  9.266  -49.936 0.0000000000
101507  25.686  9.507  -50.252 0.0000000000
101508  24.898  9.296  -50.154 0.0000000000
101509  24.293  9.696  -49.776 0.0000000000
101510  23.713  9.916  -49.293 0.0000000000
101520  25.407  10.082  -50.442 0.0000000000
101521  25.112  9.930  -50.431 0.0000000000
101522  24.736  9.971  -50.226 0.0000000000
102664  23.817  10.022  -45.143 0.0000000000
102665  23.144  10.463  -44.860 0.0000000000
102666  22.401  10.692  -44.826 0.0000000000
102667  21.925  10.954  -44.872 0.0000000000
102672  30.599  9.588  -46.940 0.0000000000
102673  30.091  9.682  -46.727 0.0000000000
102674  29.603  9.758  -46.683 0.0000000000
102675  24.802  10.294  -45.780 0.0000000000
102676  24.240  10.569  -45.546 0.0000000000
102677  23.682  10.640  -45.289 0.0000000000
102678  21.967  10.316  -45.717 0.0000000000
102679  21.713  11.120  -45.225 0.0000000000
102683  30.587  10.130  -47.488 0.0000000000
102684  30.289  10.592  -47.688 0.0000000000
102685  29.023  9.869  -46.717 0.0000000000
102686  28.110  10.134  -46.668 0.0000000000
102687  27.058  10.423  -46.623 0.0000000000
102688  26.187  10.588  -46.550 0.0000000000
102689  25.345  10.559  -46.209 0.0000000000
102690  24.727  10.812  -45.923 0.0000000000
102691  22.112  10.666  -46.479 0.0000000000
102692  21.664  11.099  -45.750 0.0000000000
102699  30.923  10.014  -48.153 0.0000000000
102700  30.474  10.558  -48.121 0.0000000000
102701  22.514  10.687  -47.444 0.0000000000
102708  37.962  11.005  -49.089 0.0000000000
102709  37.162  10.960  -49.927 0.0000000000
102710  32.154  9.862  -49.798 0.0000000000
102711  31.167  10.020  -48.936 0.0000000000
102712  30.644  10.438  -48.670 0.0000000000
102713  28.657  9.770  -48.679 0.0000000000
102714  27.990  9.594  -48.907 0.0000000000
102715  27.592  9.388  -49.222 0.0000000000
102716  23.374  10.582  -48.987 0.0000000000
102717  22.900  10.581  -48.274 0.0000000000
102724  36.153  10.910  -50.667 0.0000000000
102725  34.842  10.640  -50.830 0.0000000000
102726  33.728  10.484  -50.630 0.0000000000
102727  32.903  10.377  -50.130 0.0000000000
102728  32.297  9.994  -49.934 0.0000000000
102730  30.447  10.480  -49.181 0.0000000000
102731  29.218  10.298  -48.800 0.0000000000
102732  28.162  10.317  -49.059 0.0000000000
102733  27.300  9.962  -49.569 0.0000000000
102734  26.385  10.193  -50.205 0.0000000000
102735  24.485  10.604  -50.155 0.0000000000
102736  23.891  10.606  -49.650 0.0000000000
102743  30.808  10.713  -49.645 0.0000000000
102744  25.687  10.416  -50.491 0.0000000000
102745  25.202  10.501  -50.544 0.0000000000
102746  24.866  10.403  -50.419 0.0000000000
103864  22.706  11.420  -44.985 0.0000000000
103865  21.996  11.690  -44.637 0.0000000000
103866  21.349  12.187  -44.731 0.0000000000
103867  20.681  12.806  -44.391 0.0000000000
103873  30.239  10.074  -46.858 0.0000000000
103874  29.842  10.212  -46.747 0.0000000000
103875  29.468  10.154  -46.744 0.0000000000
103876  23.892  10.990  -45.515 0.0000000000
103877  23.443  11.208  -45.333 0.0000000000
103878  21.295  12.088  -45.281 0.0000000000
103879  20.814  12.647  -44.540 0.0000000000
103883  30.388  10.106  -47.077 0.0000000000
103884  30.112  10.542  -47.200 0.0000000000
103885  29.285  10.640  -46.850 0.0000000000
103886  27.533  10.956  -46.801 0.0000000000
103887  26.519  11.291  -46.810 0.0000000000
103888  25.676  11.360  -46.614 0.0000000000
103889  24.896  11.349  -46.280 0.0000000000
103890  24.262  11.249  -45.810 0.0000000000
103891  23.850  11.285  -45.589 0.0000000000
103892  22.117  11.725  -46.927 0.0000000000
103893  21.616  11.543  -46.130 0.0000000000
103896  38.430  11.747  -48.984 0.0000000000
103897  30.164  11.170  -47.984 0.0000000000
103898  29.883  11.026  -47.394 0.0000000000
103899  22.632  11.466  -47.935 0.0000000000
103904  37.540  11.757  -50.008 0.0000000000
103905  36.843  11.331  -50.372 0.0000000000
103906  32.159  10.423  -49.656 0.0000000000
103907  31.060  11.079  -48.964 0.0000000000
103908  30.433  10.998  -48.572 0.0000000000
103909  23.457  11.568  -49.342 0.0000000000
103910  23.045  11.254  -48.632 0.0000000000
103917  37.121  12.243  -50.467 0.0000000000
103918  36.427  11.910  -50.775 0.0000000000
103919  35.302  11.393  -50.935 0.0000000000
103920  34.292  11.192  -50.852 0.0000000000
103921  33.272  11.373  -50.764 0.0000000000
103922  32.094  10.770  -50.444 0.0000000000
103923  31.621  11.042  -49.820 0.0000000000
103924  30.261  11.799  -49.518 0.0000000000
103925  29.375  11.262  -49.253 0.0000000000
103926  28.434  11.078  -49.330 0.0000000000
103927  27.584  10.926  -49.580 0.0000000000
103928  26.855  10.968  -49.997 0.0000000000
103929  24.500  11.133  -50.295 0.0000000000
103930  24.142  11.383  -50.091 0.0000000000
103937  35.911  12.393  -50.921 0.0000000000
103938  35.437  12.145  -50.998 0.0000000000
103939  34.623  11.840  -51.018 0.0000000000
103940  34.024  11.628  -50.885 0.0000000000
103943  31.089  11.267  -49.806 0.0000000000
103944  26.152  11.134  -50.553 0.0000000000
103945  25.407  11.176  -50.662 0.0000000000
103946  24.797  11.129  -50.517 0.0000000000
103947  24.490  11.424  -50.381 0.0000000000
105075  20.316  13.524  -43.499 0.0000000000
105076  19.881  13.719  -43.514 0.0000000000
105077  19.546  13.892  -43.484 0.0000000000
105084  22.408  12.594  -44.913 0.0000000000
105085  21.487  12.728  -44.434 0.0000000000
105086  20.739  12.940  -44.101 0.0000000000
105087  20.148  13.296  -44.052 0.0000000000
105088  19.722  13.842  -43.697 0.0000000000
105095  23.221  12.049  -45.386 0.0000000000
105096  21.119  12.996  -45.315 0.0000000000
105097  20.746  12.875  -44.723 0.0000000000
105102  28.838  11.987  -47.155 0.0000000000
105103  28.276  12.047  -47.047 0.0000000000
105104  26.589  12.200  -47.058 0.0000000000
105105  25.951  12.181  -46.947 0.0000000000
105106  25.082  12.171  -46.637 0.0000000000
105107  24.282  11.947  -46.228 0.0000000000
105108  23.789  11.678  -45.724 0.0000000000
105109  21.935  12.888  -46.816 0.0000000000
105110  21.487  12.412  -46.109 0.0000000000
105113  38.921  12.703  -48.717 0.0000000000
105114  29.784  11.677  -48.438 0.0000000000
105115  29.754  11.445  -47.846 0.0000000000
105116  28.518  12.444  -47.418 0.0000000000
105117  27.846  12.698  -47.378 0.0000000000
105118  22.420  12.501  -47.698 0.0000000000
105120  38.135  12.689  -49.488 0.0000000000
105121  30.820  12.094  -50.070 0.0000000000
105122  30.127  11.829  -48.870 0.0000000000
105123  29.367  12.323  -48.834 0.0000000000
105124  28.631  12.847  -47.801 0.0000000000
105125  28.150  12.867  -47.637 0.0000000000
105126  23.209  12.731  -49.249 0.0000000000
105127  22.899  12.125  -48.567 0.0000000000
105132  37.464  12.737  -50.184 0.0000000000
105133  36.848  12.720  -50.640 0.0000000000
105134  33.219  12.563  -50.899 0.0000000000
105135  32.166  12.031  -50.983 0.0000000000
105136  31.120  11.775  -50.008 0.0000000000
105137  30.154  12.155  -49.732 0.0000000000
105138  29.553  12.144  -49.589 0.0000000000
105139  28.573  11.933  -49.604 0.0000000000
105140  27.694  11.712  -49.733 0.0000000000
105141  27.188  11.444  -49.875 0.0000000000
105142  23.726  12.383  -50.029 0.0000000000
105149  36.218  12.756  -50.865 0.0000000000
105150  35.567  12.818  -51.011 0.0000000000
105151  34.767  12.647  -51.040 0.0000000000
105152  33.956  12.224  -50.925 0.0000000000
105154  30.257  11.992  -50.421 0.0000000000
105155  29.982  12.993  -50.211 0.0000000000
105156  28.526  12.649  -49.898 0.0000000000
105157  27.747  12.681  -49.899 0.0000000000
105158  26.764  12.114  -50.283 0.0000000000
105159  25.681  12.099  -50.779 0.0000000000
105160  25.022  11.873  -50.828 0.0000000000
105161  24.429  12.047  -50.559 0.0000000000
106318  20.612  13.931  -43.329 0.0000000000
106319  20.117  13.894  -43.000 0.0000000000
106320  20.013  14.124  -43.487 0.0000000000
106330  22.710  13.760  -44.984 0.0000000000
106331  21.870  13.571  -44.357 0.0000000000
106332  21.037  13.428  -43.749 0.0000000000
106333  20.258  14.236  -44.333 0.0000000000
106334  19.914  13.986  -43.803 0.0000000000
106344  23.709  13.546  -45.972 0.0000000000
106345  23.306  13.085  -45.614 0.0000000000
106346  21.107  13.698  -45.326 0.0000000000
106347  20.657  13.651  -44.767 0.0000000000
106351  26.510  12.731  -47.206 0.0000000000
106352  26.254  12.838  -47.169 0.0000000000
106353  25.436  13.127  -47.034 0.0000000000
106354  24.201  12.984  -46.386 0.0000000000
106355  23.715  12.347  -45.928 0.0000000000
106356  21.949  13.726  -46.658 0.0000000000
106357  21.486  13.462  -46.015 0.0000000000
106360  39.062  13.770  -48.180 0.0000000000
106361  26.534  13.037  -47.489 0.0000000000
106362  26.126  13.231  -47.834 0.0000000000
106363  25.512  13.447  -47.906 0.0000000000
106364  22.318  13.566  -47.430 0.0000000000
106366  38.500  13.703  -49.057 0.0000000000
106367  30.816  12.706  -50.527 0.0000000000
106368  30.386  12.972  -50.011 0.0000000000
106369  29.114  13.113  -49.860 0.0000000000
106370  28.392  13.307  -49.381 0.0000000000
106371  26.922  13.515  -48.690 0.0000000000
106372  26.028  13.676  -48.533 0.0000000000
106373  25.467  13.734  -48.397 0.0000000000
106374  23.023  13.575  -49.147 0.0000000000
106375  22.695  13.282  -48.458 0.0000000000
106377  37.816  13.643  -49.836 0.0000000000
106378  37.101  13.497  -50.421 0.0000000000
106379  33.309  13.093  -50.919 0.0000000000
106380  32.813  13.344  -50.963 0.0000000000
106381  31.166  12.812  -50.630 0.0000000000
106382  30.627  13.108  -50.272 0.0000000000
106383  23.396  13.476  -49.867 0.0000000000
106389  36.564  13.293  -50.795 0.0000000000
106390  35.946  13.474  -50.896 0.0000000000
106391  35.108  13.519  -51.012 0.0000000000
106392  33.924  13.393  -50.957 0.0000000000
106393  33.407  14.175  -50.990 0.0000000000
106394  31.456  13.690  -50.718 0.0000000000
106395  30.999  13.619  -50.678 0.0000000000
106396  29.988  14.004  -50.735 0.0000000000
106397  29.089  14.032  -50.247 0.0000000000
106398  28.094  13.748  -50.239 0.0000000000
106399  27.074  13.506  -50.451 0.0000000000
106400  25.961  13.346  -50.876 0.0000000000
106401  24.904  13.034  -51.063 0.0000000000
106402  23.995  13.217  -50.637 0.0000000000
106412  25.289  13.908  -51.207 0.0000000000
106413  24.798  14.099  -51.330 0.0000000000
107603  21.615  15.221  -43.864 0.0000000000
107615  22.821  14.240  -45.043 0.0000000000
107616  22.486  14.553  -44.575 0.0000000000
107617  21.460  14.245  -43.603 0.0000000000
107618  20.518  14.740  -44.537 0.0000000000
107619  20.455  15.084  -44.101 0.0000000000
107635  23.942  13.694  -46.185 0.0000000000
107636  23.367  14.185  -45.573 0.0000000000
107637  20.939  14.169  -45.135 0.0000000000
107638  20.690  14.496  -44.817 0.0000000000
107642  25.084  13.504  -47.435 0.0000000000
107643  24.470  13.854  -46.790 0.0000000000
107644  23.648  14.512  -46.599 0.0000000000
107645  21.772  14.229  -46.177 0.0000000000
107646  21.399  14.294  -45.555 0.0000000000
107650  24.979  13.796  -47.939 0.0000000000
107651  24.263  14.469  -47.774 0.0000000000
107652  23.477  14.970  -47.072 0.0000000000
107653  22.264  14.430  -46.838 0.0000000000
107655  38.641  14.794  -48.453 0.0000000000
107656  30.176  13.090  -50.174 0.0000000000
107657  29.674  13.315  -50.053 0.0000000000
107658  28.746  13.641  -49.898 0.0000000000
107659  27.784  13.955  -49.452 0.0000000000
107660  26.717  14.174  -49.118 0.0000000000
107661  25.522  14.413  -48.847 0.0000000000
107662  24.655  15.078  -48.600 0.0000000000
107663  22.801  13.959  -48.775 0.0000000000
107664  22.604  14.544  -48.092 0.0000000000
107666  37.969  14.631  -49.259 0.0000000000
107667  37.156  14.576  -50.012 0.0000000000
107668  36.425  14.972  -50.585 0.0000000000
107669  32.878  14.496  -50.978 0.0000000000
107670  32.042  14.314  -50.990 0.0000000000
107671  30.761  13.904  -50.179 0.0000000000
107672  29.504  14.260  -50.006 0.0000000000
107673  28.472  14.565  -49.805 0.0000000000
107674  27.492  14.727  -49.612 0.0000000000
107675  26.543  14.862  -49.467 0.0000000000
107676  25.981  15.111  -49.406 0.0000000000
107677  22.972  14.435  -49.310 0.0000000000
107678  22.765  15.329  -48.764 0.0000000000
107681  36.549  14.057  -50.761 0.0000000000
107682  35.677  14.441  -50.920 0.0000000000
107683  34.766  14.358  -50.984 0.0000000000
107684  34.013  14.618  -51.072 0.0000000000
107685  33.376  15.017  -51.085 0.0000000000
107686  31.332  14.259  -50.695 0.0000000000
107687  30.687  14.596  -50.552 0.0000000000
107688  29.825  14.906  -50.455 0.0000000000
107689  28.685  14.744  -50.337 0.0000000000
107690  27.603  14.584  -50.524 0.0000000000
107691  26.496  14.539  -50.841 0.0000000000
107692  25.714  14.311  -51.118 0.0000000000
107693  24.291  13.946  -51.097 0.0000000000
107694  23.585  14.587  -50.544 0.0000000000
107702  25.853  14.984  -51.226 0.0000000000
107703  25.220  14.785  -51.481 0.0000000000
107704  24.379  14.934  -51.334 0.0000000000
107705  23.800  15.481  -51.096 0.0000000000
108848  20.969  15.006  -44.889 0.0000000000
108849  21.074  15.273  -44.769 0.0000000000
108868  21.161  14.653  -45.167 0.0000000000
108869  20.873  14.760  -44.966 0.0000000000
108880  22.622  15.005  -45.829 0.0000000000
108881  21.856  15.040  -45.757 0.0000000000
108882  21.466  14.689  -45.455 0.0000000000
108886  37.743  16.347  -48.068 0.0000000000
108887  23.961  15.347  -47.825 0.0000000000
108888  23.211  15.566  -47.088 0.0000000000
108889  22.544  15.328  -47.133 0.0000000000
108891  37.979  15.593  -48.617 0.0000000000
108892  37.379  16.285  -48.881 0.0000000000
108894  25.646  15.583  -49.194 0.0000000000
108895  24.479  15.885  -48.540 0.0000000000
108896  22.605  15.807  -48.011 0.0000000000
108898  37.558  15.452  -49.424 0.0000000000
108899  36.754  15.854  -49.856 0.0000000000
108900  35.658  15.747  -50.724 0.0000000000
108910  26.012  15.394  -49.404 0.0000000000
108911  23.059  15.629  -49.627 0.0000000000
108912  22.756  16.130  -48.748 0.0000000000
108915  35.208  14.947  -50.980 0.0000000000
108916  34.707  15.251  -51.071 0.0000000000
108917  33.949  15.529  -51.140 0.0000000000
108919  31.179  15.016  -50.921 0.0000000000
108920  30.419  15.379  -50.661 0.0000000000
108921  29.367  15.507  -50.394 0.0000000000
108922  28.233  15.504  -50.430 0.0000000000
108923  27.196  15.460  -50.729 0.0000000000
108924  26.389  15.561  -51.154 0.0000000000
108925  23.410  15.802  -50.536 0.0000000000
108929  25.692  15.697  -51.553 0.0000000000
108930  24.906  15.766  -51.781 0.0000000000
108931  24.155  16.006  -51.534 0.0000000000
108932  23.637  16.191  -51.109 0.0000000000
110041  22.644  15.481  -46.647 0.0000000000
110042  22.695  15.651  -46.867 0.0000000000
110048  23.718  16.002  -47.804 0.0000000000
110049  23.127  16.275  -47.256 0.0000000000
110050  22.709  16.268  -47.447 0.0000000000
110062  23.924  16.694  -48.367 0.0000000000
110063  23.069  17.089  -47.691 0.0000000000
110064  22.576  16.865  -48.142 0.0000000000
110078  23.178  16.261  -50.010 0.0000000000
110079  22.882  16.865  -49.301 0.0000000000
110082  31.380  15.497  -51.243 0.0000000000
110083  30.997  15.911  -51.041 0.0000000000
110084  30.041  16.145  -50.583 0.0000000000
110085  28.952  16.310  -50.424 0.0000000000
110086  27.777  16.392  -50.674 0.0000000000
110087  26.939  16.147  -51.030 0.0000000000
110088  23.317  16.753  -50.494 0.0000000000
110089  23.113  17.505  -49.946 0.0000000000
110094  31.156  16.491  -51.262 0.0000000000
110095  27.151  16.753  -51.142 0.0000000000
110096  26.416  16.511  -51.524 0.0000000000
110097  25.510  16.626  -51.895 0.0000000000
110098  24.618  16.785  -51.889 0.0000000000
110099  23.749  17.015  -51.461 0.0000000000
111266  30.599  16.603  -50.901 0.0000000000
111267  29.786  17.053  -50.647 0.0000000000
111268  28.626  17.149  -50.626 0.0000000000
111269  27.726  17.300  -50.921 0.0000000000
111270  23.323  17.685  -50.797 0.0000000000
111276  30.906  17.323  -51.288 0.0000000000
111277  29.986  17.859  -50.939 0.0000000000
111278  27.013  17.427  -51.397 0.0000000000
111279  26.193  17.529  -51.816 0.0000000000
111280  25.249  17.638  -51.989 0.0000000000
111281  24.329  17.803  -51.834 0.0000000000
111282  23.686  18.051  -51.403 0.0000000000
111289  31.139  17.946  -52.013 0.0000000000
112520  29.242  17.767  -50.702 0.0000000000
112521  28.438  17.978  -50.817 0.0000000000
112522  27.651  18.011  -51.162 0.0000000000
112523  23.696  18.917  -51.179 0.0000000000
112524  23.426  18.616  -50.923 0.0000000000
112527  30.448  18.310  -51.494 0.0000000000
112528  29.388  18.577  -51.080 0.0000000000
112529  28.211  18.776  -51.208 0.0000000000
112530  27.047  18.507  -51.604 0.0000000000
112531  25.947  18.566  -51.981 0.0000000000
112532  24.964  18.616  -51.848 0.0000000000
112533  24.006  18.743  -51.474 0.0000000000
112534  23.674  18.469  -51.329 0.0000000000
112538  30.911  18.720  -52.228 0.0000000000
113860  23.784  19.375  -50.939 0.0000000000
113865  30.121  19.166  -51.734 0.0000000000
113866  29.113  19.662  -51.613 0.0000000000
113867  27.819  19.629  -51.620 0.0000000000
113868  26.683  19.594  -52.002 0.0000000000
113869  25.562  19.601  -51.996 0.0000000000
113870  24.685  19.439  -51.589 0.0000000000
113871  24.189  19.341  -51.357 0.0000000000
113875  30.625  19.658  -52.524 0.0000000000
113876  29.929  19.776  -51.929 0.0000000000
115252  29.122  20.191  -51.878 0.0000000000
115253  28.586  20.489  -51.875 0.0000000000
115254  27.443  20.543  -51.976 0.0000000000
115255  26.284  20.802  -52.144 0.0000000000
115256  24.965  20.622  -51.497 0.0000000000
115257  24.363  19.809  -51.224 0.0000000000
115259  30.419  20.431  -52.792 0.0000000000
115260  29.638  20.393  -52.170 0.0000000000
115261  29.062  20.934  -52.139 0.0000000000
115262  27.073  21.149  -52.154 0.0000000000
115263  26.760  21.420  -52.185 0.0000000000
116675  28.022  20.955  -51.890 0.0000000000
116676  27.639  21.192  -52.048 0.0000000000
116677  25.687  21.587  -51.742 0.0000000000
116683  30.083  20.858  -52.642 0.0000000000
116684  29.510  21.281  -52.585 0.0000000000
116685  28.392  21.416  -52.255 0.0000000000
116686  27.305  21.770  -52.280 0.0000000000
116687  26.412  21.973  -52.130 0.0000000000
116698  29.671  21.807  -53.218 0.0000000000
118006  28.931  22.071  -52.840 0.0000000000
118007  27.979  22.452  -52.665 0.0000000000
118008  26.931  22.691  -52.562 0.0000000000
118009  26.258  22.966  -52.134 0.0000000000
165414  22.272  15.189  -44.740 0.0000000000
165415  21.371  15.221  -45.029 0.0000000000
165416  20.621  14.638  -43.114 0.0000000000
165417  21.147  15.206  -44.912 0.0000000000
165418  21.282  15.052  -45.110 0.0000000000
165419  21.638  15.311  -44.923 0.0000000000
165420  22.022  15.342  -45.516 0.0000000000
165421  22.576  14.967  -45.002 0.0000000000
165422  22.738  14.726  -45.184 0.0000000000
