#!ascii label  , from subject colin27_FS vox2ras=TkReg
304
121266  8.343  26.106  -29.784 0.0000000000
121290  8.891  26.005  -30.371 0.0000000000
121291  8.410  26.364  -30.429 0.0000000000
121317  9.482  26.232  -30.912 0.0000000000
121318  8.796  26.416  -30.813 0.0000000000
121319  8.452  26.516  -30.745 0.0000000000
122251  7.176  26.404  -27.367 0.0000000000
122252  6.770  26.780  -26.797 0.0000000000
122260  7.567  26.414  -28.269 0.0000000000
122272  7.845  26.614  -29.157 0.0000000000
122289  8.222  27.112  -30.571 0.0000000000
122290  8.068  26.849  -30.049 0.0000000000
122309  10.906  26.550  -31.596 0.0000000000
122310  10.081  26.659  -31.420 0.0000000000
122311  9.266  26.853  -31.241 0.0000000000
122312  8.582  26.936  -30.936 0.0000000000
122313  8.284  26.683  -30.592 0.0000000000
122334  13.073  26.809  -32.210 0.0000000000
122335  12.213  26.840  -32.095 0.0000000000
122336  11.560  26.679  -31.856 0.0000000000
123243  6.399  27.242  -26.529 0.0000000000
123249  7.183  27.099  -27.872 0.0000000000
123250  6.752  27.449  -27.238 0.0000000000
123256  7.410  27.336  -28.547 0.0000000000
123268  7.694  27.582  -29.379 0.0000000000
123285  8.405  27.587  -30.843 0.0000000000
123286  8.042  27.800  -30.233 0.0000000000
123301  11.170  26.933  -31.905 0.0000000000
123302  10.667  27.115  -31.847 0.0000000000
123303  9.845  27.364  -31.698 0.0000000000
123304  8.998  27.835  -31.441 0.0000000000
123327  13.611  27.428  -32.611 0.0000000000
123328  12.638  27.533  -32.493 0.0000000000
123329  11.502  27.486  -32.220 0.0000000000
123330  10.473  27.851  -32.110 0.0000000000
123331  9.671  28.083  -31.949 0.0000000000
123332  9.259  28.261  -31.859 0.0000000000
124238  5.979  27.481  -26.180 0.0000000000
124239  5.500  27.941  -25.962 0.0000000000
124240  4.766  28.802  -25.543 0.0000000000
124241  4.310  29.312  -25.167 0.0000000000
124245  6.130  27.968  -26.662 0.0000000000
124246  5.602  28.888  -26.574 0.0000000000
124247  5.084  29.245  -26.191 0.0000000000
124252  7.020  27.821  -27.963 0.0000000000
124253  6.514  28.683  -27.535 0.0000000000
124254  5.995  29.211  -27.141 0.0000000000
124261  7.252  28.490  -28.614 0.0000000000
124262  6.923  29.061  -28.163 0.0000000000
124269  7.734  28.514  -29.582 0.0000000000
124282  8.399  28.495  -30.845 0.0000000000
124283  8.027  28.683  -30.181 0.0000000000
124297  8.781  28.728  -31.481 0.0000000000
124320  14.071  28.028  -33.045 0.0000000000
124321  13.162  28.168  -32.926 0.0000000000
124322  12.170  28.526  -32.828 0.0000000000
124323  11.044  28.509  -32.519 0.0000000000
124324  10.138  28.637  -32.325 0.0000000000
124325  9.453  28.704  -32.088 0.0000000000
124326  9.069  28.555  -31.799 0.0000000000
124338  14.433  28.499  -33.506 0.0000000000
124339  13.509  28.765  -33.452 0.0000000000
124340  12.876  28.686  -33.139 0.0000000000
124352  14.046  28.880  -33.775 0.0000000000
125202  4.425  29.744  -25.469 0.0000000000
125203  4.086  29.767  -24.883 0.0000000000
125206  5.273  29.639  -26.537 0.0000000000
125207  4.847  29.706  -26.040 0.0000000000
125212  6.236  29.674  -27.442 0.0000000000
125213  5.701  29.637  -26.954 0.0000000000
125219  7.185  29.515  -28.498 0.0000000000
125220  6.765  29.576  -27.971 0.0000000000
125227  7.917  29.750  -29.692 0.0000000000
125228  7.612  29.430  -29.189 0.0000000000
125240  8.178  29.515  -30.343 0.0000000000
125241  7.886  29.171  -29.809 0.0000000000
125253  8.572  29.490  -31.216 0.0000000000
125269  12.022  29.265  -33.115 0.0000000000
125270  11.423  29.206  -32.922 0.0000000000
125271  10.568  29.283  -32.742 0.0000000000
125272  9.740  29.414  -32.484 0.0000000000
125273  9.055  29.381  -31.949 0.0000000000
125285  13.150  29.241  -33.715 0.0000000000
125286  12.615  29.197  -33.376 0.0000000000
125298  13.661  29.325  -34.052 0.0000000000
125299  12.820  29.594  -33.879 0.0000000000
125310  11.287  30.476  -35.738 0.0000000000
125311  11.097  30.351  -35.801 0.0000000000
126260  3.885  30.497  -24.505 0.0000000000
126262  4.637  30.466  -25.833 0.0000000000
126263  4.216  30.483  -25.194 0.0000000000
126265  5.449  30.024  -26.807 0.0000000000
126266  5.172  30.404  -26.518 0.0000000000
126268  7.169  31.040  -28.206 0.0000000000
126269  6.717  30.538  -27.869 0.0000000000
126270  5.804  30.453  -27.098 0.0000000000
126271  5.440  30.781  -26.813 0.0000000000
126276  6.614  31.505  -29.610 0.0000000000
126277  6.432  31.279  -29.328 0.0000000000
126278  7.048  30.032  -28.275 0.0000000000
126284  6.804  31.496  -29.843 0.0000000000
126285  7.796  30.071  -29.345 0.0000000000
126294  8.424  30.483  -30.825 0.0000000000
126307  8.759  30.398  -31.736 0.0000000000
126323  12.144  29.513  -33.316 0.0000000000
126324  11.728  29.639  -33.279 0.0000000000
126325  9.727  30.162  -35.841 0.0000000000
126326  9.237  30.480  -35.722 0.0000000000
126327  8.760  30.830  -35.432 0.0000000000
126346  12.195  29.716  -33.596 0.0000000000
126347  10.060  30.232  -35.980 0.0000000000
126348  9.551  30.319  -35.953 0.0000000000
126349  8.835  30.763  -35.714 0.0000000000
126350  8.622  30.994  -35.373 0.0000000000
126364  10.666  30.400  -35.888 0.0000000000
126365  10.259  30.395  -36.018 0.0000000000
126366  9.556  30.792  -35.938 0.0000000000
126367  8.795  31.447  -35.993 0.0000000000
126378  11.379  30.701  -35.712 0.0000000000
126379  11.035  30.575  -35.747 0.0000000000
126380  10.383  30.950  -35.738 0.0000000000
126381  9.658  31.491  -35.638 0.0000000000
127313  3.828  31.341  -24.227 0.0000000000
127315  4.500  31.336  -25.419 0.0000000000
127316  4.078  31.106  -24.847 0.0000000000
127318  5.900  31.999  -26.767 0.0000000000
127319  5.377  31.625  -26.427 0.0000000000
127320  4.963  31.141  -26.142 0.0000000000
127323  6.953  31.675  -27.859 0.0000000000
127324  6.258  31.395  -27.302 0.0000000000
127325  5.655  31.215  -26.868 0.0000000000
127326  5.285  31.039  -26.597 0.0000000000
127330  6.865  31.973  -29.796 0.0000000000
127331  6.623  31.740  -29.417 0.0000000000
127332  6.392  31.534  -29.060 0.0000000000
127337  7.168  32.022  -30.202 0.0000000000
127338  7.039  31.931  -29.922 0.0000000000
127344  7.526  32.139  -30.447 0.0000000000
127355  8.587  31.388  -31.422 0.0000000000
127374  8.828  31.192  -32.233 0.0000000000
127396  8.518  31.165  -35.434 0.0000000000
127397  8.457  31.610  -34.944 0.0000000000
127412  11.527  31.965  -34.976 0.0000000000
127413  11.141  32.054  -34.880 0.0000000000
127414  10.584  32.319  -34.760 0.0000000000
127415  10.208  32.563  -34.695 0.0000000000
127416  8.495  31.168  -35.693 0.0000000000
127426  11.359  31.072  -35.536 0.0000000000
127427  11.068  31.330  -35.421 0.0000000000
127428  10.485  31.685  -35.298 0.0000000000
128288  3.925  32.986  -23.733 0.0000000000
128292  4.773  33.093  -24.870 0.0000000000
128293  4.308  32.832  -24.390 0.0000000000
128294  3.878  32.217  -23.991 0.0000000000
128297  5.679  33.105  -25.933 0.0000000000
128298  5.195  32.897  -25.484 0.0000000000
128299  4.654  32.323  -25.136 0.0000000000
128300  4.182  31.860  -24.700 0.0000000000
128304  6.025  32.875  -26.483 0.0000000000
128305  5.540  32.398  -26.165 0.0000000000
128306  5.025  31.952  -25.823 0.0000000000
128310  7.010  32.381  -27.772 0.0000000000
128311  6.557  32.541  -27.254 0.0000000000
128315  6.971  32.158  -29.830 0.0000000000
128316  7.002  32.264  -29.609 0.0000000000
128317  6.733  32.091  -29.100 0.0000000000
128318  7.036  32.914  -27.727 0.0000000000
128322  6.978  31.988  -30.018 0.0000000000
128323  7.270  32.334  -29.997 0.0000000000
128327  7.685  32.593  -30.493 0.0000000000
128338  8.248  32.863  -31.421 0.0000000000
128352  8.588  32.833  -33.329 0.0000000000
128365  11.629  33.081  -33.866 0.0000000000
128366  11.110  33.124  -33.833 0.0000000000
128367  8.667  32.680  -34.626 0.0000000000
128379  11.653  32.634  -34.418 0.0000000000
128380  11.150  32.632  -34.302 0.0000000000
128381  10.483  32.999  -34.261 0.0000000000
128388  9.878  32.813  -34.602 0.0000000000
129160  4.278  35.516  -23.214 0.0000000000
129161  4.083  35.532  -22.966 0.0000000000
129164  5.075  33.764  -24.934 0.0000000000
129165  4.606  33.721  -24.379 0.0000000000
129170  5.986  33.711  -26.076 0.0000000000
129171  5.549  33.746  -25.503 0.0000000000
129176  6.408  33.597  -26.726 0.0000000000
129180  6.851  33.597  -27.382 0.0000000000
129184  7.510  32.897  -29.878 0.0000000000
129185  7.358  32.776  -29.565 0.0000000000
129186  7.301  33.653  -27.987 0.0000000000
129190  7.830  33.227  -30.343 0.0000000000
129194  8.253  33.423  -31.094 0.0000000000
129208  8.477  33.537  -32.239 0.0000000000
129222  11.197  33.972  -33.031 0.0000000000
129223  8.639  33.539  -33.418 0.0000000000
129235  11.433  33.513  -33.398 0.0000000000
129236  10.683  33.718  -33.552 0.0000000000
130043  4.004  35.748  -22.773 0.0000000000
130046  4.534  35.732  -23.485 0.0000000000
130047  4.269  35.694  -23.143 0.0000000000
130055  5.570  36.173  -24.765 0.0000000000
130056  5.020  35.978  -24.076 0.0000000000
130062  6.365  36.382  -25.884 0.0000000000
130063  6.012  36.299  -25.374 0.0000000000
130067  6.702  34.435  -26.961 0.0000000000
130071  7.658  36.271  -27.973 0.0000000000
130072  7.479  36.321  -27.673 0.0000000000
130076  8.032  34.003  -30.002 0.0000000000
130077  7.536  34.490  -28.315 0.0000000000
130078  7.309  34.214  -27.986 0.0000000000
130083  8.291  34.218  -30.743 0.0000000000
130092  8.385  34.332  -31.667 0.0000000000
130105  8.509  34.352  -32.646 0.0000000000
130116  10.652  34.554  -32.866 0.0000000000
130117  10.108  34.734  -33.125 0.0000000000
130118  8.678  34.333  -33.412 0.0000000000
130127  10.259  34.309  -33.382 0.0000000000
131061  3.839  36.266  -22.439 0.0000000000
131066  4.470  36.431  -23.222 0.0000000000
131067  4.247  36.155  -22.935 0.0000000000
131075  4.620  36.084  -23.509 0.0000000000
131076  4.368  35.905  -23.188 0.0000000000
131085  5.431  36.351  -24.510 0.0000000000
131086  5.030  36.170  -24.021 0.0000000000
131090  6.313  36.567  -25.740 0.0000000000
131091  5.830  36.362  -25.113 0.0000000000
131095  7.181  36.737  -27.193 0.0000000000
131096  6.734  36.550  -26.533 0.0000000000
131100  7.586  36.471  -27.843 0.0000000000
131101  7.227  36.450  -27.302 0.0000000000
131104  8.231  35.828  -29.440 0.0000000000
131105  7.865  36.243  -28.447 0.0000000000
131109  8.402  35.275  -30.387 0.0000000000
131120  8.301  35.183  -31.250 0.0000000000
131129  10.302  35.585  -32.239 0.0000000000
131130  9.684  35.869  -32.699 0.0000000000
131131  8.200  35.328  -32.191 0.0000000000
131132  7.945  35.927  -32.514 0.0000000000
131138  10.197  35.047  -32.845 0.0000000000
131139  8.421  35.066  -32.965 0.0000000000
131140  8.096  35.707  -32.896 0.0000000000
131146  8.550  35.237  -33.436 0.0000000000
131147  8.291  35.519  -33.195 0.0000000000
131996  4.355  36.972  -22.964 0.0000000000
131997  4.002  36.757  -22.545 0.0000000000
132007  5.146  37.236  -23.961 0.0000000000
132008  4.718  36.751  -23.508 0.0000000000
132014  5.523  36.969  -24.539 0.0000000000
132015  5.088  36.534  -23.990 0.0000000000
132019  6.414  37.175  -25.792 0.0000000000
132020  5.934  36.752  -25.124 0.0000000000
132023  7.137  37.332  -27.215 0.0000000000
132024  6.759  36.944  -26.496 0.0000000000
132028  7.598  37.035  -27.906 0.0000000000
132031  8.180  36.721  -29.415 0.0000000000
132032  7.937  36.596  -28.625 0.0000000000
132036  8.330  36.288  -30.107 0.0000000000
132047  8.171  36.200  -31.014 0.0000000000
132048  7.857  36.744  -31.409 0.0000000000
132057  8.128  35.763  -31.607 0.0000000000
132058  7.830  36.340  -32.010 0.0000000000
132064  9.301  36.212  -33.050 0.0000000000
132065  7.734  36.373  -32.896 0.0000000000
132070  7.997  36.138  -33.568 0.0000000000
132076  8.003  36.417  -34.119 0.0000000000
132882  4.430  37.976  -22.811 0.0000000000
132883  4.055  37.538  -22.377 0.0000000000
132891  5.145  38.098  -23.936 0.0000000000
132892  4.740  37.553  -23.423 0.0000000000
132895  5.578  37.769  -24.517 0.0000000000
132900  6.026  37.462  -25.131 0.0000000000
132904  6.763  37.645  -26.568 0.0000000000
132908  7.432  37.807  -27.952 0.0000000000
132911  8.067  37.192  -29.559 0.0000000000
132912  7.839  37.450  -28.931 0.0000000000
132916  8.225  36.995  -30.049 0.0000000000
132917  7.856  37.585  -29.925 0.0000000000
132927  8.170  36.681  -30.491 0.0000000000
132928  7.847  37.217  -30.854 0.0000000000
132937  7.552  37.182  -31.771 0.0000000000
132945  7.278  37.255  -32.681 0.0000000000
132951  7.447  36.969  -33.608 0.0000000000
133782  7.407  38.339  -28.746 0.0000000000
133785  7.518  38.210  -29.608 0.0000000000
165499  8.602  32.158  -35.608 0.0000000000
165500  9.100  32.249  -35.685 0.0000000000
165501  8.820  32.486  -35.264 0.0000000000
165502  8.432  31.661  -35.451 0.0000000000
165503  9.845  32.256  -35.095 0.0000000000
165504  9.183  32.983  -34.699 0.0000000000
165505  8.962  33.712  -34.252 0.0000000000
165506  8.782  33.526  -34.076 0.0000000000
165507  8.754  33.032  -34.333 0.0000000000
165508  9.790  33.448  -34.219 0.0000000000
165509  8.881  33.185  -34.437 0.0000000000
165510  9.199  34.550  -33.886 0.0000000000
165511  8.856  34.364  -33.789 0.0000000000
165512  9.972  33.986  -33.760 0.0000000000
165513  9.814  34.551  -33.458 0.0000000000
165514  10.253  33.541  -33.995 0.0000000000
165515  8.763  35.068  -33.688 0.0000000000
165516  9.682  35.301  -33.096 0.0000000000
165517  9.002  35.976  -33.505 0.0000000000
165518  8.373  36.196  -33.578 0.0000000000
