#!ascii label  , from subject colin27_FS vox2ras=TkReg
1171
38871  38.246  -35.767  44.684 0.0000000000
38881  38.366  -36.071  44.327 0.0000000000
38882  37.675  -36.574  44.106 0.0000000000
38883  36.726  -37.082  43.856 0.0000000000
38884  35.907  -37.153  43.449 0.0000000000
38892  38.330  -36.263  43.640 0.0000000000
38893  37.622  -36.464  43.158 0.0000000000
38894  36.538  -36.705  42.915 0.0000000000
38895  35.379  -36.924  42.672 0.0000000000
38907  37.265  -36.297  42.304 0.0000000000
38908  36.264  -36.417  41.971 0.0000000000
38909  35.047  -36.318  41.315 0.0000000000
38921  34.925  -35.932  40.543 0.0000000000
38922  34.160  -36.048  40.172 0.0000000000
38935  33.966  -35.822  39.471 0.0000000000
38936  33.294  -35.989  39.143 0.0000000000
38949  33.098  -35.895  38.462 0.0000000000
38950  32.441  -36.039  38.209 0.0000000000
38963  32.124  -35.847  37.639 0.0000000000
38964  31.502  -36.000  37.399 0.0000000000
38975  31.157  -35.901  36.810 0.0000000000
38976  30.784  -36.131  36.770 0.0000000000
39021  22.989  -36.714  31.214 0.0000000000
39029  23.775  -36.284  30.349 0.0000000000
39030  23.436  -36.583  30.665 0.0000000000
39039  23.903  -36.456  29.862 0.0000000000
39040  23.571  -37.070  29.987 0.0000000000
39053  24.327  -36.563  28.849 0.0000000000
39069  24.910  -36.958  27.135 0.0000000000
39070  24.693  -36.724  27.627 0.0000000000
39086  25.185  -36.778  26.714 0.0000000000
39087  24.906  -36.175  26.947 0.0000000000
39098  26.401  -36.844  25.229 0.0000000000
39099  25.943  -36.725  25.643 0.0000000000
39112  27.667  -36.920  24.208 0.0000000000
39113  26.582  -36.532  24.623 0.0000000000
39114  26.001  -36.236  25.050 0.0000000000
39125  28.624  -36.730  23.605 0.0000000000
39126  27.320  -36.231  23.478 0.0000000000
39127  26.665  -36.003  23.860 0.0000000000
39140  29.316  -36.049  22.457 0.0000000000
39141  28.133  -36.003  22.792 0.0000000000
39142  27.525  -35.818  22.909 0.0000000000
39152  30.007  -35.939  21.929 0.0000000000
39153  29.593  -35.815  21.987 0.0000000000
40237  39.366  -35.077  43.825 0.0000000000
40238  38.687  -35.263  44.468 0.0000000000
40242  39.473  -35.286  43.116 0.0000000000
40243  38.898  -35.732  43.728 0.0000000000
40245  39.481  -35.310  42.251 0.0000000000
40246  38.640  -35.899  42.757 0.0000000000
40247  37.920  -36.170  42.511 0.0000000000
40250  39.453  -35.249  41.729 0.0000000000
40251  38.948  -35.513  41.814 0.0000000000
40252  38.024  -35.855  41.804 0.0000000000
40253  37.010  -35.961  41.457 0.0000000000
40254  36.129  -35.971  41.214 0.0000000000
40256  39.283  -35.190  41.309 0.0000000000
40257  38.602  -35.421  41.007 0.0000000000
40258  37.611  -35.610  40.711 0.0000000000
40259  36.654  -35.667  40.644 0.0000000000
40260  35.629  -35.723  40.489 0.0000000000
40261  34.909  -35.695  40.079 0.0000000000
40264  37.094  -35.452  40.103 0.0000000000
40265  36.337  -35.419  39.865 0.0000000000
40266  35.390  -35.446  39.570 0.0000000000
40267  34.530  -35.632  39.433 0.0000000000
40268  33.940  -35.695  39.039 0.0000000000
40271  34.971  -35.399  38.994 0.0000000000
40272  34.378  -35.461  38.638 0.0000000000
40273  33.600  -35.693  38.445 0.0000000000
40274  33.064  -35.829  38.057 0.0000000000
40280  34.012  -35.431  38.061 0.0000000000
40281  33.414  -35.486  37.712 0.0000000000
40282  32.629  -35.686  37.561 0.0000000000
40283  31.992  -35.664  37.269 0.0000000000
40291  32.976  -35.349  37.187 0.0000000000
40292  32.330  -35.368  36.858 0.0000000000
40293  31.544  -35.633  36.717 0.0000000000
40294  30.946  -35.844  36.367 0.0000000000
40295  30.462  -36.073  36.217 0.0000000000
40305  31.855  -35.252  36.322 0.0000000000
40306  31.250  -35.398  35.971 0.0000000000
40307  30.607  -35.733  35.798 0.0000000000
40308  29.963  -36.030  35.732 0.0000000000
40321  30.818  -35.325  35.420 0.0000000000
40322  30.266  -35.489  35.099 0.0000000000
40323  29.540  -35.773  34.983 0.0000000000
40339  29.848  -35.405  34.498 0.0000000000
40340  29.241  -35.526  34.156 0.0000000000
40341  28.393  -35.594  34.040 0.0000000000
40342  27.472  -35.481  33.804 0.0000000000
40343  26.423  -35.410  33.587 0.0000000000
40360  28.855  -35.387  33.529 0.0000000000
40361  28.205  -35.373  33.180 0.0000000000
40362  27.286  -35.316  32.658 0.0000000000
40363  26.137  -35.301  32.571 0.0000000000
40364  25.048  -35.365  32.427 0.0000000000
40382  26.737  -35.193  31.956 0.0000000000
40383  25.931  -35.143  31.411 0.0000000000
40384  24.645  -35.446  31.409 0.0000000000
40385  23.710  -35.802  31.550 0.0000000000
40386  23.020  -36.255  31.561 0.0000000000
40404  26.039  -34.940  30.612 0.0000000000
40405  25.251  -35.151  30.216 0.0000000000
40406  24.045  -35.870  30.546 0.0000000000
40407  23.563  -36.130  31.088 0.0000000000
40418  25.189  -35.185  28.926 0.0000000000
40419  24.522  -35.803  29.437 0.0000000000
40426  25.171  -35.184  27.913 0.0000000000
40427  24.697  -35.827  28.338 0.0000000000
40440  25.183  -35.272  27.034 0.0000000000
40441  24.851  -35.794  27.442 0.0000000000
40458  25.299  -35.797  26.252 0.0000000000
40459  24.990  -35.737  26.894 0.0000000000
40477  25.707  -35.840  25.326 0.0000000000
40494  26.322  -35.702  24.152 0.0000000000
40495  26.027  -35.744  24.719 0.0000000000
40516  27.209  -35.709  23.004 0.0000000000
40517  26.688  -35.378  23.344 0.0000000000
40533  29.144  -35.717  22.056 0.0000000000
40534  28.647  -35.617  22.125 0.0000000000
40535  27.514  -35.257  22.424 0.0000000000
40536  26.825  -34.686  22.735 0.0000000000
40551  29.445  -35.464  21.573 0.0000000000
40552  28.366  -35.066  21.565 0.0000000000
40553  27.672  -34.580  21.645 0.0000000000
40568  29.581  -34.942  20.759 0.0000000000
41580  39.961  -34.027  44.027 0.0000000000
41581  39.523  -34.356  44.121 0.0000000000
41599  40.191  -33.995  43.769 0.0000000000
41600  39.929  -34.566  43.434 0.0000000000
41611  40.925  -33.490  42.846 0.0000000000
41612  40.616  -33.916  42.991 0.0000000000
41613  40.115  -34.734  42.558 0.0000000000
41618  41.050  -33.642  42.548 0.0000000000
41619  40.859  -34.178  41.952 0.0000000000
41620  39.933  -34.856  41.529 0.0000000000
41623  40.544  -34.096  40.539 0.0000000000
41624  39.302  -34.798  40.388 0.0000000000
41625  38.172  -35.207  40.070 0.0000000000
41626  37.538  -35.360  40.043 0.0000000000
41629  40.429  -33.734  39.686 0.0000000000
41630  39.724  -33.957  39.195 0.0000000000
41631  38.517  -34.566  39.135 0.0000000000
41632  37.198  -34.986  39.334 0.0000000000
41633  35.957  -35.119  39.060 0.0000000000
41634  35.360  -35.277  38.995 0.0000000000
41637  39.448  -33.574  38.405 0.0000000000
41638  38.815  -33.836  37.958 0.0000000000
41639  37.590  -34.384  38.054 0.0000000000
41640  36.342  -34.775  38.143 0.0000000000
41641  35.118  -35.071  38.344 0.0000000000
41642  34.421  -35.256  38.127 0.0000000000
41645  38.489  -33.491  37.237 0.0000000000
41646  37.799  -33.753  36.914 0.0000000000
41647  36.630  -34.235  37.033 0.0000000000
41648  35.382  -34.616  37.170 0.0000000000
41649  34.146  -35.043  37.440 0.0000000000
41650  33.414  -35.225  37.222 0.0000000000
41656  37.431  -33.594  36.191 0.0000000000
41657  36.890  -33.890  36.121 0.0000000000
41658  35.628  -34.035  35.862 0.0000000000
41659  34.313  -34.432  36.241 0.0000000000
41660  33.078  -34.945  36.547 0.0000000000
41661  32.298  -35.096  36.353 0.0000000000
41669  35.184  -33.809  35.118 0.0000000000
41670  34.445  -33.929  34.973 0.0000000000
41671  33.222  -34.385  35.324 0.0000000000
41672  31.958  -34.836  35.676 0.0000000000
41673  31.214  -35.102  35.457 0.0000000000
41685  34.134  -33.793  34.254 0.0000000000
41686  33.388  -33.958  34.072 0.0000000000
41687  32.165  -34.404  34.412 0.0000000000
41688  30.944  -34.927  34.737 0.0000000000
41689  30.264  -35.233  34.513 0.0000000000
41702  33.096  -33.850  33.363 0.0000000000
41703  32.368  -34.059  33.169 0.0000000000
41704  31.200  -34.539  33.491 0.0000000000
41705  30.015  -35.064  33.786 0.0000000000
41706  29.292  -35.263  33.564 0.0000000000
41720  32.091  -33.976  32.464 0.0000000000
41721  31.414  -34.210  32.295 0.0000000000
41722  30.300  -34.583  32.642 0.0000000000
41723  29.096  -35.022  32.835 0.0000000000
41724  28.035  -35.131  32.409 0.0000000000
41725  27.622  -35.173  32.260 0.0000000000
41737  31.151  -34.185  31.605 0.0000000000
41738  30.557  -34.321  31.635 0.0000000000
41739  29.577  -34.550  31.804 0.0000000000
41740  28.531  -34.756  31.795 0.0000000000
41741  27.486  -35.007  31.768 0.0000000000
41742  26.768  -35.034  31.461 0.0000000000
41759  30.533  -34.254  31.043 0.0000000000
41760  29.961  -34.317  30.943 0.0000000000
41761  29.042  -34.476  30.988 0.0000000000
41762  28.046  -34.611  30.887 0.0000000000
41763  26.862  -34.793  30.725 0.0000000000
41764  26.150  -34.775  30.114 0.0000000000
41784  29.429  -34.249  30.415 0.0000000000
41785  28.686  -34.299  30.187 0.0000000000
41786  27.665  -34.351  29.911 0.0000000000
41787  26.741  -34.483  29.686 0.0000000000
41788  25.920  -34.706  29.339 0.0000000000
41808  27.253  -34.155  29.268 0.0000000000
41809  26.607  -34.219  28.767 0.0000000000
41810  25.751  -34.611  28.371 0.0000000000
41828  26.308  -34.110  27.852 0.0000000000
41829  25.655  -34.632  27.405 0.0000000000
41845  26.235  -34.089  26.854 0.0000000000
41846  25.621  -34.793  26.430 0.0000000000
41863  26.197  -34.148  25.660 0.0000000000
41864  25.735  -35.095  25.492 0.0000000000
41883  26.120  -34.745  24.401 0.0000000000
41884  25.866  -35.351  24.977 0.0000000000
41908  26.557  -34.361  23.264 0.0000000000
41930  26.995  -34.160  22.099 0.0000000000
41931  26.728  -34.200  22.703 0.0000000000
41954  28.942  -34.765  20.860 0.0000000000
41955  28.162  -34.376  21.033 0.0000000000
41956  27.567  -33.860  21.309 0.0000000000
41976  29.593  -34.327  20.100 0.0000000000
41977  28.657  -34.020  20.400 0.0000000000
41978  28.040  -33.687  20.709 0.0000000000
42964  39.943  -33.779  43.931 0.0000000000
42965  39.238  -33.776  44.267 0.0000000000
42990  41.055  -32.982  43.100 0.0000000000
42991  40.512  -33.340  43.416 0.0000000000
42992  39.866  -33.329  43.682 0.0000000000
43022  41.191  -33.229  42.783 0.0000000000
43023  40.865  -33.337  43.057 0.0000000000
43052  41.460  -33.380  42.088 0.0000000000
43053  41.176  -33.705  41.302 0.0000000000
43074  41.604  -33.193  41.220 0.0000000000
43075  41.175  -33.508  40.683 0.0000000000
43091  41.466  -33.057  40.535 0.0000000000
43092  40.923  -33.324  39.859 0.0000000000
43093  40.279  -33.463  39.293 0.0000000000
43108  40.427  -33.073  39.175 0.0000000000
43109  39.824  -33.253  38.604 0.0000000000
43110  39.313  -33.389  38.005 0.0000000000
43123  39.408  -33.082  37.923 0.0000000000
43124  38.883  -33.203  37.361 0.0000000000
43125  38.340  -33.345  36.835 0.0000000000
43137  38.453  -33.038  36.675 0.0000000000
43138  37.825  -33.232  36.173 0.0000000000
43139  37.087  -33.517  35.638 0.0000000000
43140  36.368  -33.723  35.456 0.0000000000
43151  37.287  -33.031  35.181 0.0000000000
43152  36.469  -33.404  34.888 0.0000000000
43153  35.600  -33.647  34.865 0.0000000000
43154  34.996  -33.736  34.751 0.0000000000
43167  36.885  -32.740  34.679 0.0000000000
43168  36.523  -32.987  34.451 0.0000000000
43169  35.709  -33.250  33.910 0.0000000000
43170  34.685  -33.639  34.081 0.0000000000
43171  33.983  -33.747  33.890 0.0000000000
43183  35.348  -33.016  33.262 0.0000000000
43184  34.752  -33.266  32.929 0.0000000000
43185  33.680  -33.664  33.185 0.0000000000
43186  32.945  -33.796  33.003 0.0000000000
43198  34.380  -33.003  32.291 0.0000000000
43199  33.769  -33.232  31.963 0.0000000000
43200  32.650  -33.706  32.276 0.0000000000
43201  31.941  -33.929  32.103 0.0000000000
43213  33.445  -32.982  31.250 0.0000000000
43214  32.784  -33.268  30.928 0.0000000000
43215  31.653  -33.896  31.360 0.0000000000
43216  30.929  -34.201  31.198 0.0000000000
43227  32.312  -32.920  29.739 0.0000000000
43228  31.654  -33.506  30.094 0.0000000000
43229  30.630  -34.025  30.473 0.0000000000
43230  29.895  -34.135  30.363 0.0000000000
43242  32.037  -32.634  29.191 0.0000000000
43243  31.573  -32.989  28.969 0.0000000000
43244  30.717  -33.555  29.315 0.0000000000
43245  29.558  -33.927  29.642 0.0000000000
43246  28.335  -33.992  29.374 0.0000000000
43247  27.704  -34.053  29.306 0.0000000000
43265  31.242  -32.841  28.387 0.0000000000
43266  30.824  -33.125  28.350 0.0000000000
43267  29.939  -33.470  28.495 0.0000000000
43268  28.830  -33.643  28.540 0.0000000000
43269  27.590  -33.790  28.597 0.0000000000
43270  26.847  -33.842  28.201 0.0000000000
43285  30.727  -32.836  27.824 0.0000000000
43286  30.274  -33.030  27.714 0.0000000000
43287  29.329  -33.219  27.532 0.0000000000
43288  28.210  -33.398  27.614 0.0000000000
43289  27.079  -33.614  27.465 0.0000000000
43306  28.661  -33.061  26.802 0.0000000000
43307  27.796  -33.259  26.676 0.0000000000
43308  26.916  -33.553  26.312 0.0000000000
43322  28.314  -32.908  26.140 0.0000000000
43323  27.633  -33.091  25.695 0.0000000000
43324  26.853  -33.465  25.473 0.0000000000
43333  27.176  -33.061  24.940 0.0000000000
43334  26.586  -33.649  24.733 0.0000000000
43343  26.971  -33.081  24.253 0.0000000000
43344  26.646  -33.582  23.700 0.0000000000
43359  26.904  -33.467  22.247 0.0000000000
43360  26.737  -33.610  22.774 0.0000000000
43382  27.210  -33.292  21.746 0.0000000000
43399  29.031  -33.568  19.871 0.0000000000
43400  28.402  -33.112  20.163 0.0000000000
43401  27.665  -32.953  20.887 0.0000000000
43416  29.659  -33.298  19.250 0.0000000000
43417  28.965  -32.930  19.589 0.0000000000
44360  41.128  -32.779  42.989 0.0000000000
44361  40.911  -32.803  43.139 0.0000000000
44362  40.432  -32.874  43.311 0.0000000000
44363  39.826  -32.925  43.458 0.0000000000
44368  41.830  -31.930  42.390 0.0000000000
44369  41.451  -32.500  42.684 0.0000000000
44370  40.854  -32.399  42.972 0.0000000000
44371  40.258  -32.402  43.019 0.0000000000
44388  42.100  -32.040  42.128 0.0000000000
44389  41.933  -32.667  41.806 0.0000000000
44410  42.188  -32.055  41.529 0.0000000000
44411  41.926  -32.453  40.927 0.0000000000
44434  41.462  -32.536  40.098 0.0000000000
44435  40.843  -32.538  39.400 0.0000000000
44456  40.228  -32.690  38.815 0.0000000000
44457  39.671  -32.706  38.265 0.0000000000
44472  39.241  -32.692  37.610 0.0000000000
44473  38.745  -32.642  36.975 0.0000000000
44486  38.183  -32.609  36.255 0.0000000000
44487  37.765  -32.857  35.814 0.0000000000
44494  37.983  -32.268  35.996 0.0000000000
44495  37.687  -32.445  35.613 0.0000000000
44506  37.178  -32.398  34.898 0.0000000000
44507  36.451  -32.397  34.271 0.0000000000
44508  36.134  -32.838  33.950 0.0000000000
44517  36.096  -32.063  33.842 0.0000000000
44518  35.625  -32.473  33.399 0.0000000000
44519  35.154  -32.878  32.949 0.0000000000
44528  35.168  -32.083  32.883 0.0000000000
44529  34.642  -32.461  32.460 0.0000000000
44530  34.189  -32.840  31.968 0.0000000000
44539  34.235  -32.022  31.886 0.0000000000
44540  33.708  -32.358  31.406 0.0000000000
44541  33.272  -32.799  30.929 0.0000000000
44552  33.200  -31.830  30.751 0.0000000000
44553  32.899  -32.320  30.342 0.0000000000
44560  32.316  -32.230  29.367 0.0000000000
44561  31.859  -32.282  28.763 0.0000000000
44572  31.442  -32.467  28.306 0.0000000000
44573  31.053  -32.676  27.970 0.0000000000
44581  31.192  -32.174  27.781 0.0000000000
44582  30.645  -32.354  27.348 0.0000000000
44583  29.944  -32.710  26.978 0.0000000000
44584  29.314  -32.802  26.733 0.0000000000
44596  30.200  -32.129  26.573 0.0000000000
44597  29.627  -32.325  26.203 0.0000000000
44598  28.960  -32.656  26.141 0.0000000000
44615  29.226  -32.253  25.637 0.0000000000
44616  28.535  -32.514  25.351 0.0000000000
44617  27.792  -32.710  25.014 0.0000000000
44633  28.144  -32.327  24.644 0.0000000000
44634  27.506  -32.636  24.403 0.0000000000
44650  27.876  -32.192  24.017 0.0000000000
44651  27.271  -32.664  23.500 0.0000000000
44652  26.817  -33.143  23.049 0.0000000000
44663  27.054  -32.864  22.524 0.0000000000
44664  26.831  -33.198  22.769 0.0000000000
44680  27.474  -32.484  21.656 0.0000000000
44697  28.222  -32.231  20.410 0.0000000000
44698  27.814  -32.054  21.012 0.0000000000
44710  29.297  -32.291  19.251 0.0000000000
44711  28.745  -32.230  19.779 0.0000000000
44725  29.867  -32.293  18.795 0.0000000000
45578  41.992  -31.504  42.136 0.0000000000
45579  41.652  -31.630  42.408 0.0000000000
45580  41.121  -31.630  42.626 0.0000000000
45581  40.742  -32.036  42.817 0.0000000000
45587  42.207  -31.420  41.643 0.0000000000
45588  40.888  -31.217  42.418 0.0000000000
45589  40.462  -31.584  42.435 0.0000000000
45595  42.275  -31.557  41.034 0.0000000000
45596  41.857  -31.701  40.405 0.0000000000
45606  41.348  -31.804  39.747 0.0000000000
45607  40.875  -31.866  39.288 0.0000000000
45619  40.522  -32.184  38.983 0.0000000000
45620  40.057  -32.143  38.575 0.0000000000
45637  39.519  -32.119  38.040 0.0000000000
45638  39.079  -32.062  37.393 0.0000000000
45661  38.571  -31.966  36.710 0.0000000000
45662  38.221  -31.640  36.341 0.0000000000
45680  38.186  -32.094  36.212 0.0000000000
45681  37.834  -31.758  35.841 0.0000000000
45682  37.380  -31.441  35.358 0.0000000000
45699  37.448  -31.955  35.248 0.0000000000
45700  36.872  -31.614  34.759 0.0000000000
45701  36.271  -31.240  34.357 0.0000000000
45711  36.301  -31.785  34.183 0.0000000000
45712  35.797  -31.481  33.739 0.0000000000
45713  35.269  -31.215  33.261 0.0000000000
45723  35.380  -31.770  33.153 0.0000000000
45724  34.836  -31.476  32.723 0.0000000000
45725  34.293  -31.163  32.298 0.0000000000
45735  34.400  -31.732  32.206 0.0000000000
45736  33.885  -31.373  31.799 0.0000000000
45747  33.254  -31.144  31.054 0.0000000000
45748  32.783  -31.296  30.352 0.0000000000
45754  32.396  -31.439  29.618 0.0000000000
45755  31.926  -31.497  28.878 0.0000000000
45765  31.474  -31.640  28.124 0.0000000000
45774  30.955  -31.531  27.416 0.0000000000
45775  30.495  -31.491  26.708 0.0000000000
45782  29.910  -31.499  25.871 0.0000000000
45783  29.555  -31.966  25.639 0.0000000000
45791  29.722  -31.123  25.290 0.0000000000
45792  29.243  -31.631  24.949 0.0000000000
45793  28.648  -32.123  24.778 0.0000000000
45808  28.779  -31.286  23.862 0.0000000000
45809  28.479  -31.865  24.254 0.0000000000
45828  28.596  -31.217  23.344 0.0000000000
45829  28.138  -31.721  23.208 0.0000000000
45830  27.517  -32.323  22.884 0.0000000000
45848  28.127  -31.450  22.160 0.0000000000
45849  27.641  -32.069  22.333 0.0000000000
45862  28.225  -31.353  21.428 0.0000000000
45863  27.835  -31.807  21.609 0.0000000000
45877  28.747  -31.156  20.234 0.0000000000
45878  28.374  -31.443  20.769 0.0000000000
45879  28.046  -31.651  21.186 0.0000000000
45891  29.873  -30.909  19.034 0.0000000000
45892  29.298  -31.167  19.490 0.0000000000
45893  28.627  -31.635  20.096 0.0000000000
45905  30.167  -31.265  18.767 0.0000000000
45906  29.606  -31.749  19.006 0.0000000000
46676  41.840  -31.216  42.160 0.0000000000
46677  41.549  -30.947  42.187 0.0000000000
46678  41.095  -30.883  42.290 0.0000000000
46689  42.081  -30.757  41.826 0.0000000000
46690  41.808  -30.173  41.951 0.0000000000
46691  40.745  -30.825  42.109 0.0000000000
46692  40.134  -30.797  41.739 0.0000000000
46705  42.518  -30.576  41.099 0.0000000000
46706  42.222  -30.969  40.592 0.0000000000
46721  42.413  -30.234  40.366 0.0000000000
46722  41.805  -30.772  39.971 0.0000000000
46723  41.115  -31.180  39.415 0.0000000000
46739  40.556  -31.457  38.910 0.0000000000
46740  39.933  -31.412  38.424 0.0000000000
46756  39.411  -31.358  37.916 0.0000000000
46757  38.879  -31.233  37.361 0.0000000000
46771  38.418  -31.129  36.762 0.0000000000
46772  38.020  -31.032  36.260 0.0000000000
46784  37.580  -30.924  35.761 0.0000000000
46785  37.081  -30.847  35.265 0.0000000000
46798  36.529  -30.712  34.802 0.0000000000
46799  35.915  -30.501  34.268 0.0000000000
46817  35.420  -30.621  33.615 0.0000000000
46818  34.950  -30.610  33.104 0.0000000000
46834  34.471  -30.575  32.615 0.0000000000
46835  33.971  -30.532  32.128 0.0000000000
46849  33.514  -30.388  31.541 0.0000000000
46861  33.183  -30.160  30.959 0.0000000000
46862  32.794  -30.325  30.461 0.0000000000
46869  32.366  -30.465  29.804 0.0000000000
46870  31.963  -30.579  29.097 0.0000000000
46878  31.483  -30.604  28.336 0.0000000000
46886  31.103  -30.717  27.591 0.0000000000
46887  30.738  -30.699  26.940 0.0000000000
46895  30.348  -30.611  26.152 0.0000000000
46902  29.958  -30.629  25.453 0.0000000000
46903  29.683  -30.680  24.894 0.0000000000
46911  29.326  -30.662  24.147 0.0000000000
46920  28.851  -30.666  23.204 0.0000000000
46921  28.532  -31.163  23.100 0.0000000000
46934  28.754  -30.498  22.381 0.0000000000
46935  28.506  -31.060  22.636 0.0000000000
46954  28.861  -30.199  21.764 0.0000000000
46955  28.537  -30.851  21.751 0.0000000000
46972  28.885  -30.462  20.733 0.0000000000
46973  28.496  -31.020  21.162 0.0000000000
46985  31.365  -30.149  18.956 0.0000000000
46986  30.297  -30.380  19.072 0.0000000000
46987  29.667  -29.992  19.844 0.0000000000
46994  30.813  -30.754  18.703 0.0000000000
46995  30.421  -30.789  18.813 0.0000000000
47709  41.261  -30.295  42.078 0.0000000000
47710  40.941  -30.459  42.115 0.0000000000
47714  42.931  -28.713  40.606 0.0000000000
47715  42.397  -29.519  41.408 0.0000000000
47716  41.458  -29.540  41.815 0.0000000000
47717  40.616  -29.987  41.766 0.0000000000
47718  39.683  -29.995  41.335 0.0000000000
47724  43.143  -28.751  39.929 0.0000000000
47725  42.750  -29.520  40.520 0.0000000000
47734  42.992  -28.651  39.481 0.0000000000
47735  42.408  -29.345  39.522 0.0000000000
47736  41.325  -30.303  39.310 0.0000000000
47737  40.859  -30.832  39.089 0.0000000000
47745  42.019  -28.974  38.811 0.0000000000
47746  41.416  -29.510  38.852 0.0000000000
47747  40.484  -30.402  38.607 0.0000000000
47748  39.807  -30.856  38.247 0.0000000000
47757  40.225  -29.702  38.162 0.0000000000
47758  39.548  -30.265  37.853 0.0000000000
47759  38.749  -30.375  37.146 0.0000000000
47768  38.265  -30.341  36.637 0.0000000000
47769  37.816  -30.257  36.178 0.0000000000
47777  37.323  -30.115  35.678 0.0000000000
47778  36.795  -30.205  35.235 0.0000000000
47786  37.038  -29.596  35.248 0.0000000000
47787  36.438  -29.771  34.764 0.0000000000
47788  35.955  -29.715  34.269 0.0000000000
47802  35.562  -29.824  33.859 0.0000000000
47803  35.133  -30.023  33.416 0.0000000000
47820  35.362  -29.443  33.334 0.0000000000
47821  34.827  -29.663  32.848 0.0000000000
47822  34.242  -29.929  32.381 0.0000000000
47847  34.541  -29.309  32.134 0.0000000000
47848  33.940  -29.722  31.833 0.0000000000
47871  34.409  -29.116  31.470 0.0000000000
47872  33.716  -29.351  30.973 0.0000000000
47873  33.125  -29.618  30.484 0.0000000000
47881  33.462  -29.087  30.182 0.0000000000
47882  32.805  -29.280  29.684 0.0000000000
47883  32.184  -29.800  29.243 0.0000000000
47892  32.386  -29.204  28.907 0.0000000000
47893  31.796  -29.563  28.519 0.0000000000
47901  31.254  -29.577  27.477 0.0000000000
47902  30.916  -30.155  27.155 0.0000000000
47911  31.116  -29.057  26.832 0.0000000000
47912  30.783  -29.640  26.506 0.0000000000
47919  30.248  -29.677  25.364 0.0000000000
47920  29.878  -30.175  25.074 0.0000000000
47927  30.151  -29.308  24.730 0.0000000000
47928  29.822  -29.802  24.473 0.0000000000
47936  29.432  -29.858  23.498 0.0000000000
47948  29.166  -29.819  22.491 0.0000000000
47963  29.309  -29.600  21.484 0.0000000000
47977  32.577  -29.699  19.836 0.0000000000
47978  30.925  -29.117  19.856 0.0000000000
47979  30.411  -29.100  20.189 0.0000000000
47980  29.696  -29.387  20.584 0.0000000000
47989  31.936  -29.575  19.475 0.0000000000
47990  31.165  -29.513  19.443 0.0000000000
47991  30.392  -29.549  19.688 0.0000000000
47992  30.005  -29.459  20.032 0.0000000000
48697  42.951  -28.212  40.570 0.0000000000
48698  42.517  -28.458  40.928 0.0000000000
48699  41.736  -28.681  41.427 0.0000000000
48700  40.737  -28.942  41.559 0.0000000000
48701  39.782  -29.273  41.314 0.0000000000
48702  39.234  -29.479  41.125 0.0000000000
48705  43.396  -27.959  40.113 0.0000000000
48706  42.762  -27.838  40.496 0.0000000000
48707  41.975  -27.979  40.809 0.0000000000
48708  41.003  -28.173  41.078 0.0000000000
48709  39.902  -28.507  41.024 0.0000000000
48710  38.549  -28.957  40.917 0.0000000000
48717  43.319  -28.177  39.173 0.0000000000
48718  42.882  -28.577  39.202 0.0000000000
48725  43.279  -27.988  38.550 0.0000000000
48726  42.625  -28.340  38.457 0.0000000000
48727  41.470  -28.857  38.271 0.0000000000
48728  40.764  -29.430  38.340 0.0000000000
48736  42.449  -28.083  37.642 0.0000000000
48737  41.679  -28.283  37.373 0.0000000000
48738  40.250  -28.948  37.627 0.0000000000
48739  39.077  -29.517  37.121 0.0000000000
48740  38.563  -29.877  36.852 0.0000000000
48747  41.447  -28.137  36.670 0.0000000000
48748  40.645  -28.296  36.450 0.0000000000
48749  39.323  -28.695  36.512 0.0000000000
48750  38.317  -29.477  36.350 0.0000000000
48751  37.749  -29.756  35.980 0.0000000000
48756  40.455  -28.194  35.782 0.0000000000
48757  39.734  -28.291  35.477 0.0000000000
48758  38.415  -28.706  35.582 0.0000000000
48759  37.650  -29.347  35.617 0.0000000000
48764  40.544  -27.983  33.678 0.0000000000
48765  39.892  -28.203  34.244 0.0000000000
48766  38.601  -28.426  34.522 0.0000000000
48767  37.272  -28.896  34.691 0.0000000000
48768  36.318  -29.228  34.179 0.0000000000
48769  35.896  -29.447  34.008 0.0000000000
48779  40.514  -27.845  33.308 0.0000000000
48780  39.930  -28.028  33.100 0.0000000000
48781  38.851  -28.318  33.415 0.0000000000
48782  37.701  -28.552  33.599 0.0000000000
48783  36.576  -28.715  33.645 0.0000000000
48784  35.851  -29.158  33.665 0.0000000000
48804  39.742  -27.908  32.161 0.0000000000
48805  39.036  -28.241  32.445 0.0000000000
48806  38.075  -28.406  32.607 0.0000000000
48807  36.953  -28.472  32.708 0.0000000000
48808  35.686  -28.771  32.812 0.0000000000
48809  35.022  -29.066  32.393 0.0000000000
48831  39.663  -27.843  31.666 0.0000000000
48832  39.188  -28.023  31.733 0.0000000000
48833  38.464  -28.268  31.756 0.0000000000
48834  37.518  -28.403  31.760 0.0000000000
48835  36.402  -28.495  31.761 0.0000000000
48836  35.221  -28.728  31.727 0.0000000000
48861  38.908  -28.015  31.115 0.0000000000
48862  38.127  -28.313  30.978 0.0000000000
48863  37.178  -28.497  30.832 0.0000000000
48864  36.049  -28.515  30.746 0.0000000000
48865  34.827  -28.658  30.657 0.0000000000
48866  34.086  -28.758  30.201 0.0000000000
48887  38.715  -28.008  30.448 0.0000000000
48888  38.024  -28.330  30.094 0.0000000000
48889  36.968  -28.480  29.780 0.0000000000
48890  35.805  -28.453  29.796 0.0000000000
48891  34.822  -28.483  29.621 0.0000000000
48892  33.822  -28.626  29.486 0.0000000000
48893  33.309  -28.662  29.165 0.0000000000
48906  36.484  -28.351  29.138 0.0000000000
48907  35.716  -28.313  28.945 0.0000000000
48908  34.743  -28.307  28.704 0.0000000000
48909  33.805  -28.409  28.695 0.0000000000
48910  32.966  -28.594  28.689 0.0000000000
48911  32.336  -28.826  28.346 0.0000000000
48919  34.363  -28.162  28.160 0.0000000000
48920  33.699  -28.165  28.001 0.0000000000
48921  32.841  -28.267  27.740 0.0000000000
48922  31.961  -28.726  27.712 0.0000000000
48930  32.399  -28.171  27.122 0.0000000000
48931  31.652  -28.427  26.780 0.0000000000
48932  31.087  -28.757  26.389 0.0000000000
48941  31.369  -28.235  26.027 0.0000000000
48942  30.844  -28.647  25.623 0.0000000000
48948  30.468  -28.750  24.732 0.0000000000
48949  30.100  -29.061  24.321 0.0000000000
48957  30.345  -28.496  23.911 0.0000000000
48958  29.850  -29.073  23.689 0.0000000000
48969  30.246  -28.376  22.853 0.0000000000
48970  29.593  -29.164  22.940 0.0000000000
48981  34.337  -28.676  21.477 0.0000000000
48982  33.332  -28.761  20.850 0.0000000000
48983  32.684  -28.399  20.708 0.0000000000
48984  31.062  -28.199  21.189 0.0000000000
48985  30.315  -28.463  21.713 0.0000000000
48986  29.693  -29.013  22.122 0.0000000000
48997  32.951  -29.360  20.311 0.0000000000
48998  32.264  -28.811  20.151 0.0000000000
48999  31.196  -28.655  20.354 0.0000000000
49000  30.367  -28.707  20.843 0.0000000000
49001  29.788  -28.941  21.316 0.0000000000
49007  31.729  -29.188  19.687 0.0000000000
49008  31.470  -29.002  19.845 0.0000000000
49807  43.386  -27.423  39.788 0.0000000000
49808  43.109  -27.300  40.066 0.0000000000
49809  42.338  -27.311  40.244 0.0000000000
49810  41.387  -27.554  40.488 0.0000000000
49811  40.319  -27.792  40.555 0.0000000000
49812  39.088  -27.970  40.586 0.0000000000
49813  37.803  -28.018  40.497 0.0000000000
49819  43.482  -27.437  39.326 0.0000000000
49820  43.390  -27.181  39.650 0.0000000000
49821  42.286  -27.038  39.974 0.0000000000
49822  41.834  -27.090  39.984 0.0000000000
49823  40.880  -27.197  40.003 0.0000000000
49824  39.736  -27.396  39.967 0.0000000000
49825  38.496  -27.501  39.951 0.0000000000
49826  37.255  -27.495  39.930 0.0000000000
49832  43.420  -27.516  38.362 0.0000000000
49833  43.173  -27.889  38.232 0.0000000000
49841  43.441  -27.123  37.240 0.0000000000
49842  42.868  -27.697  37.528 0.0000000000
49843  42.318  -27.974  37.263 0.0000000000
49848  43.434  -26.785  36.308 0.0000000000
49849  43.020  -27.340  36.352 0.0000000000
49850  42.049  -27.866  36.566 0.0000000000
49851  41.327  -28.084  36.334 0.0000000000
49856  43.390  -26.558  35.887 0.0000000000
49857  43.172  -26.859  35.269 0.0000000000
49858  42.231  -27.605  35.394 0.0000000000
49859  41.104  -28.027  35.693 0.0000000000
49860  40.419  -28.176  35.504 0.0000000000
49866  42.784  -26.578  33.992 0.0000000000
49867  42.284  -27.378  34.198 0.0000000000
49868  41.151  -27.932  34.487 0.0000000000
49869  40.450  -28.114  35.079 0.0000000000
49881  42.590  -26.272  33.016 0.0000000000
49882  42.191  -26.959  33.097 0.0000000000
49883  41.156  -27.625  33.318 0.0000000000
49884  40.494  -27.758  33.071 0.0000000000
49901  42.565  -26.082  32.502 0.0000000000
49902  42.182  -26.369  32.089 0.0000000000
49903  41.345  -27.218  32.262 0.0000000000
49904  40.481  -27.679  32.562 0.0000000000
49924  41.926  -26.196  31.306 0.0000000000
49925  41.359  -26.705  31.232 0.0000000000
49926  40.324  -27.578  31.496 0.0000000000
49927  39.521  -27.844  31.299 0.0000000000
49946  41.234  -26.466  30.442 0.0000000000
49947  40.636  -27.011  30.506 0.0000000000
49948  39.631  -27.647  30.552 0.0000000000
49973  40.923  -26.443  29.924 0.0000000000
49974  40.162  -26.842  29.638 0.0000000000
49975  39.033  -27.667  29.579 0.0000000000
49976  38.009  -28.079  29.163 0.0000000000
49977  37.208  -28.255  28.921 0.0000000000
50002  39.628  -26.849  28.940 0.0000000000
50003  38.885  -27.333  28.477 0.0000000000
50004  37.830  -27.849  28.342 0.0000000000
50005  36.734  -28.098  28.335 0.0000000000
50006  35.717  -28.026  28.161 0.0000000000
50007  35.001  -28.065  27.966 0.0000000000
50025  38.403  -27.339  27.827 0.0000000000
50026  37.599  -27.601  27.531 0.0000000000
50027  36.535  -27.734  27.533 0.0000000000
50028  35.601  -27.750  27.446 0.0000000000
50029  34.593  -27.814  27.474 0.0000000000
50030  33.678  -27.785  27.243 0.0000000000
50031  33.010  -27.869  26.988 0.0000000000
50043  37.156  -27.478  26.971 0.0000000000
50044  36.391  -27.486  26.738 0.0000000000
50045  35.389  -27.490  26.756 0.0000000000
50046  34.467  -27.459  26.640 0.0000000000
50047  33.564  -27.474  26.473 0.0000000000
50048  32.601  -27.666  26.364 0.0000000000
50049  31.893  -27.795  25.981 0.0000000000
50060  36.007  -27.284  26.210 0.0000000000
50061  35.282  -27.181  26.012 0.0000000000
50062  34.316  -27.118  25.848 0.0000000000
50063  33.365  -27.118  25.692 0.0000000000
50064  32.477  -27.177  25.306 0.0000000000
50065  31.516  -27.743  25.268 0.0000000000
50066  30.986  -28.128  24.830 0.0000000000
50075  31.974  -27.163  24.680 0.0000000000
50076  31.409  -27.529  24.219 0.0000000000
50077  30.786  -28.115  24.261 0.0000000000
50089  32.024  -27.113  22.782 0.0000000000
50090  31.530  -27.322  23.281 0.0000000000
50091  30.831  -27.854  23.568 0.0000000000
50101  34.019  -27.339  21.819 0.0000000000
50102  33.308  -27.297  21.921 0.0000000000
50103  32.386  -27.270  22.159 0.0000000000
50104  31.578  -27.438  22.440 0.0000000000
50105  30.949  -27.667  22.838 0.0000000000
50113  36.152  -27.415  21.062 0.0000000000
50114  35.519  -27.565  21.324 0.0000000000
50115  34.615  -27.712  21.551 0.0000000000
50116  33.714  -27.931  21.505 0.0000000000
50117  32.704  -27.865  21.195 0.0000000000
50118  31.745  -27.702  21.588 0.0000000000
50119  30.926  -27.873  22.069 0.0000000000
50129  32.397  -28.295  20.708 0.0000000000
50130  31.899  -28.149  20.780 0.0000000000
51024  42.747  -27.016  39.955 0.0000000000
51025  42.495  -27.016  39.977 0.0000000000
51029  43.424  -27.042  39.281 0.0000000000
51030  43.135  -26.958  39.620 0.0000000000
51031  42.492  -26.854  39.617 0.0000000000
51032  41.578  -26.759  39.418 0.0000000000
51033  40.481  -26.847  39.334 0.0000000000
51034  39.290  -27.019  39.264 0.0000000000
51035  38.065  -27.109  39.225 0.0000000000
51036  36.860  -27.073  39.204 0.0000000000
51042  43.516  -27.085  38.789 0.0000000000
51043  43.183  -26.775  38.860 0.0000000000
51044  42.383  -26.589  38.663 0.0000000000
51045  41.355  -26.545  38.541 0.0000000000
51046  40.175  -26.611  38.489 0.0000000000
51047  38.960  -26.692  38.466 0.0000000000
51048  37.769  -26.696  38.458 0.0000000000
51049  36.627  -26.610  38.448 0.0000000000
51058  43.472  -26.891  38.011 0.0000000000
51059  43.063  -26.524  37.788 0.0000000000
51060  42.267  -26.384  37.596 0.0000000000
51061  41.150  -26.375  37.561 0.0000000000
51062  39.925  -26.459  37.586 0.0000000000
51063  38.734  -26.492  37.600 0.0000000000
51064  37.591  -26.448  37.592 0.0000000000
51065  36.472  -26.373  37.535 0.0000000000
51073  43.363  -26.641  37.001 0.0000000000
51074  43.109  -26.153  36.562 0.0000000000
51075  42.153  -26.019  36.468 0.0000000000
51076  40.892  -26.214  36.628 0.0000000000
51077  39.728  -26.315  36.691 0.0000000000
51078  38.604  -26.380  36.684 0.0000000000
51079  37.521  -26.373  36.636 0.0000000000
51080  36.498  -26.267  36.515 0.0000000000
51081  35.736  -26.056  36.252 0.0000000000
51086  43.375  -26.477  36.251 0.0000000000
51087  43.295  -26.250  35.692 0.0000000000
51088  41.633  -25.874  35.678 0.0000000000
51089  40.661  -26.078  35.807 0.0000000000
51090  39.631  -26.152  35.779 0.0000000000
51091  38.561  -26.257  35.734 0.0000000000
51092  37.547  -26.286  35.650 0.0000000000
51093  36.633  -26.226  35.522 0.0000000000
51094  35.851  -26.064  35.401 0.0000000000
51101  43.166  -26.163  34.734 0.0000000000
51102  41.280  -25.842  35.229 0.0000000000
51103  40.732  -25.868  34.879 0.0000000000
51104  39.593  -26.004  34.845 0.0000000000
51105  38.578  -26.113  34.767 0.0000000000
51106  37.610  -26.140  34.675 0.0000000000
51107  36.696  -26.085  34.600 0.0000000000
51108  35.819  -25.959  34.582 0.0000000000
51120  42.893  -25.979  33.751 0.0000000000
51121  40.520  -25.717  33.998 0.0000000000
51122  39.598  -25.865  33.902 0.0000000000
51123  38.649  -25.984  33.771 0.0000000000
51124  37.657  -26.043  33.700 0.0000000000
51125  36.681  -26.010  33.673 0.0000000000
51126  35.672  -25.898  33.688 0.0000000000
51127  35.080  -25.839  33.379 0.0000000000
51144  42.587  -25.817  32.829 0.0000000000
51145  42.473  -25.865  32.195 0.0000000000
51146  40.468  -25.541  33.244 0.0000000000
51147  39.804  -25.674  32.831 0.0000000000
51148  38.713  -25.931  32.756 0.0000000000
51149  37.677  -26.047  32.698 0.0000000000
51150  36.626  -26.064  32.729 0.0000000000
51151  35.715  -26.000  32.696 0.0000000000
51152  34.923  -25.855  32.735 0.0000000000
51173  42.370  -25.590  32.243 0.0000000000
51174  42.106  -25.604  31.415 0.0000000000
51175  41.721  -26.083  30.691 0.0000000000
51176  39.628  -25.663  32.005 0.0000000000
51177  38.874  -25.823  31.564 0.0000000000
51178  37.569  -26.103  31.755 0.0000000000
51179  36.507  -26.098  31.820 0.0000000000
51180  35.528  -25.987  31.787 0.0000000000
51181  34.785  -25.847  32.084 0.0000000000
51201  41.613  -25.441  30.180 0.0000000000
51202  41.392  -26.036  30.021 0.0000000000
51203  39.077  -25.673  30.780 0.0000000000
51204  38.414  -25.864  30.831 0.0000000000
51205  37.332  -26.030  30.913 0.0000000000
51206  36.347  -26.000  31.048 0.0000000000
51223  41.350  -25.196  29.721 0.0000000000
51224  40.793  -25.720  29.356 0.0000000000
51225  40.132  -26.320  28.992 0.0000000000
51246  40.303  -25.460  28.742 0.0000000000
51247  39.757  -26.058  28.104 0.0000000000
51248  38.913  -26.861  27.872 0.0000000000
51268  39.120  -25.596  26.866 0.0000000000
51269  38.498  -26.754  27.133 0.0000000000
51270  37.725  -27.301  26.923 0.0000000000
51286  38.942  -25.403  26.300 0.0000000000
51287  38.476  -25.950  26.008 0.0000000000
51288  37.439  -27.081  26.223 0.0000000000
51289  36.572  -27.264  26.127 0.0000000000
51302  38.205  -25.745  25.370 0.0000000000
51303  37.637  -26.233  25.136 0.0000000000
51304  36.380  -26.972  25.417 0.0000000000
51305  35.126  -26.839  25.173 0.0000000000
51306  34.087  -26.708  25.077 0.0000000000
51307  33.173  -26.749  24.974 0.0000000000
51308  32.763  -26.841  24.904 0.0000000000
51318  37.391  -26.033  24.449 0.0000000000
51319  36.873  -26.443  24.436 0.0000000000
51320  35.866  -26.551  24.409 0.0000000000
51321  34.799  -26.484  24.307 0.0000000000
51322  33.752  -26.529  24.252 0.0000000000
51323  32.698  -26.763  24.378 0.0000000000
51324  31.992  -27.002  24.089 0.0000000000
51334  37.182  -25.938  23.830 0.0000000000
51335  36.443  -26.305  23.611 0.0000000000
51336  35.498  -26.428  23.474 0.0000000000
51337  34.443  -26.481  23.365 0.0000000000
51338  33.358  -26.602  23.370 0.0000000000
51339  32.319  -26.879  23.364 0.0000000000
51340  31.791  -27.144  23.741 0.0000000000
51349  36.887  -25.881  22.920 0.0000000000
51350  36.187  -26.399  22.679 0.0000000000
51351  35.209  -26.639  22.538 0.0000000000
51352  34.073  -26.824  22.366 0.0000000000
51353  32.962  -26.872  22.614 0.0000000000
51354  32.413  -26.974  22.718 0.0000000000
51363  36.861  -26.129  21.950 0.0000000000
51364  36.073  -26.855  21.655 0.0000000000
51365  34.969  -27.032  21.814 0.0000000000
51366  34.408  -27.157  21.840 0.0000000000
51376  37.119  -26.633  20.974 0.0000000000
51377  36.514  -27.118  21.054 0.0000000000
52430  35.009  -25.879  36.580 0.0000000000
52442  43.178  -25.993  35.843 0.0000000000
52443  42.943  -25.879  35.903 0.0000000000
52444  35.276  -25.824  35.986 0.0000000000
52445  34.625  -25.639  36.174 0.0000000000
52457  43.128  -25.885  35.345 0.0000000000
52458  42.552  -25.762  35.407 0.0000000000
52459  35.127  -25.797  35.404 0.0000000000
52460  34.315  -25.497  35.506 0.0000000000
52472  42.871  -25.716  34.541 0.0000000000
52473  41.951  -25.624  34.581 0.0000000000
52474  41.337  -25.562  33.998 0.0000000000
52475  34.972  -25.748  34.666 0.0000000000
52476  34.178  -25.448  34.691 0.0000000000
52477  33.387  -25.185  34.575 0.0000000000
52487  42.541  -25.593  33.614 0.0000000000
52488  41.979  -25.312  33.426 0.0000000000
52489  41.260  -25.385  33.222 0.0000000000
52490  34.831  -25.713  34.034 0.0000000000
52491  34.300  -25.544  33.690 0.0000000000
52492  33.474  -25.258  33.603 0.0000000000
52504  42.308  -25.446  32.747 0.0000000000
52505  41.861  -25.132  32.551 0.0000000000
52506  41.024  -25.166  32.362 0.0000000000
52507  40.415  -25.349  31.885 0.0000000000
52508  34.196  -25.599  32.738 0.0000000000
52509  33.404  -25.292  32.636 0.0000000000
52519  42.173  -25.293  32.100 0.0000000000
52520  41.788  -25.018  31.693 0.0000000000
52521  41.114  -24.963  31.310 0.0000000000
52522  40.224  -25.305  31.090 0.0000000000
52523  39.607  -25.458  30.699 0.0000000000
52524  35.012  -25.892  31.525 0.0000000000
52525  34.311  -25.670  31.651 0.0000000000
52526  33.254  -25.205  31.544 0.0000000000
52543  41.628  -25.038  30.748 0.0000000000
52544  41.074  -24.834  30.401 0.0000000000
52545  40.333  -25.087  30.127 0.0000000000
52546  39.361  -25.432  30.081 0.0000000000
52547  38.228  -25.665  30.009 0.0000000000
52548  36.960  -25.803  30.147 0.0000000000
52549  35.486  -25.764  30.653 0.0000000000
52550  34.245  -25.435  30.517 0.0000000000
52551  33.377  -24.969  30.486 0.0000000000
52565  41.487  -24.959  30.010 0.0000000000
52566  40.966  -24.981  29.616 0.0000000000
52567  40.158  -24.992  29.350 0.0000000000
52568  39.200  -25.236  29.171 0.0000000000
52569  37.951  -25.367  29.085 0.0000000000
52570  36.474  -25.441  29.390 0.0000000000
52571  35.194  -25.169  29.475 0.0000000000
52572  34.142  -24.921  29.717 0.0000000000
52573  33.440  -24.525  29.866 0.0000000000
52588  40.408  -25.241  29.130 0.0000000000
52589  39.813  -24.974  28.397 0.0000000000
52590  39.004  -24.849  28.458 0.0000000000
52591  38.243  -24.866  28.365 0.0000000000
52592  37.226  -25.023  28.547 0.0000000000
52593  36.163  -24.968  28.754 0.0000000000
52611  39.584  -24.914  27.305 0.0000000000
52625  39.159  -24.786  26.287 0.0000000000
52626  38.819  -25.300  25.989 0.0000000000
52640  39.018  -24.408  25.700 0.0000000000
52641  38.505  -25.034  25.325 0.0000000000
52642  38.039  -25.610  25.072 0.0000000000
52653  38.141  -24.852  24.634 0.0000000000
52654  37.780  -25.360  24.425 0.0000000000
52664  37.370  -25.215  23.299 0.0000000000
52673  37.322  -25.334  22.272 0.0000000000
52685  38.146  -25.257  21.006 0.0000000000
52686  37.517  -25.675  21.416 0.0000000000
52697  37.831  -25.975  20.838 0.0000000000
53902  32.723  -24.762  31.143 0.0000000000
53916  32.681  -24.422  30.456 0.0000000000
53933  34.721  -24.653  29.267 0.0000000000
53934  34.128  -24.217  29.257 0.0000000000
53935  32.942  -23.869  29.672 0.0000000000
53936  32.257  -23.386  29.843 0.0000000000
53951  39.355  -24.589  28.087 0.0000000000
53952  38.836  -24.511  27.976 0.0000000000
53953  37.865  -24.549  27.935 0.0000000000
53954  36.717  -24.510  28.121 0.0000000000
53955  35.404  -24.277  28.644 0.0000000000
53956  34.616  -23.689  28.911 0.0000000000
53973  39.264  -24.429  27.562 0.0000000000
53974  38.521  -24.128  27.476 0.0000000000
53975  37.459  -23.996  27.529 0.0000000000
53976  36.402  -23.857  27.830 0.0000000000
53977  35.798  -23.607  28.233 0.0000000000
53993  39.354  -24.091  26.757 0.0000000000
54006  39.273  -23.812  25.877 0.0000000000
54007  38.845  -24.027  25.215 0.0000000000
54020  38.292  -24.254  24.426 0.0000000000
54021  37.990  -24.736  24.309 0.0000000000
54031  38.067  -24.042  23.833 0.0000000000
54032  37.812  -24.486  23.698 0.0000000000
54041  38.057  -24.012  21.941 0.0000000000
54042  37.675  -24.452  22.645 0.0000000000
54055  38.644  -24.352  21.289 0.0000000000
54056  37.788  -24.774  21.656 0.0000000000
55310  33.822  -23.267  29.257 0.0000000000
55311  32.767  -23.018  29.500 0.0000000000
55331  35.225  -23.374  28.651 0.0000000000
55332  34.614  -23.143  29.042 0.0000000000
55349  39.002  -23.796  27.057 0.0000000000
55350  38.188  -23.558  27.009 0.0000000000
55351  37.130  -23.200  27.262 0.0000000000
55352  36.239  -23.235  27.865 0.0000000000
55353  35.768  -23.189  28.315 0.0000000000
55372  38.871  -23.213  26.360 0.0000000000
55373  37.911  -22.926  26.675 0.0000000000
55374  37.452  -22.768  26.912 0.0000000000
55388  39.165  -22.972  25.556 0.0000000000
55389  39.062  -23.397  25.240 0.0000000000
55401  39.112  -22.838  24.900 0.0000000000
55402  38.723  -23.332  24.538 0.0000000000
55415  38.257  -23.534  23.765 0.0000000000
55416  37.975  -23.919  23.437 0.0000000000
55427  38.133  -23.576  22.781 0.0000000000
55428  37.820  -24.070  23.128 0.0000000000
55441  39.452  -23.552  21.364 0.0000000000
55442  38.640  -23.320  21.821 0.0000000000
56575  35.963  -22.250  30.089 0.0000000000
56576  35.654  -22.182  30.078 0.0000000000
56577  35.077  -22.089  29.964 0.0000000000
56596  36.034  -22.392  29.516 0.0000000000
56597  35.293  -22.495  29.519 0.0000000000
56598  34.469  -22.410  29.407 0.0000000000
56599  33.395  -22.359  29.394 0.0000000000
56600  32.434  -22.252  29.469 0.0000000000
56619  36.245  -22.549  28.526 0.0000000000
56620  35.621  -22.799  28.797 0.0000000000
56621  35.040  -22.888  29.120 0.0000000000
56637  37.191  -22.465  27.153 0.0000000000
56638  36.580  -22.621  27.787 0.0000000000
56639  36.054  -22.874  28.213 0.0000000000
56659  38.836  -22.543  25.757 0.0000000000
56660  38.257  -22.265  26.187 0.0000000000
56661  37.658  -22.461  26.717 0.0000000000
56680  38.976  -22.116  25.143 0.0000000000
56681  38.706  -22.118  25.689 0.0000000000
56696  38.907  -22.377  24.080 0.0000000000
56697  38.569  -23.001  23.928 0.0000000000
56712  38.936  -22.182  22.972 0.0000000000
56713  38.514  -22.867  23.316 0.0000000000
56726  39.172  -22.352  22.210 0.0000000000
56727  38.658  -22.793  22.465 0.0000000000
56742  39.308  -22.763  21.712 0.0000000000
56743  38.869  -22.734  21.967 0.0000000000
57971  35.993  -21.425  31.183 0.0000000000
57985  36.289  -21.981  30.481 0.0000000000
57986  35.455  -21.607  30.496 0.0000000000
57987  34.724  -21.608  29.926 0.0000000000
58002  37.279  -21.657  29.864 0.0000000000
58003  36.685  -22.046  29.513 0.0000000000
58004  33.956  -21.668  29.442 0.0000000000
58005  33.032  -21.625  29.227 0.0000000000
58006  32.113  -21.667  29.208 0.0000000000
58025  37.204  -21.650  28.812 0.0000000000
58026  36.633  -22.166  28.721 0.0000000000
58027  32.618  -21.348  28.879 0.0000000000
58028  31.935  -21.420  28.401 0.0000000000
58046  37.065  -21.884  27.793 0.0000000000
58047  36.609  -22.305  28.181 0.0000000000
58048  32.014  -21.395  27.414 0.0000000000
58049  31.219  -21.598  27.548 0.0000000000
58065  38.153  -21.383  26.390 0.0000000000
58066  37.567  -21.896  26.807 0.0000000000
58067  33.044  -21.194  26.091 0.0000000000
58068  32.329  -21.332  26.463 0.0000000000
58069  31.389  -21.567  26.576 0.0000000000
58070  30.613  -21.835  26.750 0.0000000000
58088  39.002  -21.112  25.192 0.0000000000
58089  38.615  -21.615  25.731 0.0000000000
58090  33.037  -21.179  25.574 0.0000000000
58091  32.470  -21.261  25.296 0.0000000000
58092  31.498  -21.452  25.515 0.0000000000
58093  30.584  -21.711  25.715 0.0000000000
58110  39.296  -21.401  24.388 0.0000000000
58111  32.247  -21.148  24.231 0.0000000000
58112  31.551  -21.341  24.445 0.0000000000
58113  30.603  -21.562  24.580 0.0000000000
58130  39.419  -21.534  23.440 0.0000000000
58131  32.105  -21.049  23.665 0.0000000000
58132  31.642  -21.180  23.675 0.0000000000
58133  30.752  -21.274  23.392 0.0000000000
58155  39.628  -21.742  22.568 0.0000000000
58156  30.372  -21.076  22.606 0.0000000000
58157  29.737  -21.198  22.680 0.0000000000
59453  35.595  -21.068  31.066 0.0000000000
59473  35.825  -20.526  30.855 0.0000000000
59474  35.045  -20.913  30.371 0.0000000000
59475  34.404  -21.111  29.702 0.0000000000
59488  38.132  -21.016  29.494 0.0000000000
59489  37.646  -21.308  29.084 0.0000000000
59490  35.590  -20.369  30.070 0.0000000000
59491  34.786  -20.485  29.304 0.0000000000
59492  33.680  -21.037  29.151 0.0000000000
59493  33.072  -21.259  28.934 0.0000000000
59509  38.719  -20.509  28.539 0.0000000000
59510  37.974  -20.916  28.603 0.0000000000
59511  37.616  -21.260  28.641 0.0000000000
59512  34.735  -20.305  28.229 0.0000000000
59513  33.952  -20.698  28.380 0.0000000000
59514  32.975  -21.109  28.365 0.0000000000
59515  32.410  -21.239  27.934 0.0000000000
59532  38.787  -20.371  27.952 0.0000000000
59533  38.337  -20.629  27.744 0.0000000000
59534  37.622  -21.213  28.109 0.0000000000
59535  34.932  -20.240  27.342 0.0000000000
59536  34.160  -20.553  27.472 0.0000000000
59537  33.399  -20.862  27.556 0.0000000000
59538  32.706  -21.159  27.446 0.0000000000
59555  39.067  -20.272  26.409 0.0000000000
59556  38.407  -20.699  26.776 0.0000000000
59557  37.794  -21.230  27.225 0.0000000000
59558  35.270  -20.116  26.349 0.0000000000
59559  34.360  -20.515  26.485 0.0000000000
59560  33.584  -20.821  26.693 0.0000000000
59561  33.032  -21.083  26.864 0.0000000000
59578  39.337  -20.401  25.577 0.0000000000
59579  38.650  -20.835  25.938 0.0000000000
59580  35.240  -20.069  25.646 0.0000000000
59581  34.638  -20.366  25.329 0.0000000000
59582  33.538  -20.879  25.594 0.0000000000
59583  33.018  -21.153  25.300 0.0000000000
59601  39.599  -20.567  24.722 0.0000000000
59602  34.463  -20.276  24.099 0.0000000000
59603  33.683  -20.670  24.442 0.0000000000
59604  32.957  -21.049  24.737 0.0000000000
59622  39.877  -20.773  23.846 0.0000000000
59623  34.326  -20.075  23.518 0.0000000000
59624  33.756  -20.312  23.321 0.0000000000
59625  32.702  -20.791  23.582 0.0000000000
59626  31.821  -20.984  23.162 0.0000000000
59627  31.318  -21.101  23.162 0.0000000000
59646  33.557  -20.135  22.700 0.0000000000
59647  33.030  -20.340  22.556 0.0000000000
59648  32.091  -20.645  22.496 0.0000000000
59649  31.032  -20.890  22.408 0.0000000000
59650  29.949  -20.837  21.968 0.0000000000
59671  32.423  -20.241  21.860 0.0000000000
59672  31.507  -20.302  21.449 0.0000000000
59673  30.337  -20.267  21.243 0.0000000000
59674  29.290  -20.188  21.324 0.0000000000
59692  30.800  -19.915  20.833 0.0000000000
59693  30.385  -19.851  20.816 0.0000000000
60933  35.933  -19.863  29.320 0.0000000000
60934  35.332  -20.055  28.660 0.0000000000
60953  35.328  -20.031  27.998 0.0000000000
60973  38.817  -20.322  27.686 0.0000000000
60976  35.671  -19.817  27.343 0.0000000000
60996  38.865  -20.246  27.224 0.0000000000
61019  35.205  -20.000  25.306 0.0000000000
61040  35.159  -19.833  24.676 0.0000000000
61060  34.826  -19.577  23.490 0.0000000000
61061  34.230  -19.963  23.211 0.0000000000
61081  34.800  -18.779  22.456 0.0000000000
61082  33.998  -19.729  22.589 0.0000000000
61083  33.432  -20.007  22.381 0.0000000000
61098  34.503  -18.499  21.866 0.0000000000
61099  34.028  -18.903  21.698 0.0000000000
61100  33.159  -19.700  21.722 0.0000000000
61101  32.246  -19.839  21.220 0.0000000000
61102  30.140  -19.802  20.802 0.0000000000
61103  29.656  -19.657  20.807 0.0000000000
61111  33.350  -18.882  21.042 0.0000000000
61112  32.566  -19.165  20.741 0.0000000000
61113  31.481  -19.438  20.571 0.0000000000
61114  30.308  -19.314  20.475 0.0000000000
61115  29.379  -18.875  20.522 0.0000000000
62455  34.371  -18.162  21.468 0.0000000000
62464  33.849  -18.233  21.005 0.0000000000
62465  32.983  -18.106  20.339 0.0000000000
62466  31.939  -18.523  20.141 0.0000000000
62467  30.930  -18.375  19.953 0.0000000000
62468  29.869  -18.230  20.232 0.0000000000
62474  32.618  -17.387  19.912 0.0000000000
62475  32.086  -17.753  19.848 0.0000000000
62476  31.548  -18.012  19.861 0.0000000000
63892  34.237  -17.781  21.107 0.0000000000
63902  33.959  -17.331  20.670 0.0000000000
63903  33.187  -17.130  20.105 0.0000000000
63904  30.297  -17.327  20.005 0.0000000000
63915  32.708  -16.869  19.791 0.0000000000
63916  32.123  -16.985  19.663 0.0000000000
63917  31.290  -17.310  19.728 0.0000000000
65259  33.685  -16.442  20.242 0.0000000000
65260  33.085  -16.548  19.876 0.0000000000
65274  33.226  -16.032  19.857 0.0000000000
65275  32.508  -16.212  19.681 0.0000000000
65276  31.583  -16.274  19.633 0.0000000000
65277  30.662  -16.351  19.816 0.0000000000
66605  32.928  -15.391  19.579 0.0000000000
66606  31.985  -15.368  19.523 0.0000000000
