#!ascii label  , from subject colin27_FS vox2ras=TkReg
264
108893  26.269  15.900  -49.421 0.0000000000
108901  34.601  16.253  -50.882 0.0000000000
108902  33.640  16.295  -50.944 0.0000000000
108903  32.722  15.655  -50.879 0.0000000000
108904  31.574  15.561  -50.363 0.0000000000
108905  30.360  15.399  -49.937 0.0000000000
108906  29.244  15.452  -49.891 0.0000000000
108907  28.233  15.450  -49.737 0.0000000000
108908  27.285  15.470  -49.638 0.0000000000
108909  26.416  15.539  -49.493 0.0000000000
108918  33.403  15.634  -51.039 0.0000000000
110026  35.623  17.540  -46.133 0.0000000000
110039  36.240  17.515  -46.901 0.0000000000
110040  35.651  17.736  -46.753 0.0000000000
110046  36.973  16.911  -47.844 0.0000000000
110047  36.172  17.587  -48.021 0.0000000000
110053  36.583  16.903  -48.979 0.0000000000
110054  35.679  17.494  -49.070 0.0000000000
110055  34.887  17.635  -49.495 0.0000000000
110056  30.052  16.974  -49.183 0.0000000000
110057  29.642  16.886  -49.049 0.0000000000
110058  28.710  16.790  -48.922 0.0000000000
110059  27.671  16.771  -49.099 0.0000000000
110060  26.474  16.498  -49.306 0.0000000000
110061  25.195  16.575  -49.091 0.0000000000
110067  36.045  16.663  -49.828 0.0000000000
110068  35.222  16.919  -50.119 0.0000000000
110069  34.192  17.317  -50.311 0.0000000000
110070  33.075  16.988  -50.507 0.0000000000
110071  32.092  16.658  -50.266 0.0000000000
110072  31.125  16.451  -49.833 0.0000000000
110073  30.092  16.626  -49.566 0.0000000000
110074  28.977  16.275  -49.535 0.0000000000
110075  27.995  16.163  -49.476 0.0000000000
110076  27.070  16.098  -49.524 0.0000000000
110077  26.559  16.001  -49.471 0.0000000000
111201  35.096  17.417  -44.516 0.0000000000
111202  34.530  17.799  -45.385 0.0000000000
111217  35.019  17.597  -45.650 0.0000000000
111218  34.463  17.863  -46.094 0.0000000000
111227  35.697  17.760  -47.267 0.0000000000
111228  35.029  17.810  -46.798 0.0000000000
111229  33.995  17.890  -46.884 0.0000000000
111230  33.282  18.024  -47.244 0.0000000000
111232  35.355  17.816  -47.938 0.0000000000
111233  34.517  17.893  -47.848 0.0000000000
111234  33.672  17.997  -47.957 0.0000000000
111235  32.971  18.293  -47.990 0.0000000000
111237  34.938  17.815  -48.672 0.0000000000
111238  34.145  17.916  -49.016 0.0000000000
111239  33.194  18.010  -48.903 0.0000000000
111240  32.284  18.086  -48.885 0.0000000000
111241  31.327  17.938  -49.169 0.0000000000
111242  30.324  17.513  -49.205 0.0000000000
111243  29.412  17.638  -48.939 0.0000000000
111244  28.422  17.627  -48.766 0.0000000000
111245  27.264  17.642  -49.069 0.0000000000
111246  26.015  17.394  -49.238 0.0000000000
111247  24.789  17.440  -49.088 0.0000000000
111248  23.677  17.563  -48.552 0.0000000000
111249  22.924  17.662  -48.106 0.0000000000
111250  22.649  17.561  -48.543 0.0000000000
111253  33.449  17.750  -49.810 0.0000000000
111254  32.596  17.627  -49.793 0.0000000000
111255  31.665  17.407  -49.687 0.0000000000
111256  30.839  17.164  -49.452 0.0000000000
111257  30.446  17.072  -49.331 0.0000000000
111258  26.543  18.110  -49.229 0.0000000000
111259  25.633  18.146  -49.213 0.0000000000
111260  24.488  18.237  -48.938 0.0000000000
111261  23.502  18.220  -48.377 0.0000000000
111262  22.869  18.193  -48.392 0.0000000000
111263  22.675  18.018  -49.163 0.0000000000
111271  23.113  18.214  -50.069 0.0000000000
112470  34.437  18.059  -44.885 0.0000000000
112485  33.856  18.157  -45.874 0.0000000000
112486  33.216  18.512  -46.309 0.0000000000
112491  33.361  18.127  -46.619 0.0000000000
112492  32.703  18.480  -47.010 0.0000000000
112493  32.207  19.039  -47.411 0.0000000000
112495  32.355  18.655  -48.018 0.0000000000
112496  31.773  19.167  -48.101 0.0000000000
112497  23.784  19.645  -47.735 0.0000000000
112498  23.533  19.656  -47.768 0.0000000000
112500  31.792  18.546  -48.635 0.0000000000
112501  31.016  18.686  -48.793 0.0000000000
112502  30.101  18.544  -49.019 0.0000000000
112503  29.152  18.603  -48.899 0.0000000000
112504  28.224  18.543  -48.749 0.0000000000
112505  27.254  18.648  -49.063 0.0000000000
112506  25.439  19.160  -48.527 0.0000000000
112507  24.973  19.210  -48.351 0.0000000000
112508  23.992  19.408  -47.934 0.0000000000
112509  23.289  19.401  -48.053 0.0000000000
112511  28.759  18.955  -48.844 0.0000000000
112512  28.518  19.035  -48.787 0.0000000000
112513  26.355  18.710  -49.071 0.0000000000
112514  25.510  18.852  -48.739 0.0000000000
112515  24.242  18.798  -48.425 0.0000000000
112516  23.282  18.773  -47.994 0.0000000000
112517  22.819  18.904  -48.639 0.0000000000
112518  22.891  18.706  -49.521 0.0000000000
112525  23.131  18.793  -50.093 0.0000000000
113813  34.038  19.002  -45.356 0.0000000000
113814  33.102  20.214  -45.617 0.0000000000
113815  32.237  20.654  -45.694 0.0000000000
113824  33.467  18.708  -45.932 0.0000000000
113825  32.796  19.200  -46.239 0.0000000000
113826  32.028  20.148  -46.015 0.0000000000
113830  32.333  19.079  -46.905 0.0000000000
113831  31.689  19.667  -47.082 0.0000000000
113834  30.956  19.666  -48.212 0.0000000000
113835  30.412  19.859  -48.230 0.0000000000
113836  25.516  20.229  -48.014 0.0000000000
113837  24.718  20.177  -47.813 0.0000000000
113838  23.972  19.991  -47.709 0.0000000000
113839  23.437  20.056  -47.957 0.0000000000
113841  30.562  19.134  -48.719 0.0000000000
113842  30.019  19.447  -48.609 0.0000000000
113843  28.996  19.372  -48.680 0.0000000000
113844  28.107  19.338  -48.698 0.0000000000
113845  26.758  19.427  -48.813 0.0000000000
113846  25.718  19.513  -48.489 0.0000000000
113847  24.865  19.713  -48.075 0.0000000000
113848  24.362  19.787  -47.823 0.0000000000
113849  23.180  19.765  -48.575 0.0000000000
113851  28.774  19.151  -48.786 0.0000000000
113852  28.641  19.203  -48.737 0.0000000000
113853  26.228  19.030  -48.896 0.0000000000
113854  26.094  19.193  -48.765 0.0000000000
113855  23.508  19.937  -50.032 0.0000000000
113856  23.047  19.354  -49.480 0.0000000000
113857  22.982  18.984  -49.769 0.0000000000
113861  23.303  19.191  -50.258 0.0000000000
113862  23.092  19.096  -49.948 0.0000000000
115190  32.475  21.126  -45.462 0.0000000000
115191  31.394  20.978  -45.470 0.0000000000
115192  30.332  21.414  -45.239 0.0000000000
115193  29.844  21.509  -44.974 0.0000000000
115202  31.101  20.392  -46.338 0.0000000000
115203  30.307  20.731  -45.742 0.0000000000
115204  29.689  21.160  -45.285 0.0000000000
115211  30.918  20.199  -47.089 0.0000000000
115212  30.216  20.358  -46.665 0.0000000000
115213  29.243  20.887  -46.110 0.0000000000
115214  28.508  21.083  -46.202 0.0000000000
115215  25.753  21.340  -47.405 0.0000000000
115216  24.976  21.230  -47.534 0.0000000000
115217  24.310  21.152  -47.541 0.0000000000
115218  23.984  21.194  -47.588 0.0000000000
115223  31.054  20.053  -47.587 0.0000000000
115224  30.369  20.118  -47.708 0.0000000000
115225  29.404  20.302  -47.260 0.0000000000
115226  28.272  20.802  -47.008 0.0000000000
115227  27.077  20.824  -47.384 0.0000000000
115228  26.113  20.811  -47.580 0.0000000000
115229  25.247  20.742  -47.656 0.0000000000
115230  24.476  20.668  -47.633 0.0000000000
115231  23.789  20.798  -47.714 0.0000000000
115235  30.134  19.907  -48.217 0.0000000000
115236  29.624  19.930  -48.140 0.0000000000
115237  28.689  20.039  -48.046 0.0000000000
115238  27.598  20.207  -48.131 0.0000000000
115239  26.481  20.229  -48.151 0.0000000000
115240  23.524  21.503  -48.781 0.0000000000
115241  23.354  20.830  -48.433 0.0000000000
115244  24.233  21.644  -50.071 0.0000000000
115245  23.764  21.127  -49.615 0.0000000000
115246  23.293  20.206  -49.201 0.0000000000
115249  24.465  21.285  -50.527 0.0000000000
115250  24.132  20.352  -50.652 0.0000000000
116619  31.928  21.967  -45.218 0.0000000000
116620  30.926  22.036  -45.065 0.0000000000
116621  29.986  22.041  -44.757 0.0000000000
116622  29.281  22.144  -44.435 0.0000000000
116627  29.410  21.581  -44.801 0.0000000000
116628  28.648  21.748  -44.646 0.0000000000
116629  28.026  21.867  -45.015 0.0000000000
116636  29.065  21.290  -45.234 0.0000000000
116637  28.434  21.350  -45.533 0.0000000000
116638  27.772  21.805  -45.695 0.0000000000
116639  26.079  21.800  -47.199 0.0000000000
116640  25.512  21.876  -47.428 0.0000000000
116641  24.676  21.632  -47.563 0.0000000000
116642  24.173  21.471  -47.568 0.0000000000
116648  28.068  21.289  -46.181 0.0000000000
116649  27.380  21.485  -46.540 0.0000000000
116650  26.574  21.589  -47.075 0.0000000000
116651  24.975  22.150  -47.606 0.0000000000
116652  24.271  21.965  -47.688 0.0000000000
116653  23.847  21.414  -47.723 0.0000000000
116659  23.700  21.779  -48.184 0.0000000000
116660  23.589  21.208  -47.951 0.0000000000
116665  24.360  22.238  -49.998 0.0000000000
116666  24.233  22.098  -49.819 0.0000000000
116667  23.848  22.108  -48.990 0.0000000000
116671  24.469  22.205  -50.177 0.0000000000
116672  24.587  22.036  -50.295 0.0000000000
116678  25.122  21.956  -50.991 0.0000000000
117949  31.510  22.801  -44.796 0.0000000000
117950  30.555  22.860  -44.699 0.0000000000
117951  29.663  22.842  -44.412 0.0000000000
117952  28.725  22.707  -44.239 0.0000000000
117953  28.027  22.881  -44.495 0.0000000000
117957  28.101  22.292  -44.539 0.0000000000
117958  27.765  22.551  -45.129 0.0000000000
117963  27.223  22.441  -46.060 0.0000000000
117964  26.455  22.371  -46.942 0.0000000000
117965  25.636  22.599  -47.501 0.0000000000
117970  26.925  22.025  -46.757 0.0000000000
117971  26.699  22.029  -46.964 0.0000000000
117972  24.895  22.686  -47.844 0.0000000000
117973  24.181  22.409  -48.035 0.0000000000
117979  24.555  22.893  -48.452 0.0000000000
117980  24.022  22.393  -48.442 0.0000000000
117987  24.509  22.437  -49.971 0.0000000000
117988  24.532  22.802  -49.354 0.0000000000
117989  24.213  22.557  -48.770 0.0000000000
117995  24.641  22.378  -50.183 0.0000000000
117996  24.894  22.747  -50.287 0.0000000000
117999  25.800  22.603  -51.528 0.0000000000
118000  25.450  22.841  -50.900 0.0000000000
119172  31.179  23.568  -44.609 0.0000000000
119173  30.230  23.699  -44.602 0.0000000000
119174  29.237  23.546  -44.493 0.0000000000
119175  28.406  23.473  -44.550 0.0000000000
119176  27.876  23.248  -44.874 0.0000000000
119184  29.663  24.097  -44.871 0.0000000000
119185  28.890  24.077  -45.052 0.0000000000
119186  28.083  23.841  -45.085 0.0000000000
119187  27.636  23.299  -45.511 0.0000000000
119191  28.463  24.113  -45.467 0.0000000000
119192  27.961  24.039  -45.787 0.0000000000
119193  27.152  23.521  -46.463 0.0000000000
119194  26.281  23.273  -47.241 0.0000000000
119195  25.622  23.209  -47.702 0.0000000000
119201  26.747  23.860  -47.215 0.0000000000
119202  26.052  23.873  -47.734 0.0000000000
119203  25.258  23.479  -48.100 0.0000000000
119210  25.678  24.040  -48.370 0.0000000000
119211  25.105  23.756  -48.919 0.0000000000
119218  25.029  23.674  -49.853 0.0000000000
119227  25.685  24.050  -51.005 0.0000000000
119228  25.484  23.732  -50.691 0.0000000000
119230  25.904  23.732  -51.496 0.0000000000
119231  25.658  23.232  -51.163 0.0000000000
120351  30.997  24.165  -44.787 0.0000000000
120369  30.453  24.405  -45.240 0.0000000000
120370  29.637  24.318  -45.451 0.0000000000
120384  29.038  24.253  -46.134 0.0000000000
120385  28.075  24.234  -46.674 0.0000000000
120386  27.379  24.127  -47.097 0.0000000000
120393  28.070  24.384  -47.605 0.0000000000
120394  27.019  24.265  -47.869 0.0000000000
120395  26.272  24.300  -48.328 0.0000000000
120403  26.852  24.688  -48.794 0.0000000000
120404  25.916  24.483  -49.045 0.0000000000
120405  25.418  24.245  -49.576 0.0000000000
120414  26.575  25.062  -49.659 0.0000000000
120415  25.811  24.746  -49.907 0.0000000000
120416  25.457  24.263  -50.231 0.0000000000
120431  26.194  25.121  -50.257 0.0000000000
120432  25.845  24.567  -50.785 0.0000000000
120433  25.563  24.229  -50.565 0.0000000000
