#!ascii label  , from subject colin27_FS vox2ras=TkReg
593
106000  40.339  14.080  -16.564 0.0000000000
106001  40.132  13.574  -16.806 0.0000000000
106010  39.815  13.422  -17.668 0.0000000000
106017  39.586  13.362  -18.675 0.0000000000
106024  39.774  13.520  -20.724 0.0000000000
106025  39.567  13.501  -20.099 0.0000000000
106034  42.089  13.179  -22.750 0.0000000000
106035  41.433  13.404  -22.167 0.0000000000
106036  40.191  13.487  -21.288 0.0000000000
106037  40.192  12.643  -20.623 0.0000000000
106070  40.460  13.515  -24.852 0.0000000000
106071  40.220  13.687  -25.006 0.0000000000
107308  40.673  14.465  -16.997 0.0000000000
107309  40.244  14.102  -17.450 0.0000000000
107317  40.463  14.739  -17.639 0.0000000000
107318  39.887  14.331  -18.246 0.0000000000
107323  39.510  14.052  -19.060 0.0000000000
107330  39.673  13.744  -20.778 0.0000000000
107363  40.626  13.089  -24.434 0.0000000000
107364  41.947  13.693  -23.573 0.0000000000
107365  41.635  14.962  -23.529 0.0000000000
107374  40.969  14.000  -25.086 0.0000000000
107375  40.241  14.138  -25.275 0.0000000000
107388  41.405  14.517  -25.225 0.0000000000
107389  40.983  14.662  -25.377 0.0000000000
107390  40.152  14.862  -25.616 0.0000000000
108542  41.146  15.886  -17.312 0.0000000000
108552  41.187  15.970  -17.788 0.0000000000
108553  40.904  15.281  -17.447 0.0000000000
108563  41.057  16.137  -18.124 0.0000000000
108564  40.485  15.513  -18.199 0.0000000000
108565  39.485  14.937  -19.314 0.0000000000
108598  40.908  16.101  -23.663 0.0000000000
108607  42.006  14.171  -24.429 0.0000000000
108608  42.258  15.065  -24.166 0.0000000000
108609  41.469  15.761  -23.853 0.0000000000
108610  41.168  16.253  -23.921 0.0000000000
108617  41.630  14.295  -24.861 0.0000000000
108618  42.321  14.919  -24.887 0.0000000000
108623  41.593  14.411  -25.095 0.0000000000
108624  41.726  14.976  -25.288 0.0000000000
108625  40.868  15.495  -25.563 0.0000000000
108626  39.936  15.684  -26.127 0.0000000000
109714  41.497  16.568  -17.479 0.0000000000
109724  41.524  16.709  -18.076 0.0000000000
109725  40.817  16.478  -18.395 0.0000000000
109726  39.975  16.217  -18.873 0.0000000000
109732  39.289  15.869  -19.810 0.0000000000
109733  39.251  15.150  -20.284 0.0000000000
109739  39.184  16.248  -20.565 0.0000000000
109750  40.315  16.510  -23.499 0.0000000000
109751  40.035  16.195  -23.035 0.0000000000
109756  41.947  15.921  -24.421 0.0000000000
109757  41.427  16.343  -24.291 0.0000000000
109758  40.767  16.637  -24.066 0.0000000000
109764  42.312  15.753  -24.871 0.0000000000
109765  41.813  16.552  -24.874 0.0000000000
109766  41.173  16.798  -24.655 0.0000000000
109772  42.156  15.462  -25.168 0.0000000000
109773  41.579  16.130  -25.397 0.0000000000
109774  40.480  16.461  -25.989 0.0000000000
109780  39.696  16.574  -26.797 0.0000000000
110897  41.969  17.326  -17.651 0.0000000000
110907  42.570  17.921  -17.805 0.0000000000
110908  42.053  17.656  -18.165 0.0000000000
110909  41.246  17.384  -18.497 0.0000000000
110910  40.512  16.989  -18.736 0.0000000000
110917  40.686  17.603  -18.881 0.0000000000
110918  39.985  17.265  -19.175 0.0000000000
110925  39.457  17.134  -20.085 0.0000000000
110926  39.263  16.615  -20.875 0.0000000000
110933  39.673  16.146  -22.099 0.0000000000
110940  39.988  16.864  -23.536 0.0000000000
110941  39.818  16.702  -23.007 0.0000000000
110947  40.104  17.380  -24.154 0.0000000000
110948  39.866  17.471  -23.912 0.0000000000
110954  41.208  17.026  -25.078 0.0000000000
110955  40.536  17.411  -24.894 0.0000000000
110961  41.393  16.770  -25.256 0.0000000000
110962  40.651  17.250  -25.654 0.0000000000
110967  39.997  17.450  -26.641 0.0000000000
110972  39.496  17.465  -27.558 0.0000000000
112150  43.490  18.980  -17.920 0.0000000000
112151  42.921  18.522  -18.349 0.0000000000
112152  41.907  18.232  -18.621 0.0000000000
112153  41.205  18.049  -18.858 0.0000000000
112165  42.508  18.958  -18.993 0.0000000000
112166  41.570  18.732  -19.144 0.0000000000
112167  40.645  18.293  -19.248 0.0000000000
112168  39.973  18.397  -19.621 0.0000000000
112176  39.622  18.663  -20.155 0.0000000000
112177  39.314  17.908  -21.400 0.0000000000
112186  39.268  19.019  -21.466 0.0000000000
112187  39.183  18.618  -21.790 0.0000000000
112196  39.094  18.554  -22.575 0.0000000000
112203  39.712  18.437  -24.492 0.0000000000
112204  39.101  18.588  -23.254 0.0000000000
112211  39.892  18.448  -24.946 0.0000000000
112219  40.036  18.374  -25.664 0.0000000000
112226  39.924  18.378  -26.499 0.0000000000
112233  39.676  18.427  -27.424 0.0000000000
112241  39.379  18.389  -28.357 0.0000000000
113485  43.637  19.626  -18.544 0.0000000000
113486  43.119  19.134  -18.828 0.0000000000
113498  43.803  19.972  -19.199 0.0000000000
113499  43.214  19.621  -19.295 0.0000000000
113500  42.145  19.698  -19.619 0.0000000000
113501  41.042  19.184  -19.584 0.0000000000
113502  40.448  18.816  -19.640 0.0000000000
113511  41.912  20.205  -20.066 0.0000000000
113512  41.312  19.931  -20.007 0.0000000000
113513  40.380  19.468  -20.136 0.0000000000
113521  39.950  19.881  -20.710 0.0000000000
113522  39.209  19.524  -21.880 0.0000000000
113530  39.059  19.494  -22.521 0.0000000000
113538  39.548  19.367  -24.677 0.0000000000
113539  39.010  19.472  -23.328 0.0000000000
113545  39.554  19.683  -24.920 0.0000000000
113546  39.480  19.988  -24.694 0.0000000000
113554  39.682  19.418  -25.606 0.0000000000
113563  39.742  19.358  -26.411 0.0000000000
113569  39.735  19.379  -27.306 0.0000000000
113577  39.584  19.379  -28.245 0.0000000000
113585  39.270  19.319  -29.167 0.0000000000
114874  44.771  21.299  -18.803 0.0000000000
114875  44.294  20.576  -19.131 0.0000000000
114876  43.842  20.231  -19.691 0.0000000000
114877  43.125  20.121  -19.882 0.0000000000
114887  44.828  21.237  -19.516 0.0000000000
114888  44.504  20.832  -20.015 0.0000000000
114889  43.683  20.649  -20.309 0.0000000000
114890  42.574  20.553  -20.369 0.0000000000
114891  41.660  20.510  -20.409 0.0000000000
114892  40.970  20.343  -20.486 0.0000000000
114902  41.993  21.019  -20.705 0.0000000000
114903  41.292  20.978  -20.886 0.0000000000
114904  40.431  20.724  -21.146 0.0000000000
114905  39.923  20.837  -21.587 0.0000000000
114913  39.967  21.310  -21.988 0.0000000000
114914  39.703  21.391  -22.656 0.0000000000
114924  39.426  21.429  -23.569 0.0000000000
114932  39.411  20.508  -25.064 0.0000000000
114933  39.352  20.910  -24.601 0.0000000000
114940  39.450  20.346  -25.522 0.0000000000
114947  39.502  20.269  -26.268 0.0000000000
114953  39.581  20.296  -27.146 0.0000000000
114964  39.585  20.340  -28.098 0.0000000000
114978  39.338  20.326  -29.064 0.0000000000
114996  39.127  20.218  -30.156 0.0000000000
116256  45.072  21.777  -19.306 0.0000000000
116266  44.951  21.694  -20.259 0.0000000000
116267  44.255  21.368  -20.665 0.0000000000
116268  43.374  21.205  -20.870 0.0000000000
116269  42.576  21.208  -20.937 0.0000000000
116278  44.697  21.973  -21.145 0.0000000000
116279  43.950  21.852  -21.397 0.0000000000
116280  42.950  21.654  -21.538 0.0000000000
116281  41.960  21.457  -21.363 0.0000000000
116282  41.022  21.447  -21.587 0.0000000000
116283  40.361  21.473  -21.967 0.0000000000
116291  42.364  21.872  -21.907 0.0000000000
116292  41.622  21.906  -22.068 0.0000000000
116293  40.732  21.916  -22.346 0.0000000000
116294  39.953  21.872  -22.938 0.0000000000
116295  39.582  21.604  -23.249 0.0000000000
116304  39.731  22.150  -23.583 0.0000000000
116305  39.452  21.861  -23.881 0.0000000000
116312  39.310  21.100  -25.328 0.0000000000
116313  39.375  21.879  -24.964 0.0000000000
116320  39.271  21.088  -26.091 0.0000000000
116321  39.186  21.906  -25.868 0.0000000000
116335  39.276  21.085  -26.920 0.0000000000
116336  39.036  21.846  -26.729 0.0000000000
116350  39.325  21.271  -27.898 0.0000000000
116351  39.058  21.757  -27.435 0.0000000000
116364  39.414  21.285  -28.908 0.0000000000
116381  39.391  21.282  -29.896 0.0000000000
116408  39.284  21.338  -30.901 0.0000000000
117608  44.936  22.340  -19.877 0.0000000000
117618  44.857  22.576  -21.002 0.0000000000
117631  44.562  22.670  -22.142 0.0000000000
117632  43.460  22.217  -22.096 0.0000000000
117633  42.819  22.016  -22.021 0.0000000000
117641  44.617  23.360  -23.323 0.0000000000
117642  43.765  22.759  -22.940 0.0000000000
117643  42.501  22.391  -22.548 0.0000000000
117644  41.275  22.418  -22.697 0.0000000000
117645  40.435  22.312  -22.999 0.0000000000
117646  40.109  22.236  -23.204 0.0000000000
117655  44.554  23.689  -23.861 0.0000000000
117656  43.962  23.448  -23.653 0.0000000000
117657  42.917  23.178  -23.379 0.0000000000
117658  41.781  22.978  -23.249 0.0000000000
117659  40.813  22.841  -23.299 0.0000000000
117660  40.021  22.662  -23.640 0.0000000000
117661  39.625  22.335  -23.892 0.0000000000
117669  39.820  23.240  -24.280 0.0000000000
117670  39.473  22.772  -24.540 0.0000000000
117680  39.060  22.775  -25.584 0.0000000000
117694  38.817  22.708  -26.544 0.0000000000
117704  39.063  22.070  -28.047 0.0000000000
117705  38.848  22.589  -27.578 0.0000000000
117714  39.260  22.067  -28.722 0.0000000000
117715  38.986  22.715  -28.580 0.0000000000
117730  39.324  22.351  -29.757 0.0000000000
117731  39.152  22.638  -29.159 0.0000000000
117757  39.511  22.046  -30.581 0.0000000000
117789  39.549  22.222  -31.444 0.0000000000
117801  39.597  22.341  -32.359 0.0000000000
118873  44.665  23.192  -21.204 0.0000000000
118883  44.763  23.282  -21.958 0.0000000000
118884  44.306  23.613  -21.799 0.0000000000
118893  45.137  23.748  -22.971 0.0000000000
118894  44.791  24.013  -22.504 0.0000000000
118895  44.023  24.180  -22.350 0.0000000000
118901  45.065  24.107  -24.069 0.0000000000
118902  44.252  23.957  -24.232 0.0000000000
118903  43.274  23.834  -24.057 0.0000000000
118904  42.185  23.645  -23.898 0.0000000000
118905  41.163  23.427  -23.777 0.0000000000
118906  40.548  23.162  -23.723 0.0000000000
118912  44.952  24.685  -24.436 0.0000000000
118913  44.519  24.596  -24.470 0.0000000000
118914  43.632  24.510  -24.487 0.0000000000
118915  42.581  24.390  -24.422 0.0000000000
118916  41.510  24.170  -24.352 0.0000000000
118917  40.420  23.727  -24.300 0.0000000000
118918  39.670  23.795  -24.818 0.0000000000
118927  39.127  23.741  -25.444 0.0000000000
118939  38.729  23.667  -26.323 0.0000000000
118947  38.604  23.560  -27.325 0.0000000000
118956  38.658  23.541  -28.397 0.0000000000
118969  39.181  23.087  -30.258 0.0000000000
118970  38.881  23.373  -29.578 0.0000000000
118997  39.435  22.923  -30.926 0.0000000000
118998  39.029  23.694  -30.734 0.0000000000
119020  39.456  23.023  -32.026 0.0000000000
119021  39.117  23.721  -31.746 0.0000000000
119030  39.505  23.043  -32.940 0.0000000000
119031  39.121  23.677  -32.754 0.0000000000
120055  45.081  24.367  -23.020 0.0000000000
120056  44.452  24.714  -23.122 0.0000000000
120064  45.053  24.740  -23.663 0.0000000000
120065  44.730  25.057  -23.591 0.0000000000
120072  45.103  24.884  -24.288 0.0000000000
120073  44.729  25.037  -24.567 0.0000000000
120074  43.957  25.086  -24.664 0.0000000000
120075  42.951  25.074  -24.733 0.0000000000
120076  41.939  24.945  -24.860 0.0000000000
120077  40.964  24.768  -24.850 0.0000000000
120078  40.094  24.667  -25.036 0.0000000000
120086  39.358  24.704  -25.410 0.0000000000
120096  38.758  24.755  -26.151 0.0000000000
120101  38.430  24.485  -27.079 0.0000000000
120108  38.285  24.384  -28.058 0.0000000000
120121  38.158  24.549  -29.258 0.0000000000
120122  37.717  25.195  -29.662 0.0000000000
120149  38.414  24.366  -30.440 0.0000000000
120150  37.793  25.080  -30.273 0.0000000000
120179  38.539  24.370  -31.499 0.0000000000
120180  37.901  25.035  -31.251 0.0000000000
120182  32.530  24.633  -31.491 0.0000000000
120183  32.073  25.006  -30.955 0.0000000000
120198  38.564  24.308  -32.530 0.0000000000
120199  37.914  24.924  -32.248 0.0000000000
120201  33.398  24.509  -32.376 0.0000000000
120202  32.861  24.877  -32.069 0.0000000000
120207  38.601  24.209  -33.634 0.0000000000
120208  37.906  24.822  -33.236 0.0000000000
120210  34.414  24.575  -33.123 0.0000000000
120211  33.785  24.870  -32.836 0.0000000000
120219  37.803  24.738  -34.227 0.0000000000
120221  35.000  24.585  -33.613 0.0000000000
121192  44.466  25.127  -23.594 0.0000000000
121193  43.761  25.273  -23.559 0.0000000000
121201  45.067  25.156  -24.123 0.0000000000
121202  44.593  25.372  -23.958 0.0000000000
121203  43.531  25.782  -24.149 0.0000000000
121204  42.524  26.055  -24.436 0.0000000000
121210  44.847  25.218  -24.323 0.0000000000
121211  44.224  25.387  -24.424 0.0000000000
121212  43.263  25.566  -24.587 0.0000000000
121213  42.206  25.679  -24.844 0.0000000000
121214  41.400  25.531  -25.050 0.0000000000
121215  40.572  25.515  -25.097 0.0000000000
121216  39.716  25.626  -25.304 0.0000000000
121221  38.933  25.644  -25.677 0.0000000000
121230  38.465  25.639  -26.245 0.0000000000
121236  38.263  25.345  -26.891 0.0000000000
121244  38.005  25.182  -27.751 0.0000000000
121245  37.757  25.536  -28.318 0.0000000000
121255  37.905  25.001  -28.494 0.0000000000
121256  37.622  25.502  -29.067 0.0000000000
121272  37.267  25.660  -29.987 0.0000000000
121273  31.566  25.513  -30.772 0.0000000000
121298  37.275  25.690  -30.967 0.0000000000
121299  32.565  25.177  -31.975 0.0000000000
121300  32.085  25.615  -31.676 0.0000000000
121326  37.283  25.640  -31.991 0.0000000000
121327  36.832  25.869  -32.545 0.0000000000
121328  33.445  25.142  -32.721 0.0000000000
121329  32.874  25.608  -32.509 0.0000000000
121330  32.211  26.119  -32.245 0.0000000000
121344  37.305  25.393  -32.860 0.0000000000
121345  36.573  25.591  -33.079 0.0000000000
121346  34.622  25.159  -33.234 0.0000000000
121347  33.763  25.494  -32.986 0.0000000000
121348  33.250  25.973  -32.973 0.0000000000
121354  37.105  25.119  -33.764 0.0000000000
121355  36.226  25.189  -33.690 0.0000000000
121356  36.002  24.943  -33.734 0.0000000000
121357  35.099  24.812  -33.476 0.0000000000
121362  37.227  24.904  -34.482 0.0000000000
121363  36.704  24.933  -34.481 0.0000000000
121364  36.026  24.691  -34.131 0.0000000000
121365  35.682  24.478  -33.961 0.0000000000
122209  41.823  26.364  -24.234 0.0000000000
122214  41.735  26.149  -24.714 0.0000000000
122215  41.085  26.386  -24.465 0.0000000000
122216  40.303  26.622  -24.138 0.0000000000
122217  39.647  27.042  -23.837 0.0000000000
122222  41.626  25.951  -25.033 0.0000000000
122223  41.109  26.045  -24.965 0.0000000000
122224  40.268  26.170  -24.814 0.0000000000
122225  39.014  26.688  -24.922 0.0000000000
122226  38.074  27.049  -24.854 0.0000000000
122231  38.239  26.225  -25.790 0.0000000000
122232  37.840  26.852  -25.326 0.0000000000
122241  37.978  26.061  -26.629 0.0000000000
122242  37.744  26.789  -26.255 0.0000000000
122249  37.847  25.870  -27.457 0.0000000000
122250  37.664  26.653  -27.222 0.0000000000
122258  37.772  25.716  -27.958 0.0000000000
122259  37.513  26.287  -28.272 0.0000000000
122266  37.121  26.382  -29.408 0.0000000000
122278  36.795  26.609  -30.546 0.0000000000
122279  36.447  27.245  -30.856 0.0000000000
122296  36.830  26.294  -31.634 0.0000000000
122297  36.433  27.003  -31.446 0.0000000000
122298  31.363  26.248  -31.194 0.0000000000
122319  36.805  26.115  -32.193 0.0000000000
122320  36.134  26.460  -32.388 0.0000000000
122321  35.374  26.741  -32.449 0.0000000000
122322  32.431  26.655  -32.480 0.0000000000
122323  31.642  26.655  -31.974 0.0000000000
122324  31.006  26.865  -31.462 0.0000000000
122342  35.940  25.692  -33.212 0.0000000000
122343  35.209  26.166  -32.888 0.0000000000
122344  34.307  26.037  -33.011 0.0000000000
122345  33.538  26.277  -32.961 0.0000000000
122346  33.016  26.460  -32.887 0.0000000000
122352  35.920  25.361  -33.460 0.0000000000
122353  35.664  25.259  -33.418 0.0000000000
122354  35.028  25.346  -33.250 0.0000000000
122359  35.761  24.916  -33.620 0.0000000000
122360  35.406  24.920  -33.576 0.0000000000
123232  38.898  27.527  -24.201 0.0000000000
123233  38.317  27.420  -24.659 0.0000000000
123235  37.732  27.553  -24.984 0.0000000000
123242  37.532  27.549  -25.838 0.0000000000
123248  37.437  27.480  -26.822 0.0000000000
123255  37.232  27.329  -27.807 0.0000000000
123261  36.946  27.260  -28.843 0.0000000000
123262  36.589  27.657  -29.440 0.0000000000
123274  36.766  27.094  -29.701 0.0000000000
123275  36.382  27.585  -30.226 0.0000000000
123292  35.976  27.658  -31.068 0.0000000000
123293  35.558  27.883  -31.556 0.0000000000
123309  35.910  27.330  -31.768 0.0000000000
123310  35.271  27.444  -32.058 0.0000000000
123311  34.557  27.590  -32.294 0.0000000000
123312  33.832  27.645  -32.518 0.0000000000
123313  32.941  27.403  -32.717 0.0000000000
123314  31.861  27.588  -32.360 0.0000000000
123315  30.693  27.557  -31.966 0.0000000000
123338  34.942  26.929  -32.435 0.0000000000
123339  34.396  26.832  -32.599 0.0000000000
123340  33.699  26.819  -32.780 0.0000000000
123341  33.295  26.749  -32.872 0.0000000000
124234  38.177  28.326  -24.382 0.0000000000
124237  37.392  28.384  -25.360 0.0000000000
124244  37.208  28.302  -26.398 0.0000000000
124251  37.026  28.174  -27.369 0.0000000000
124259  36.687  28.067  -28.257 0.0000000000
124260  36.533  28.485  -28.764 0.0000000000
124267  36.592  27.969  -28.951 0.0000000000
124268  36.281  28.399  -29.467 0.0000000000
124274  35.812  28.453  -30.435 0.0000000000
124275  35.478  28.864  -30.924 0.0000000000
124289  35.596  28.312  -31.149 0.0000000000
124290  35.031  28.602  -31.566 0.0000000000
124291  34.418  29.104  -31.670 0.0000000000
124302  34.749  28.053  -32.009 0.0000000000
124303  34.173  28.570  -32.087 0.0000000000
124304  33.212  28.591  -32.502 0.0000000000
124305  32.207  28.560  -32.510 0.0000000000
124306  31.157  28.594  -32.405 0.0000000000
124307  30.071  28.689  -32.350 0.0000000000
124308  29.096  28.846  -32.118 0.0000000000
125197  37.201  29.516  -24.753 0.0000000000
125198  36.751  30.254  -25.084 0.0000000000
125200  36.971  29.187  -25.986 0.0000000000
125201  36.762  30.068  -25.728 0.0000000000
125204  36.933  29.032  -27.020 0.0000000000
125205  36.748  29.902  -26.700 0.0000000000
125210  36.747  28.831  -27.917 0.0000000000
125211  36.679  29.707  -27.693 0.0000000000
125217  36.607  28.672  -28.414 0.0000000000
125218  36.422  29.275  -28.708 0.0000000000
125225  35.690  29.378  -29.759 0.0000000000
125226  35.200  29.832  -29.912 0.0000000000
125233  35.490  29.063  -30.455 0.0000000000
125234  34.964  29.557  -30.662 0.0000000000
125235  34.358  30.051  -30.798 0.0000000000
125246  34.668  29.285  -31.371 0.0000000000
125247  34.121  29.775  -31.395 0.0000000000
125248  33.595  30.068  -31.690 0.0000000000
125258  34.049  29.260  -31.825 0.0000000000
125259  33.478  29.610  -32.059 0.0000000000
125260  32.502  29.560  -32.424 0.0000000000
125261  31.510  29.542  -32.535 0.0000000000
125262  30.522  29.549  -32.612 0.0000000000
125263  29.455  29.715  -32.672 0.0000000000
125264  28.523  29.449  -32.294 0.0000000000
125278  29.084  30.262  -32.994 0.0000000000
125279  28.587  30.077  -32.879 0.0000000000
126261  36.574  30.827  -25.460 0.0000000000
126264  36.536  30.726  -26.392 0.0000000000
126267  36.433  30.594  -27.341 0.0000000000
126274  36.216  30.412  -28.312 0.0000000000
126275  35.751  30.665  -28.813 0.0000000000
126281  36.033  30.094  -29.094 0.0000000000
126282  35.330  30.376  -29.404 0.0000000000
126283  34.784  30.594  -29.668 0.0000000000
126289  34.897  30.116  -29.934 0.0000000000
126290  34.395  30.419  -30.238 0.0000000000
126299  33.962  30.486  -30.880 0.0000000000
126300  33.540  30.552  -31.389 0.0000000000
126301  33.020  30.883  -31.693 0.0000000000
126313  33.286  30.344  -31.848 0.0000000000
126314  32.669  30.506  -32.126 0.0000000000
126315  31.823  30.425  -32.354 0.0000000000
126316  30.815  30.510  -32.606 0.0000000000
126317  30.087  30.246  -32.748 0.0000000000
126332  30.084  30.809  -32.744 0.0000000000
126333  29.529  30.632  -32.944 0.0000000000
126334  28.761  30.751  -33.182 0.0000000000
126335  27.674  30.580  -33.160 0.0000000000
127314  36.407  31.555  -26.115 0.0000000000
127317  36.204  31.337  -26.978 0.0000000000
127321  35.900  31.330  -27.900 0.0000000000
127322  35.487  31.747  -28.171 0.0000000000
127327  35.804  30.968  -28.457 0.0000000000
127328  35.238  31.387  -28.775 0.0000000000
127329  34.580  31.807  -29.078 0.0000000000
127335  34.955  30.903  -29.347 0.0000000000
127336  34.441  31.236  -29.584 0.0000000000
127342  33.748  31.202  -30.416 0.0000000000
127343  33.372  31.644  -30.621 0.0000000000
127348  33.602  30.905  -30.956 0.0000000000
127349  33.182  31.383  -31.085 0.0000000000
127350  32.271  31.502  -31.738 0.0000000000
127351  31.632  31.886  -31.903 0.0000000000
127360  32.035  30.965  -32.115 0.0000000000
127361  31.367  31.425  -32.206 0.0000000000
127362  30.245  31.532  -32.629 0.0000000000
127363  29.783  31.986  -32.782 0.0000000000
127379  29.807  31.131  -32.874 0.0000000000
127380  29.349  31.563  -33.021 0.0000000000
127381  28.282  31.594  -33.307 0.0000000000
127382  27.173  31.722  -33.775 0.0000000000
128296  35.699  33.012  -26.246 0.0000000000
128301  35.914  32.009  -26.767 0.0000000000
128302  35.406  32.747  -26.683 0.0000000000
128303  34.853  32.982  -26.837 0.0000000000
128307  35.874  31.712  -27.321 0.0000000000
128308  35.423  32.130  -27.636 0.0000000000
128309  34.785  32.739  -27.350 0.0000000000
128312  35.220  32.000  -28.301 0.0000000000
128313  34.446  32.434  -28.422 0.0000000000
128314  33.637  32.866  -28.560 0.0000000000
128319  34.006  31.974  -29.385 0.0000000000
128320  33.323  32.687  -29.202 0.0000000000
128321  32.722  32.994  -29.497 0.0000000000
128324  33.855  31.596  -29.862 0.0000000000
128325  33.398  32.053  -30.181 0.0000000000
128326  32.778  32.740  -30.002 0.0000000000
128330  33.158  31.878  -30.725 0.0000000000
128331  32.596  32.335  -30.889 0.0000000000
128332  31.543  32.489  -31.634 0.0000000000
128333  31.013  32.949  -31.895 0.0000000000
128341  31.326  32.074  -31.995 0.0000000000
128342  30.771  32.447  -32.222 0.0000000000
128343  30.043  32.363  -32.617 0.0000000000
128356  29.501  32.466  -32.841 0.0000000000
128357  28.798  32.444  -33.156 0.0000000000
128358  27.966  32.542  -33.539 0.0000000000
129168  34.799  33.678  -25.914 0.0000000000
129169  34.422  33.669  -26.129 0.0000000000
129172  35.390  33.104  -26.284 0.0000000000
129173  34.850  33.290  -26.387 0.0000000000
129174  34.011  33.614  -26.490 0.0000000000
129175  33.394  33.862  -26.857 0.0000000000
129177  34.390  33.153  -26.961 0.0000000000
129178  33.765  33.420  -27.218 0.0000000000
129179  33.112  33.771  -27.452 0.0000000000
129181  34.214  33.021  -27.605 0.0000000000
129182  33.601  33.194  -28.013 0.0000000000
129183  32.814  33.582  -28.172 0.0000000000
129187  33.178  33.141  -28.593 0.0000000000
129188  32.535  33.377  -29.006 0.0000000000
129189  31.967  33.614  -29.459 0.0000000000
129191  32.342  33.239  -29.762 0.0000000000
129192  31.727  33.542  -30.104 0.0000000000
129193  31.209  33.631  -30.633 0.0000000000
129197  32.269  33.041  -30.365 0.0000000000
129198  31.755  33.136  -30.890 0.0000000000
129199  30.915  33.425  -31.387 0.0000000000
129200  30.244  33.656  -31.805 0.0000000000
129211  30.605  33.209  -32.021 0.0000000000
129212  29.835  33.290  -32.429 0.0000000000
129213  29.042  33.652  -32.709 0.0000000000
129227  29.133  33.064  -32.857 0.0000000000
129228  28.495  33.405  -33.181 0.0000000000
130054  33.491  34.598  -25.107 0.0000000000
130060  34.059  34.023  -25.733 0.0000000000
130061  33.004  34.540  -25.842 0.0000000000
130064  33.432  34.101  -26.346 0.0000000000
130065  32.716  34.373  -26.813 0.0000000000
130066  32.062  34.578  -27.234 0.0000000000
130068  32.415  34.135  -27.641 0.0000000000
130069  31.658  34.492  -27.820 0.0000000000
130070  31.102  34.741  -28.203 0.0000000000
130073  32.120  33.942  -28.361 0.0000000000
130074  31.522  34.327  -28.616 0.0000000000
130075  30.893  34.728  -28.884 0.0000000000
130079  31.895  33.864  -28.972 0.0000000000
130080  31.406  34.107  -29.426 0.0000000000
130081  30.599  34.497  -29.751 0.0000000000
130082  30.081  34.681  -30.229 0.0000000000
130084  31.062  33.920  -30.081 0.0000000000
130085  30.570  34.120  -30.626 0.0000000000
130086  29.840  34.587  -30.896 0.0000000000
130093  30.232  34.018  -31.313 0.0000000000
130094  29.583  34.282  -31.786 0.0000000000
130108  29.192  34.047  -32.367 0.0000000000
131083  32.308  35.280  -24.908 0.0000000000
131084  31.490  35.772  -25.243 0.0000000000
131087  32.123  34.940  -26.231 0.0000000000
131088  31.327  35.741  -26.004 0.0000000000
131089  30.704  36.128  -26.382 0.0000000000
131092  32.086  34.758  -26.839 0.0000000000
131093  31.422  35.057  -27.083 0.0000000000
131094  30.699  35.753  -26.918 0.0000000000
131097  31.120  34.889  -27.753 0.0000000000
131098  30.427  35.410  -28.028 0.0000000000
131099  29.665  35.898  -28.354 0.0000000000
131102  30.138  35.043  -29.226 0.0000000000
131103  29.602  35.553  -28.930 0.0000000000
131106  30.032  34.869  -29.807 0.0000000000
132012  31.341  36.178  -24.746 0.0000000000
132013  30.528  36.832  -24.801 0.0000000000
132016  31.169  36.087  -25.441 0.0000000000
132017  30.462  36.601  -25.795 0.0000000000
132021  30.240  36.320  -26.817 0.0000000000
132022  29.774  36.841  -26.726 0.0000000000
132025  30.203  35.988  -27.357 0.0000000000
165372  40.069  11.378  -22.893 0.0000000000
165373  40.473  11.776  -23.270 0.0000000000
165374  40.247  12.005  -23.465 0.0000000000
165377  40.420  11.912  -23.399 0.0000000000
165378  40.489  12.110  -23.528 0.0000000000
165380  40.880  12.076  -23.447 0.0000000000
165381  40.918  12.612  -23.761 0.0000000000
165384  41.854  12.371  -23.264 0.0000000000
165385  40.633  12.238  -23.594 0.0000000000
165388  40.556  14.670  -22.567 0.0000000000
165389  40.386  12.265  -23.649 0.0000000000
165390  42.054  12.690  -23.175 0.0000000000
165391  41.538  12.527  -23.466 0.0000000000
165394  39.382  14.549  -20.414 0.0000000000
165395  39.743  14.914  -21.552 0.0000000000
165396  39.946  15.678  -22.458 0.0000000000
165399  41.222  13.786  -22.338 0.0000000000
165400  41.405  13.928  -22.682 0.0000000000
165402  40.085  11.859  -23.357 0.0000000000
165403  39.572  14.077  -20.858 0.0000000000
165404  40.184  15.089  -22.400 0.0000000000
165405  40.620  16.225  -23.536 0.0000000000
165406  40.600  14.033  -22.143 0.0000000000
165407  41.278  14.575  -23.121 0.0000000000
165408  40.077  14.205  -21.701 0.0000000000
165409  40.516  15.508  -23.075 0.0000000000
