#!ascii label  , from subject colin27_FS vox2ras=TkReg
1267
98133  63.969  8.003  5.431 0.0000000000
98143  63.971  7.786  4.809 0.0000000000
98154  64.076  7.633  3.866 0.0000000000
98168  64.380  7.673  3.099 0.0000000000
99474  64.157  8.511  6.712 0.0000000000
99487  63.936  8.413  6.040 0.0000000000
99498  63.536  8.701  5.193 0.0000000000
99499  63.144  9.244  4.676 0.0000000000
99509  63.313  8.478  4.146 0.0000000000
99510  62.806  9.367  4.061 0.0000000000
99519  64.243  7.988  2.472 0.0000000000
99520  63.601  8.217  3.087 0.0000000000
99521  62.862  8.904  3.257 0.0000000000
99532  64.620  8.255  1.526 0.0000000000
99533  63.630  8.512  2.184 0.0000000000
99534  63.142  8.718  2.662 0.0000000000
99549  65.485  8.469  0.309 0.0000000000
99550  65.038  8.424  0.841 0.0000000000
100761  57.734  9.511  16.167 0.0000000000
100768  57.062  9.470  15.732 0.0000000000
100832  63.726  9.259  10.265 0.0000000000
100833  63.112  9.302  10.445 0.0000000000
100843  48.614  10.282  10.354 0.0000000000
100850  64.092  9.148  9.633 0.0000000000
100855  47.659  10.440  9.741 0.0000000000
100859  64.208  9.117  8.772 0.0000000000
100861  64.146  9.271  7.696 0.0000000000
100862  64.098  9.995  7.274 0.0000000000
100864  64.150  8.832  7.083 0.0000000000
100865  63.940  9.451  6.693 0.0000000000
100871  63.643  9.396  5.835 0.0000000000
100877  63.445  9.783  5.200 0.0000000000
100878  63.135  9.979  4.564 0.0000000000
100881  62.836  10.119  4.071 0.0000000000
100884  62.571  9.818  3.390 0.0000000000
100895  64.311  8.730  1.118 0.0000000000
100896  63.787  8.870  1.374 0.0000000000
100897  62.721  9.394  2.166 0.0000000000
100909  65.072  8.948  0.164 0.0000000000
100910  64.501  9.105  0.514 0.0000000000
100911  63.239  9.612  1.013 0.0000000000
100912  62.589  9.964  1.401 0.0000000000
100922  65.151  9.246  -0.311 0.0000000000
100923  64.671  9.576  -0.176 0.0000000000
100932  65.530  9.273  -1.128 0.0000000000
100941  65.524  9.342  -1.995 0.0000000000
100948  65.491  9.392  -2.962 0.0000000000
100949  65.096  9.726  -3.513 0.0000000000
100950  64.534  9.860  -3.804 0.0000000000
100951  63.835  9.896  -3.900 0.0000000000
101998  58.729  10.480  16.212 0.0000000000
101999  58.137  10.017  16.162 0.0000000000
102000  55.791  11.195  16.454 0.0000000000
102008  58.434  10.875  15.675 0.0000000000
102009  57.694  10.432  15.527 0.0000000000
102010  56.882  9.909  15.340 0.0000000000
102011  54.007  11.027  15.113 0.0000000000
102023  57.379  10.810  14.335 0.0000000000
102024  56.750  10.191  14.753 0.0000000000
102025  53.923  11.325  14.540 0.0000000000
102026  53.316  11.071  14.438 0.0000000000
102034  57.370  10.852  13.256 0.0000000000
102035  56.716  10.389  13.710 0.0000000000
102036  53.004  11.461  13.843 0.0000000000
102037  52.449  11.167  13.913 0.0000000000
102044  57.426  10.784  12.549 0.0000000000
102045  56.879  10.417  12.618 0.0000000000
102046  51.055  11.374  12.984 0.0000000000
102058  58.889  11.153  11.083 0.0000000000
102059  58.437  10.711  11.185 0.0000000000
102060  57.571  10.567  11.790 0.0000000000
102072  63.578  10.413  10.393 0.0000000000
102073  63.227  10.345  10.538 0.0000000000
102074  62.609  10.322  10.503 0.0000000000
102075  61.750  10.344  10.314 0.0000000000
102076  60.660  10.468  10.221 0.0000000000
102077  59.396  10.635  10.530 0.0000000000
102079  49.100  10.623  10.277 0.0000000000
102080  48.557  10.481  9.977 0.0000000000
102085  63.926  10.143  10.061 0.0000000000
102086  48.830  10.798  9.635 0.0000000000
102087  48.159  10.768  9.445 0.0000000000
102088  47.272  10.863  9.403 0.0000000000
102092  64.048  10.216  9.297 0.0000000000
102093  63.911  10.739  8.767 0.0000000000
102094  47.716  11.210  9.081 0.0000000000
102095  47.428  11.277  9.137 0.0000000000
102097  64.089  10.023  8.470 0.0000000000
102098  63.837  10.526  7.931 0.0000000000
102099  63.501  10.788  7.494 0.0000000000
102101  63.799  10.369  6.995 0.0000000000
102102  63.364  10.719  6.839 0.0000000000
102105  63.646  10.432  5.935 0.0000000000
102106  63.287  10.812  6.272 0.0000000000
102109  63.560  10.645  4.882 0.0000000000
102110  63.279  10.542  4.310 0.0000000000
102114  63.578  11.030  4.283 0.0000000000
102115  63.076  10.758  3.742 0.0000000000
102117  62.386  10.673  2.853 0.0000000000
102118  62.091  11.211  2.311 0.0000000000
102128  62.137  10.635  1.699 0.0000000000
102129  61.904  11.311  1.876 0.0000000000
102146  64.385  9.799  -0.082 0.0000000000
102147  63.663  10.302  0.073 0.0000000000
102148  62.631  10.428  0.828 0.0000000000
102159  65.212  9.769  -0.877 0.0000000000
102160  64.669  10.239  -0.662 0.0000000000
102161  63.969  10.915  -0.585 0.0000000000
102171  65.263  10.199  -1.452 0.0000000000
102172  64.976  10.988  -1.350 0.0000000000
102181  65.356  10.384  -2.274 0.0000000000
102186  33.120  10.791  -3.066 0.0000000000
102189  65.169  10.514  -2.889 0.0000000000
102190  64.737  10.596  -3.243 0.0000000000
102191  64.044  10.611  -3.459 0.0000000000
102192  63.053  10.443  -3.567 0.0000000000
102193  61.949  10.562  -3.647 0.0000000000
102194  60.992  10.554  -3.870 0.0000000000
102195  60.215  10.742  -4.098 0.0000000000
103169  56.918  11.878  17.182 0.0000000000
103176  59.790  11.634  16.603 0.0000000000
103177  59.297  11.063  16.294 0.0000000000
103178  56.138  11.892  16.210 0.0000000000
103179  55.417  11.318  15.972 0.0000000000
103186  59.482  12.135  16.044 0.0000000000
103187  58.871  11.590  15.634 0.0000000000
103188  58.299  11.030  15.408 0.0000000000
103189  55.969  12.325  15.510 0.0000000000
103190  55.435  12.017  15.180 0.0000000000
103191  54.784  11.223  15.480 0.0000000000
103200  58.462  12.021  14.358 0.0000000000
103201  58.045  11.277  14.880 0.0000000000
103202  55.121  12.305  14.496 0.0000000000
103203  54.466  11.845  14.386 0.0000000000
103204  53.844  11.479  14.267 0.0000000000
103212  58.378  12.115  13.190 0.0000000000
103213  57.896  11.415  13.766 0.0000000000
103214  54.183  12.189  13.676 0.0000000000
103215  53.613  11.806  13.763 0.0000000000
103216  52.660  11.890  13.294 0.0000000000
103217  52.031  11.473  13.458 0.0000000000
103223  58.429  11.995  12.431 0.0000000000
103224  57.915  11.319  12.546 0.0000000000
103225  52.386  12.233  12.756 0.0000000000
103226  51.711  11.960  12.794 0.0000000000
103227  50.935  11.652  12.426 0.0000000000
103235  63.036  12.287  11.216 0.0000000000
103236  62.817  12.101  11.185 0.0000000000
103237  62.452  11.989  11.085 0.0000000000
103238  59.358  11.659  11.108 0.0000000000
103239  58.598  11.642  11.710 0.0000000000
103240  58.102  11.042  11.797 0.0000000000
103241  51.256  12.166  11.739 0.0000000000
103242  50.519  11.626  11.657 0.0000000000
103243  50.018  11.285  11.145 0.0000000000
103252  63.676  10.780  10.301 0.0000000000
103253  63.382  11.558  10.668 0.0000000000
103254  62.795  11.293  10.792 0.0000000000
103255  62.063  11.414  10.690 0.0000000000
103256  61.123  11.318  10.524 0.0000000000
103257  60.189  11.497  10.656 0.0000000000
103258  50.953  12.194  10.983 0.0000000000
103259  50.483  11.808  10.496 0.0000000000
103260  49.779  11.215  10.371 0.0000000000
103265  63.834  10.973  9.952 0.0000000000
103266  63.854  11.850  9.875 0.0000000000
103267  50.182  11.715  9.545 0.0000000000
103268  49.435  11.203  9.478 0.0000000000
103269  48.808  11.120  9.139 0.0000000000
103270  47.194  11.340  9.192 0.0000000000
103271  46.669  11.529  9.368 0.0000000000
103274  63.877  11.116  9.351 0.0000000000
103275  63.613  11.571  8.888 0.0000000000
103276  63.111  11.761  8.508 0.0000000000
103277  62.636  11.864  8.279 0.0000000000
103278  49.864  11.713  8.873 0.0000000000
103279  49.214  11.563  8.688 0.0000000000
103280  48.318  11.507  8.697 0.0000000000
103281  47.401  11.738  8.837 0.0000000000
103282  46.860  12.114  9.040 0.0000000000
103284  63.416  11.156  8.111 0.0000000000
103285  63.007  11.183  7.687 0.0000000000
103286  62.212  11.535  7.584 0.0000000000
103287  61.552  11.674  7.141 0.0000000000
103289  62.858  10.978  6.751 0.0000000000
103290  62.133  11.231  6.515 0.0000000000
103291  61.196  11.658  6.394 0.0000000000
103292  60.544  11.918  6.052 0.0000000000
103295  63.551  10.939  5.276 0.0000000000
103296  63.051  11.082  5.683 0.0000000000
103297  62.070  11.408  5.554 0.0000000000
103298  61.123  11.712  5.478 0.0000000000
103299  60.285  11.941  5.469 0.0000000000
103301  63.491  11.420  4.680 0.0000000000
103302  62.925  11.818  4.825 0.0000000000
103303  61.899  11.878  4.786 0.0000000000
103304  60.884  11.900  4.777 0.0000000000
103305  60.077  11.987  4.829 0.0000000000
103308  63.721  11.693  3.851 0.0000000000
103309  63.075  11.413  3.351 0.0000000000
103312  63.553  11.997  3.238 0.0000000000
103313  62.761  11.761  2.752 0.0000000000
103314  62.081  11.850  2.140 0.0000000000
103317  62.215  11.000  0.952 0.0000000000
103318  61.909  11.688  1.279 0.0000000000
103332  63.434  11.070  -0.324 0.0000000000
103333  62.613  11.444  0.129 0.0000000000
103334  62.034  12.326  0.578 0.0000000000
103352  64.450  11.326  -1.079 0.0000000000
103353  63.588  11.725  -0.749 0.0000000000
103354  62.902  12.358  -0.545 0.0000000000
103367  65.349  11.255  -1.860 0.0000000000
103368  64.993  11.872  -1.537 0.0000000000
103378  65.296  11.448  -2.524 0.0000000000
103379  61.932  12.185  -2.895 0.0000000000
103380  61.550  12.103  -2.798 0.0000000000
103381  60.705  11.951  -2.711 0.0000000000
103382  59.773  11.865  -2.863 0.0000000000
103383  58.986  11.892  -3.107 0.0000000000
103387  33.964  11.473  -2.286 0.0000000000
103388  33.470  11.366  -2.771 0.0000000000
103389  33.068  11.224  -3.312 0.0000000000
103391  65.081  11.522  -3.077 0.0000000000
103392  64.438  11.538  -3.270 0.0000000000
103393  63.561  11.555  -3.306 0.0000000000
103394  62.354  11.781  -3.102 0.0000000000
103395  61.312  11.314  -3.156 0.0000000000
103396  60.390  11.228  -3.335 0.0000000000
103397  59.465  11.234  -3.728 0.0000000000
103398  58.470  11.589  -3.745 0.0000000000
103402  33.280  11.718  -3.351 0.0000000000
103403  32.845  11.534  -3.872 0.0000000000
104399  58.326  12.828  17.621 0.0000000000
104400  57.555  12.481  17.287 0.0000000000
104407  60.192  12.554  17.124 0.0000000000
104408  57.738  13.118  17.065 0.0000000000
104409  57.009  12.773  16.580 0.0000000000
104415  59.725  12.824  16.286 0.0000000000
104416  59.359  12.480  15.631 0.0000000000
104417  56.423  12.846  15.581 0.0000000000
104418  55.913  12.606  15.093 0.0000000000
104426  59.395  13.280  15.395 0.0000000000
104427  58.942  12.665  14.901 0.0000000000
104428  56.133  13.106  14.872 0.0000000000
104429  55.598  12.823  14.401 0.0000000000
104430  54.991  12.557  14.074 0.0000000000
104439  59.196  13.460  14.539 0.0000000000
104440  58.825  13.026  13.706 0.0000000000
104441  55.214  13.011  13.711 0.0000000000
104442  54.614  12.691  13.429 0.0000000000
104443  54.004  12.406  13.198 0.0000000000
104444  53.397  12.279  13.069 0.0000000000
104449  62.927  13.161  11.654 0.0000000000
104450  62.755  13.121  11.705 0.0000000000
104451  62.578  12.989  11.781 0.0000000000
104452  59.784  13.111  12.090 0.0000000000
104453  59.122  12.823  12.368 0.0000000000
104454  54.282  12.778  12.885 0.0000000000
104455  53.851  12.696  12.511 0.0000000000
104456  52.965  12.464  12.504 0.0000000000
104457  52.367  12.421  12.294 0.0000000000
104464  63.120  12.788  11.293 0.0000000000
104465  62.774  12.676  11.502 0.0000000000
104466  62.330  12.669  11.626 0.0000000000
104467  61.462  12.744  11.538 0.0000000000
104468  60.201  12.676  11.499 0.0000000000
104469  59.238  12.255  11.590 0.0000000000
104470  53.488  12.832  11.933 0.0000000000
104471  52.891  12.742  11.614 0.0000000000
104472  52.055  12.508  11.680 0.0000000000
104481  63.475  12.682  10.522 0.0000000000
104482  61.984  12.230  11.180 0.0000000000
104483  61.283  12.131  10.962 0.0000000000
104484  60.685  11.952  10.830 0.0000000000
104485  52.618  12.813  10.806 0.0000000000
104486  51.798  12.458  10.682 0.0000000000
104487  51.190  12.212  10.241 0.0000000000
104492  63.470  12.690  9.638 0.0000000000
104493  63.102  13.011  9.250 0.0000000000
104494  62.622  13.059  9.041 0.0000000000
104495  53.337  12.939  9.450 0.0000000000
104496  52.824  12.861  9.752 0.0000000000
104497  51.832  12.442  9.556 0.0000000000
104498  50.977  12.129  9.487 0.0000000000
104499  46.445  12.572  9.565 0.0000000000
104500  46.205  11.889  9.703 0.0000000000
104502  63.276  12.377  8.989 0.0000000000
104503  62.848  12.486  8.759 0.0000000000
104504  62.063  12.512  8.483 0.0000000000
104505  61.146  12.554  8.184 0.0000000000
104506  60.352  12.606  8.051 0.0000000000
104507  59.448  12.588  8.091 0.0000000000
104508  58.399  12.494  8.157 0.0000000000
104509  57.284  12.558  8.171 0.0000000000
104510  56.183  12.748  8.200 0.0000000000
104511  55.058  12.869  8.362 0.0000000000
104512  53.749  12.888  8.853 0.0000000000
104513  52.660  12.566  8.667 0.0000000000
104514  51.658  12.390  8.580 0.0000000000
104515  50.644  12.109  8.537 0.0000000000
104516  49.820  12.062  8.157 0.0000000000
104517  48.961  12.132  8.070 0.0000000000
104518  48.006  12.455  8.184 0.0000000000
104519  47.123  12.728  8.774 0.0000000000
104521  61.524  12.032  7.805 0.0000000000
104522  60.843  12.098  7.371 0.0000000000
104523  59.959  12.293  7.272 0.0000000000
104524  59.020  12.228  7.226 0.0000000000
104525  57.944  12.216  7.219 0.0000000000
104526  56.831  12.305  7.240 0.0000000000
104527  55.734  12.545  7.316 0.0000000000
104528  54.584  12.613  7.528 0.0000000000
104529  53.467  12.587  7.687 0.0000000000
104530  52.441  12.567  7.688 0.0000000000
104531  51.476  12.529  7.662 0.0000000000
104532  50.575  12.535  7.578 0.0000000000
104533  49.688  12.706  7.457 0.0000000000
104534  48.794  12.870  7.659 0.0000000000
104535  48.201  13.198  7.868 0.0000000000
104537  60.436  12.030  6.668 0.0000000000
104538  59.747  12.075  6.328 0.0000000000
104539  58.666  12.039  6.266 0.0000000000
104540  57.572  12.144  6.220 0.0000000000
104541  56.463  12.360  6.273 0.0000000000
104542  55.321  12.597  6.347 0.0000000000
104543  54.177  12.684  6.690 0.0000000000
104544  53.176  12.779  6.853 0.0000000000
104545  52.244  12.847  6.904 0.0000000000
104546  51.342  12.926  6.921 0.0000000000
104547  50.517  13.052  6.949 0.0000000000
104548  49.992  13.317  7.040 0.0000000000
104551  59.414  12.018  5.417 0.0000000000
104552  58.415  12.140  5.256 0.0000000000
104553  57.285  12.496  5.185 0.0000000000
104554  56.186  12.768  5.464 0.0000000000
104555  55.456  12.998  5.507 0.0000000000
104557  64.118  13.195  4.097 0.0000000000
104558  63.763  12.690  4.205 0.0000000000
104559  62.670  12.680  4.259 0.0000000000
104560  61.518  12.414  4.309 0.0000000000
104561  60.526  12.329  4.293 0.0000000000
104562  59.429  12.309  4.457 0.0000000000
104563  58.354  12.715  4.314 0.0000000000
104564  57.500  13.053  4.375 0.0000000000
104567  64.208  13.188  3.907 0.0000000000
104568  63.934  12.731  3.557 0.0000000000
104569  61.906  12.999  3.995 0.0000000000
104570  61.098  12.868  3.869 0.0000000000
104571  60.183  12.816  3.790 0.0000000000
104572  59.295  12.950  3.776 0.0000000000
104573  58.699  13.276  3.721 0.0000000000
104576  63.539  12.614  2.925 0.0000000000
104577  62.729  12.694  2.372 0.0000000000
104578  62.108  12.422  1.809 0.0000000000
104580  62.376  13.035  1.835 0.0000000000
104581  62.021  12.839  1.240 0.0000000000
104583  62.341  12.682  -0.043 0.0000000000
104584  62.107  13.138  0.555 0.0000000000
104597  64.310  12.266  -1.323 0.0000000000
104598  63.524  12.864  -1.108 0.0000000000
104599  62.775  13.229  -0.571 0.0000000000
104611  41.744  12.866  -1.209 0.0000000000
104612  40.752  12.518  -1.106 0.0000000000
104619  65.249  12.393  -2.192 0.0000000000
104620  64.765  12.764  -1.779 0.0000000000
104621  64.236  13.050  -1.526 0.0000000000
104622  55.822  12.671  -1.822 0.0000000000
104623  55.157  12.250  -1.572 0.0000000000
104624  54.018  12.372  -0.999 0.0000000000
104625  53.105  12.474  -0.742 0.0000000000
104626  41.640  13.110  -1.719 0.0000000000
104627  41.018  12.944  -2.022 0.0000000000
104628  39.957  12.558  -2.032 0.0000000000
104629  38.874  12.370  -1.970 0.0000000000
104630  37.793  12.287  -1.915 0.0000000000
104631  36.748  12.272  -1.849 0.0000000000
104632  35.702  12.043  -1.671 0.0000000000
104633  34.734  11.822  -2.013 0.0000000000
104634  34.280  11.633  -2.176 0.0000000000
104636  65.236  12.464  -2.892 0.0000000000
104637  61.941  12.715  -2.885 0.0000000000
104638  61.108  12.851  -2.606 0.0000000000
104639  60.122  12.752  -2.507 0.0000000000
104640  59.163  12.616  -2.640 0.0000000000
104641  58.152  12.312  -2.865 0.0000000000
104642  57.202  12.459  -2.686 0.0000000000
104643  56.365  12.198  -2.413 0.0000000000
104644  55.748  12.106  -2.018 0.0000000000
104645  40.851  13.067  -2.627 0.0000000000
104646  40.219  12.851  -3.031 0.0000000000
104647  39.126  12.497  -3.029 0.0000000000
104648  38.078  12.399  -2.980 0.0000000000
104649  37.048  12.459  -2.837 0.0000000000
104650  36.037  12.460  -2.665 0.0000000000
104651  35.042  12.362  -2.615 0.0000000000
104652  34.070  12.046  -2.699 0.0000000000
104653  33.565  11.916  -3.130 0.0000000000
104655  64.818  12.484  -3.326 0.0000000000
104656  64.118  12.499  -3.503 0.0000000000
104657  63.260  12.625  -3.386 0.0000000000
104658  62.593  12.855  -3.185 0.0000000000
104659  57.905  11.839  -3.413 0.0000000000
104660  57.375  11.913  -3.194 0.0000000000
104661  56.870  11.953  -2.898 0.0000000000
104662  40.067  12.863  -4.176 0.0000000000
104663  39.289  12.678  -4.038 0.0000000000
104664  38.365  12.621  -3.934 0.0000000000
104665  37.329  12.741  -3.822 0.0000000000
104666  36.311  12.835  -3.511 0.0000000000
104667  35.347  12.896  -3.365 0.0000000000
104668  34.400  12.770  -3.371 0.0000000000
104669  33.379  12.512  -3.717 0.0000000000
104670  32.828  12.082  -4.198 0.0000000000
104672  40.178  12.745  -5.094 0.0000000000
104673  39.490  12.652  -4.930 0.0000000000
104674  38.698  12.798  -4.853 0.0000000000
104675  37.915  12.865  -4.430 0.0000000000
104676  33.130  13.013  -4.324 0.0000000000
104677  32.774  12.554  -4.698 0.0000000000
104679  40.852  12.860  -6.036 0.0000000000
104680  40.316  12.822  -5.799 0.0000000000
104681  39.743  12.773  -5.689 0.0000000000
104682  39.235  12.793  -5.299 0.0000000000
104683  32.586  12.650  -5.711 0.0000000000
104685  40.807  12.906  -6.391 0.0000000000
104686  40.461  12.862  -6.230 0.0000000000
104687  40.136  12.809  -6.034 0.0000000000
105661  59.926  13.185  17.705 0.0000000000
105662  59.428  13.527  17.727 0.0000000000
105663  58.893  13.476  17.674 0.0000000000
105669  60.103  12.923  17.532 0.0000000000
105670  60.017  13.557  16.954 0.0000000000
105671  59.029  14.067  17.506 0.0000000000
105672  58.315  13.894  17.089 0.0000000000
105673  57.550  13.520  16.604 0.0000000000
105678  59.575  13.957  15.957 0.0000000000
105679  57.644  14.199  16.315 0.0000000000
105680  57.019  13.602  15.980 0.0000000000
105686  59.444  14.210  14.933 0.0000000000
105687  57.185  14.321  15.661 0.0000000000
105688  56.619  13.849  15.007 0.0000000000
105689  56.089  13.499  14.411 0.0000000000
105699  59.528  14.046  13.781 0.0000000000
105700  59.354  13.447  12.980 0.0000000000
105701  56.338  14.072  14.232 0.0000000000
105702  55.725  13.723  13.697 0.0000000000
105703  55.116  13.333  13.207 0.0000000000
105709  63.026  13.273  11.455 0.0000000000
105710  62.807  13.594  11.639 0.0000000000
105711  62.348  13.516  12.073 0.0000000000
105712  61.491  13.760  12.430 0.0000000000
105713  60.241  13.657  12.615 0.0000000000
105714  59.531  13.328  12.637 0.0000000000
105715  55.422  13.892  12.854 0.0000000000
105716  54.664  13.290  12.503 0.0000000000
105717  54.066  13.142  11.916 0.0000000000
105723  63.169  13.459  11.113 0.0000000000
105724  62.832  14.079  11.386 0.0000000000
105725  61.775  13.178  12.017 0.0000000000
105726  60.953  13.289  11.967 0.0000000000
105727  60.448  13.224  12.023 0.0000000000
105728  55.356  14.092  12.050 0.0000000000
105729  54.624  13.624  11.547 0.0000000000
105730  53.752  13.165  11.269 0.0000000000
105731  53.177  13.025  10.866 0.0000000000
105740  63.236  13.455  10.323 0.0000000000
105741  62.996  13.722  10.059 0.0000000000
105742  59.419  14.232  10.186 0.0000000000
105743  58.930  14.212  10.232 0.0000000000
105744  57.901  14.203  10.360 0.0000000000
105745  56.820  14.218  10.586 0.0000000000
105746  55.665  14.121  11.080 0.0000000000
105747  54.476  13.484  10.714 0.0000000000
105748  53.660  13.195  10.456 0.0000000000
105749  53.104  13.066  10.244 0.0000000000
105754  63.171  13.355  9.753 0.0000000000
105755  62.748  13.569  9.592 0.0000000000
105756  62.025  13.439  9.210 0.0000000000
105757  60.944  13.567  9.272 0.0000000000
105758  59.702  13.906  9.770 0.0000000000
105759  58.413  13.634  9.702 0.0000000000
105760  57.272  13.646  9.764 0.0000000000
105761  56.146  13.636  9.956 0.0000000000
105762  55.070  13.486  10.037 0.0000000000
105763  54.167  13.293  9.943 0.0000000000
105764  53.462  13.080  9.756 0.0000000000
105765  53.103  13.041  9.917 0.0000000000
105766  47.050  14.053  9.300 0.0000000000
105767  46.799  13.328  9.286 0.0000000000
105769  61.402  13.059  8.718 0.0000000000
105770  60.770  13.002  8.589 0.0000000000
105771  60.018  13.142  8.773 0.0000000000
105772  58.959  13.066  8.954 0.0000000000
105773  57.817  13.053  8.979 0.0000000000
105774  56.695  13.153  9.020 0.0000000000
105775  55.596  13.184  9.140 0.0000000000
105776  54.575  13.151  9.297 0.0000000000
105777  53.968  13.135  9.454 0.0000000000
105778  48.234  13.957  8.025 0.0000000000
105779  47.652  13.605  8.357 0.0000000000
105780  47.078  13.444  8.847 0.0000000000
105782  49.414  13.515  7.316 0.0000000000
105783  48.646  13.672  7.690 0.0000000000
105784  48.164  13.610  7.953 0.0000000000
105786  54.701  13.015  5.833 0.0000000000
105787  53.798  13.105  6.092 0.0000000000
105788  52.957  13.296  6.335 0.0000000000
105789  52.163  13.569  6.470 0.0000000000
105790  51.240  13.640  6.705 0.0000000000
105791  50.518  13.713  6.891 0.0000000000
105792  50.017  13.775  7.086 0.0000000000
105795  56.742  13.167  4.731 0.0000000000
105796  55.951  13.496  4.982 0.0000000000
105797  55.155  13.542  5.199 0.0000000000
105798  54.339  13.648  5.460 0.0000000000
105799  53.509  13.733  5.805 0.0000000000
105800  52.862  13.790  6.053 0.0000000000
105803  64.156  13.651  4.109 0.0000000000
105804  63.448  13.682  4.264 0.0000000000
105805  62.471  13.679  4.091 0.0000000000
105806  58.056  13.581  3.822 0.0000000000
105807  57.185  13.754  4.129 0.0000000000
105808  56.494  13.818  4.470 0.0000000000
105811  64.267  13.690  3.491 0.0000000000
105812  63.932  13.149  3.186 0.0000000000
105813  61.559  13.580  3.864 0.0000000000
105814  60.808  13.509  3.671 0.0000000000
105815  60.005  13.564  3.452 0.0000000000
105816  59.233  13.666  3.460 0.0000000000
105817  58.677  13.802  3.564 0.0000000000
105820  64.270  14.139  2.968 0.0000000000
105821  63.672  13.577  2.747 0.0000000000
105822  62.902  13.592  2.130 0.0000000000
105825  62.406  13.645  1.546 0.0000000000
105826  62.043  13.630  0.994 0.0000000000
105828  62.327  13.746  0.052 0.0000000000
105829  62.155  13.665  0.573 0.0000000000
105831  63.220  13.932  -0.929 0.0000000000
105832  62.727  13.850  -0.471 0.0000000000
105833  52.538  12.957  -0.797 0.0000000000
105834  51.781  12.957  -0.787 0.0000000000
105835  50.877  13.016  -0.774 0.0000000000
105836  49.938  13.112  -0.709 0.0000000000
105837  48.960  13.202  -0.619 0.0000000000
105838  47.940  13.257  -0.593 0.0000000000
105839  46.908  13.344  -0.582 0.0000000000
105840  45.893  13.400  -0.597 0.0000000000
105841  44.907  13.358  -0.716 0.0000000000
105842  43.930  13.343  -0.890 0.0000000000
105843  42.980  13.218  -1.071 0.0000000000
105844  42.369  13.063  -1.141 0.0000000000
105846  64.903  13.210  -2.203 0.0000000000
105847  64.510  13.748  -1.880 0.0000000000
105848  63.874  13.611  -1.417 0.0000000000
105849  56.301  13.414  -1.840 0.0000000000
105850  55.426  13.414  -1.523 0.0000000000
105851  54.446  13.452  -1.210 0.0000000000
105852  53.226  13.474  -1.022 0.0000000000
105853  52.131  13.660  -1.156 0.0000000000
105854  51.191  13.669  -1.270 0.0000000000
105855  50.259  13.704  -1.294 0.0000000000
105856  49.307  13.744  -1.281 0.0000000000
105857  48.327  13.770  -1.279 0.0000000000
105858  47.330  13.829  -1.263 0.0000000000
105859  46.326  13.872  -1.261 0.0000000000
105860  45.347  13.851  -1.300 0.0000000000
105861  44.426  13.807  -1.413 0.0000000000
105862  43.423  13.826  -1.848 0.0000000000
105863  42.208  13.354  -1.774 0.0000000000
105864  41.565  13.211  -2.006 0.0000000000
105866  65.083  13.498  -2.703 0.0000000000
105867  64.834  13.672  -2.332 0.0000000000
105868  62.288  13.398  -3.265 0.0000000000
105869  61.669  13.858  -3.063 0.0000000000
105870  60.556  13.771  -2.604 0.0000000000
105871  59.519  13.596  -2.470 0.0000000000
105872  58.532  13.394  -2.474 0.0000000000
105873  57.623  13.213  -2.397 0.0000000000
105874  56.920  13.025  -2.229 0.0000000000
105875  43.280  14.106  -2.541 0.0000000000
105876  42.538  13.913  -2.876 0.0000000000
105877  41.398  13.316  -2.646 0.0000000000
105878  40.791  13.124  -2.917 0.0000000000
105880  65.054  13.332  -3.325 0.0000000000
105881  64.568  13.489  -3.855 0.0000000000
105882  63.779  13.321  -3.921 0.0000000000
105883  62.934  13.698  -3.831 0.0000000000
105884  62.296  13.877  -3.524 0.0000000000
105885  42.235  13.965  -4.158 0.0000000000
105886  41.470  13.602  -3.701 0.0000000000
105887  40.743  13.194  -3.463 0.0000000000
105888  38.929  13.845  -5.030 0.0000000000
105889  38.223  13.598  -4.541 0.0000000000
105890  37.511  13.418  -4.162 0.0000000000
105891  36.589  13.512  -3.850 0.0000000000
105892  35.686  13.553  -3.793 0.0000000000
105893  34.669  13.624  -3.979 0.0000000000
105894  33.948  13.225  -3.796 0.0000000000
105896  64.498  14.057  -4.328 0.0000000000
105897  64.065  13.877  -4.439 0.0000000000
105898  63.547  13.848  -4.267 0.0000000000
105899  42.858  13.728  -5.563 0.0000000000
105900  42.103  13.786  -5.211 0.0000000000
105901  41.379  13.616  -4.779 0.0000000000
105902  40.700  13.237  -4.430 0.0000000000
105903  39.237  13.436  -5.724 0.0000000000
105904  38.646  13.253  -5.151 0.0000000000
105905  38.073  13.128  -4.773 0.0000000000
105906  34.341  14.056  -4.452 0.0000000000
105907  33.618  13.642  -4.524 0.0000000000
105908  33.027  13.172  -4.628 0.0000000000
105910  44.456  13.616  -6.954 0.0000000000
105911  43.617  13.536  -6.635 0.0000000000
105912  42.864  13.457  -6.353 0.0000000000
105913  42.132  13.311  -6.026 0.0000000000
105914  41.377  13.334  -5.711 0.0000000000
105915  40.741  13.122  -5.355 0.0000000000
105916  39.669  13.093  -6.057 0.0000000000
105917  39.133  12.959  -5.544 0.0000000000
105918  33.249  13.988  -5.642 0.0000000000
105919  32.888  13.290  -5.175 0.0000000000
105921  44.432  13.786  -7.770 0.0000000000
105922  43.707  13.640  -7.385 0.0000000000
105923  42.915  13.495  -7.039 0.0000000000
105924  42.145  13.315  -6.725 0.0000000000
105925  41.326  13.044  -6.474 0.0000000000
105926  40.697  13.024  -6.632 0.0000000000
105927  40.132  12.921  -6.217 0.0000000000
105928  33.176  14.015  -6.642 0.0000000000
105929  32.771  13.355  -6.108 0.0000000000
105931  44.382  13.971  -8.117 0.0000000000
105932  43.821  13.889  -7.953 0.0000000000
105933  43.009  13.794  -7.543 0.0000000000
105934  42.188  13.552  -7.201 0.0000000000
105935  41.520  13.272  -6.944 0.0000000000
105936  41.133  13.064  -6.829 0.0000000000
106962  59.550  14.014  17.268 0.0000000000
106963  59.278  14.121  17.413 0.0000000000
106974  59.444  14.642  16.369 0.0000000000
106975  58.981  14.688  16.975 0.0000000000
106976  58.171  14.803  16.535 0.0000000000
106983  59.656  14.924  15.387 0.0000000000
106984  57.589  14.918  15.990 0.0000000000
106988  60.567  15.363  13.845 0.0000000000
106989  60.023  15.011  14.420 0.0000000000
106990  57.114  14.954  15.014 0.0000000000
106991  56.620  14.461  14.493 0.0000000000
106998  61.659  15.002  12.988 0.0000000000
106999  61.171  15.076  13.457 0.0000000000
107000  60.462  14.636  13.603 0.0000000000
107001  57.099  15.467  14.413 0.0000000000
107002  56.480  14.878  13.768 0.0000000000
107003  55.844  14.284  13.227 0.0000000000
107008  62.450  14.494  11.938 0.0000000000
107009  61.938  14.437  12.551 0.0000000000
107010  61.330  14.404  12.977 0.0000000000
107011  60.877  14.463  13.217 0.0000000000
107012  56.521  15.200  12.742 0.0000000000
107013  55.935  14.538  12.721 0.0000000000
107019  62.973  14.013  10.796 0.0000000000
107020  62.442  14.630  11.227 0.0000000000
107021  62.062  14.979  11.191 0.0000000000
107022  60.460  15.400  11.200 0.0000000000
107023  59.356  15.445  11.265 0.0000000000
107024  58.263  15.418  11.458 0.0000000000
107025  57.307  15.263  11.733 0.0000000000
107026  56.585  15.055  11.967 0.0000000000
107027  56.031  14.655  11.995 0.0000000000
107038  62.983  13.858  10.366 0.0000000000
107039  62.572  14.130  10.267 0.0000000000
107040  61.756  14.718  10.695 0.0000000000
107041  60.741  14.819  10.645 0.0000000000
107042  59.669  14.621  10.572 0.0000000000
107043  58.586  14.803  10.790 0.0000000000
107044  57.544  14.815  11.012 0.0000000000
107045  56.635  14.722  11.343 0.0000000000
107046  56.216  14.637  11.613 0.0000000000
107054  62.340  13.880  9.686 0.0000000000
107055  61.788  14.077  9.827 0.0000000000
107056  60.866  14.256  10.081 0.0000000000
107057  60.235  14.393  10.270 0.0000000000
107058  47.984  14.958  9.139 0.0000000000
107059  47.460  14.654  9.444 0.0000000000
107061  48.999  14.838  8.221 0.0000000000
107062  48.214  14.517  8.423 0.0000000000
107063  47.595  14.416  8.862 0.0000000000
107065  50.114  14.621  7.496 0.0000000000
107066  49.307  14.332  7.658 0.0000000000
107067  48.660  14.281  7.965 0.0000000000
107069  51.949  14.350  6.497 0.0000000000
107070  51.037  14.288  6.791 0.0000000000
107071  50.371  14.226  7.076 0.0000000000
107072  49.829  14.107  7.292 0.0000000000
107074  55.540  14.001  4.865 0.0000000000
107075  55.018  14.430  5.005 0.0000000000
107076  54.006  14.424  5.471 0.0000000000
107077  53.190  14.323  5.824 0.0000000000
107078  52.575  14.141  6.145 0.0000000000
107080  63.999  14.611  4.474 0.0000000000
107081  63.027  14.611  4.409 0.0000000000
107082  61.747  14.542  4.018 0.0000000000
107083  61.116  14.916  3.958 0.0000000000
107084  58.693  14.896  3.622 0.0000000000
107085  57.774  14.626  3.800 0.0000000000
107086  56.776  14.557  4.191 0.0000000000
107087  56.033  14.297  4.656 0.0000000000
107088  55.585  14.371  4.831 0.0000000000
107090  64.425  14.507  4.007 0.0000000000
107091  61.219  13.990  3.754 0.0000000000
107092  60.697  14.376  3.673 0.0000000000
107093  59.753  14.308  3.429 0.0000000000
107094  59.024  14.295  3.458 0.0000000000
107095  58.435  14.235  3.596 0.0000000000
107097  64.419  14.679  3.362 0.0000000000
107098  63.885  14.710  2.588 0.0000000000
107099  63.416  14.082  2.292 0.0000000000
107102  63.496  15.141  2.107 0.0000000000
107103  63.052  14.486  1.804 0.0000000000
107104  62.313  14.296  1.236 0.0000000000
107106  62.362  14.736  0.333 0.0000000000
107107  62.199  14.151  0.689 0.0000000000
107109  63.216  14.987  -0.913 0.0000000000
107110  62.700  14.485  -0.372 0.0000000000
107112  64.304  14.806  -2.070 0.0000000000
107113  63.819  14.449  -1.486 0.0000000000
107114  56.506  14.428  -1.843 0.0000000000
107115  55.815  14.291  -1.634 0.0000000000
107116  54.919  14.369  -1.512 0.0000000000
107117  53.746  14.672  -1.617 0.0000000000
107118  52.549  14.407  -1.601 0.0000000000
107119  51.540  14.356  -1.752 0.0000000000
107120  50.578  14.325  -1.869 0.0000000000
107121  49.633  14.272  -1.940 0.0000000000
107122  48.680  14.241  -1.982 0.0000000000
107123  47.709  14.259  -2.001 0.0000000000
107124  46.715  14.300  -2.001 0.0000000000
107125  45.720  14.283  -2.004 0.0000000000
107126  44.770  14.232  -1.975 0.0000000000
107127  44.130  14.120  -1.922 0.0000000000
107129  64.940  14.454  -2.909 0.0000000000
107130  64.740  14.235  -2.461 0.0000000000
107131  61.587  14.545  -3.476 0.0000000000
107132  60.943  14.830  -3.133 0.0000000000
107133  59.920  14.614  -2.629 0.0000000000
107134  58.905  14.420  -2.439 0.0000000000
107135  57.897  14.226  -2.295 0.0000000000
107136  57.039  13.911  -2.107 0.0000000000
107137  53.424  15.306  -2.140 0.0000000000
107138  52.835  15.103  -2.153 0.0000000000
107139  51.937  14.946  -2.314 0.0000000000
107140  50.972  14.833  -2.645 0.0000000000
107141  49.981  14.674  -2.705 0.0000000000
107142  49.037  14.548  -2.776 0.0000000000
107143  48.085  14.533  -2.822 0.0000000000
107144  47.104  14.560  -2.856 0.0000000000
107145  46.098  14.515  -2.885 0.0000000000
107146  45.059  14.510  -2.849 0.0000000000
107147  43.920  14.371  -2.658 0.0000000000
107148  43.235  14.228  -2.921 0.0000000000
107152  38.511  14.670  -2.979 0.0000000000
107153  37.723  14.712  -2.936 0.0000000000
107155  65.085  14.086  -3.273 0.0000000000
107156  65.017  13.932  -3.695 0.0000000000
107157  62.844  14.233  -4.233 0.0000000000
107158  62.269  14.527  -4.043 0.0000000000
107159  61.497  14.934  -3.738 0.0000000000
107160  50.968  15.197  -3.269 0.0000000000
107161  50.349  15.104  -3.516 0.0000000000
107162  49.402  14.856  -3.574 0.0000000000
107163  48.478  14.727  -3.663 0.0000000000
107164  47.524  14.638  -3.757 0.0000000000
107165  46.530  14.540  -3.843 0.0000000000
107166  45.483  14.492  -3.887 0.0000000000
107167  44.365  14.499  -3.856 0.0000000000
107168  43.227  14.341  -3.731 0.0000000000
107171  39.754  14.512  -4.459 0.0000000000
107172  38.753  14.170  -3.986 0.0000000000
107173  37.892  14.080  -3.686 0.0000000000
107174  37.013  14.375  -3.418 0.0000000000
107175  36.008  14.481  -3.642 0.0000000000
107176  35.333  14.224  -4.052 0.0000000000
107178  65.006  14.417  -3.642 0.0000000000
107179  64.844  14.356  -4.121 0.0000000000
107180  64.372  14.530  -4.721 0.0000000000
107181  63.344  14.542  -4.746 0.0000000000
107182  62.640  14.889  -4.754 0.0000000000
107183  49.755  15.125  -4.359 0.0000000000
107184  48.902  14.928  -4.485 0.0000000000
107185  47.996  14.724  -4.638 0.0000000000
107186  47.033  14.499  -4.793 0.0000000000
107187  45.984  14.308  -4.934 0.0000000000
107188  44.864  14.214  -4.982 0.0000000000
107189  43.700  14.078  -4.977 0.0000000000
107190  42.825  14.021  -4.725 0.0000000000
107191  41.388  15.068  -5.203 0.0000000000
107192  40.583  14.629  -5.430 0.0000000000
107193  39.678  14.105  -5.694 0.0000000000
107194  35.415  14.916  -3.896 0.0000000000
107195  34.836  14.668  -4.406 0.0000000000
107196  34.207  14.395  -4.738 0.0000000000
107198  64.055  14.852  -5.224 0.0000000000
107199  63.737  15.060  -5.394 0.0000000000
107200  49.386  15.075  -5.263 0.0000000000
107201  48.544  14.775  -5.471 0.0000000000
107202  47.623  14.503  -5.694 0.0000000000
107203  46.605  14.240  -5.930 0.0000000000
107204  45.402  13.908  -6.199 0.0000000000
107205  44.271  13.707  -5.934 0.0000000000
107206  43.478  13.610  -5.897 0.0000000000
107207  42.187  14.912  -6.685 0.0000000000
107208  41.545  14.737  -6.297 0.0000000000
107209  40.519  14.176  -6.421 0.0000000000
107210  39.954  13.550  -6.245 0.0000000000
107211  34.391  14.999  -4.899 0.0000000000
107212  33.884  14.660  -5.341 0.0000000000
107214  49.143  14.860  -6.240 0.0000000000
107215  48.277  14.546  -6.520 0.0000000000
107216  47.317  14.331  -6.819 0.0000000000
107217  46.279  14.129  -7.114 0.0000000000
107218  45.277  13.857  -7.465 0.0000000000
107219  43.055  14.633  -7.552 0.0000000000
107220  42.370  14.605  -7.231 0.0000000000
107221  41.323  14.177  -7.179 0.0000000000
107222  40.698  13.535  -6.816 0.0000000000
107223  40.206  13.200  -6.422 0.0000000000
107224  33.593  14.710  -6.274 0.0000000000
107226  48.948  14.666  -7.271 0.0000000000
107227  48.050  14.472  -7.604 0.0000000000
107228  47.095  14.380  -7.898 0.0000000000
107229  46.077  14.242  -8.083 0.0000000000
107230  45.019  14.137  -8.189 0.0000000000
107231  44.285  14.332  -8.205 0.0000000000
107232  43.266  14.341  -7.791 0.0000000000
107233  42.215  13.978  -7.499 0.0000000000
107234  41.469  13.593  -7.166 0.0000000000
107235  41.066  13.247  -6.984 0.0000000000
107239  48.772  14.611  -8.291 0.0000000000
107240  47.934  14.586  -8.589 0.0000000000
107241  47.059  14.725  -8.742 0.0000000000
107242  45.884  14.670  -8.460 0.0000000000
107243  44.944  14.621  -8.402 0.0000000000
107244  44.475  14.729  -8.350 0.0000000000
107248  48.658  14.700  -9.094 0.0000000000
107249  48.094  14.801  -9.418 0.0000000000
108227  59.081  15.451  16.279 0.0000000000
108228  58.474  15.394  16.300 0.0000000000
108229  57.998  15.249  16.221 0.0000000000
108242  59.328  15.612  15.488 0.0000000000
108243  58.655  15.991  15.513 0.0000000000
108244  57.886  15.490  15.735 0.0000000000
108254  60.186  15.850  14.191 0.0000000000
108255  59.715  15.562  14.796 0.0000000000
108256  58.369  16.217  14.584 0.0000000000
108257  57.685  15.797  14.916 0.0000000000
108270  61.370  15.550  13.082 0.0000000000
108271  60.797  15.859  13.547 0.0000000000
108272  58.381  16.407  13.697 0.0000000000
108273  57.318  15.929  13.881 0.0000000000
108274  56.794  15.494  13.356 0.0000000000
108284  62.248  15.048  11.958 0.0000000000
108285  61.841  15.297  12.391 0.0000000000
108286  60.935  16.198  12.811 0.0000000000
108287  59.753  16.359  12.739 0.0000000000
108288  58.660  16.351  12.826 0.0000000000
108289  57.644  16.149  12.990 0.0000000000
108290  57.008  15.733  13.084 0.0000000000
108294  62.303  14.880  11.728 0.0000000000
108295  61.996  15.193  11.602 0.0000000000
108296  61.284  15.824  11.782 0.0000000000
108297  60.175  16.015  11.913 0.0000000000
108298  59.012  16.076  11.967 0.0000000000
108299  57.949  15.898  12.186 0.0000000000
108300  57.127  15.572  12.448 0.0000000000
108308  61.847  15.101  11.173 0.0000000000
108309  61.397  15.267  11.165 0.0000000000
108323  50.279  15.621  8.402 0.0000000000
108324  49.489  15.431  8.634 0.0000000000
108325  48.682  15.231  8.839 0.0000000000
108327  52.067  15.591  7.193 0.0000000000
108328  51.298  15.402  7.482 0.0000000000
108329  50.538  15.239  7.758 0.0000000000
108330  49.771  15.044  8.002 0.0000000000
108332  53.020  15.400  6.333 0.0000000000
108333  52.337  15.165  6.592 0.0000000000
108334  51.549  14.962  6.882 0.0000000000
108335  50.810  14.795  7.211 0.0000000000
108337  56.976  16.346  4.597 0.0000000000
108338  56.379  16.003  4.681 0.0000000000
108339  55.487  15.479  4.896 0.0000000000
108340  54.513  15.285  5.280 0.0000000000
108341  53.585  15.178  5.805 0.0000000000
108342  52.772  14.746  6.171 0.0000000000
108344  64.085  15.118  4.534 0.0000000000
108345  63.655  15.490  4.467 0.0000000000
108346  62.363  15.598  4.365 0.0000000000
108347  61.206  15.624  4.202 0.0000000000
108348  60.287  15.787  4.108 0.0000000000
108349  59.294  15.621  3.900 0.0000000000
108350  58.260  15.591  3.917 0.0000000000
108351  57.210  15.695  4.183 0.0000000000
108352  56.252  15.131  4.548 0.0000000000
108353  55.681  14.740  4.781 0.0000000000
108355  64.286  15.165  4.356 0.0000000000
108356  64.262  15.838  4.136 0.0000000000
108357  60.705  15.149  3.906 0.0000000000
108358  60.049  15.040  3.663 0.0000000000
108359  59.373  14.853  3.545 0.0000000000
108361  64.463  15.213  3.863 0.0000000000
108362  64.299  15.725  3.228 0.0000000000
108365  63.768  15.739  2.354 0.0000000000
108366  63.179  15.538  1.646 0.0000000000
108367  62.595  14.952  1.295 0.0000000000
108370  62.546  15.556  0.871 0.0000000000
108371  62.185  14.795  0.922 0.0000000000
108373  63.256  15.831  -0.834 0.0000000000
108374  62.746  15.553  -0.145 0.0000000000
108376  64.259  15.586  -2.164 0.0000000000
108377  63.770  15.526  -1.538 0.0000000000
108378  56.593  14.837  -1.864 0.0000000000
108379  56.253  14.929  -1.783 0.0000000000
108380  55.470  15.075  -1.724 0.0000000000
108381  54.646  15.168  -1.775 0.0000000000
108385  64.870  14.824  -2.975 0.0000000000
108386  64.674  15.175  -2.733 0.0000000000
108387  60.744  15.354  -3.352 0.0000000000
108388  60.246  15.548  -3.112 0.0000000000
108389  59.313  15.366  -2.649 0.0000000000
108390  58.316  15.274  -2.392 0.0000000000
108391  57.048  15.099  -2.057 0.0000000000
108392  56.102  15.688  -1.970 0.0000000000
108393  55.138  15.813  -2.106 0.0000000000
108394  54.054  15.713  -2.322 0.0000000000
108395  53.167  15.604  -2.646 0.0000000000
108396  52.371  15.449  -2.873 0.0000000000
108397  51.536  15.295  -3.088 0.0000000000
108403  37.318  15.389  -2.640 0.0000000000
108405  64.931  14.776  -3.264 0.0000000000
108406  64.865  15.475  -3.440 0.0000000000
108407  61.718  15.139  -4.168 0.0000000000
108408  61.064  15.632  -3.878 0.0000000000
108409  60.408  16.012  -3.547 0.0000000000
108410  53.555  16.072  -2.988 0.0000000000
108411  52.890  15.967  -3.445 0.0000000000
108412  52.019  15.679  -3.668 0.0000000000
108413  51.124  15.471  -3.882 0.0000000000
108414  50.439  15.353  -4.314 0.0000000000
108418  36.533  15.408  -3.039 0.0000000000
108419  35.877  15.568  -3.506 0.0000000000
108421  64.931  14.877  -3.780 0.0000000000
108422  64.767  15.327  -4.358 0.0000000000
108423  64.421  15.138  -5.074 0.0000000000
108424  62.851  15.086  -5.115 0.0000000000
108425  62.185  15.547  -4.915 0.0000000000
108426  61.446  16.004  -4.576 0.0000000000
108427  52.462  16.092  -4.127 0.0000000000
108428  51.817  15.883  -4.599 0.0000000000
108429  50.927  15.599  -4.829 0.0000000000
108430  50.180  15.313  -5.069 0.0000000000
108434  35.364  15.647  -4.081 0.0000000000
108435  34.868  15.619  -4.703 0.0000000000
108437  64.539  15.759  -5.161 0.0000000000
108438  64.141  15.407  -5.603 0.0000000000
108439  63.313  15.574  -5.764 0.0000000000
108440  62.684  15.887  -5.719 0.0000000000
108441  51.439  15.896  -5.480 0.0000000000
108442  50.697  15.563  -5.717 0.0000000000
108443  49.934  15.231  -5.978 0.0000000000
108447  42.526  15.162  -6.043 0.0000000000
108448  41.853  15.082  -5.647 0.0000000000
108449  34.446  15.548  -5.449 0.0000000000
108450  33.933  15.266  -6.011 0.0000000000
108452  64.394  15.994  -5.741 0.0000000000
108453  64.100  15.924  -6.197 0.0000000000
108454  63.737  16.103  -6.425 0.0000000000
108455  51.269  15.823  -6.353 0.0000000000
108456  50.531  15.448  -6.645 0.0000000000
108457  49.750  15.069  -6.957 0.0000000000
108461  43.263  14.955  -7.119 0.0000000000
108462  42.542  14.933  -6.837 0.0000000000
108466  51.174  15.682  -7.269 0.0000000000
108467  50.415  15.262  -7.612 0.0000000000
108468  49.618  14.854  -7.963 0.0000000000
108472  44.108  14.828  -8.037 0.0000000000
108473  43.388  14.698  -7.729 0.0000000000
108478  51.083  15.544  -8.214 0.0000000000
108479  50.304  15.091  -8.596 0.0000000000
108480  49.444  14.800  -8.945 0.0000000000
108483  44.696  14.849  -8.361 0.0000000000
108484  44.336  14.918  -8.315 0.0000000000
108488  50.959  15.474  -9.147 0.0000000000
108489  50.154  15.107  -9.535 0.0000000000
108490  49.166  14.933  -9.851 0.0000000000
108497  50.804  15.568  -9.907 0.0000000000
109420  59.065  16.109  15.184 0.0000000000
109421  58.842  16.169  15.209 0.0000000000
109429  59.959  16.189  14.117 0.0000000000
109430  59.519  16.109  14.627 0.0000000000
109431  58.958  16.303  14.977 0.0000000000
109443  60.281  16.204  13.792 0.0000000000
109444  59.806  16.439  14.010 0.0000000000
109445  59.101  16.522  14.302 0.0000000000
109461  60.560  16.191  13.416 0.0000000000
109462  60.179  16.382  13.427 0.0000000000
109463  59.348  16.534  13.522 0.0000000000
109505  51.837  15.975  7.897 0.0000000000
109506  51.063  15.792  8.158 0.0000000000
109511  52.829  15.832  6.876 0.0000000000
109523  63.712  16.136  4.223 0.0000000000
109524  62.753  16.495  4.089 0.0000000000
109525  61.380  16.723  4.506 0.0000000000
109526  60.570  16.554  4.585 0.0000000000
109527  59.632  16.620  4.489 0.0000000000
109528  58.624  16.375  4.260 0.0000000000
109529  57.950  16.133  4.232 0.0000000000
109531  63.745  16.403  3.718 0.0000000000
109532  63.048  16.891  3.387 0.0000000000
109536  63.627  16.672  2.728 0.0000000000
109537  63.057  17.060  2.862 0.0000000000
109541  63.454  16.369  1.932 0.0000000000
109542  63.064  16.337  1.313 0.0000000000
109545  62.869  16.412  0.501 0.0000000000
109547  63.477  16.432  -1.195 0.0000000000
109548  63.082  16.470  -0.389 0.0000000000
109550  64.397  15.890  -2.421 0.0000000000
109551  64.032  16.361  -1.991 0.0000000000
109557  64.477  16.289  -2.798 0.0000000000
109558  64.061  16.774  -2.379 0.0000000000
109559  59.590  15.930  -2.909 0.0000000000
109560  58.914  16.299  -2.796 0.0000000000
109561  57.844  16.130  -2.460 0.0000000000
109562  56.864  16.278  -2.397 0.0000000000
109563  55.847  16.525  -2.578 0.0000000000
109564  54.838  16.429  -2.711 0.0000000000
109565  54.138  16.363  -3.008 0.0000000000
109575  64.692  16.207  -3.688 0.0000000000
109576  60.488  16.425  -3.913 0.0000000000
109577  59.865  16.402  -3.331 0.0000000000
109578  59.308  16.838  -3.231 0.0000000000
109579  55.373  16.931  -3.109 0.0000000000
109580  54.677  16.891  -3.501 0.0000000000
109581  53.710  16.559  -3.671 0.0000000000
109582  53.041  16.419  -4.129 0.0000000000
109586  36.455  16.437  -3.095 0.0000000000
109587  36.010  16.487  -3.737 0.0000000000
109590  64.618  16.335  -4.516 0.0000000000
109591  61.578  16.410  -5.021 0.0000000000
109592  61.020  16.425  -4.449 0.0000000000
109593  54.279  17.059  -4.162 0.0000000000
109594  53.648  16.857  -4.655 0.0000000000
109595  52.712  16.391  -4.879 0.0000000000
109596  52.099  16.177  -5.362 0.0000000000
109600  35.598  16.490  -4.507 0.0000000000
109601  35.003  16.183  -5.124 0.0000000000
109604  64.553  16.511  -5.339 0.0000000000
109605  62.901  16.066  -6.100 0.0000000000
109606  62.369  16.463  -5.870 0.0000000000
109607  53.345  16.856  -5.527 0.0000000000
109608  52.632  16.527  -5.803 0.0000000000
109609  51.948  16.218  -6.092 0.0000000000
109617  64.409  16.545  -6.083 0.0000000000
109618  64.097  16.546  -6.707 0.0000000000
109619  63.326  16.565  -6.687 0.0000000000
109620  62.675  16.860  -6.525 0.0000000000
109621  53.246  16.871  -6.369 0.0000000000
109622  52.566  16.503  -6.654 0.0000000000
109623  51.880  16.110  -6.952 0.0000000000
109629  63.931  16.876  -7.101 0.0000000000
109630  63.739  17.041  -7.163 0.0000000000
109631  53.209  16.812  -7.218 0.0000000000
109632  52.526  16.416  -7.519 0.0000000000
109633  51.834  15.977  -7.851 0.0000000000
109640  53.176  16.720  -8.059 0.0000000000
109641  52.479  16.359  -8.390 0.0000000000
109642  51.714  15.979  -8.772 0.0000000000
109648  53.109  16.644  -8.791 0.0000000000
109649  52.455  16.437  -9.330 0.0000000000
109650  51.531  15.989  -9.660 0.0000000000
110698  62.229  17.170  3.623 0.0000000000
110699  61.385  17.506  4.173 0.0000000000
110701  62.410  17.198  2.963 0.0000000000
110702  61.361  17.735  3.241 0.0000000000
110703  60.811  18.239  2.858 0.0000000000
110707  63.292  16.854  1.959 0.0000000000
110708  62.829  17.169  2.236 0.0000000000
110709  61.829  17.461  2.310 0.0000000000
110710  60.968  17.900  2.306 0.0000000000
110714  63.258  16.714  1.616 0.0000000000
110715  62.961  17.081  1.213 0.0000000000
110716  62.153  17.386  1.491 0.0000000000
110717  61.384  17.669  1.543 0.0000000000
110720  62.851  17.117  0.119 0.0000000000
110721  62.159  17.537  0.542 0.0000000000
110722  61.741  17.583  1.047 0.0000000000
110724  63.604  16.967  -1.518 0.0000000000
110725  63.140  17.170  -0.850 0.0000000000
110726  62.561  17.620  -0.420 0.0000000000
110728  63.860  17.059  -2.012 0.0000000000
110729  63.313  17.558  -1.648 0.0000000000
110730  62.861  17.653  -1.033 0.0000000000
110736  64.338  16.671  -3.243 0.0000000000
110737  63.859  17.288  -2.719 0.0000000000
110738  63.357  17.778  -2.162 0.0000000000
110739  58.270  16.711  -2.807 0.0000000000
110740  57.647  16.890  -2.834 0.0000000000
110741  56.742  17.046  -2.958 0.0000000000
110742  56.015  17.186  -3.156 0.0000000000
110751  64.297  16.889  -3.755 0.0000000000
110752  63.910  17.570  -3.691 0.0000000000
110753  60.155  16.814  -3.811 0.0000000000
110754  59.708  17.092  -3.659 0.0000000000
110755  58.674  17.343  -3.403 0.0000000000
110756  57.535  17.478  -3.400 0.0000000000
110757  56.641  17.615  -3.660 0.0000000000
110758  55.618  17.418  -3.772 0.0000000000
110759  54.940  17.322  -4.201 0.0000000000
110766  64.300  17.293  -4.647 0.0000000000
110767  63.918  17.843  -4.200 0.0000000000
110768  61.129  16.832  -4.820 0.0000000000
110769  60.492  17.219  -4.458 0.0000000000
110770  59.586  17.587  -4.058 0.0000000000
110771  59.066  17.804  -4.039 0.0000000000
110772  56.277  17.790  -4.287 0.0000000000
110773  55.630  17.678  -4.744 0.0000000000
110774  54.617  17.356  -4.928 0.0000000000
110775  54.006  17.185  -5.400 0.0000000000
110781  64.480  17.234  -5.621 0.0000000000
110782  61.397  17.214  -5.389 0.0000000000
110783  60.838  17.594  -5.094 0.0000000000
110784  55.329  17.739  -5.587 0.0000000000
110785  54.593  17.496  -5.838 0.0000000000
110786  53.914  17.229  -6.112 0.0000000000
110793  64.405  17.316  -6.472 0.0000000000
110794  64.196  17.141  -6.968 0.0000000000
110795  62.863  17.283  -6.956 0.0000000000
110796  62.219  17.287  -6.291 0.0000000000
110797  55.217  17.803  -6.399 0.0000000000
110798  54.550  17.503  -6.656 0.0000000000
110799  53.888  17.174  -6.934 0.0000000000
110806  64.361  17.655  -6.996 0.0000000000
110807  64.082  17.464  -7.288 0.0000000000
110808  63.572  17.402  -7.267 0.0000000000
110809  55.155  17.797  -7.194 0.0000000000
110810  54.529  17.490  -7.477 0.0000000000
110811  53.854  17.150  -7.789 0.0000000000
110818  55.108  17.765  -7.893 0.0000000000
110819  54.578  17.522  -8.394 0.0000000000
110820  53.773  17.037  -8.631 0.0000000000
110826  54.288  17.407  -9.217 0.0000000000
110827  53.453  16.948  -9.493 0.0000000000
111933  60.373  18.670  2.318 0.0000000000
111934  59.999  19.026  1.875 0.0000000000
111943  60.628  18.142  1.462 0.0000000000
111944  60.052  18.785  1.391 0.0000000000
111953  61.775  17.747  0.348 0.0000000000
111954  61.300  17.872  0.610 0.0000000000
111955  60.368  18.465  0.569 0.0000000000
111961  61.849  17.892  -0.103 0.0000000000
111962  60.903  18.391  -0.472 0.0000000000
111963  60.138  18.748  -0.054 0.0000000000
111965  63.083  17.985  -1.856 0.0000000000
111966  62.316  18.101  -1.301 0.0000000000
111967  61.220  18.700  -1.467 0.0000000000
111972  63.598  17.844  -3.142 0.0000000000
111973  63.062  18.173  -2.516 0.0000000000
111974  61.832  18.804  -2.354 0.0000000000
111975  61.112  18.998  -2.004 0.0000000000
111984  63.428  18.262  -3.721 0.0000000000
111985  62.489  18.758  -3.201 0.0000000000
111986  61.911  19.002  -3.018 0.0000000000
111987  58.054  17.756  -3.750 0.0000000000
111988  57.526  17.950  -3.987 0.0000000000
111989  56.921  17.990  -4.318 0.0000000000
111996  64.296  17.701  -5.222 0.0000000000
111997  63.923  18.216  -4.777 0.0000000000
111998  60.009  17.781  -4.502 0.0000000000
111999  59.500  18.050  -4.469 0.0000000000
112000  58.517  18.109  -4.297 0.0000000000
112001  57.580  18.294  -4.733 0.0000000000
112002  56.649  18.110  -5.015 0.0000000000
112003  56.022  18.000  -5.478 0.0000000000
112008  64.363  18.061  -5.787 0.0000000000
112009  64.010  18.780  -5.463 0.0000000000
112010  61.047  17.775  -5.413 0.0000000000
112011  60.405  18.130  -5.133 0.0000000000
112012  59.363  18.580  -5.003 0.0000000000
112013  58.427  18.728  -5.204 0.0000000000
112014  57.493  18.723  -5.652 0.0000000000
112015  56.592  18.408  -5.905 0.0000000000
112016  55.893  18.114  -6.169 0.0000000000
112023  64.496  18.211  -6.666 0.0000000000
112024  62.417  17.846  -6.785 0.0000000000
112025  61.528  18.124  -6.062 0.0000000000
112026  60.775  18.876  -5.878 0.0000000000
112027  57.098  18.901  -6.472 0.0000000000
112028  56.424  18.521  -6.718 0.0000000000
112029  55.768  18.176  -6.963 0.0000000000
112035  64.397  18.287  -7.275 0.0000000000
112036  64.051  18.188  -7.657 0.0000000000
112037  63.175  18.165  -7.431 0.0000000000
112038  56.897  18.969  -7.283 0.0000000000
112039  56.300  18.522  -7.539 0.0000000000
112040  55.678  18.121  -7.765 0.0000000000
112046  56.780  18.916  -8.111 0.0000000000
112047  56.189  18.472  -8.357 0.0000000000
112048  55.462  18.024  -8.611 0.0000000000
112049  54.926  17.774  -9.097 0.0000000000
113272  60.138  19.298  2.159 0.0000000000
113281  59.969  19.524  1.542 0.0000000000
113292  59.796  19.243  0.523 0.0000000000
113303  60.636  18.825  -1.084 0.0000000000
113304  60.027  19.250  -0.718 0.0000000000
113313  60.635  19.143  -1.595 0.0000000000
113314  60.181  19.771  -1.684 0.0000000000
113321  61.595  19.162  -2.879 0.0000000000
113322  60.912  19.492  -2.540 0.0000000000
113323  60.342  20.145  -2.223 0.0000000000
113331  63.423  18.635  -4.341 0.0000000000
113332  62.876  18.972  -4.027 0.0000000000
113333  61.816  19.471  -3.577 0.0000000000
113334  61.008  20.092  -3.307 0.0000000000
113341  63.431  19.122  -4.842 0.0000000000
113342  62.617  19.649  -4.483 0.0000000000
113343  61.966  20.070  -4.392 0.0000000000
113350  64.358  18.927  -6.180 0.0000000000
113351  63.862  19.557  -5.668 0.0000000000
113352  60.046  18.984  -5.483 0.0000000000
113353  59.270  19.237  -5.662 0.0000000000
113354  58.380  19.291  -5.973 0.0000000000
113355  57.746  19.233  -6.357 0.0000000000
113362  64.650  19.095  -6.970 0.0000000000
113363  62.290  18.513  -6.980 0.0000000000
113364  61.540  19.256  -6.754 0.0000000000
113365  60.267  19.634  -6.248 0.0000000000
113366  59.163  19.784  -6.442 0.0000000000
113367  58.284  19.713  -6.796 0.0000000000
113368  57.525  19.396  -7.025 0.0000000000
113375  64.622  19.197  -7.793 0.0000000000
113376  64.008  18.996  -8.237 0.0000000000
113377  62.845  19.295  -7.636 0.0000000000
113378  62.070  20.024  -7.415 0.0000000000
113379  58.007  19.738  -7.539 0.0000000000
113380  57.398  19.357  -7.856 0.0000000000
114615  59.841  20.077  0.931 0.0000000000
114623  59.712  20.295  0.030 0.0000000000
114631  59.858  20.378  -0.955 0.0000000000
114641  60.405  20.849  -2.191 0.0000000000
114642  60.224  20.564  -1.751 0.0000000000
114652  60.556  20.520  -2.719 0.0000000000
114653  60.374  20.513  -2.216 0.0000000000
114668  61.340  20.512  -4.027 0.0000000000
114669  60.876  20.744  -3.387 0.0000000000
114683  63.124  19.989  -5.200 0.0000000000
114684  62.431  20.297  -4.873 0.0000000000
114685  61.881  20.660  -4.743 0.0000000000
114693  64.334  19.832  -6.420 0.0000000000
114694  63.609  20.596  -5.969 0.0000000000
114695  62.717  20.709  -5.362 0.0000000000
114696  62.264  20.699  -5.067 0.0000000000
114705  61.053  20.241  -7.125 0.0000000000
114706  59.890  20.343  -7.073 0.0000000000
114707  58.929  20.140  -7.199 0.0000000000
114708  58.428  19.950  -7.332 0.0000000000
116025  60.617  21.259  -2.491 0.0000000000
116038  61.115  21.478  -3.630 0.0000000000
116039  60.724  21.153  -3.061 0.0000000000
116058  61.577  21.383  -4.545 0.0000000000
116074  62.102  21.162  -5.213 0.0000000000
