#!ascii label  , from subject colin27_FS vox2ras=TkReg
1399
111184  36.132  18.144  -40.793 0.0000000000
111189  35.987  17.454  -41.255 0.0000000000
111198  35.647  16.927  -42.042 0.0000000000
111199  35.543  17.042  -43.019 0.0000000000
112420  36.126  20.169  -38.559 0.0000000000
112435  36.286  20.457  -38.702 0.0000000000
112436  36.269  20.003  -38.699 0.0000000000
112437  35.883  18.083  -38.988 0.0000000000
112454  36.171  18.440  -39.711 0.0000000000
112460  35.836  17.283  -41.717 0.0000000000
112461  35.657  17.745  -42.869 0.0000000000
112469  35.231  17.978  -44.046 0.0000000000
113754  35.850  19.920  -38.524 0.0000000000
113769  36.044  19.677  -38.763 0.0000000000
113770  36.170  19.165  -39.156 0.0000000000
113786  36.224  19.460  -40.384 0.0000000000
113801  35.877  18.319  -42.198 0.0000000000
113802  35.098  19.037  -43.952 0.0000000000
113803  34.099  20.003  -45.003 0.0000000000
113804  33.696  20.539  -45.370 0.0000000000
113812  34.690  18.501  -44.561 0.0000000000
115117  35.797  20.462  -38.198 0.0000000000
115132  35.795  20.699  -38.181 0.0000000000
115144  36.339  20.090  -39.145 0.0000000000
115145  36.496  20.229  -39.934 0.0000000000
115155  36.306  20.294  -40.744 0.0000000000
115165  36.193  20.278  -41.024 0.0000000000
115166  36.183  20.056  -40.848 0.0000000000
115176  34.991  19.992  -43.563 0.0000000000
115183  34.642  20.413  -44.507 0.0000000000
115184  34.174  20.840  -45.286 0.0000000000
115185  33.397  21.046  -45.395 0.0000000000
116553  36.325  20.776  -38.812 0.0000000000
116554  36.008  21.047  -38.597 0.0000000000
116564  36.317  20.930  -39.032 0.0000000000
116565  36.222  21.105  -39.665 0.0000000000
116574  36.365  21.060  -40.727 0.0000000000
116575  35.778  19.167  -41.654 0.0000000000
116582  36.201  20.710  -41.327 0.0000000000
116583  35.953  19.896  -41.331 0.0000000000
116596  35.732  21.034  -42.225 0.0000000000
116597  35.296  20.171  -42.584 0.0000000000
116598  35.515  19.309  -42.802 0.0000000000
116608  35.337  21.399  -43.403 0.0000000000
116609  35.052  21.012  -44.088 0.0000000000
116610  34.864  21.372  -45.141 0.0000000000
116611  33.960  21.687  -45.214 0.0000000000
116615  35.394  21.638  -44.325 0.0000000000
116616  35.307  21.657  -44.879 0.0000000000
116617  35.133  21.913  -45.145 0.0000000000
116618  32.945  21.875  -45.212 0.0000000000
117868  35.876  22.444  -38.530 0.0000000000
117886  35.885  22.309  -39.586 0.0000000000
117898  40.946  24.357  -39.686 0.0000000000
117899  35.876  22.126  -40.718 0.0000000000
117907  41.257  24.525  -40.060 0.0000000000
117908  40.772  24.683  -40.162 0.0000000000
117909  35.808  21.667  -41.675 0.0000000000
117920  35.507  22.163  -43.002 0.0000000000
117921  35.315  22.674  -44.067 0.0000000000
117922  35.271  22.921  -44.649 0.0000000000
117933  35.550  22.054  -44.134 0.0000000000
117934  35.426  22.382  -44.735 0.0000000000
117935  34.792  22.373  -44.963 0.0000000000
117936  33.530  22.557  -44.852 0.0000000000
117945  35.455  21.984  -44.726 0.0000000000
117946  35.312  22.107  -45.083 0.0000000000
117947  35.089  22.159  -45.196 0.0000000000
117948  32.487  22.690  -44.785 0.0000000000
118018  29.304  22.577  -53.486 0.0000000000
118019  28.591  22.726  -53.078 0.0000000000
119087  39.951  24.280  -38.800 0.0000000000
119088  35.977  23.367  -38.269 0.0000000000
119106  40.502  24.259  -39.271 0.0000000000
119107  39.897  24.602  -39.602 0.0000000000
119108  35.751  23.343  -39.368 0.0000000000
119124  40.389  24.640  -39.918 0.0000000000
119125  39.845  24.890  -40.215 0.0000000000
119126  35.494  23.250  -40.577 0.0000000000
119134  40.974  24.946  -40.586 0.0000000000
119135  40.279  25.016  -40.472 0.0000000000
119136  39.680  25.229  -40.630 0.0000000000
119137  35.348  22.981  -41.948 0.0000000000
119145  40.396  25.345  -40.851 0.0000000000
119146  39.840  25.437  -40.919 0.0000000000
119147  39.470  25.423  -40.978 0.0000000000
119148  35.131  23.204  -43.277 0.0000000000
119149  35.326  23.436  -44.148 0.0000000000
119150  34.756  23.258  -44.393 0.0000000000
119159  34.004  23.197  -44.390 0.0000000000
119160  33.048  23.329  -44.367 0.0000000000
119171  32.113  23.489  -44.538 0.0000000000
119199  29.929  24.467  -47.561 0.0000000000
119200  29.712  24.456  -47.587 0.0000000000
119208  29.853  24.436  -47.794 0.0000000000
119209  29.556  24.426  -47.855 0.0000000000
119237  28.149  22.988  -53.038 0.0000000000
119238  27.493  23.213  -53.060 0.0000000000
119239  26.444  23.831  -52.712 0.0000000000
119245  29.266  23.102  -53.890 0.0000000000
119246  28.462  23.374  -53.596 0.0000000000
119247  27.241  24.019  -53.592 0.0000000000
119248  26.582  24.463  -53.307 0.0000000000
119255  29.262  23.477  -54.488 0.0000000000
119256  28.595  23.815  -54.165 0.0000000000
119307  25.735  23.999  -62.123 0.0000000000
119308  25.093  24.312  -62.384 0.0000000000
120248  39.207  24.383  -38.383 0.0000000000
120249  38.319  24.428  -38.037 0.0000000000
120250  37.485  24.462  -37.656 0.0000000000
120258  39.244  24.603  -39.289 0.0000000000
120259  38.431  24.582  -39.000 0.0000000000
120260  37.557  24.460  -38.689 0.0000000000
120261  36.813  24.267  -38.297 0.0000000000
120262  36.298  23.964  -37.820 0.0000000000
120271  39.321  24.874  -40.003 0.0000000000
120272  38.595  24.833  -39.837 0.0000000000
120273  37.727  24.651  -39.660 0.0000000000
120274  36.863  24.320  -39.389 0.0000000000
120275  36.213  23.947  -38.918 0.0000000000
120286  39.394  25.106  -40.452 0.0000000000
120287  38.835  25.099  -40.473 0.0000000000
120288  38.024  24.955  -40.477 0.0000000000
120289  37.094  24.594  -40.425 0.0000000000
120290  36.056  24.128  -40.245 0.0000000000
120299  41.620  25.201  -40.912 0.0000000000
120300  39.178  25.307  -40.872 0.0000000000
120301  38.478  25.229  -41.109 0.0000000000
120302  37.573  24.936  -41.268 0.0000000000
120303  36.623  24.503  -41.378 0.0000000000
120304  35.735  23.991  -41.580 0.0000000000
120312  40.866  25.573  -41.152 0.0000000000
120313  40.065  25.711  -41.335 0.0000000000
120314  39.196  25.602  -41.566 0.0000000000
120315  38.144  25.335  -41.916 0.0000000000
120316  37.261  24.915  -42.192 0.0000000000
120317  36.358  24.478  -42.447 0.0000000000
120318  35.411  24.065  -42.837 0.0000000000
120319  35.077  23.847  -43.611 0.0000000000
120320  34.787  23.690  -43.879 0.0000000000
120327  38.633  25.653  -42.445 0.0000000000
120328  37.943  25.374  -42.927 0.0000000000
120329  37.104  24.815  -43.152 0.0000000000
120330  36.253  24.513  -43.447 0.0000000000
120331  35.517  24.313  -43.769 0.0000000000
120332  34.903  24.236  -43.941 0.0000000000
120333  34.272  23.929  -43.899 0.0000000000
120334  33.531  23.847  -44.111 0.0000000000
120343  37.611  25.229  -43.693 0.0000000000
120344  37.001  24.868  -44.108 0.0000000000
120345  36.136  24.640  -44.283 0.0000000000
120346  35.360  24.582  -44.432 0.0000000000
120347  34.582  24.487  -44.498 0.0000000000
120348  33.747  24.418  -44.461 0.0000000000
120349  32.800  24.200  -44.457 0.0000000000
120350  31.798  24.203  -44.696 0.0000000000
120362  36.606  24.969  -44.743 0.0000000000
120363  35.942  24.958  -45.045 0.0000000000
120364  35.038  24.917  -45.052 0.0000000000
120365  34.112  24.989  -45.164 0.0000000000
120366  33.217  24.843  -44.943 0.0000000000
120367  32.403  24.817  -45.157 0.0000000000
120368  31.449  24.619  -45.266 0.0000000000
120378  35.466  25.172  -45.599 0.0000000000
120379  34.743  25.256  -45.640 0.0000000000
120380  34.272  25.336  -45.646 0.0000000000
120381  31.973  25.164  -45.908 0.0000000000
120382  31.134  24.851  -45.988 0.0000000000
120383  30.208  24.602  -46.153 0.0000000000
120389  31.701  25.174  -46.565 0.0000000000
120390  31.057  24.925  -46.960 0.0000000000
120391  29.998  24.501  -47.314 0.0000000000
120392  29.079  24.400  -47.343 0.0000000000
120399  30.870  24.771  -48.007 0.0000000000
120400  29.993  24.441  -48.226 0.0000000000
120401  29.005  24.539  -48.272 0.0000000000
120402  27.865  24.624  -48.537 0.0000000000
120410  30.621  24.828  -49.026 0.0000000000
120411  29.659  24.674  -49.102 0.0000000000
120412  28.640  24.775  -49.235 0.0000000000
120413  27.566  25.009  -49.522 0.0000000000
120427  30.206  24.853  -49.809 0.0000000000
120428  29.289  24.829  -49.954 0.0000000000
120429  28.324  25.058  -49.996 0.0000000000
120430  27.776  25.220  -50.018 0.0000000000
120436  26.206  24.733  -51.894 0.0000000000
120444  26.284  24.986  -52.940 0.0000000000
120452  28.055  23.991  -54.040 0.0000000000
120453  27.565  24.459  -54.204 0.0000000000
120454  26.725  24.993  -53.935 0.0000000000
120461  29.166  23.805  -55.064 0.0000000000
120462  28.472  24.202  -54.732 0.0000000000
120463  27.495  25.029  -54.794 0.0000000000
120464  26.878  25.362  -54.488 0.0000000000
120472  29.159  24.014  -55.631 0.0000000000
120473  28.411  24.797  -55.647 0.0000000000
120474  27.790  25.193  -55.333 0.0000000000
120485  29.165  24.125  -56.530 0.0000000000
120486  28.710  24.757  -56.739 0.0000000000
120493  29.009  24.043  -57.327 0.0000000000
120494  28.508  24.389  -57.764 0.0000000000
120498  27.821  24.367  -58.413 0.0000000000
120499  27.148  24.422  -59.003 0.0000000000
120500  30.624  24.644  -58.782 0.0000000000
120501  29.873  24.825  -59.318 0.0000000000
120502  29.044  24.686  -59.807 0.0000000000
120503  26.368  24.465  -59.481 0.0000000000
120504  25.566  24.528  -59.891 0.0000000000
120505  24.786  24.533  -60.376 0.0000000000
120506  28.234  24.727  -60.298 0.0000000000
120507  27.278  24.713  -60.876 0.0000000000
120508  26.794  25.202  -61.166 0.0000000000
120509  24.161  24.443  -60.767 0.0000000000
120510  23.730  24.747  -61.135 0.0000000000
120511  23.557  24.757  -61.628 0.0000000000
120512  26.929  24.299  -61.274 0.0000000000
120513  26.288  24.833  -61.543 0.0000000000
120514  24.938  24.894  -62.170 0.0000000000
120515  24.255  25.140  -62.322 0.0000000000
120516  23.542  24.595  -62.054 0.0000000000
120517  24.792  24.426  -62.428 0.0000000000
120518  24.304  24.605  -62.430 0.0000000000
120519  23.840  24.503  -62.327 0.0000000000
121411  41.761  25.959  -41.545 0.0000000000
121412  40.480  26.239  -41.957 0.0000000000
121413  39.745  25.976  -41.861 0.0000000000
121421  40.207  26.506  -42.627 0.0000000000
121422  39.396  26.198  -42.779 0.0000000000
121423  38.582  25.755  -43.045 0.0000000000
121431  39.180  26.385  -43.710 0.0000000000
121432  38.406  25.833  -44.031 0.0000000000
121433  37.572  25.336  -44.208 0.0000000000
121442  38.068  26.092  -45.325 0.0000000000
121443  37.278  25.420  -44.986 0.0000000000
121444  36.557  25.164  -45.192 0.0000000000
121445  33.907  25.409  -45.681 0.0000000000
121446  33.389  25.251  -45.478 0.0000000000
121447  32.928  25.113  -45.305 0.0000000000
121457  38.114  26.262  -45.984 0.0000000000
121458  37.499  25.970  -46.217 0.0000000000
121459  36.342  25.388  -45.935 0.0000000000
121460  35.232  25.443  -46.244 0.0000000000
121461  34.308  25.616  -46.133 0.0000000000
121462  33.430  25.656  -46.085 0.0000000000
121463  32.764  25.320  -45.794 0.0000000000
121469  37.282  26.138  -46.897 0.0000000000
121470  36.756  25.896  -46.896 0.0000000000
121471  35.777  25.772  -46.940 0.0000000000
121472  34.790  26.083  -46.811 0.0000000000
121473  33.745  26.256  -46.683 0.0000000000
121474  32.486  25.755  -46.909 0.0000000000
121475  31.733  25.297  -47.032 0.0000000000
121478  32.044  25.980  -48.162 0.0000000000
121479  31.605  25.355  -47.646 0.0000000000
121483  31.950  26.037  -49.304 0.0000000000
121484  31.463  25.296  -48.740 0.0000000000
121485  27.402  25.295  -50.059 0.0000000000
121486  27.082  25.287  -49.881 0.0000000000
121498  31.946  26.189  -50.325 0.0000000000
121499  31.204  25.321  -50.123 0.0000000000
121500  29.963  25.171  -50.632 0.0000000000
121501  28.823  25.178  -50.697 0.0000000000
121502  27.781  25.388  -50.534 0.0000000000
121503  26.829  25.407  -50.403 0.0000000000
121504  26.296  25.151  -50.634 0.0000000000
121507  32.031  26.351  -50.879 0.0000000000
121508  31.659  25.989  -51.058 0.0000000000
121509  30.645  25.778  -51.489 0.0000000000
121510  29.377  25.503  -51.477 0.0000000000
121511  28.209  25.604  -51.384 0.0000000000
121512  27.182  25.727  -51.266 0.0000000000
121513  26.452  25.283  -51.194 0.0000000000
121520  30.463  26.034  -52.180 0.0000000000
121521  29.839  25.876  -52.225 0.0000000000
121522  28.706  25.860  -52.217 0.0000000000
121523  27.581  26.065  -52.095 0.0000000000
121524  26.602  25.809  -52.289 0.0000000000
121531  26.380  25.862  -53.408 0.0000000000
121538  27.003  25.482  -54.781 0.0000000000
121539  26.571  25.916  -54.480 0.0000000000
121548  27.910  25.244  -55.601 0.0000000000
121549  27.322  25.625  -55.381 0.0000000000
121550  26.688  26.353  -55.231 0.0000000000
121557  33.744  25.529  -56.371 0.0000000000
121558  28.095  25.312  -56.096 0.0000000000
121559  27.634  25.829  -56.343 0.0000000000
121560  33.509  25.573  -57.002 0.0000000000
121561  33.087  25.598  -57.569 0.0000000000
121562  28.256  25.298  -57.015 0.0000000000
121563  27.728  25.821  -57.278 0.0000000000
121564  32.528  25.625  -58.052 0.0000000000
121565  31.848  25.566  -58.515 0.0000000000
121566  31.182  25.300  -58.730 0.0000000000
121567  28.067  25.108  -57.800 0.0000000000
121568  27.554  25.461  -58.322 0.0000000000
121569  31.438  25.938  -58.929 0.0000000000
121570  30.745  25.718  -59.176 0.0000000000
121571  30.010  25.879  -59.584 0.0000000000
121572  29.445  25.418  -59.714 0.0000000000
121573  26.949  25.408  -59.180 0.0000000000
121574  26.164  25.458  -59.680 0.0000000000
121575  25.308  25.525  -60.231 0.0000000000
121576  29.481  26.048  -59.841 0.0000000000
121577  28.813  25.704  -60.094 0.0000000000
121578  27.746  25.750  -60.596 0.0000000000
121579  27.074  25.497  -60.950 0.0000000000
121580  24.292  25.440  -60.732 0.0000000000
121581  23.812  25.625  -61.454 0.0000000000
121582  23.575  25.235  -61.977 0.0000000000
121583  27.059  26.094  -60.947 0.0000000000
121584  26.470  25.841  -61.295 0.0000000000
121585  25.414  25.891  -61.698 0.0000000000
121586  24.143  25.878  -62.158 0.0000000000
121587  23.730  25.021  -62.226 0.0000000000
121588  23.953  25.112  -62.356 0.0000000000
121589  23.905  24.838  -62.388 0.0000000000
122399  42.393  26.767  -41.963 0.0000000000
122400  41.434  26.794  -42.349 0.0000000000
122401  40.683  26.697  -42.600 0.0000000000
122408  41.025  27.087  -42.874 0.0000000000
122409  40.359  26.924  -43.228 0.0000000000
122410  39.655  26.680  -43.623 0.0000000000
122419  40.028  27.172  -43.969 0.0000000000
122420  39.355  26.802  -44.462 0.0000000000
122421  38.663  26.454  -44.991 0.0000000000
122430  39.051  26.945  -45.433 0.0000000000
122431  38.507  26.546  -45.755 0.0000000000
122443  38.830  27.015  -46.197 0.0000000000
122444  38.261  26.606  -46.579 0.0000000000
122445  37.645  26.354  -46.940 0.0000000000
122456  37.941  26.759  -47.468 0.0000000000
122457  37.181  26.378  -47.472 0.0000000000
122458  36.261  26.291  -47.584 0.0000000000
122459  35.290  26.451  -47.528 0.0000000000
122460  34.254  26.822  -47.427 0.0000000000
122461  33.246  26.803  -47.393 0.0000000000
122462  32.594  26.506  -47.796 0.0000000000
122465  37.485  26.869  -48.060 0.0000000000
122466  36.713  26.750  -48.180 0.0000000000
122467  35.786  26.881  -48.172 0.0000000000
122468  34.886  27.133  -47.968 0.0000000000
122469  34.359  27.266  -47.800 0.0000000000
122470  32.757  27.189  -47.902 0.0000000000
122471  32.366  26.880  -48.628 0.0000000000
122474  32.236  26.873  -49.751 0.0000000000
122487  32.233  26.816  -50.696 0.0000000000
122495  32.004  26.598  -51.318 0.0000000000
122496  31.507  26.404  -51.845 0.0000000000
122497  30.887  26.203  -52.205 0.0000000000
122503  31.255  26.666  -52.626 0.0000000000
122504  30.425  26.303  -52.767 0.0000000000
122505  29.313  26.251  -52.970 0.0000000000
122506  28.088  26.391  -52.893 0.0000000000
122507  27.074  26.633  -52.722 0.0000000000
122508  26.587  26.455  -53.103 0.0000000000
122513  34.860  26.391  -53.719 0.0000000000
122514  30.934  26.783  -53.254 0.0000000000
122515  30.118  26.757  -53.647 0.0000000000
122516  28.757  26.883  -53.737 0.0000000000
122517  27.527  26.953  -53.430 0.0000000000
122518  26.760  27.005  -53.356 0.0000000000
122519  26.437  26.724  -53.834 0.0000000000
122523  34.421  26.170  -54.498 0.0000000000
122524  29.614  27.146  -54.156 0.0000000000
122525  29.092  27.234  -54.180 0.0000000000
122526  26.412  26.909  -54.761 0.0000000000
122531  34.082  26.219  -55.286 0.0000000000
122532  33.808  26.275  -55.892 0.0000000000
122533  27.068  26.278  -55.832 0.0000000000
122534  26.656  27.013  -55.761 0.0000000000
122539  33.617  26.406  -56.564 0.0000000000
122540  27.188  26.467  -56.580 0.0000000000
122541  26.767  27.226  -56.819 0.0000000000
122545  33.383  26.447  -57.282 0.0000000000
122546  32.942  26.496  -57.895 0.0000000000
122547  27.215  26.471  -57.575 0.0000000000
122548  26.597  27.200  -57.860 0.0000000000
122552  32.432  26.567  -58.563 0.0000000000
122553  31.884  26.359  -58.895 0.0000000000
122554  27.005  26.349  -58.565 0.0000000000
122555  26.420  27.037  -58.857 0.0000000000
122556  32.136  26.957  -59.123 0.0000000000
122557  31.460  26.738  -59.320 0.0000000000
122558  30.600  26.692  -59.640 0.0000000000
122559  29.885  26.616  -59.864 0.0000000000
122560  26.604  26.218  -59.292 0.0000000000
122561  25.881  26.634  -59.661 0.0000000000
122562  24.948  26.627  -60.417 0.0000000000
122563  29.287  26.640  -60.117 0.0000000000
122564  28.451  26.739  -60.466 0.0000000000
122565  27.361  26.883  -60.904 0.0000000000
122566  26.669  27.173  -61.349 0.0000000000
122567  24.155  26.522  -60.964 0.0000000000
122568  24.094  26.586  -61.462 0.0000000000
122569  26.712  26.564  -61.221 0.0000000000
122570  26.034  26.881  -61.536 0.0000000000
122571  25.090  26.968  -61.815 0.0000000000
122572  24.429  26.931  -61.675 0.0000000000
123387  43.039  27.584  -42.175 0.0000000000
123388  42.203  27.649  -42.524 0.0000000000
123389  41.502  27.460  -42.804 0.0000000000
123395  41.781  28.080  -42.997 0.0000000000
123396  41.151  27.732  -43.316 0.0000000000
123397  40.614  27.765  -43.865 0.0000000000
123404  40.158  27.796  -44.691 0.0000000000
123405  39.562  27.419  -45.236 0.0000000000
123410  39.876  28.094  -45.667 0.0000000000
123411  39.359  27.502  -45.992 0.0000000000
123419  39.725  28.108  -46.724 0.0000000000
123420  39.114  27.446  -46.760 0.0000000000
123421  38.708  27.058  -46.698 0.0000000000
123433  39.745  28.317  -47.368 0.0000000000
123434  39.372  27.887  -47.684 0.0000000000
123435  38.635  27.170  -47.267 0.0000000000
123436  34.008  27.387  -47.688 0.0000000000
123437  33.709  27.186  -47.551 0.0000000000
123447  39.144  28.144  -48.729 0.0000000000
123448  38.289  27.412  -48.356 0.0000000000
123449  37.179  27.289  -48.656 0.0000000000
123450  36.283  27.354  -48.661 0.0000000000
123451  35.352  27.762  -48.629 0.0000000000
123452  34.328  27.745  -48.105 0.0000000000
123453  33.404  27.671  -47.870 0.0000000000
123454  32.673  27.790  -48.399 0.0000000000
123456  38.989  28.448  -49.240 0.0000000000
123457  38.469  28.172  -49.226 0.0000000000
123458  37.570  27.874  -49.224 0.0000000000
123459  36.635  27.822  -49.130 0.0000000000
123460  36.028  27.824  -48.962 0.0000000000
123461  32.414  27.744  -49.251 0.0000000000
123471  32.369  27.659  -50.300 0.0000000000
123484  32.228  27.429  -51.462 0.0000000000
123485  31.950  26.841  -51.752 0.0000000000
123490  35.736  27.358  -53.029 0.0000000000
123491  32.106  27.673  -52.337 0.0000000000
123492  31.830  27.067  -52.236 0.0000000000
123498  35.068  27.353  -53.426 0.0000000000
123499  34.445  27.298  -54.023 0.0000000000
123500  32.152  28.026  -52.632 0.0000000000
123501  31.653  27.558  -53.217 0.0000000000
123502  30.914  27.098  -53.695 0.0000000000
123503  28.662  27.372  -54.254 0.0000000000
123504  27.871  27.364  -54.098 0.0000000000
123505  27.037  27.414  -53.817 0.0000000000
123506  26.628  27.186  -53.768 0.0000000000
123511  33.949  27.290  -54.955 0.0000000000
123512  33.600  27.844  -55.345 0.0000000000
123513  31.528  28.077  -53.957 0.0000000000
123514  30.718  27.617  -54.373 0.0000000000
123515  29.364  27.570  -54.563 0.0000000000
123516  28.321  27.852  -54.652 0.0000000000
123517  27.279  27.932  -54.507 0.0000000000
123518  26.685  27.359  -54.267 0.0000000000
123521  33.821  26.769  -55.486 0.0000000000
123522  33.496  27.287  -55.869 0.0000000000
123523  30.613  28.147  -54.976 0.0000000000
123524  30.035  27.989  -55.074 0.0000000000
123525  29.128  28.016  -55.069 0.0000000000
123526  27.079  28.208  -54.986 0.0000000000
123527  26.659  27.844  -55.166 0.0000000000
123531  33.372  27.268  -56.817 0.0000000000
123532  26.488  27.871  -56.175 0.0000000000
123535  33.126  27.304  -57.500 0.0000000000
123536  32.777  27.450  -58.177 0.0000000000
123537  26.340  28.006  -57.145 0.0000000000
123541  32.444  27.621  -58.907 0.0000000000
123542  25.895  28.016  -58.325 0.0000000000
123543  25.487  28.511  -58.780 0.0000000000
123544  32.018  27.663  -59.523 0.0000000000
123545  31.225  27.802  -59.987 0.0000000000
123546  30.242  27.338  -60.103 0.0000000000
123547  29.712  27.061  -60.138 0.0000000000
123548  25.972  27.461  -59.145 0.0000000000
123549  25.506  27.908  -59.596 0.0000000000
123550  31.121  28.479  -60.452 0.0000000000
123551  30.520  28.206  -60.495 0.0000000000
123552  29.422  27.649  -60.565 0.0000000000
123553  28.179  27.743  -60.984 0.0000000000
123554  27.025  27.975  -61.492 0.0000000000
123555  26.366  27.533  -61.552 0.0000000000
123556  24.734  27.601  -60.740 0.0000000000
123557  24.149  27.041  -61.128 0.0000000000
123558  26.624  28.615  -61.799 0.0000000000
123559  25.937  28.052  -61.707 0.0000000000
123560  24.948  27.845  -61.406 0.0000000000
123561  24.339  27.227  -61.327 0.0000000000
124390  43.531  28.595  -42.473 0.0000000000
124391  42.830  28.131  -42.537 0.0000000000
124396  43.251  29.133  -42.871 0.0000000000
124397  42.597  28.702  -42.987 0.0000000000
124398  41.663  28.729  -43.626 0.0000000000
124399  41.088  28.243  -43.763 0.0000000000
124405  41.503  29.184  -44.082 0.0000000000
124406  41.000  28.745  -44.339 0.0000000000
124411  40.424  28.846  -45.265 0.0000000000
124417  39.998  28.979  -46.195 0.0000000000
124425  39.996  28.964  -47.344 0.0000000000
124426  39.768  28.443  -47.688 0.0000000000
124438  40.148  29.348  -48.023 0.0000000000
124439  39.800  28.769  -48.315 0.0000000000
124440  35.199  28.402  -48.914 0.0000000000
124441  34.551  28.513  -48.641 0.0000000000
124442  33.789  28.416  -48.277 0.0000000000
124443  33.060  28.474  -48.330 0.0000000000
124450  39.409  28.784  -49.157 0.0000000000
124451  38.758  28.921  -49.653 0.0000000000
124452  37.792  28.690  -49.743 0.0000000000
124453  36.912  28.451  -49.575 0.0000000000
124454  35.874  28.469  -49.257 0.0000000000
124455  35.067  28.912  -49.036 0.0000000000
124456  32.548  28.579  -48.861 0.0000000000
124459  38.585  29.334  -49.969 0.0000000000
124460  38.210  29.214  -50.027 0.0000000000
124461  32.433  28.611  -49.783 0.0000000000
124474  32.360  28.519  -50.875 0.0000000000
124483  37.338  28.589  -52.804 0.0000000000
124484  36.611  28.350  -52.731 0.0000000000
124485  36.011  28.104  -52.876 0.0000000000
124486  32.284  28.417  -51.994 0.0000000000
124490  38.052  28.791  -53.195 0.0000000000
124491  35.416  28.260  -53.196 0.0000000000
124492  34.700  28.317  -53.671 0.0000000000
124493  32.192  28.550  -52.842 0.0000000000
124494  31.886  28.642  -53.583 0.0000000000
124498  34.121  28.298  -54.328 0.0000000000
124499  33.663  28.387  -54.988 0.0000000000
124500  31.498  28.700  -54.406 0.0000000000
124501  31.010  28.370  -54.924 0.0000000000
124502  27.811  28.131  -54.868 0.0000000000
124503  27.495  28.236  -55.037 0.0000000000
124506  33.341  28.385  -55.673 0.0000000000
124507  31.234  29.033  -55.071 0.0000000000
124508  30.621  28.646  -55.516 0.0000000000
124509  29.600  28.346  -55.660 0.0000000000
124510  28.331  28.339  -55.426 0.0000000000
124511  27.271  28.460  -55.538 0.0000000000
124512  26.751  28.366  -55.922 0.0000000000
124516  33.140  28.190  -56.499 0.0000000000
124517  33.011  28.427  -57.072 0.0000000000
124518  30.140  28.792  -56.195 0.0000000000
124519  29.223  28.739  -56.438 0.0000000000
124520  27.981  28.846  -56.325 0.0000000000
124521  26.991  28.967  -56.295 0.0000000000
124522  26.494  28.582  -56.589 0.0000000000
124525  33.130  27.895  -57.101 0.0000000000
124526  32.866  28.243  -57.613 0.0000000000
124527  28.692  29.056  -56.925 0.0000000000
124528  28.083  29.210  -57.012 0.0000000000
124529  26.537  29.172  -56.833 0.0000000000
124530  26.006  28.922  -57.380 0.0000000000
124534  32.579  28.496  -58.433 0.0000000000
124535  25.551  29.014  -58.301 0.0000000000
124536  25.187  28.957  -59.061 0.0000000000
124540  32.264  28.678  -59.313 0.0000000000
124541  31.946  28.401  -59.920 0.0000000000
124542  25.163  28.791  -59.959 0.0000000000
124543  32.055  29.124  -59.925 0.0000000000
124544  31.600  28.924  -60.375 0.0000000000
124545  30.980  29.009  -60.876 0.0000000000
124546  29.988  28.930  -61.051 0.0000000000
124547  28.927  28.561  -61.268 0.0000000000
124548  27.982  28.559  -61.475 0.0000000000
124549  25.143  28.869  -60.780 0.0000000000
124550  29.350  29.336  -61.507 0.0000000000
124551  28.509  29.314  -61.736 0.0000000000
124552  27.356  29.125  -61.925 0.0000000000
124553  26.373  29.216  -61.823 0.0000000000
124554  25.573  29.156  -61.432 0.0000000000
125343  43.745  29.606  -42.804 0.0000000000
125346  43.129  29.670  -43.177 0.0000000000
125347  42.405  29.723  -43.635 0.0000000000
125348  41.810  29.507  -43.953 0.0000000000
125353  41.979  30.135  -44.049 0.0000000000
125354  41.473  29.839  -44.377 0.0000000000
125355  40.850  29.797  -44.950 0.0000000000
125361  40.444  29.839  -45.740 0.0000000000
125368  40.263  29.918  -46.671 0.0000000000
125376  40.335  30.090  -47.727 0.0000000000
125388  40.206  29.740  -48.653 0.0000000000
125389  39.877  29.256  -49.066 0.0000000000
125390  34.017  28.894  -48.529 0.0000000000
125391  33.499  29.051  -48.521 0.0000000000
125392  32.875  29.122  -48.643 0.0000000000
125403  40.022  29.762  -49.315 0.0000000000
125404  39.501  29.564  -49.633 0.0000000000
125405  38.903  29.481  -49.944 0.0000000000
125406  37.146  28.937  -49.886 0.0000000000
125407  36.504  29.159  -49.796 0.0000000000
125408  35.466  29.658  -49.534 0.0000000000
125409  34.265  29.511  -48.868 0.0000000000
125410  33.201  29.770  -48.758 0.0000000000
125411  32.531  29.545  -49.271 0.0000000000
125413  39.146  29.933  -50.132 0.0000000000
125414  38.456  29.766  -50.247 0.0000000000
125415  37.401  29.571  -50.200 0.0000000000
125416  36.301  29.981  -50.089 0.0000000000
125417  35.761  30.224  -49.901 0.0000000000
125418  32.326  29.547  -50.340 0.0000000000
125426  32.258  29.429  -51.409 0.0000000000
125438  37.458  29.528  -52.948 0.0000000000
125439  36.775  29.322  -52.744 0.0000000000
125440  35.904  29.114  -52.803 0.0000000000
125441  32.215  29.306  -52.315 0.0000000000
125450  38.584  29.518  -53.757 0.0000000000
125451  37.984  29.797  -53.277 0.0000000000
125452  35.052  29.277  -53.350 0.0000000000
125453  34.222  29.389  -53.947 0.0000000000
125454  33.655  29.827  -54.542 0.0000000000
125455  32.139  29.429  -53.036 0.0000000000
125456  31.829  29.633  -53.806 0.0000000000
125461  33.786  29.067  -54.578 0.0000000000
125462  33.377  29.422  -55.314 0.0000000000
125463  31.519  29.824  -54.696 0.0000000000
125467  33.061  29.172  -56.260 0.0000000000
125468  31.087  29.786  -55.566 0.0000000000
125469  30.587  29.332  -56.066 0.0000000000
125473  32.930  28.923  -56.883 0.0000000000
125474  32.833  28.825  -57.297 0.0000000000
125475  30.752  29.955  -56.238 0.0000000000
125476  30.246  29.529  -56.823 0.0000000000
125477  29.372  29.241  -57.149 0.0000000000
125478  27.483  29.190  -56.770 0.0000000000
125479  26.977  29.406  -56.862 0.0000000000
125483  32.698  29.324  -57.789 0.0000000000
125484  29.740  29.842  -57.689 0.0000000000
125485  28.719  29.512  -57.589 0.0000000000
125486  27.562  29.584  -57.448 0.0000000000
125487  26.525  29.695  -57.434 0.0000000000
125488  25.847  29.598  -57.934 0.0000000000
125493  32.476  29.697  -58.767 0.0000000000
125494  29.178  30.088  -58.292 0.0000000000
125495  28.215  30.066  -58.350 0.0000000000
125496  27.083  30.233  -58.169 0.0000000000
125497  26.144  30.191  -58.226 0.0000000000
125498  25.434  29.880  -58.744 0.0000000000
125499  25.235  29.510  -59.445 0.0000000000
125504  32.260  29.808  -59.599 0.0000000000
125505  25.334  30.008  -59.495 0.0000000000
125506  25.303  29.693  -60.082 0.0000000000
125507  31.983  29.879  -60.257 0.0000000000
125508  31.484  29.910  -60.880 0.0000000000
125509  30.697  29.903  -61.380 0.0000000000
125510  29.918  29.744  -61.478 0.0000000000
125511  25.857  30.473  -61.112 0.0000000000
125512  25.496  29.961  -60.945 0.0000000000
125513  30.142  30.365  -61.572 0.0000000000
125514  29.288  30.196  -61.764 0.0000000000
125515  28.112  30.140  -62.113 0.0000000000
125516  27.021  30.114  -62.027 0.0000000000
125517  26.081  30.087  -61.488 0.0000000000
125518  25.672  29.761  -61.330 0.0000000000
126416  43.581  30.297  -43.078 0.0000000000
126419  43.686  30.982  -43.120 0.0000000000
126420  43.057  30.701  -43.415 0.0000000000
126421  42.350  30.828  -43.869 0.0000000000
126424  41.766  30.865  -44.310 0.0000000000
126425  41.200  30.789  -44.779 0.0000000000
126426  40.742  30.759  -45.375 0.0000000000
126429  40.443  30.806  -46.119 0.0000000000
126431  40.490  30.907  -46.996 0.0000000000
126433  40.598  31.116  -47.792 0.0000000000
126439  40.604  30.782  -48.582 0.0000000000
126451  40.320  30.424  -49.417 0.0000000000
126452  39.942  30.031  -49.643 0.0000000000
126453  35.398  30.466  -49.765 0.0000000000
126454  34.645  30.570  -49.443 0.0000000000
126455  33.690  30.477  -49.090 0.0000000000
126456  32.865  30.498  -49.232 0.0000000000
126466  40.405  30.919  -49.898 0.0000000000
126467  39.833  30.471  -50.143 0.0000000000
126468  38.936  30.512  -50.577 0.0000000000
126469  37.954  30.498  -50.648 0.0000000000
126470  36.917  30.640  -50.458 0.0000000000
126471  35.944  30.816  -50.102 0.0000000000
126472  35.238  31.064  -49.784 0.0000000000
126473  32.348  30.495  -49.918 0.0000000000
126477  32.034  30.589  -50.964 0.0000000000
126478  31.791  31.200  -51.238 0.0000000000
126486  37.001  30.078  -52.795 0.0000000000
126487  36.324  30.210  -52.822 0.0000000000
126488  35.475  30.196  -53.093 0.0000000000
126489  32.028  30.114  -51.986 0.0000000000
126490  31.786  30.991  -51.792 0.0000000000
126501  38.232  30.567  -53.539 0.0000000000
126502  37.482  30.536  -53.096 0.0000000000
126503  36.852  30.685  -52.854 0.0000000000
126504  34.603  30.348  -53.455 0.0000000000
126505  33.759  30.562  -54.034 0.0000000000
126506  33.283  30.698  -55.095 0.0000000000
126507  32.075  29.845  -52.564 0.0000000000
126508  31.879  30.522  -52.898 0.0000000000
126519  38.803  30.533  -54.125 0.0000000000
126520  33.027  30.395  -56.334 0.0000000000
126521  31.644  30.690  -54.055 0.0000000000
126528  32.863  29.693  -57.093 0.0000000000
126529  31.418  31.164  -55.117 0.0000000000
126533  32.809  29.200  -57.241 0.0000000000
126534  30.928  30.687  -56.028 0.0000000000
126535  30.708  30.540  -56.657 0.0000000000
126540  30.450  30.660  -57.417 0.0000000000
126545  32.377  30.813  -59.238 0.0000000000
126546  29.906  30.722  -58.337 0.0000000000
126547  29.017  30.805  -59.168 0.0000000000
126548  27.677  30.742  -59.069 0.0000000000
126549  26.558  30.620  -58.924 0.0000000000
126550  25.915  30.388  -58.792 0.0000000000
126555  32.235  30.710  -59.938 0.0000000000
126556  28.941  31.436  -59.658 0.0000000000
126557  28.280  31.446  -59.722 0.0000000000
126558  26.937  31.435  -59.945 0.0000000000
126559  25.804  30.518  -59.536 0.0000000000
126560  25.412  30.170  -59.816 0.0000000000
126563  31.922  30.876  -60.573 0.0000000000
126564  31.201  31.022  -61.297 0.0000000000
126565  30.582  30.644  -61.532 0.0000000000
126566  26.678  31.452  -61.007 0.0000000000
126567  25.973  30.803  -60.586 0.0000000000
126568  25.497  30.296  -60.198 0.0000000000
126569  30.915  31.780  -61.529 0.0000000000
126570  30.127  31.272  -61.658 0.0000000000
126571  28.769  31.116  -61.880 0.0000000000
126572  27.712  30.932  -61.953 0.0000000000
126573  26.900  30.977  -61.632 0.0000000000
126574  26.231  30.818  -61.211 0.0000000000
127465  43.459  31.723  -43.337 0.0000000000
127466  42.781  31.764  -43.685 0.0000000000
127469  42.116  31.848  -44.133 0.0000000000
127470  41.462  31.826  -44.592 0.0000000000
127471  40.898  31.695  -45.063 0.0000000000
127474  40.623  31.666  -45.690 0.0000000000
127477  40.557  31.754  -46.443 0.0000000000
127480  40.653  31.865  -47.293 0.0000000000
127485  41.072  32.315  -48.681 0.0000000000
127486  40.897  32.015  -48.343 0.0000000000
127493  41.116  32.201  -48.954 0.0000000000
127494  40.835  31.522  -49.461 0.0000000000
127495  33.994  31.132  -49.392 0.0000000000
127496  33.338  31.178  -49.400 0.0000000000
127497  32.705  31.262  -49.726 0.0000000000
127509  40.347  31.455  -50.349 0.0000000000
127510  39.516  31.420  -50.859 0.0000000000
127511  38.526  31.264  -51.016 0.0000000000
127512  37.493  31.494  -50.866 0.0000000000
127513  36.486  31.590  -50.518 0.0000000000
127514  35.564  31.744  -50.146 0.0000000000
127515  34.588  31.649  -49.713 0.0000000000
127516  32.138  31.465  -50.330 0.0000000000
127517  31.806  31.970  -50.752 0.0000000000
127528  38.952  31.904  -51.240 0.0000000000
127529  38.220  32.084  -51.203 0.0000000000
127530  37.484  32.304  -51.115 0.0000000000
127531  31.813  31.403  -50.896 0.0000000000
127532  31.675  31.812  -51.392 0.0000000000
127535  36.439  31.010  -52.868 0.0000000000
127536  35.859  31.000  -52.927 0.0000000000
127537  31.624  31.747  -52.381 0.0000000000
127540  38.508  31.445  -53.867 0.0000000000
127541  37.794  31.504  -53.420 0.0000000000
127542  36.915  31.507  -53.046 0.0000000000
127543  35.107  31.200  -53.174 0.0000000000
127544  34.206  31.478  -53.565 0.0000000000
127545  33.463  31.755  -54.505 0.0000000000
127546  31.547  31.662  -53.524 0.0000000000
127556  39.065  31.438  -54.459 0.0000000000
127557  32.860  32.259  -56.203 0.0000000000
127558  31.526  31.362  -54.258 0.0000000000
127569  32.607  31.103  -58.163 0.0000000000
127580  30.816  32.032  -56.654 0.0000000000
127590  30.506  31.692  -58.001 0.0000000000
127597  29.921  31.756  -59.028 0.0000000000
127598  29.340  31.592  -59.552 0.0000000000
127605  29.626  32.127  -59.693 0.0000000000
127606  29.107  31.931  -60.154 0.0000000000
127607  28.108  31.905  -60.505 0.0000000000
127608  27.354  31.943  -60.866 0.0000000000
127611  31.883  31.573  -60.866 0.0000000000
127612  29.002  32.313  -60.884 0.0000000000
127613  28.171  32.042  -61.217 0.0000000000
127614  27.383  31.709  -61.470 0.0000000000
127615  31.539  32.153  -61.254 0.0000000000
127616  30.630  32.490  -61.531 0.0000000000
127617  29.310  32.276  -61.520 0.0000000000
127618  28.116  31.616  -61.687 0.0000000000
127619  27.492  31.376  -61.785 0.0000000000
128431  43.262  32.689  -43.592 0.0000000000
128432  42.603  32.845  -43.992 0.0000000000
128435  41.857  33.025  -44.452 0.0000000000
128436  41.127  32.772  -44.959 0.0000000000
128437  40.779  32.355  -45.390 0.0000000000
128440  40.829  32.999  -45.440 0.0000000000
128441  40.608  32.640  -45.935 0.0000000000
128444  40.624  32.668  -46.724 0.0000000000
128446  40.771  32.774  -47.489 0.0000000000
128448  41.116  32.756  -48.728 0.0000000000
128449  40.977  32.970  -48.074 0.0000000000
128454  41.108  32.552  -49.475 0.0000000000
128455  40.827  32.307  -50.247 0.0000000000
128456  33.788  31.712  -49.520 0.0000000000
128457  33.178  31.922  -49.670 0.0000000000
128458  32.603  31.983  -50.004 0.0000000000
128464  40.220  32.391  -50.999 0.0000000000
128465  39.486  32.239  -51.240 0.0000000000
128466  36.894  32.187  -50.867 0.0000000000
128467  36.146  32.668  -50.600 0.0000000000
128468  35.062  32.672  -50.115 0.0000000000
128469  33.924  32.601  -49.702 0.0000000000
128470  32.893  32.757  -49.886 0.0000000000
128471  32.153  32.527  -50.396 0.0000000000
128472  31.686  32.655  -51.012 0.0000000000
128484  39.705  32.863  -51.458 0.0000000000
128485  38.904  32.721  -51.482 0.0000000000
128486  37.914  32.896  -51.395 0.0000000000
128487  36.927  32.922  -51.111 0.0000000000
128488  36.409  33.149  -50.875 0.0000000000
128489  31.399  32.723  -51.840 0.0000000000
128500  36.211  31.587  -52.916 0.0000000000
128501  35.640  31.767  -52.990 0.0000000000
128502  31.346  32.743  -52.910 0.0000000000
128512  38.193  32.390  -53.732 0.0000000000
128513  37.328  32.524  -53.373 0.0000000000
128514  36.168  32.601  -53.122 0.0000000000
128515  34.908  32.407  -53.221 0.0000000000
128516  33.885  32.617  -53.836 0.0000000000
128517  33.255  32.947  -54.746 0.0000000000
128518  31.254  32.630  -53.851 0.0000000000
128526  39.316  32.516  -54.749 0.0000000000
128527  38.774  32.184  -54.165 0.0000000000
128528  31.386  31.946  -54.337 0.0000000000
128540  30.629  32.563  -57.740 0.0000000000
128546  30.510  32.727  -58.552 0.0000000000
128554  30.112  32.926  -59.655 0.0000000000
128555  29.619  32.438  -60.015 0.0000000000
128559  32.247  32.188  -59.769 0.0000000000
128560  30.062  33.688  -60.458 0.0000000000
128561  29.633  32.722  -60.444 0.0000000000
128562  31.468  33.461  -61.100 0.0000000000
128563  30.298  33.449  -61.152 0.0000000000
128564  29.677  32.945  -60.976 0.0000000000
129311  43.054  33.868  -43.614 0.0000000000
129312  42.338  33.969  -44.005 0.0000000000
129316  41.841  34.138  -44.365 0.0000000000
129317  41.422  33.836  -44.789 0.0000000000
129321  41.011  33.671  -45.260 0.0000000000
129322  40.723  33.543  -45.727 0.0000000000
129325  40.613  33.468  -46.290 0.0000000000
129327  40.642  33.502  -46.943 0.0000000000
129329  42.859  34.139  -49.287 0.0000000000
129330  41.049  33.702  -48.272 0.0000000000
129331  40.812  33.625  -47.569 0.0000000000
129333  42.714  33.978  -50.014 0.0000000000
129334  41.227  33.595  -49.241 0.0000000000
129335  41.097  33.068  -50.007 0.0000000000
129336  42.569  34.119  -50.825 0.0000000000
129337  41.236  33.829  -50.166 0.0000000000
129338  40.811  33.173  -50.691 0.0000000000
129339  36.153  33.307  -50.776 0.0000000000
129340  35.635  33.699  -50.646 0.0000000000
129341  34.516  33.597  -50.133 0.0000000000
129342  33.487  33.649  -49.962 0.0000000000
129343  32.448  33.692  -50.441 0.0000000000
129344  31.937  33.155  -50.737 0.0000000000
129346  42.648  34.107  -51.812 0.0000000000
129347  41.104  33.925  -50.927 0.0000000000
129348  40.369  33.652  -51.533 0.0000000000
129349  39.433  33.444  -51.804 0.0000000000
129350  38.539  33.726  -51.873 0.0000000000
129351  37.413  33.681  -51.503 0.0000000000
129352  36.428  33.688  -51.062 0.0000000000
129353  36.038  33.939  -50.912 0.0000000000
129354  32.134  34.276  -50.883 0.0000000000
129355  31.679  33.759  -51.284 0.0000000000
129357  42.816  34.120  -52.845 0.0000000000
129358  40.209  34.230  -51.977 0.0000000000
129359  39.781  34.012  -52.103 0.0000000000
129360  39.232  33.889  -52.082 0.0000000000
129361  31.093  33.731  -52.353 0.0000000000
129368  37.914  33.529  -53.677 0.0000000000
129369  36.919  33.571  -53.392 0.0000000000
129370  36.115  33.770  -53.340 0.0000000000
129371  35.300  33.583  -53.306 0.0000000000
129372  34.317  33.561  -53.590 0.0000000000
129373  33.551  33.598  -54.094 0.0000000000
129374  30.823  33.876  -53.572 0.0000000000
129375  30.475  34.813  -53.948 0.0000000000
129385  39.157  33.671  -54.678 0.0000000000
129386  38.684  33.088  -54.159 0.0000000000
129387  33.123  33.790  -54.638 0.0000000000
129388  32.794  33.736  -55.501 0.0000000000
129389  31.098  32.957  -54.947 0.0000000000
129390  30.474  34.615  -54.819 0.0000000000
129399  39.615  33.390  -55.408 0.0000000000
129422  30.472  33.717  -58.900 0.0000000000
129426  31.869  33.970  -59.976 0.0000000000
129427  30.914  34.818  -60.218 0.0000000000
130239  42.746  35.005  -43.692 0.0000000000
130247  42.172  35.014  -44.085 0.0000000000
130248  41.608  34.879  -44.566 0.0000000000
130251  41.189  34.551  -45.104 0.0000000000
130252  40.864  34.310  -45.555 0.0000000000
130254  40.629  34.138  -45.967 0.0000000000
130255  43.257  34.715  -47.864 0.0000000000
130256  40.698  34.744  -46.835 0.0000000000
130257  40.627  34.290  -46.492 0.0000000000
130258  43.033  34.742  -48.703 0.0000000000
130259  42.913  34.762  -49.432 0.0000000000
130260  40.905  34.619  -47.513 0.0000000000
130261  40.679  34.163  -47.080 0.0000000000
130262  42.821  34.854  -50.166 0.0000000000
130263  41.272  34.666  -48.483 0.0000000000
130264  42.635  34.969  -50.961 0.0000000000
130265  41.450  34.683  -49.491 0.0000000000
130266  35.471  34.570  -50.744 0.0000000000
130267  34.914  34.409  -50.482 0.0000000000
130268  34.110  34.478  -50.192 0.0000000000
130269  33.237  34.570  -50.302 0.0000000000
130270  42.582  35.109  -51.659 0.0000000000
130271  41.411  34.702  -50.464 0.0000000000
130272  41.074  34.597  -51.297 0.0000000000
130273  38.482  34.361  -52.153 0.0000000000
130274  37.843  34.493  -51.933 0.0000000000
130275  36.932  34.430  -51.458 0.0000000000
130276  36.092  34.425  -51.023 0.0000000000
130277  32.557  34.767  -50.706 0.0000000000
130278  31.945  34.911  -51.208 0.0000000000
130279  42.617  34.923  -52.437 0.0000000000
130280  40.545  34.666  -51.817 0.0000000000
130281  40.066  34.698  -52.264 0.0000000000
130282  39.162  34.522  -52.290 0.0000000000
130283  38.446  34.826  -52.301 0.0000000000
130284  31.099  34.990  -52.040 0.0000000000
130285  30.717  35.703  -52.492 0.0000000000
130286  42.760  34.794  -53.383 0.0000000000
130287  38.042  34.425  -53.852 0.0000000000
130288  37.395  34.429  -53.638 0.0000000000
130289  36.545  34.527  -53.483 0.0000000000
130290  35.657  34.587  -53.399 0.0000000000
130291  34.687  34.593  -53.475 0.0000000000
130292  33.570  34.621  -53.880 0.0000000000
130293  32.946  35.176  -54.209 0.0000000000
130294  30.798  34.439  -52.746 0.0000000000
130295  30.470  35.238  -53.161 0.0000000000
130298  39.038  34.459  -54.680 0.0000000000
130299  38.571  34.173  -54.213 0.0000000000
130300  33.266  34.138  -54.306 0.0000000000
130301  32.784  34.602  -54.775 0.0000000000
130302  30.226  35.516  -54.296 0.0000000000
130309  39.394  34.322  -55.186 0.0000000000
130310  32.543  34.510  -55.777 0.0000000000
130311  30.154  35.603  -55.245 0.0000000000
130318  39.885  34.314  -56.057 0.0000000000
131264  42.671  36.088  -43.776 0.0000000000
131265  42.103  36.023  -44.280 0.0000000000
131268  41.407  35.702  -45.078 0.0000000000
131269  41.034  34.899  -45.412 0.0000000000
131270  43.719  35.607  -46.342 0.0000000000
131271  41.036  36.118  -45.710 0.0000000000
131272  40.746  35.030  -45.874 0.0000000000
131273  43.480  35.759  -46.975 0.0000000000
131274  40.843  35.670  -46.619 0.0000000000
131275  40.700  34.938  -46.453 0.0000000000
131276  43.341  35.799  -48.010 0.0000000000
131277  43.132  35.381  -48.902 0.0000000000
131278  41.142  35.757  -47.707 0.0000000000
131279  43.354  36.163  -48.810 0.0000000000
131280  43.147  35.515  -49.535 0.0000000000
131281  41.417  35.745  -48.745 0.0000000000
131282  43.363  36.281  -49.525 0.0000000000
131283  43.133  35.797  -50.315 0.0000000000
131284  41.478  35.717  -49.796 0.0000000000
131285  35.168  34.902  -50.646 0.0000000000
131286  34.696  35.199  -50.527 0.0000000000
131287  33.860  35.299  -50.385 0.0000000000
131288  33.133  35.467  -50.545 0.0000000000
131289  42.839  35.784  -51.170 0.0000000000
131290  41.375  35.652  -50.876 0.0000000000
131291  41.033  35.258  -51.615 0.0000000000
131292  37.287  35.064  -51.785 0.0000000000
131293  36.593  35.225  -51.428 0.0000000000
131294  35.607  35.399  -50.957 0.0000000000
131295  34.935  35.975  -50.709 0.0000000000
131296  32.459  35.731  -50.884 0.0000000000
131297  31.709  35.998  -51.418 0.0000000000
131298  42.647  35.834  -51.977 0.0000000000
131299  41.216  35.944  -51.587 0.0000000000
131300  40.678  35.596  -52.197 0.0000000000
131301  39.827  35.441  -52.640 0.0000000000
131302  38.900  35.410  -52.586 0.0000000000
131303  37.914  35.447  -52.345 0.0000000000
131304  31.005  36.248  -52.081 0.0000000000
131305  30.459  36.357  -52.784 0.0000000000
131306  42.635  35.763  -52.918 0.0000000000
131307  40.427  36.031  -52.738 0.0000000000
131308  40.053  36.126  -53.092 0.0000000000
131309  38.286  34.744  -54.163 0.0000000000
131310  37.844  35.138  -54.049 0.0000000000
131311  37.021  35.313  -53.783 0.0000000000
131312  36.146  35.493  -53.595 0.0000000000
131313  35.174  35.602  -53.454 0.0000000000
131314  34.147  35.684  -53.550 0.0000000000
131315  33.173  35.803  -53.860 0.0000000000
131316  30.088  36.360  -53.727 0.0000000000
131317  42.759  35.635  -53.981 0.0000000000
131318  39.173  34.829  -54.944 0.0000000000
131319  38.658  35.217  -54.627 0.0000000000
131320  37.978  35.854  -54.453 0.0000000000
131321  32.420  35.781  -54.644 0.0000000000
131322  31.737  36.139  -55.516 0.0000000000
131323  29.906  36.333  -54.839 0.0000000000
131325  43.058  35.590  -55.295 0.0000000000
131326  39.357  35.218  -55.488 0.0000000000
131327  38.880  35.963  -55.315 0.0000000000
131328  32.245  35.291  -55.820 0.0000000000
131329  31.489  36.001  -57.031 0.0000000000
131330  29.976  35.856  -56.124 0.0000000000
131335  43.223  36.353  -56.157 0.0000000000
131337  39.814  35.474  -56.572 0.0000000000
131338  32.424  34.358  -57.052 0.0000000000
132174  43.285  36.927  -43.641 0.0000000000
132189  42.985  37.257  -44.006 0.0000000000
132190  42.176  37.046  -44.538 0.0000000000
132192  44.201  37.391  -44.712 0.0000000000
132193  41.595  37.022  -45.194 0.0000000000
132194  43.785  36.885  -45.831 0.0000000000
132195  41.120  37.078  -45.943 0.0000000000
132196  43.508  36.965  -46.889 0.0000000000
132197  41.109  36.961  -46.942 0.0000000000
132198  43.538  37.032  -47.931 0.0000000000
132199  41.373  36.883  -47.977 0.0000000000
132200  43.522  37.105  -48.920 0.0000000000
132201  41.497  36.829  -49.044 0.0000000000
132202  43.458  36.988  -49.995 0.0000000000
132203  43.247  36.427  -50.782 0.0000000000
132204  41.554  36.767  -50.100 0.0000000000
132205  34.339  35.880  -50.554 0.0000000000
132206  33.734  36.133  -50.551 0.0000000000
132207  33.058  36.275  -50.689 0.0000000000
132208  43.488  37.206  -50.905 0.0000000000
132209  43.096  36.543  -51.464 0.0000000000
132210  41.506  36.723  -51.085 0.0000000000
132211  37.146  35.709  -51.906 0.0000000000
132212  36.471  36.291  -51.623 0.0000000000
132213  35.471  36.567  -51.140 0.0000000000
132214  34.535  36.772  -50.703 0.0000000000
132215  33.556  37.057  -50.709 0.0000000000
132216  32.505  36.946  -51.028 0.0000000000
132217  31.507  37.161  -51.601 0.0000000000
132218  43.403  37.301  -51.630 0.0000000000
132219  42.982  36.812  -52.346 0.0000000000
132220  41.375  36.621  -52.034 0.0000000000
132221  40.893  36.355  -52.585 0.0000000000
132222  39.432  35.992  -52.953 0.0000000000
132223  38.633  36.340  -52.927 0.0000000000
132224  37.485  36.544  -52.451 0.0000000000
132225  36.790  37.200  -52.205 0.0000000000
132226  30.777  37.255  -52.316 0.0000000000
132227  30.277  37.266  -53.162 0.0000000000
132228  42.788  36.676  -53.385 0.0000000000
132229  41.264  36.941  -52.692 0.0000000000
132230  40.704  36.741  -53.138 0.0000000000
132231  39.732  36.810  -53.396 0.0000000000
132232  38.929  37.251  -53.366 0.0000000000
132233  37.431  35.879  -54.168 0.0000000000
132234  36.758  36.412  -53.975 0.0000000000
132235  35.729  36.571  -53.683 0.0000000000
132236  34.699  36.761  -53.513 0.0000000000
132237  33.637  36.842  -53.556 0.0000000000
132238  32.548  36.875  -53.958 0.0000000000
132239  31.666  37.245  -54.293 0.0000000000
132240  29.963  37.252  -54.132 0.0000000000
132241  42.769  36.718  -54.454 0.0000000000
132242  38.333  36.295  -54.938 0.0000000000
132243  37.611  36.718  -54.559 0.0000000000
132244  36.991  37.390  -54.392 0.0000000000
132245  31.831  36.607  -54.724 0.0000000000
132246  31.073  36.926  -55.315 0.0000000000
132247  30.154  37.071  -55.288 0.0000000000
132248  42.870  36.947  -55.500 0.0000000000
132249  39.334  36.257  -55.981 0.0000000000
132250  38.680  36.788  -55.607 0.0000000000
132251  30.452  36.577  -56.489 0.0000000000
132252  30.042  36.559  -56.239 0.0000000000
132253  43.690  36.738  -56.828 0.0000000000
132254  43.252  37.254  -56.211 0.0000000000
132255  39.991  35.862  -57.424 0.0000000000
132256  39.530  36.613  -57.025 0.0000000000
132258  44.148  37.084  -57.693 0.0000000000
132259  40.049  36.511  -58.098 0.0000000000
132260  39.601  37.292  -57.649 0.0000000000
132265  40.648  37.167  -58.588 0.0000000000
133073  43.875  38.239  -43.932 0.0000000000
133074  42.939  38.170  -44.287 0.0000000000
133075  42.238  37.843  -44.763 0.0000000000
133076  43.915  38.189  -44.851 0.0000000000
133077  42.591  38.534  -44.713 0.0000000000
133078  41.890  38.226  -45.309 0.0000000000
133079  43.666  38.123  -45.842 0.0000000000
133080  41.338  38.189  -46.244 0.0000000000
133081  43.597  38.122  -46.943 0.0000000000
133082  41.304  38.067  -47.269 0.0000000000
133083  43.664  38.118  -48.060 0.0000000000
133084  41.540  37.955  -48.301 0.0000000000
133085  43.711  38.122  -49.198 0.0000000000
133086  41.665  37.917  -49.361 0.0000000000
133087  43.789  38.086  -50.281 0.0000000000
133088  41.715  37.816  -50.414 0.0000000000
133089  43.797  38.048  -51.224 0.0000000000
133090  41.721  37.653  -51.421 0.0000000000
133091  36.081  37.338  -51.685 0.0000000000
133092  35.238  37.623  -51.292 0.0000000000
133093  34.327  37.954  -50.971 0.0000000000
133094  33.275  38.095  -51.062 0.0000000000
133095  32.239  38.155  -51.430 0.0000000000
133096  31.307  38.186  -51.942 0.0000000000
133097  43.670  37.955  -52.203 0.0000000000
133098  43.270  37.452  -52.962 0.0000000000
133099  41.632  37.636  -52.318 0.0000000000
133100  38.165  37.173  -53.101 0.0000000000
133101  37.500  37.823  -52.831 0.0000000000
133102  36.598  38.110  -52.290 0.0000000000
133103  33.769  38.546  -53.328 0.0000000000
133104  33.448  38.525  -53.311 0.0000000000
133105  32.833  38.506  -53.321 0.0000000000
133106  30.647  38.117  -52.661 0.0000000000
133107  30.363  37.970  -53.447 0.0000000000
133108  43.719  38.263  -53.126 0.0000000000
133109  43.173  37.580  -53.757 0.0000000000
133110  41.466  37.653  -53.141 0.0000000000
133111  40.675  37.833  -53.635 0.0000000000
133112  39.615  37.939  -53.801 0.0000000000
133113  38.539  38.127  -53.499 0.0000000000
133114  37.873  38.755  -53.333 0.0000000000
133115  36.253  37.477  -54.038 0.0000000000
133116  35.362  37.754  -53.662 0.0000000000
133117  34.151  38.175  -53.355 0.0000000000
133118  33.092  37.802  -53.347 0.0000000000
133119  32.162  38.013  -53.674 0.0000000000
133120  31.177  37.853  -54.178 0.0000000000
133121  30.498  37.809  -54.130 0.0000000000
133122  43.606  38.404  -53.926 0.0000000000
133123  43.146  37.884  -54.755 0.0000000000
133124  40.365  38.445  -54.051 0.0000000000
133125  39.876  38.701  -54.251 0.0000000000
133126  38.102  37.138  -55.211 0.0000000000
133127  37.500  37.902  -55.074 0.0000000000
133128  36.669  38.287  -54.553 0.0000000000
133129  30.580  37.432  -54.702 0.0000000000
133130  30.336  37.470  -54.709 0.0000000000
133131  43.342  38.250  -56.071 0.0000000000
133132  43.241  37.951  -55.788 0.0000000000
133133  39.023  37.087  -56.288 0.0000000000
133134  38.355  37.874  -55.931 0.0000000000
133135  37.718  38.668  -55.616 0.0000000000
133136  43.433  37.917  -56.623 0.0000000000
133137  43.313  37.700  -56.210 0.0000000000
133138  39.049  37.728  -56.949 0.0000000000
133139  38.646  38.481  -56.520 0.0000000000
133140  43.623  38.114  -57.716 0.0000000000
133141  39.924  37.457  -58.195 0.0000000000
133142  39.564  38.107  -57.746 0.0000000000
133143  43.252  38.094  -58.473 0.0000000000
133144  42.361  38.047  -58.734 0.0000000000
133145  41.299  38.085  -58.545 0.0000000000
133146  40.274  38.175  -58.265 0.0000000000
133147  39.923  38.504  -57.879 0.0000000000
133963  43.526  38.545  -44.475 0.0000000000
133964  43.108  38.807  -44.571 0.0000000000
133965  43.530  38.978  -45.033 0.0000000000
133966  42.687  39.257  -45.028 0.0000000000
133967  41.918  39.250  -45.742 0.0000000000
133968  43.579  39.088  -46.064 0.0000000000
133969  41.591  39.128  -46.653 0.0000000000
133970  43.557  39.103  -47.176 0.0000000000
133971  41.572  39.021  -47.646 0.0000000000
133972  43.814  39.099  -48.331 0.0000000000
133973  41.714  38.957  -48.665 0.0000000000
133974  44.200  39.566  -50.027 0.0000000000
133975  44.085  39.251  -49.650 0.0000000000
133976  42.248  39.604  -49.876 0.0000000000
133977  41.983  39.137  -49.714 0.0000000000
133978  44.287  39.558  -50.355 0.0000000000
133979  44.185  38.891  -50.696 0.0000000000
133980  42.335  39.546  -50.323 0.0000000000
133981  42.068  38.684  -50.814 0.0000000000
133982  44.480  39.551  -51.080 0.0000000000
133983  44.241  38.829  -51.603 0.0000000000
133984  42.452  39.447  -51.270 0.0000000000
133985  42.100  38.530  -51.807 0.0000000000
133986  35.871  38.227  -51.809 0.0000000000
133987  35.194  38.854  -51.565 0.0000000000
133988  34.094  39.046  -51.324 0.0000000000
133989  33.088  39.097  -51.558 0.0000000000
133990  32.072  39.085  -51.900 0.0000000000
133991  31.359  38.775  -52.494 0.0000000000
133992  44.564  39.615  -51.894 0.0000000000
133993  44.232  38.939  -52.485 0.0000000000
133994  42.455  39.385  -52.222 0.0000000000
133995  42.031  38.525  -52.727 0.0000000000
133996  37.185  38.906  -52.826 0.0000000000
133997  36.263  39.165  -52.319 0.0000000000
133998  35.594  39.750  -52.143 0.0000000000
133999  33.729  38.890  -53.366 0.0000000000
134000  33.179  39.081  -53.270 0.0000000000
134001  32.426  38.907  -53.276 0.0000000000
134002  30.840  38.605  -53.071 0.0000000000
134003  30.647  38.234  -53.519 0.0000000000
134004  44.461  39.712  -52.600 0.0000000000
134005  44.103  39.264  -53.382 0.0000000000
134006  42.378  39.371  -53.015 0.0000000000
134007  41.684  38.887  -53.597 0.0000000000
134008  40.986  38.675  -54.068 0.0000000000
134009  39.228  38.707  -54.008 0.0000000000
134010  38.553  39.275  -53.921 0.0000000000
134011  37.631  39.507  -53.549 0.0000000000
134012  35.949  38.406  -54.114 0.0000000000
134013  35.187  39.021  -53.890 0.0000000000
134014  34.269  39.308  -53.537 0.0000000000
134015  31.607  38.562  -53.452 0.0000000000
134016  30.964  38.453  -53.493 0.0000000000
134017  30.666  38.200  -53.705 0.0000000000
134018  43.637  39.020  -54.551 0.0000000000
134019  43.332  38.425  -55.295 0.0000000000
134020  41.386  39.308  -54.256 0.0000000000
134021  40.642  39.175  -54.507 0.0000000000
134022  39.577  39.383  -54.561 0.0000000000
134023  38.840  39.926  -54.509 0.0000000000
134024  37.060  38.988  -55.155 0.0000000000
134025  36.199  39.314  -54.482 0.0000000000
134026  35.458  39.850  -54.267 0.0000000000
134027  43.370  38.814  -55.728 0.0000000000
134028  43.340  38.395  -55.609 0.0000000000
134029  38.153  38.915  -56.079 0.0000000000
134030  37.649  39.399  -55.554 0.0000000000
134031  43.404  39.049  -56.776 0.0000000000
134032  39.113  38.638  -57.037 0.0000000000
134033  38.697  39.109  -56.438 0.0000000000
134034  43.221  39.146  -57.730 0.0000000000
134035  42.611  39.407  -57.979 0.0000000000
134036  40.758  39.242  -57.761 0.0000000000
134037  40.436  39.138  -57.669 0.0000000000
134038  39.800  38.862  -57.462 0.0000000000
134039  42.770  38.818  -58.347 0.0000000000
134040  41.934  39.007  -58.286 0.0000000000
134041  40.910  38.991  -58.032 0.0000000000
134042  40.205  38.725  -57.874 0.0000000000
134043  39.964  38.688  -57.763 0.0000000000
134839  43.225  39.569  -45.554 0.0000000000
134840  42.663  39.903  -45.806 0.0000000000
134841  42.085  39.838  -46.300 0.0000000000
134842  43.345  39.926  -46.445 0.0000000000
134843  42.678  40.184  -46.756 0.0000000000
134844  41.976  39.841  -47.109 0.0000000000
134845  43.499  39.825  -47.549 0.0000000000
134846  42.514  40.209  -47.645 0.0000000000
134847  42.006  39.742  -48.067 0.0000000000
134848  43.629  39.827  -48.625 0.0000000000
134849  42.531  40.146  -48.586 0.0000000000
134850  42.165  39.633  -48.981 0.0000000000
134851  44.191  39.820  -50.067 0.0000000000
134852  43.821  40.020  -49.575 0.0000000000
134853  42.479  39.961  -49.660 0.0000000000
134854  42.203  39.626  -49.424 0.0000000000
134855  44.410  40.053  -50.615 0.0000000000
134856  42.734  40.204  -50.757 0.0000000000
134857  44.564  40.220  -51.350 0.0000000000
134858  42.881  40.183  -51.765 0.0000000000
134859  34.819  39.849  -51.746 0.0000000000
134860  33.915  39.954  -51.743 0.0000000000
134861  33.093  39.845  -52.221 0.0000000000
134862  32.129  39.299  -52.583 0.0000000000
134863  31.431  38.977  -52.863 0.0000000000
134864  44.574  40.302  -52.180 0.0000000000
134865  42.883  40.085  -52.728 0.0000000000
134866  36.996  39.742  -52.982 0.0000000000
134867  36.287  40.223  -52.802 0.0000000000
134868  35.351  40.326  -52.432 0.0000000000
134869  33.674  39.480  -53.295 0.0000000000
134870  33.149  39.774  -52.993 0.0000000000
134871  31.837  39.138  -53.094 0.0000000000
134872  31.203  38.831  -53.116 0.0000000000
134873  44.413  40.207  -52.999 0.0000000000
134874  44.083  40.015  -53.868 0.0000000000
134875  42.549  40.003  -53.666 0.0000000000
134876  41.938  39.751  -54.178 0.0000000000
134877  38.082  39.847  -54.197 0.0000000000
134878  37.185  40.214  -53.842 0.0000000000
134879  36.302  40.556  -53.463 0.0000000000
134880  34.819  39.941  -53.903 0.0000000000
134881  34.117  40.041  -53.358 0.0000000000
134882  33.843  40.315  -53.109 0.0000000000
134883  31.334  38.791  -53.234 0.0000000000
134884  31.082  38.719  -53.253 0.0000000000
134885  43.681  39.878  -54.853 0.0000000000
134886  42.452  40.220  -54.484 0.0000000000
134887  41.703  39.956  -54.966 0.0000000000
134888  40.551  39.718  -55.264 0.0000000000
134889  39.498  39.914  -55.185 0.0000000000
134890  38.350  40.227  -54.916 0.0000000000
134891  37.121  39.924  -54.782 0.0000000000
134892  35.955  40.210  -54.390 0.0000000000
134893  35.329  40.363  -54.081 0.0000000000
134894  43.359  39.871  -55.853 0.0000000000
134895  41.356  40.384  -55.745 0.0000000000
134896  40.415  40.106  -55.887 0.0000000000
134897  39.370  39.849  -55.840 0.0000000000
134898  38.323  39.619  -55.824 0.0000000000
134899  37.680  39.749  -55.445 0.0000000000
134900  43.053  39.980  -56.733 0.0000000000
134901  42.421  40.333  -56.910 0.0000000000
134902  41.476  40.382  -56.604 0.0000000000
134903  40.261  39.824  -56.627 0.0000000000
134904  39.336  39.347  -56.663 0.0000000000
134905  38.785  39.396  -56.310 0.0000000000
134906  42.726  39.798  -57.433 0.0000000000
134907  41.960  39.795  -57.594 0.0000000000
134908  40.924  39.540  -57.502 0.0000000000
134909  40.044  39.393  -57.232 0.0000000000
134910  39.702  39.237  -57.154 0.0000000000
134911  41.375  39.370  -57.896 0.0000000000
134912  41.076  39.327  -57.845 0.0000000000
135748  43.159  40.185  -47.170 0.0000000000
135749  42.927  40.354  -47.479 0.0000000000
135750  43.254  40.223  -47.931 0.0000000000
135751  42.934  40.443  -48.241 0.0000000000
135752  43.338  40.225  -48.914 0.0000000000
135753  43.006  40.493  -49.240 0.0000000000
135754  44.086  40.236  -50.205 0.0000000000
135755  43.624  40.414  -50.020 0.0000000000
135756  43.175  40.580  -50.305 0.0000000000
135757  44.207  40.546  -50.777 0.0000000000
135758  43.812  40.867  -50.974 0.0000000000
135759  43.374  40.674  -51.337 0.0000000000
135760  44.302  40.737  -51.627 0.0000000000
135761  43.923  40.992  -51.952 0.0000000000
135762  43.487  40.603  -52.332 0.0000000000
135763  34.621  40.377  -52.171 0.0000000000
135764  34.066  40.414  -52.407 0.0000000000
135765  33.691  40.279  -52.697 0.0000000000
135766  44.297  40.745  -52.508 0.0000000000
135767  43.918  40.912  -52.929 0.0000000000
135768  43.370  40.474  -53.325 0.0000000000
135769  35.789  40.679  -52.977 0.0000000000
135770  34.964  40.734  -52.836 0.0000000000
135771  34.234  40.633  -52.946 0.0000000000
135772  33.845  40.468  -52.911 0.0000000000
135773  44.174  40.585  -53.261 0.0000000000
135774  43.712  40.441  -53.920 0.0000000000
135775  43.084  40.485  -54.293 0.0000000000
135776  36.533  40.576  -54.019 0.0000000000
135777  35.769  40.739  -53.610 0.0000000000
135778  34.910  40.549  -53.574 0.0000000000
135779  34.152  40.469  -53.170 0.0000000000
135780  33.921  40.525  -53.157 0.0000000000
135781  43.326  40.405  -55.020 0.0000000000
135782  42.657  40.584  -55.191 0.0000000000
135783  42.077  40.591  -55.619 0.0000000000
135784  36.182  40.517  -54.194 0.0000000000
135785  35.563  40.609  -54.025 0.0000000000
135786  35.275  40.579  -53.932 0.0000000000
135787  43.043  40.532  -55.888 0.0000000000
135788  42.492  40.822  -55.947 0.0000000000
135789  41.919  40.771  -56.116 0.0000000000
135790  42.687  40.543  -56.374 0.0000000000
135791  42.191  40.660  -56.376 0.0000000000
135792  41.910  40.655  -56.360 0.0000000000
165431  35.957  18.477  -41.766 0.0000000000
165434  35.861  18.420  -42.061 0.0000000000
165436  35.970  18.709  -41.382 0.0000000000
165437  35.853  18.768  -41.703 0.0000000000
165438  35.808  18.631  -41.945 0.0000000000
165439  35.576  19.268  -42.179 0.0000000000
165441  35.696  18.873  -42.164 0.0000000000
165442  35.973  20.372  -38.442 0.0000000000
165443  36.501  20.660  -39.093 0.0000000000
165444  36.108  20.629  -38.556 0.0000000000
165445  36.541  20.522  -39.455 0.0000000000
165557  32.420  33.625  -58.871 0.0000000000
165558  32.464  32.146  -58.831 0.0000000000
165559  30.958  35.632  -59.052 0.0000000000
165560  32.412  31.374  -59.077 0.0000000000
165561  32.353  33.998  -58.817 0.0000000000
165562  30.624  34.294  -56.152 0.0000000000
165563  31.209  35.567  -59.722 0.0000000000
165564  32.431  33.088  -58.475 0.0000000000
165565  32.282  34.190  -58.359 0.0000000000
165566  30.547  33.865  -57.707 0.0000000000
165567  32.328  33.640  -59.217 0.0000000000
165568  30.312  35.296  -55.602 0.0000000000
165569  30.389  35.744  -57.776 0.0000000000
165570  30.097  35.653  -55.666 0.0000000000
165571  30.377  35.016  -56.971 0.0000000000
165572  32.407  33.011  -59.199 0.0000000000
165573  30.490  34.650  -58.711 0.0000000000
165574  30.582  35.274  -59.280 0.0000000000
165575  30.153  36.279  -56.702 0.0000000000
165576  31.850  35.031  -58.898 0.0000000000
165577  30.780  35.579  -59.812 0.0000000000
165578  30.453  34.259  -59.604 0.0000000000
165579  30.933  35.487  -60.033 0.0000000000
165580  31.171  35.784  -58.280 0.0000000000
