3.923324368766614167e-01
3.588494842034269938e-01
4.505195696673160444e-01
5.279059260465738257e-01
3.743296250105837553e-01
3.607444875001976636e-01
4.479713732728043407e-01
4.148309161512996890e-01
4.459119934064763591e-01
5.208388940933773581e-01
4.537111034794223952e-01
3.237580117460726048e-01
5.411247387650820473e-01
4.000526986626156134e-01
4.348521156617393690e-01
4.841854431336378162e-01
3.533324431427076195e-01
3.005385030701568927e-01
5.396596887479240268e-01
4.020272457037591951e-01
4.600196437283805007e-01
2.691354852953513621e-01
3.686479784658659442e-01
4.621793759157697967e-01
4.919162274703336446e-01
