-0.0228217218847347,-0.0133134270720413,-0.0125153167183923,-0.0137272720383337,-0.002658195341892,-0.00939689519472138,-0.0297279566904231,-0.00881742178790059,-0.00799996888769279,-0.00489677705586211,-0.00894122256536898,-0.0092547530763762,-0.004170089673732,-0.0224399992384068,-0.00419268700503028,-0.0101146889833749,-0.0139014545686117,-0.00359052920672065,-0.00757697767888215,-0.0051516635576353,-0.00735075762797206,-0.00494623191361121,-0.00356415566536199,-0.00777712391020975,-0.00576802265082708
-0.0199617206529177,-0.0137640868576422,-0.00502934757544433,-0.0270115638192753,-0.0129729865032685,-0.0150662795943823,-0.0183914561770747,-0.0148697272535055,-0.0195410830171172,-0.0152372375984385,-0.0160900955670426,-0.0237807031838718,-0.0201131559689841,-0.0274402995011649,-0.0159277632644741,-0.0169248806998596,-0.00804748127355881,-0.0188108656824633,-0.00762812434306022,-0.0174431352038336,-0.0185937564172622,-0.0172858633602494,-0.0300039606181947,-0.00760788343214656,-0.00944519565207405
-0.00299857437097015,-0.0164303715034481,-0.0115596997827185,-0.0150252235421016,-0.0104069819507453,-0.0159842294902734,-0.0142561860377412,-0.0154341808525059,-0.0169675411164017,-0.0121454600519171,-0.00462026390679031,-0.0110434007640244,-0.0169946210078556,-0.000941183419325653,-0.0133820343783955,-0.0158837190365447,-0.0117694544490863,-0.0154681233335891,-0.0183470468018304,-0.0110580064674512,-0.0130346732839053,-0.0233538417359098,-0.0136450436112351,-0.00754248513460591,-0.0130083445459099
-0.0171426644036835,-0.039010151587567,-0.0192336781836357,-0.0266307473915663,-0.0292642161809023,-0.0236925953272695,-0.0219700684411884,-0.0256239620120166,-0.0239783929264387,-0.0312575142042601,-0.0219147124112011,-0.0342559364533993,-0.0164037659389431,-0.01661715953259,-0.0308353974408321,-0.0328020438160069,-0.0371446539252716,-0.0235028476717019,-0.0210484670374003,-0.0386749863305652,-0.0250739613932749,-0.0178874648314154,-0.0160305333247393,-0.0410080285363643,-0.022387124847991
9.92207791821853e-05,-0.0127695181856675,-0.00838201031792076,-0.00522897351519522,-0.00880819445364345,-0.00971645934259566,-0.00720475976307375,-0.00526651990510578,-0.0125298726169986,-0.00901579758610915,-0.00739137736238602,-0.0033314936117901,-0.00621831915456172,-0.00813646106003088,-0.024856687743848,-0.00618729335536343,-0.00886769890821135,-0.00923452680370282,-0.00336552087429263,-0.00898332903280266,-0.00657755136715119,-0.00576533370506269,-0.00390378222431642,-0.00753535680617434,-0.00576656141053999
-0.0218121778429945,-0.0218969496884346,-0.017364232770305,-0.0316484823137587,-0.0251598508187714,-0.0266585104005624,-0.0517052632497621,-0.0343508866924101,-0.0178503185159696,-0.0179694220738354,-0.0334062972905905,-0.00485334711601733,-0.0151946101822523,-0.0163757330453969,-0.0051671137852251,-0.0376969678277869,-0.0336081679607356,-0.0199635868886177,-0.00945983674927857,-0.021792496666309,-0.00458684731172452,-0.0139410941590054,-0.0174989565056753,-0.0352811114123011,-0.0249013781263363
-0.00297167248594929,-0.0143417726100485,-0.0044922442505462,-0.012964477752179,-0.011123249165407,-0.00345845498344681,-0.00212554140980501,0.00183019497634223,-0.00296959085705026,-4.66142272974146e-05,-0.0117908351170144,-0.00601354503535201,-0.00261241592483419,-0.00228915115320338,-0.00182028767322422,-0.0031183465529407,-0.0120292991734585,-0.00101720084841073,0.00131326727484422,0.00260380706888188,-0.00128225446614296,-0.00872879978426095,-0.00179166897670688,-0.00381233489959938,-0.004418928327748
-0.013148937029269,-0.0147656535156449,-0.0169037690514429,-0.0364505616573654,-0.00966060222441414,-0.00569228438159484,-0.0070509794334632,-0.00661054344638983,-0.00199009857220265,-0.0221860969459883,-0.0100058597582107,-0.0163093847178726,-0.0100970266887806,-0.0237231435895191,-0.0138738875291129,-0.00871941361835888,-0.000554600377941417,-0.00509592146739046,-0.0230225630718589,-0.0341299401356395,-0.00706222510464249,-0.00384498904653006,-0.00606647042939819,-0.0168929711118307,-0.00899978968266453
-0.00121404198242361,-0.000378199517187028,0.000464744473212098,-0.000903228071088558,0.00103660297301522,-0.0023034936372349,-0.00122964481490924,0.00221392392096296,0.00145236774228275,-0.00423911847961318,0.00118185812634806,-0.000861754892843214,-0.00581984191268043,0.00213089014542023,-0.00266770322717946,-0.000386842749492988,0.00358046789953501,0.00103928435089198,-0.000724593818180042,0.00034345212260789,0.000988736648243105,-0.00425368332072911,0.00313055574531462,0.000164745613634576,-0.00285344316280973
-0.00242763865598912,-0.00195617222063364,-0.00677640652590559,-0.00253534508763045,-0.00345497457470256,-0.00526077306702792,-0.00148461469840824,-0.00488003126390051,0.000833575278473631,-0.00904570639490132,-0.00333330663614297,-0.00227695641460073,0.00160769946663428,-0.00345286657340635,0.00132711764278646,-0.00471590245390854,-0.00316250679201369,-0.00643966058693406,-0.00500761473669571,-0.00365335536945204,-0.00521917729476151,-0.000494028884967812,-0.00164226942436652,-0.00107836649287094,-0.00122962940316527
-0.0159058450539961,-0.0241664307046479,-0.010969176401419,-0.0141195068210385,-0.0287305689177232,-0.0026021921199529,-0.0243641705648826,-0.00294671094999959,-0.00368567548962122,-0.00951369653701741,-0.00377401291932564,-0.0106729021788469,-0.0206617223692755,-0.00519148265028993,-0.0130165353196882,-0.0197942345411957,-0.0266536344009072,-0.0181158254737287,-0.00621670932052849,-0.0167969305703757,-0.00309460730844908,-0.0115023589146933,-0.00443960335042395,-0.0215075414683359,-0.0134591583940003
-0.007467479841395,-0.0050570879281453,-0.00513744265546268,-0.00290275417923755,-0.00845102471053178,-0.0121739414573856,-0.0149773638111492,-0.0078545006879021,-0.0126202251581835,-0.00571145849308863,-0.0117453172679749,-0.0149109982731356,-0.013044203520034,-0.00576427334032146,-0.00578279636889789,-0.00666285897199961,-0.00727733944117759,-0.00761701506205998,-0.0102911669405286,-0.00836990675338125,-0.00750350209415953,-0.0054419197614223,-0.00731174682698983,-0.00563183962126397,-0.00681700158452063
-0.00818171756591304,-0.0104893423082943,-0.00391185778229874,-0.0214468901572637,-0.0056673217401058,-0.00785052589799617,-0.0112790244387936,-0.00608445627388723,-0.0104660098808061,-0.00743825776830849,-0.00258060138417493,-0.0160596488205082,-0.00194389381800533,-0.0073814554155049,-0.00496082406234972,-0.00449024277210865,-0.00221101741151477,-0.00340063407760383,-0.0127334637280905,-0.00741066888754811,-0.01252315484997,-0.0011942507645943,-0.0109520124145686,-0.0158703825097168,-0.0082449791259426
-0.00808805141171403,-0.00215782348383473,-0.00742090501680848,-0.00571267669280873,-0.00425174046637367,-0.00696265437016657,-0.00543879869279316,-0.0046976239754839,-0.00181798353588594,-0.00853001851135682,-0.0079530542712221,-0.00331238114437356,-0.00873848006586047,-0.00362047190677299,-0.00762050176959328,-0.00493563819578522,-0.00949271255099158,-0.00771878759521238,-0.00655827038782901,-0.00576243089421922,-0.00510551813470246,-0.00609183885692595,-0.0070953746890331,-0.00381590987878917,-0.00576439756112019
-0.0242443329844247,-0.0214873343208104,-0.0406894119414984,-0.024449226206188,-0.00258772400900418,-0.0399263755908292,-0.0533893696521258,-0.0240242463964925,-0.0269148058433436,-0.0222787106507132,-0.0122379727965202,-0.0190216302949726,-0.0497852948842251,-0.0216575465160872,-0.0067099364913807,-0.0139873339531456,-0.0369049506370751,-0.00653112419577153,-0.027431133640364,-0.053588586943231,-0.0170901652026589,-0.00952348017643356,-0.0260846960742669,-0.0120353216630281,-0.0630389236444793
-0.0170411383386153,-0.0242280674768157,-0.0203727795043784,-0.0310314713874487,-0.0249851362437165,-0.0198734147140558,-0.0380974012162348,-0.0143722285398974,-0.0277449183201906,-0.0414415717217555,-0.0138031077351588,-0.018425815733165,-0.0213787946332782,-0.0234849725130589,-0.00761313624661666,-0.035739539672595,-0.00864878254777563,-0.0273425794978275,-0.00567670039169059,-0.0287043417457144,-0.0164130948847004,-0.0203073386833315,-0.00858223375027392,-0.0183357145368605,-0.023819444346722
-0.0136073641090462,-0.0145962237958514,-0.0249829314992772,-0.0122213212841148,-0.00856388340768139,-0.0147722804652649,-0.0250087061993506,-0.0210851869001954,-0.0156946206360179,-0.0127558897912507,-0.0141091677729685,-0.0161554957759384,-0.0251784508906326,-0.0163008962107587,-0.0200578667506165,-0.00838008632657885,-0.018486587097117,-0.0226776964713985,-0.0136210053733042,-0.00339976526985499,-0.0155167417957218,-0.00422072713946473,-0.0144401335169536,-0.00783468624117931,-0.0228979068455003
-0.032961101650056,-0.0230469973456294,-0.0138849141325331,-0.00440463831475986,-0.0247172949858999,-0.032815143614906,-0.00618127377111093,-0.014993981226341,-0.0145006744129719,-0.0282560021780074,-0.0134020265398202,-0.0047884217428674,-0.0100953281816149,-0.012868291303363,-0.0448001314653113,-0.0113814723638664,-0.0284190750053028,-0.00142529774845674,-0.025368059232953,-0.010689945057433,-0.006816487127085,-0.0122814735101507,-0.0364501952430885,-0.010831438354487,-0.010070078245852
-0.00100837550659165,-0.00235046864111939,-0.00379960699133315,-0.000709224290354071,-0.000327932522358698,-0.000367209586026562,-0.00138258923039352,-0.00299621756638324,-0.00265579350977743,-0.0058506273484521,-0.000353700021482806,-0.000455858255107322,-0.00521042913672358,-0.000800754961291283,-0.00233620067842237,-0.00194203925029639,-0.0130319464128429,-0.000372502517520235,-0.000367209586026562,-0.00193882369120637,-0.0161773777975818,-0.00209179883842203,-0.000643741285399213,-0.00234971024296613,-0.000915639459583528
-0.00765352175970975,-0.00517971538809789,-0.00880415713756237,-0.00460258576162502,-0.0051631138924692,-0.00645586160465577,-0.00493496022840429,-0.00773786176476317,-0.00243361609147494,-0.00203364682914295,-0.00760657233418072,-0.00862737934692124,-0.00395489878451463,-0.0042096959213471,-0.00281036429576236,-0.00324427179501245,-0.00336920257840814,-0.0190216105318045,-0.00789097190985393,-0.00408216602807501,-0.00527689013915602,-0.0125289830940055,-0.00565754679458876,-0.00171002461418306,-0.00495407400941386
-0.0251110541366816,-0.0213251603818429,-0.0134544594460946,-0.0147767963066819,-0.0073184791139759,-0.0054907549875119,-0.0105104760076762,-0.0112895353299615,-0.00854577384137747,-0.00349017860270338,-0.0261471402405497,-0.00648499584341207,-0.0159251697863981,-0.036429839431968,-0.0088312702392759,-0.0143745381532686,-0.0222019895722529,-0.00616898833180168,0.00672092845068344,-0.0271207723212834,-0.0129981001365794,-0.0185677649388218,0.00377243646265797,-0.0112786827221038,0.00639980469861141
-0.0104286769524815,-0.0463196232073591,-0.0429643892043512,-0.0238542780474921,-0.0238805780310461,-0.0455050246813333,-0.0170175568489904,-0.0157980720199099,-0.0372143774254274,-0.0127990927603631,-0.00732395085897699,-0.050784111305833,-0.0120636335661781,-0.00948983659108493,-0.0257441376506583,-0.0415320450239032,-0.0377955404415672,-0.0353958292123874,-0.0160092983437116,-0.0214057213456408,-0.0116314339390884,-0.0223736137881143,-0.014178545558985,-0.00621147667805963,-0.0395220550887234
-0.0103762745617873,-0.00575260405819564,-0.0103546223058601,-0.0107434398612848,-0.011619296654805,-0.016932697140209,-0.0110806050713376,-0.0103031096269748,-0.0115974754092103,-0.0103489100834513,-0.00979762959072206,-0.00610444343027077,-0.00631332146039134,-0.0116662841288134,-0.0108045055903025,-0.0073332743839432,-0.0140496779351707,-0.00828585496158247,-0.0103039601476225,-0.00794013394681492,-0.011785243506892,-0.00981356045703465,-0.00900763543145631,-0.00693259900164866,-0.00851439501266222
-0.00802822494212596,-0.00429722294872736,-0.000117024999987891,-0.00567271942656171,-0.0110304446614087,0.000277776878961289,-0.0017039598760453,-0.000146522499171864,-0.000821264704427094,-0.00467122670641833,-0.0100357800147502,-0.000110613226200829,-0.00311702707482544,-0.00431097176252042,0.000131520519084982,-0.0034882027968016,-0.00600696030641046,-0.00661938454577844,-0.00724293382459866,-0.00264653628072238,-0.00325585538588544,-0.00530100508293789,-0.00358533973738273,0.000250225767522339,-8.25676763921868e-05
-0.000699316499811475,-0.0011256440865105,-0.000439851218762044,-0.00365712902970345,-0.000364406082559254,-0.00261890765027037,-0.00219107713314703,-0.00249822482858135,-0.00476735472983836,-0.00640794714627466,-0.00138359611548484,-0.00486292178534915,-0.000150179647960402,-0.00530284760712332,-0.00266271382965866,-0.00373079142764707,-0.00152376749948766,-0.00313410461623875,-0.00297659943176565,0.00182303542989199,-0.00236029228628618,-0.00601280816635235,-0.00163190124250534,-0.000702136955200983,-7.26039138289947e-05
-0.00796340124528503,-0.00993303095443769,-0.0100236261125322,-0.0107704534434832,-0.00560905681449633,-0.00568401021502925,-0.0134050345268107,-0.00771373312859081,-0.00665146077707432,-0.00617619730427683,-0.0072014857433917,-0.0115061457996754,-0.00731207266809228,-0.0067388879924986,-0.00962236513981711,-0.0109194348573571,-0.00627676852739389,-0.00897652765474168,-0.0075295525964024,-0.00993762988406539,-0.0091056736020934,-0.0103671676929634,-0.00950979339958264,-0.00965953172681795,-0.00682428101270465
-0.00703228036900392,-0.00410884480556668,-0.0131563563924135,0.00124917874574213,-0.0111228049870731,-0.0127386160951346,-0.00362653980183549,-0.00136348314528043,-0.0158356780088555,-0.00512993716134569,0.00121774494201343,-0.0105733786504519,-0.00881569495324031,-0.00583539211728383,-0.00414832428641492,-0.00573136981917017,-0.00370036691808362,-0.0163333541559089,-0.00590337627220343,-0.00664809434331215,-0.00435265670375529,-0.00175696985026355,-0.0368136541709763,-0.0413753358531027,-0.00184887188741889
-0.0269817465520909,-0.0409625778389019,-0.0448837490799946,-0.0292037157220477,-0.0345110722589773,-0.0320525977894217,-0.0181005493657566,-0.0357449343632816,-0.0324343296577774,-0.0325359535277426,-0.0466725273952777,-0.0336044750113662,-0.0272156296088602,-0.0317559021403649,-0.0335107627673144,-0.0353123452154651,-0.0336502050826593,-0.0208213931780742,-0.0266608537812154,-0.023428029296672,-0.0458461337739784,-0.0220305193382694,-0.0242853652094716,-0.0242953167878922,-0.0244832329703598
-0.0234540160828248,-0.0131337351235545,-0.0215828194748565,-0.0199670752284934,-0.0552215316891076,-0.0124327152983608,-0.0167902611397046,-0.0178224528478672,-0.0204349468830304,-0.016464280734333,-0.0141103698322355,-0.0130191700866179,-0.0247334253064436,-0.0273933974378259,-0.00740492172942544,-0.0145225251108945,-0.0213767140010774,-0.0111438086455447,-0.00863322520739584,-0.0125012940461173,-0.0172606374009038,-0.0198943158696278,-0.0148291605506077,-0.0112265181742211,-0.0179037441172066
