2.455294100621729925e-04
2.451761285958065084e-02
1.498122436927169510e-01
1.015306094153767269e-01
4.906595326022256121e-02
-4.066650839943442008e-02
-1.424266472934279104e-01
3.521277628176100460e-02
-6.019301125956566523e-02
-8.547789894164381508e-05
2.194353319827567761e-01
5.085698945785654956e-02
-1.430912854808163992e-02
-1.469223925726270696e-01
-3.106647792905459227e-02
-4.165709272350071046e-02
-8.592118312976593231e-02
-1.503977293177505281e-02
-1.145272502683702953e-02
1.000000000000000000e+00
3.232187639067258811e-01
1.213088829638492294e-01
-1.381607995208233852e-02
3.419002214359134761e-02
2.334172286851720068e-01
-2.030811948287039037e-01
8.795646831418346689e-02
1.768740238948068866e-01
2.515721795380954084e-03
5.627970682812433179e-02
8.805760622883562760e-02
-2.340631456655986042e-01
2.499098758390516650e-02
