4.675809759646654129e-03
7.755160331726074219e-01
1.055435859598219395e-04
4.930352326482534409e-03
6.926757097244262695e-02
-4.173349738121032715e-01
4.227063618600368500e-03
6.232330203056335449e-02
4.121425002813339233e-02
9.878732264041900635e-03
6.081720348447561264e-03
2.199158770963549614e-03
3.021576558239758015e-04
-1.963034644722938538e-02
7.717695087194442749e-03
2.356981039047241211e-01
3.699500346556305885e-03
4.900160431861877441e-02
9.638143703341484070e-03
-7.991965976543724537e-04
4.375725984573364258e-02
1.172970160841941833e-01
-1.154076099395751953e+01
2.990785613656044006e-02
6.615681108087301254e-03
-1.420597080141305923e-03
2.657293081283569336e+00
1.087258696556091309e+00
-9.959983825683593750e-01
2.071649767458438873e-03
7.479168940335512161e-03
-2.582521992735564709e-04
-4.059935092926025391e+00
-3.680076450109481812e-02
4.017201252281665802e-03
-4.032678604125976562e-01
-7.346557378768920898e-01
-5.753576159477233887e-01
3.187105467077344656e-04
3.901475109159946442e-03
7.999570108950138092e-03
-5.646852878271602094e-05
1.130031198263168335e-01
3.850472927093505859e+00
4.133787937462329865e-03
3.774651093408465385e-03
6.209370680153369904e-03
-3.291806876659393311e-01
1.407133489847183228e-01
8.997002616524696350e-03
1.040916424244642258e-02
-4.065033048391342163e-02
8.413445949554443359e-02
-3.148121526464819908e-03
2.386468797922134399e-01
