1.732937829402495522e-01
5.272399434734420520e-02
2.268895330227407303e-01
2.581551009003615338e-01
1.927359102157529813e-01
9.476589038941041210e-02
2.325822968093615994e-01
2.316600013859428930e-01
2.269125488085400599e-01
2.841029500345699788e-01
2.065710145966910272e-01
1.202198905935060180e-01
2.583386057189411833e-01
1.968272493143963242e-01
2.213138077429303019e-01
2.212570543209265717e-01
1.376841434817368537e-01
8.383358537035068281e-02
3.565006329756463810e-01
1.850842599712491099e-01
2.013682704987319605e-01
5.106012568721407519e-02
1.742162001672941107e-01
2.277568969990276804e-01
2.707172212085203755e-01
