6.011293657853511441e-02
3.291329880059270518e-01
4.232187187616919810e-01
3.293369100070648314e-01
2.908034343192527071e-01
-1.293509324709748720e-01
-5.266623016880193214e-02
6.174312770027691188e-01
-1.358933987527935205e-01
8.448010540112023403e-02
7.065883932387437838e-01
5.152455529171402482e-01
-1.641203724509424089e-01
-4.844782902454163043e-02
1.336869100736557681e-01
-2.105596576268047304e-01
5.077110622334416595e-02
2.793198096208847694e-02
-5.236651408772092786e-01
nan
6.788368366698122047e-01
3.615390130446080041e-01
-3.695302519034736333e-02
2.543779445391513572e-01
8.589898167102936188e-01
-1.001863680156321879e-01
6.761506317938498212e-01
7.626144187689009035e-01
5.145857947158032769e-02
2.432755304979939137e-01
3.933090797249391701e-01
1.716676678484193308e-01
1.000000000000000000e+00
