-9.795086979866027832e-01
2.953424453735351562e+00
-1.154549956321716309e+00
-4.696143791079521179e-02
4.012902267277240753e-03
-8.717755973339080811e-02
-3.782105684280395508e+00
-9.755493998527526855e-01
-3.062372505664825439e-01
4.625854548066854477e-03
-7.912150770425796509e-02
5.875079295947216451e-05
-2.907083630561828613e-01
-5.981076359748840332e-01
-3.435979888308793306e-04
-5.049327015876770020e-01
-3.632973134517669678e-01
2.967494912445545197e-02
-2.883627079427242279e-03
-1.079080104827880859e-01
-8.470137715339660645e-01
5.681721866130828857e-02
-4.037777185440063477e-01
6.152799353003501892e-03
-2.920779287815093994e-01
-3.757817903533577919e-04
-6.039878129959106445e-01
1.135386060923337936e-02
-3.392169475555419922e+00
-3.871895000338554382e-02
-6.775088787078857422e+00
-1.446507871150970459e-01
-1.726939082145690918e-01
-1.441264390945434570e+00
-1.550650745630264282e-01
-7.152071475982666016e+00
-5.324059631675481796e-03
-1.222126364707946777e+00
1.338037371635437012e+00
-1.604998558759689331e-01
-6.142097115516662598e-01
-5.523240566253662109e-01
-1.609493233263492584e-02
-5.491696596145629883e-01
-4.543640613555908203e-01
2.580988407135009766e-02
-9.512078762054443359e-01
4.968114662915468216e-03
-3.146291524171829224e-02
3.160274922847747803e-01
