4.675809759646654129e-03
7.755160331726074219e-01
1.055435859598219395e-04
4.930352326482534409e-03
6.926757097244262695e-02
-4.173349738121032715e-01
4.227063618600368500e-03
6.232330203056335449e-02
4.121425002813339233e-02
9.878732264041900635e-03
6.081720348447561264e-03
2.199158770963549614e-03
3.021576558239758015e-04
-1.963034644722938538e-02
7.717695087194442749e-03
2.356981039047241211e-01
3.699500346556305885e-03
4.900160431861877441e-02
9.638143703341484070e-03
-7.991965976543724537e-04
4.375725984573364258e-02
1.172970160841941833e-01
-1.154076099395751953e+01
2.990785613656044006e-02
6.615681108087301254e-03
-1.420597080141305923e-03
2.657293081283569336e+00
1.087258696556091309e+00
-9.959983825683593750e-01
2.071649767458438873e-03
7.479168940335512161e-03
-2.582521992735564709e-04
-4.059935092926025391e+00
-3.680076450109481812e-02
4.017201252281665802e-03
-4.032678604125976562e-01
-7.346557378768920898e-01
-5.753576159477233887e-01
3.187105467077344656e-04
3.901475109159946442e-03
7.999570108950138092e-03
-5.646852878271602094e-05
1.130031198263168335e-01
3.850472927093505859e+00
4.133787937462329865e-03
3.774651093408465385e-03
6.209370680153369904e-03
-3.291806876659393311e-01
1.407133489847183228e-01
8.997002616524696350e-03
1.040916424244642258e-02
-4.065033048391342163e-02
8.413445949554443359e-02
-3.148121526464819908e-03
2.386468797922134399e-01
2.212488790974020958e-03
-3.101596608757972717e-02
-4.968368053436279297e+00
4.801596049219369888e-03
7.129798643290996552e-03
-1.173700147774070501e-04
9.691789746284484863e-03
1.283946335315704346e-01
4.278143644332885742e-01
3.569377213716506958e-02
1.459666155278682709e-02
-1.205760315060615540e-01
-3.703304752707481384e-02
3.564595244824886322e-03
1.391341560520231724e-03
-3.263109445571899414e+00
4.924598615616559982e-03
-5.047796759754419327e-03
3.103156760334968567e-02
-2.513764858245849609e+00
2.034338191151618958e-03
2.450919128023087978e-04
5.214197635650634766e-01
-2.136341094970703125e+00
5.194503068923950195e-02
-8.328213356435298920e-03
5.127216503024101257e-02
1.692242361605167389e-02
1.254113912582397461e-01
-6.706317067146301270e-01
-5.801129341125488281e+00
-1.804537954740226269e-03
2.930846065282821655e-03
-7.007973181316629052e-05
8.050196804106235504e-03
5.550706293433904648e-03
-6.270495653152465820e-01
5.192721262574195862e-03
-3.839826211333274841e-03
2.876554790418595076e-04
-3.095168769359588623e-01
-5.297804474830627441e-01
4.857812309637665749e-04
-3.545277286320924759e-04
4.331406962592154741e-04
1.774634001776576042e-04
1.733345445245504379e-03
9.836962074041366577e-02
-6.511758267879486084e-02
1.760361483320593834e-04
5.765937268733978271e-02
6.827912759035825729e-03
-6.239062258828198537e-06
3.000346422195434570e+00
-7.032852768898010254e-01
1.283634628634899855e-04
3.679814981296658516e-03
1.605821728706359863e+00
-2.211105585098266602e+00
-1.887142425402998924e-04
3.698240220546722412e-02
5.287676583975553513e-03
7.374653592705726624e-03
4.515327811241149902e-01
5.384697578847408295e-03
