#!ascii label  , from subject colin27_FS vox2ras=TkReg
634
124954  -15.230  29.769  -35.207 0.0000000000
124955  -15.847  29.665  -35.112 0.0000000000
124974  -13.395  29.889  -36.562 0.0000000000
124975  -13.906  29.642  -36.472 0.0000000000
125896  -15.556  30.925  -33.781 0.0000000000
125897  -16.099  30.872  -33.715 0.0000000000
125907  -13.714  30.537  -35.340 0.0000000000
125908  -14.331  30.451  -34.866 0.0000000000
125909  -15.312  30.376  -34.397 0.0000000000
125920  -7.736  31.213  -36.276 0.0000000000
125924  -12.724  30.720  -36.250 0.0000000000
125925  -13.417  30.248  -36.058 0.0000000000
125926  -14.173  29.974  -35.676 0.0000000000
125927  -14.790  29.917  -35.231 0.0000000000
125937  -8.858  31.201  -36.375 0.0000000000
125938  -9.494  30.945  -36.406 0.0000000000
125941  -12.503  30.267  -36.818 0.0000000000
125942  -13.047  30.140  -36.576 0.0000000000
126828  -6.791  31.768  -33.393 0.0000000000
126829  -6.917  32.302  -34.155 0.0000000000
126835  -7.112  32.094  -34.832 0.0000000000
126836  -13.998  31.683  -33.984 0.0000000000
126837  -14.838  31.528  -33.665 0.0000000000
126838  -15.699  31.471  -33.489 0.0000000000
126847  -7.129  31.826  -36.068 0.0000000000
126848  -12.868  31.541  -34.989 0.0000000000
126849  -13.652  31.155  -34.700 0.0000000000
126850  -14.521  31.019  -34.158 0.0000000000
126851  -15.163  31.048  -33.807 0.0000000000
126861  -7.668  31.703  -36.415 0.0000000000
126862  -8.038  31.302  -36.360 0.0000000000
126863  -9.680  31.888  -36.263 0.0000000000
126864  -10.505  31.853  -36.273 0.0000000000
126865  -11.427  31.778  -36.200 0.0000000000
126866  -12.318  31.543  -35.753 0.0000000000
126867  -13.101  30.955  -35.512 0.0000000000
126877  -7.918  31.842  -36.454 0.0000000000
126878  -8.330  31.539  -36.398 0.0000000000
126879  -9.098  31.574  -36.366 0.0000000000
126880  -10.057  31.296  -36.411 0.0000000000
126881  -11.030  31.156  -36.593 0.0000000000
126882  -11.983  31.071  -36.590 0.0000000000
127803  -6.076  32.417  -32.015 0.0000000000
127806  -6.606  32.446  -32.871 0.0000000000
127807  -6.837  32.617  -33.760 0.0000000000
127808  -12.639  32.883  -32.894 0.0000000000
127809  -13.855  32.925  -32.654 0.0000000000
127810  -14.755  32.930  -32.584 0.0000000000
127811  -15.628  32.985  -32.473 0.0000000000
127812  -16.682  33.265  -32.441 0.0000000000
127816  -6.849  32.814  -34.701 0.0000000000
127817  -10.858  32.813  -34.335 0.0000000000
127818  -11.626  32.627  -34.108 0.0000000000
127819  -12.397  32.538  -33.663 0.0000000000
127820  -13.352  32.240  -33.659 0.0000000000
127821  -14.389  31.893  -33.614 0.0000000000
127822  -15.300  31.816  -33.359 0.0000000000
127823  -16.310  32.186  -33.008 0.0000000000
127828  -6.829  32.968  -36.070 0.0000000000
127829  -8.215  32.965  -35.735 0.0000000000
127830  -9.290  32.790  -35.454 0.0000000000
127831  -10.260  32.706  -35.029 0.0000000000
127832  -11.275  32.489  -34.929 0.0000000000
127833  -12.205  32.144  -34.763 0.0000000000
127834  -13.115  31.934  -34.292 0.0000000000
127841  -7.317  32.219  -36.427 0.0000000000
127842  -7.813  32.435  -36.247 0.0000000000
127843  -8.834  32.286  -36.178 0.0000000000
127844  -9.912  32.311  -35.835 0.0000000000
127845  -10.867  32.290  -35.699 0.0000000000
127846  -11.651  32.113  -35.521 0.0000000000
127855  -7.718  32.068  -36.476 0.0000000000
127856  -8.165  32.031  -36.435 0.0000000000
127857  -8.584  31.872  -36.402 0.0000000000
128719  -5.859  33.486  -31.583 0.0000000000
128720  -13.099  34.069  -31.537 0.0000000000
128721  -13.467  34.240  -31.464 0.0000000000
128722  -14.386  34.568  -31.476 0.0000000000
128723  -15.242  34.571  -31.634 0.0000000000
128726  -6.488  33.485  -32.567 0.0000000000
128727  -6.731  33.136  -33.386 0.0000000000
128728  -8.979  34.204  -33.697 0.0000000000
128729  -9.456  34.014  -33.379 0.0000000000
128730  -10.576  33.655  -32.907 0.0000000000
128731  -11.868  33.293  -32.707 0.0000000000
128732  -12.758  33.759  -31.862 0.0000000000
128733  -14.194  33.470  -32.029 0.0000000000
128734  -15.057  33.542  -32.040 0.0000000000
128735  -16.129  34.217  -31.946 0.0000000000
128736  -16.774  33.979  -32.211 0.0000000000
128739  -6.676  33.851  -33.671 0.0000000000
128740  -6.765  33.340  -34.211 0.0000000000
128741  -8.128  34.236  -34.795 0.0000000000
128742  -8.683  34.051  -34.262 0.0000000000
128743  -9.927  33.282  -34.118 0.0000000000
128744  -11.128  33.064  -33.580 0.0000000000
128745  -11.777  32.835  -33.477 0.0000000000
128750  -6.660  33.951  -34.535 0.0000000000
128751  -6.865  33.653  -35.134 0.0000000000
128752  -7.780  33.859  -35.219 0.0000000000
128753  -8.917  33.356  -34.968 0.0000000000
128754  -9.611  33.038  -34.884 0.0000000000
129593  -5.444  34.545  -31.061 0.0000000000
129594  -6.160  34.553  -31.873 0.0000000000
129595  -10.403  34.950  -31.731 0.0000000000
129596  -10.820  34.848  -31.588 0.0000000000
129597  -11.779  34.695  -31.419 0.0000000000
129598  -12.877  34.461  -31.433 0.0000000000
129599  -13.887  34.860  -31.403 0.0000000000
129600  -14.789  34.984  -31.506 0.0000000000
129601  -15.617  34.888  -31.713 0.0000000000
129604  -6.503  34.570  -33.005 0.0000000000
129605  -8.314  34.816  -33.931 0.0000000000
129606  -8.763  34.592  -33.571 0.0000000000
129607  -9.977  34.694  -32.232 0.0000000000
129608  -11.199  34.111  -31.995 0.0000000000
129609  -12.220  33.947  -31.730 0.0000000000
129610  -12.682  33.990  -31.623 0.0000000000
129611  -16.348  34.778  -32.014 0.0000000000
129615  -6.587  34.581  -34.264 0.0000000000
129616  -6.828  34.782  -35.074 0.0000000000
129617  -7.875  34.647  -34.595 0.0000000000
129618  -8.446  34.427  -34.148 0.0000000000
129623  -6.664  34.265  -35.062 0.0000000000
129624  -7.198  34.311  -35.360 0.0000000000
129625  -7.592  34.312  -35.183 0.0000000000
130499  -4.894  35.605  -30.401 0.0000000000
130502  -5.560  35.620  -31.331 0.0000000000
130503  -6.129  35.501  -32.333 0.0000000000
130504  -10.422  35.383  -31.570 0.0000000000
130505  -11.239  35.582  -31.278 0.0000000000
130506  -12.279  35.574  -31.243 0.0000000000
130507  -13.306  35.609  -31.335 0.0000000000
130508  -14.245  35.705  -31.494 0.0000000000
130509  -15.159  35.727  -31.766 0.0000000000
130510  -15.883  35.401  -31.962 0.0000000000
130513  -6.346  35.346  -33.461 0.0000000000
130514  -8.332  35.246  -33.678 0.0000000000
130515  -8.973  35.508  -32.704 0.0000000000
130516  -9.706  35.886  -31.842 0.0000000000
130517  -15.698  36.005  -32.180 0.0000000000
130522  -6.395  35.270  -34.509 0.0000000000
130523  -7.010  35.412  -35.048 0.0000000000
130524  -7.679  35.682  -34.165 0.0000000000
130537  -4.836  35.268  -37.141 0.0000000000
130538  -5.024  35.098  -37.185 0.0000000000
130539  -5.382  35.147  -37.446 0.0000000000
130542  -4.760  35.196  -37.481 0.0000000000
130543  -5.025  34.684  -37.871 0.0000000000
130544  -5.540  35.188  -38.168 0.0000000000
130553  -4.608  35.127  -38.390 0.0000000000
130554  -5.117  34.696  -38.977 0.0000000000
130555  -5.798  35.525  -39.212 0.0000000000
130569  -4.609  35.327  -39.570 0.0000000000
130570  -5.327  35.308  -40.147 0.0000000000
130571  -6.310  36.182  -40.338 0.0000000000
130587  -4.741  35.830  -40.807 0.0000000000
130588  -5.591  36.025  -41.220 0.0000000000
130589  -6.289  36.578  -41.272 0.0000000000
130605  -5.033  36.685  -41.930 0.0000000000
131388  -4.661  36.730  -29.616 0.0000000000
131394  -5.063  36.730  -30.674 0.0000000000
131399  -5.653  36.670  -31.821 0.0000000000
131400  -6.057  36.090  -32.823 0.0000000000
131401  -10.552  36.512  -31.415 0.0000000000
131402  -11.667  36.618  -31.165 0.0000000000
131403  -12.723  36.616  -31.235 0.0000000000
131404  -13.683  36.625  -31.420 0.0000000000
131405  -14.523  36.638  -31.723 0.0000000000
131406  -15.218  36.678  -32.112 0.0000000000
131409  -5.817  36.838  -32.921 0.0000000000
131410  -6.113  35.991  -33.742 0.0000000000
131411  -8.454  36.316  -33.313 0.0000000000
131412  -9.208  36.569  -32.463 0.0000000000
131413  -9.780  36.855  -31.865 0.0000000000
131418  -5.800  36.653  -33.951 0.0000000000
131419  -6.197  35.792  -34.718 0.0000000000
131420  -7.079  36.206  -34.750 0.0000000000
131421  -7.828  36.541  -33.989 0.0000000000
131426  -5.663  36.362  -34.864 0.0000000000
131427  -6.246  35.895  -35.335 0.0000000000
131428  -6.760  36.510  -35.437 0.0000000000
131433  -4.965  36.269  -36.119 0.0000000000
131434  -5.446  36.122  -35.856 0.0000000000
131435  -6.219  36.101  -36.142 0.0000000000
131436  -6.637  36.595  -35.836 0.0000000000
131441  -4.860  35.756  -36.765 0.0000000000
131442  -5.460  35.590  -36.794 0.0000000000
131443  -5.959  35.801  -37.297 0.0000000000
131446  -4.476  35.838  -37.675 0.0000000000
131447  -6.157  36.015  -38.313 0.0000000000
131450  -4.333  35.929  -38.784 0.0000000000
131451  -6.509  36.403  -39.191 0.0000000000
131460  -4.408  36.168  -39.962 0.0000000000
131461  -7.023  37.005  -39.727 0.0000000000
131473  -4.612  36.836  -41.090 0.0000000000
132353  -5.903  37.932  -28.215 0.0000000000
132362  -5.309  37.466  -28.827 0.0000000000
132363  -5.974  37.938  -28.953 0.0000000000
132371  -5.263  37.550  -29.797 0.0000000000
132372  -5.936  38.047  -29.872 0.0000000000
132379  -5.330  37.966  -30.882 0.0000000000
132380  -5.934  38.259  -30.375 0.0000000000
132387  -5.453  37.741  -32.154 0.0000000000
132388  -11.114  37.757  -31.441 0.0000000000
132389  -12.197  37.676  -31.209 0.0000000000
132390  -13.205  37.631  -31.231 0.0000000000
132391  -14.108  37.606  -31.436 0.0000000000
132392  -14.891  37.591  -31.776 0.0000000000
132398  -5.537  37.651  -33.229 0.0000000000
132399  -8.970  37.162  -33.006 0.0000000000
132400  -9.711  37.610  -32.646 0.0000000000
132401  -10.293  37.484  -31.834 0.0000000000
132407  -5.411  37.357  -34.243 0.0000000000
132408  -7.721  37.031  -34.305 0.0000000000
132409  -8.493  37.489  -33.765 0.0000000000
132410  -9.194  37.655  -33.248 0.0000000000
132414  -5.229  36.985  -35.179 0.0000000000
132415  -7.487  37.319  -34.953 0.0000000000
132416  -7.974  37.538  -34.364 0.0000000000
132421  -4.723  36.718  -36.207 0.0000000000
132422  -4.977  36.669  -35.772 0.0000000000
132423  -6.631  36.723  -36.145 0.0000000000
132424  -6.993  37.183  -35.757 0.0000000000
132428  -4.564  36.621  -36.939 0.0000000000
132429  -6.527  36.614  -36.746 0.0000000000
132430  -6.881  37.179  -36.382 0.0000000000
132434  -4.427  36.946  -37.890 0.0000000000
132435  -4.784  37.583  -37.935 0.0000000000
132436  -6.586  36.662  -37.600 0.0000000000
132437  -7.032  37.316  -37.030 0.0000000000
132441  -4.479  36.797  -39.124 0.0000000000
132442  -4.797  37.470  -38.520 0.0000000000
132443  -6.789  36.840  -38.420 0.0000000000
132444  -7.203  37.389  -37.853 0.0000000000
132450  -4.618  36.925  -40.056 0.0000000000
132451  -5.049  37.526  -39.474 0.0000000000
132452  -7.036  37.091  -39.004 0.0000000000
132453  -7.288  37.426  -38.527 0.0000000000
132459  -7.534  37.739  -39.082 0.0000000000
133394  -6.689  38.637  -27.841 0.0000000000
133395  -7.334  39.199  -28.051 0.0000000000
133406  -6.661  38.355  -29.161 0.0000000000
133407  -7.315  38.934  -28.665 0.0000000000
133413  -6.539  38.349  -30.079 0.0000000000
133414  -7.276  38.750  -29.615 0.0000000000
133419  -5.706  38.443  -31.161 0.0000000000
133420  -6.140  38.504  -30.780 0.0000000000
133421  -7.036  38.836  -30.537 0.0000000000
133427  -5.534  38.556  -31.675 0.0000000000
133428  -5.997  38.766  -31.346 0.0000000000
133429  -6.609  38.968  -31.143 0.0000000000
133430  -11.163  38.518  -31.750 0.0000000000
133431  -11.793  38.738  -31.511 0.0000000000
133432  -12.784  38.676  -31.242 0.0000000000
133433  -13.733  38.608  -31.224 0.0000000000
133434  -14.603  38.553  -31.424 0.0000000000
133440  -5.321  38.593  -32.610 0.0000000000
133441  -10.061  38.294  -32.986 0.0000000000
133442  -10.617  38.508  -32.360 0.0000000000
133443  -11.294  39.003  -31.997 0.0000000000
133450  -5.258  38.448  -33.660 0.0000000000
133451  -8.900  38.185  -34.122 0.0000000000
133452  -9.558  38.326  -33.664 0.0000000000
133453  -10.251  38.795  -33.255 0.0000000000
133459  -5.114  38.043  -34.703 0.0000000000
133460  -7.860  37.953  -35.177 0.0000000000
133461  -8.341  38.118  -34.680 0.0000000000
133462  -9.213  38.649  -34.503 0.0000000000
133471  -4.663  37.148  -36.058 0.0000000000
133472  -4.854  37.455  -35.713 0.0000000000
133473  -7.607  37.740  -35.559 0.0000000000
133474  -8.205  38.285  -35.686 0.0000000000
133475  -8.943  38.837  -35.312 0.0000000000
133484  -4.650  37.234  -36.342 0.0000000000
133485  -4.911  38.033  -36.348 0.0000000000
133486  -5.454  38.454  -36.775 0.0000000000
133487  -7.548  37.748  -36.333 0.0000000000
133488  -8.289  38.463  -36.674 0.0000000000
133497  -4.651  37.345  -36.949 0.0000000000
133498  -4.959  37.861  -37.340 0.0000000000
133499  -5.719  38.469  -37.514 0.0000000000
133500  -7.707  37.947  -37.292 0.0000000000
133501  -8.279  38.610  -37.606 0.0000000000
133506  -5.244  37.919  -38.048 0.0000000000
133507  -5.812  38.400  -38.444 0.0000000000
133508  -7.744  38.024  -38.228 0.0000000000
133509  -8.184  38.623  -38.417 0.0000000000
133516  -5.314  37.879  -38.706 0.0000000000
133517  -5.595  38.164  -39.162 0.0000000000
133569  -4.542  39.670  -42.383 0.0000000000
134421  -7.276  39.786  -27.597 0.0000000000
134432  -7.758  39.728  -28.309 0.0000000000
134433  -8.253  39.947  -28.806 0.0000000000
134439  -7.879  39.334  -29.144 0.0000000000
134440  -8.458  39.813  -29.497 0.0000000000
134446  -7.879  39.237  -30.115 0.0000000000
134447  -8.472  39.827  -30.424 0.0000000000
134454  -5.826  38.975  -31.664 0.0000000000
134455  -6.338  39.249  -31.654 0.0000000000
134456  -7.559  39.650  -31.347 0.0000000000
134457  -8.468  40.090  -31.030 0.0000000000
134458  -11.678  39.773  -31.899 0.0000000000
134459  -12.475  39.741  -31.496 0.0000000000
134460  -13.382  39.645  -31.282 0.0000000000
134461  -14.270  39.555  -31.293 0.0000000000
134469  -5.726  39.231  -32.119 0.0000000000
134470  -6.524  39.961  -32.327 0.0000000000
134471  -7.282  40.197  -32.062 0.0000000000
134472  -10.647  39.515  -33.114 0.0000000000
134473  -11.134  39.584  -32.474 0.0000000000
134482  -5.604  39.642  -33.143 0.0000000000
134483  -6.141  40.286  -32.943 0.0000000000
134484  -9.691  38.959  -34.299 0.0000000000
134485  -10.147  39.469  -34.028 0.0000000000
134495  -5.312  39.196  -34.293 0.0000000000
134496  -5.610  39.473  -34.889 0.0000000000
134497  -9.629  39.496  -34.891 0.0000000000
134498  -9.986  39.878  -34.591 0.0000000000
134511  -5.214  38.674  -35.359 0.0000000000
134512  -5.843  39.445  -35.638 0.0000000000
134513  -8.762  38.903  -36.126 0.0000000000
134514  -9.219  39.626  -35.933 0.0000000000
134525  -5.478  38.778  -36.135 0.0000000000
134526  -6.112  39.204  -36.716 0.0000000000
134527  -8.765  39.429  -36.936 0.0000000000
134528  -9.116  39.972  -36.499 0.0000000000
134538  -6.358  39.182  -37.956 0.0000000000
134539  -8.486  39.268  -37.987 0.0000000000
134546  -6.182  38.995  -39.407 0.0000000000
134547  -8.328  39.133  -38.726 0.0000000000
134591  -4.112  40.644  -42.874 0.0000000000
134605  -4.406  40.175  -42.999 0.0000000000
134606  -5.016  39.244  -43.107 0.0000000000
134607  -5.912  39.739  -43.022 0.0000000000
135392  -6.979  40.840  -27.095 0.0000000000
135393  -7.695  40.800  -27.816 0.0000000000
135394  -8.304  41.052  -28.270 0.0000000000
135406  -8.159  40.422  -28.397 0.0000000000
135407  -8.771  40.663  -28.877 0.0000000000
135408  -9.274  40.994  -29.435 0.0000000000
135419  -8.996  40.356  -29.799 0.0000000000
135420  -9.389  40.949  -30.112 0.0000000000
135426  -8.947  40.439  -30.641 0.0000000000
135427  -9.279  41.050  -30.860 0.0000000000
135433  -7.755  40.430  -31.949 0.0000000000
135434  -8.574  40.800  -31.527 0.0000000000
135435  -9.142  41.233  -31.253 0.0000000000
135436  -12.194  40.894  -31.830 0.0000000000
135437  -13.083  40.721  -31.444 0.0000000000
135438  -13.965  40.565  -31.318 0.0000000000
135448  -6.517  40.601  -32.859 0.0000000000
135449  -7.272  40.864  -32.549 0.0000000000
135450  -7.959  40.853  -32.101 0.0000000000
135451  -11.012  40.187  -32.951 0.0000000000
135452  -11.428  40.612  -32.489 0.0000000000
135466  -5.751  39.943  -34.048 0.0000000000
135467  -6.264  40.790  -33.620 0.0000000000
135468  -6.666  40.991  -33.020 0.0000000000
135469  -10.708  40.593  -33.610 0.0000000000
135470  -11.080  40.675  -33.027 0.0000000000
135485  -5.704  39.711  -34.479 0.0000000000
135486  -6.122  40.309  -34.856 0.0000000000
135487  -9.921  40.147  -34.902 0.0000000000
135488  -10.197  40.424  -34.509 0.0000000000
135503  -6.407  40.280  -36.110 0.0000000000
135504  -9.679  40.473  -35.459 0.0000000000
135505  -9.961  40.520  -34.964 0.0000000000
135518  -6.587  40.206  -37.283 0.0000000000
135519  -8.999  40.502  -36.863 0.0000000000
135520  -9.306  40.336  -36.197 0.0000000000
135533  -6.588  40.177  -38.519 0.0000000000
135534  -8.689  40.051  -37.725 0.0000000000
135546  -8.457  39.700  -38.439 0.0000000000
135562  -8.334  39.482  -38.870 0.0000000000
135587  -4.167  40.964  -42.530 0.0000000000
135588  -6.569  40.695  -42.366 0.0000000000
135603  -3.950  41.183  -43.073 0.0000000000
135604  -3.977  41.042  -42.910 0.0000000000
135605  -5.623  40.808  -43.191 0.0000000000
135606  -6.170  40.572  -42.832 0.0000000000
135613  -4.066  41.347  -43.220 0.0000000000
135614  -4.271  41.010  -43.177 0.0000000000
135615  -4.974  40.583  -43.310 0.0000000000
135616  -5.544  40.140  -43.191 0.0000000000
136332  -7.209  42.033  -27.332 0.0000000000
136333  -8.060  41.833  -28.008 0.0000000000
136334  -8.795  41.615  -28.416 0.0000000000
136347  -9.300  41.576  -28.943 0.0000000000
136348  -9.582  41.649  -29.642 0.0000000000
136362  -9.595  41.605  -30.411 0.0000000000
136373  -9.424  41.656  -31.077 0.0000000000
136389  -8.781  41.819  -31.894 0.0000000000
136390  -9.095  41.566  -31.485 0.0000000000
136391  -12.322  41.632  -31.975 0.0000000000
136392  -12.852  41.823  -31.745 0.0000000000
136393  -13.741  41.586  -31.487 0.0000000000
136411  -7.635  41.973  -32.896 0.0000000000
136412  -8.143  41.437  -32.263 0.0000000000
136413  -11.879  41.818  -32.375 0.0000000000
136414  -12.407  41.980  -32.041 0.0000000000
136431  -6.725  41.990  -33.962 0.0000000000
136432  -6.927  41.537  -33.273 0.0000000000
136433  -10.837  41.832  -33.714 0.0000000000
136434  -11.180  41.327  -33.044 0.0000000000
136448  -6.522  41.630  -34.674 0.0000000000
136449  -10.434  41.376  -34.366 0.0000000000
136460  -6.509  41.388  -35.683 0.0000000000
136461  -9.713  41.554  -35.498 0.0000000000
136462  -10.045  41.049  -34.972 0.0000000000
136475  -6.584  41.268  -36.746 0.0000000000
136476  -8.944  41.582  -36.821 0.0000000000
136477  -9.357  41.105  -36.169 0.0000000000
136488  -6.550  41.209  -37.835 0.0000000000
136489  -8.686  40.978  -37.642 0.0000000000
136505  -5.655  41.561  -39.876 0.0000000000
136506  -6.249  41.256  -39.026 0.0000000000
136507  -8.170  40.250  -39.244 0.0000000000
136508  -8.471  40.355  -38.402 0.0000000000
136524  -5.099  40.995  -41.228 0.0000000000
136525  -8.336  39.814  -38.877 0.0000000000
136535  -4.355  41.694  -41.644 0.0000000000
136548  -4.210  41.375  -42.072 0.0000000000
136549  -4.520  41.304  -41.664 0.0000000000
136550  -6.467  41.321  -42.333 0.0000000000
136551  -6.795  41.038  -42.022 0.0000000000
136563  -3.865  41.428  -42.958 0.0000000000
136564  -3.964  41.506  -42.573 0.0000000000
136565  -5.353  41.354  -43.276 0.0000000000
136566  -5.941  41.603  -42.869 0.0000000000
136570  -3.945  41.641  -43.157 0.0000000000
136571  -4.198  41.741  -43.334 0.0000000000
136572  -4.764  41.731  -43.420 0.0000000000
137258  -6.989  43.095  -27.408 0.0000000000
137259  -7.770  42.834  -27.722 0.0000000000
137260  -8.898  42.652  -28.157 0.0000000000
137261  -9.505  43.137  -28.414 0.0000000000
137274  -9.255  42.090  -28.575 0.0000000000
137275  -9.785  42.657  -29.048 0.0000000000
137276  -10.136  43.259  -29.524 0.0000000000
137291  -9.909  42.273  -30.053 0.0000000000
137292  -10.159  42.999  -29.932 0.0000000000
137305  -9.720  42.212  -30.797 0.0000000000
137306  -9.950  42.796  -30.585 0.0000000000
137317  -8.873  42.324  -31.968 0.0000000000
137318  -9.313  42.454  -31.554 0.0000000000
137319  -9.749  42.645  -31.034 0.0000000000
137320  -13.055  42.447  -31.870 0.0000000000
137321  -13.590  42.539  -31.780 0.0000000000
137326  -7.797  43.015  -33.106 0.0000000000
137327  -8.440  42.464  -32.395 0.0000000000
137328  -8.895  42.586  -32.018 0.0000000000
137329  -11.974  42.912  -32.781 0.0000000000
137330  -12.641  42.601  -32.169 0.0000000000
137331  -13.183  42.740  -31.978 0.0000000000
137337  -6.834  42.576  -34.038 0.0000000000
137338  -7.147  42.610  -33.649 0.0000000000
137339  -11.033  42.850  -33.843 0.0000000000
137340  -11.369  42.393  -33.169 0.0000000000
137344  -6.713  42.824  -34.543 0.0000000000
137345  -6.885  42.850  -34.069 0.0000000000
137346  -10.167  42.907  -34.791 0.0000000000
137347  -10.548  42.413  -34.346 0.0000000000
137354  -6.508  42.534  -35.467 0.0000000000
137355  -9.711  42.571  -35.358 0.0000000000
137356  -10.123  41.976  -34.909 0.0000000000
137369  -5.948  43.018  -36.937 0.0000000000
137370  -6.414  42.297  -36.379 0.0000000000
137371  -8.806  42.669  -36.668 0.0000000000
137372  -9.310  42.142  -36.074 0.0000000000
137386  -5.767  42.786  -37.788 0.0000000000
137387  -6.349  42.152  -37.311 0.0000000000
137388  -8.104  42.399  -38.330 0.0000000000
137389  -8.564  42.046  -37.548 0.0000000000
137403  -4.874  42.854  -39.371 0.0000000000
137404  -5.514  42.460  -38.867 0.0000000000
137405  -6.199  42.042  -38.183 0.0000000000
137406  -7.862  41.338  -39.545 0.0000000000
137407  -8.357  41.247  -38.464 0.0000000000
137419  -4.651  42.669  -40.097 0.0000000000
137420  -5.180  42.161  -40.034 0.0000000000
137421  -7.012  42.494  -40.514 0.0000000000
137422  -7.404  42.075  -40.166 0.0000000000
137433  -3.867  42.704  -41.602 0.0000000000
137434  -4.416  42.268  -41.079 0.0000000000
137435  -4.848  42.041  -40.605 0.0000000000
137436  -6.678  42.455  -41.128 0.0000000000
137437  -7.097  41.540  -41.277 0.0000000000
137451  -3.738  42.525  -42.288 0.0000000000
137452  -4.017  41.982  -41.965 0.0000000000
137453  -6.318  42.355  -41.997 0.0000000000
137454  -6.690  41.726  -41.735 0.0000000000
137463  -3.789  42.050  -42.838 0.0000000000
137464  -3.848  41.982  -42.448 0.0000000000
137465  -5.383  42.257  -43.214 0.0000000000
137466  -5.782  42.670  -42.627 0.0000000000
137470  -3.921  42.393  -43.275 0.0000000000
138219  -9.394  43.594  -31.723 0.0000000000
138220  -9.809  43.187  -31.138 0.0000000000
138221  -13.892  43.021  -31.920 0.0000000000
138224  -7.772  43.931  -33.206 0.0000000000
138225  -8.307  43.516  -32.688 0.0000000000
138226  -8.889  43.128  -32.143 0.0000000000
138227  -12.000  43.453  -32.959 0.0000000000
138228  -12.477  43.609  -32.666 0.0000000000
138229  -13.438  43.324  -32.179 0.0000000000
138235  -7.363  43.619  -33.656 0.0000000000
138236  -11.115  43.406  -33.907 0.0000000000
138237  -11.577  43.528  -33.418 0.0000000000
138238  -12.027  43.707  -33.012 0.0000000000
138248  -6.668  43.920  -34.614 0.0000000000
138249  -6.969  43.362  -34.114 0.0000000000
138250  -10.232  43.417  -34.760 0.0000000000
138251  -10.668  43.543  -34.366 0.0000000000
138252  -11.150  43.689  -33.921 0.0000000000
138263  -5.825  44.027  -36.010 0.0000000000
138264  -6.338  43.712  -35.356 0.0000000000
138265  -9.889  43.515  -35.112 0.0000000000
138266  -10.245  43.696  -34.776 0.0000000000
138283  -5.579  43.811  -36.615 0.0000000000
138284  -6.150  43.265  -36.145 0.0000000000
138285  -8.729  43.629  -36.534 0.0000000000
138286  -9.258  43.331  -35.886 0.0000000000
138301  -4.835  43.872  -37.907 0.0000000000
138302  -5.310  43.652  -37.381 0.0000000000
138303  -7.769  43.397  -38.042 0.0000000000
138304  -8.287  43.285  -37.316 0.0000000000
138314  -4.761  43.498  -38.621 0.0000000000
138315  -5.254  43.291  -38.115 0.0000000000
138316  -7.499  42.941  -39.006 0.0000000000
138326  -4.005  43.789  -39.865 0.0000000000
138327  -4.404  43.492  -39.393 0.0000000000
138328  -6.615  43.213  -40.287 0.0000000000
138329  -6.990  43.090  -39.738 0.0000000000
138337  -3.835  43.435  -40.821 0.0000000000
138338  -4.265  43.149  -40.243 0.0000000000
138340  -6.174  43.407  -41.075 0.0000000000
138354  -5.934  43.220  -42.013 0.0000000000
139236  -7.696  44.582  -33.265 0.0000000000
139237  -8.105  44.365  -32.900 0.0000000000
139238  -8.798  44.188  -32.346 0.0000000000
139239  -12.580  44.293  -32.810 0.0000000000
139240  -13.135  44.239  -32.579 0.0000000000
139251  -7.376  44.446  -33.601 0.0000000000
139252  -11.714  44.382  -33.463 0.0000000000
139253  -12.129  44.171  -33.077 0.0000000000
139267  -6.531  44.642  -34.486 0.0000000000
139268  -6.962  44.333  -34.098 0.0000000000
139269  -10.736  44.476  -34.405 0.0000000000
139270  -11.214  44.253  -33.930 0.0000000000
139282  -5.770  44.639  -35.560 0.0000000000
139283  -6.238  44.557  -34.927 0.0000000000
139284  -9.606  44.356  -35.507 0.0000000000
139285  -10.225  44.292  -34.868 0.0000000000
139297  -5.255  44.616  -36.321 0.0000000000
139298  -8.461  44.429  -36.799 0.0000000000
139299  -9.039  44.409  -36.167 0.0000000000
139312  -5.102  44.253  -36.911 0.0000000000
139313  -7.442  44.011  -38.314 0.0000000000
139314  -7.880  44.447  -37.546 0.0000000000
139326  -6.633  44.565  -39.404 0.0000000000
139327  -6.923  44.259  -39.079 0.0000000000
139338  -4.337  43.981  -38.742 0.0000000000
139339  -6.395  44.304  -39.918 0.0000000000
139340  -6.704  43.706  -39.701 0.0000000000
140241  -7.850  44.838  -33.113 0.0000000000
140242  -8.259  45.095  -32.819 0.0000000000
140244  -12.410  44.574  -32.990 0.0000000000
140245  -12.772  44.760  -32.877 0.0000000000
140246  -13.400  44.864  -32.794 0.0000000000
140262  -6.939  45.529  -33.804 0.0000000000
140263  -7.389  45.280  -33.479 0.0000000000
140264  -7.968  45.839  -33.078 0.0000000000
140265  -11.546  44.885  -33.690 0.0000000000
140266  -12.168  44.989  -33.272 0.0000000000
140267  -12.961  45.407  -33.094 0.0000000000
140280  -6.097  45.585  -34.552 0.0000000000
140281  -6.557  45.363  -34.189 0.0000000000
140282  -7.047  44.862  -33.827 0.0000000000
140283  -10.521  45.049  -34.684 0.0000000000
140284  -11.101  45.193  -34.202 0.0000000000
140298  -5.850  45.358  -34.913 0.0000000000
140299  -6.265  44.983  -34.609 0.0000000000
140300  -9.399  45.172  -35.880 0.0000000000
140301  -9.998  45.355  -35.281 0.0000000000
140317  -8.310  45.267  -37.074 0.0000000000
140318  -8.863  45.477  -36.487 0.0000000000
140330  -7.431  45.055  -38.164 0.0000000000
140331  -7.922  45.655  -37.547 0.0000000000
141282  -6.929  45.917  -33.770 0.0000000000
141285  -11.678  45.490  -33.759 0.0000000000
141286  -12.289  46.007  -33.573 0.0000000000
141301  -10.639  45.858  -34.749 0.0000000000
141302  -11.414  46.231  -34.241 0.0000000000
141314  -9.524  46.202  -36.004 0.0000000000
141315  -10.186  46.459  -35.374 0.0000000000
141332  -8.499  46.251  -37.111 0.0000000000
141333  -9.024  46.468  -36.621 0.0000000000
166215  -5.910  36.916  -41.877 0.0000000000
166216  -4.636  37.224  -42.066 0.0000000000
166217  -4.879  37.321  -42.482 0.0000000000
166218  -6.128  37.385  -42.084 0.0000000000
166219  -4.981  37.577  -40.476 0.0000000000
166220  -4.581  37.954  -41.775 0.0000000000
166221  -4.625  37.581  -42.432 0.0000000000
166222  -4.902  37.643  -42.668 0.0000000000
166223  -6.664  36.860  -40.908 0.0000000000
166224  -6.671  37.599  -41.443 0.0000000000
166225  -5.183  37.664  -39.947 0.0000000000
166226  -5.445  38.051  -39.874 0.0000000000
166227  -5.445  38.541  -40.755 0.0000000000
166228  -4.588  38.845  -42.392 0.0000000000
166229  -4.909  39.248  -41.735 0.0000000000
166230  -4.808  38.125  -42.568 0.0000000000
166231  -6.902  37.018  -40.416 0.0000000000
166232  -6.970  37.306  -40.773 0.0000000000
166233  -6.740  38.667  -41.825 0.0000000000
166234  -5.722  37.932  -42.537 0.0000000000
166235  -5.826  39.883  -40.606 0.0000000000
166236  -4.352  40.499  -42.377 0.0000000000
166237  -4.530  39.188  -42.245 0.0000000000
166238  -5.868  39.129  -42.900 0.0000000000
166239  -6.696  39.923  -42.152 0.0000000000
166240  -4.409  40.979  -41.979 0.0000000000
166241  -7.865  38.250  -38.719 0.0000000000
166242  -7.942  38.497  -39.096 0.0000000000
166243  -8.103  39.218  -39.406 0.0000000000
166244  -7.488  37.918  -40.145 0.0000000000
166245  -7.456  40.873  -40.822 0.0000000000
166246  -6.368  40.223  -39.594 0.0000000000
166247  -5.653  40.542  -40.664 0.0000000000
166248  -4.592  41.559  -41.399 0.0000000000
166249  -7.525  39.451  -40.651 0.0000000000
166250  -5.913  40.764  -40.188 0.0000000000
