#$Id: KleistColorLUT.txt, v0 2020/07/29 

#No. Label Name:                            R   G   B   A

0   Unknown                                 0   0   0   0

1000    ctx-lh-unknown                      50  50  50  0
1001    ctx-lh-K1_3a_3b                     0   102 0   0
1002    ctx-lh-K2                           29  121 16  0
1003    ctx-lh-K4                           25  0   153 0
1004    ctx-lh-K5                           128 128 128 0
1005    ctx-lh-K6aa                         39  20  161 0
1006    ctx-lh-K6ab_1                       53  40  168 0
1007    ctx-lh-K6ab_2                       66  59  176 0
1008    ctx-lh-K7                           57  140 32  0
1009    ctx-lh-K8_1                         80  78  184 0
1010    ctx-lh-K8_2                         94  98  192 0
1011    ctx-lh-K9                           108 118 200 0
1012    ctx-lh-K10                          122 137 208 0
1013    ctx-lh-K11_12                       135 156 216 0
1014    ctx-lh-K13                          148 148 148 0
1015    ctx-lh-K16                          168 168 168 0
1016    ctx-lh-K17_1                        179 0   0   0
1017    ctx-lh-K17_2                        188 29  32  0
1018    ctx-lh-K17_3                        197 57  63  0
1019    ctx-lh-K18_1                        207 86  96  0
1020    ctx-lh-K18_2                        217 115 128 0
1021    ctx-lh-K18_3                        226 143 159 0
1022    ctx-lh-K19_1                        236 172 191 0
1023    ctx-lh-K19_2                        245 201 223 0
1024    ctx-lh-K19_3                        255 229 255 0
1025    ctx-lh-K20                          102 0   128 0
1026    ctx-lh-K21                          118 26  144 0
1027    ctx-lh-K22a_1                       134 51  159 0
1028    ctx-lh-K22a_2                       150 77  175 0
1029    ctx-lh-K22b_1                       166 102 191 0
1030    ctx-lh-K22b_2                       181 128 207 0
1031    ctx-lh-K23_24_26_29_30_31_32_33     250 200 90  0
1032    ctx-lh-K25                          189 189 189 0	
1033    ctx-lh-K27                          209 209 209 0
1034    ctx-lh-K28_34                       197 153 223 0
1035    ctx-lh-K35_36                       150 90  180 0
1036    ctx-lh-K37                          213 178 239 0
1037    ctx-lh-K38                          230 230 230 0
1038    ctx-lh-K39_1                        86  159 48  0
1039    ctx-lh-K39_40                       115 179 64  0
1040    ctx-lh-K40_1                        143 198 80  0
1041    ctx-lh-K40_2                        172 217 96  0
1042    ctx-lh-K40_3                        200 236 112 0
1043    ctx-lh-K41_42_52                    230 204 255 0
1044    ctx-lh-K43                          229 255 127 0
1045    ctx-lh-K44a                         149 176 224 0
1046    ctx-lh-K44b                         162 196 231 0
1047    ctx-lh-K45                          176 216 239 0
1048    ctx-lh-K46                          190 235 247 0
1049    ctx-lh-K47                          204 255 255 0

2000    ctx-rh-unknown                      50  50  50  0
2001    ctx-rh-K1_3a_3b                     0   102 0   0
2002    ctx-rh-K2                           29  121 16  0
2003    ctx-rh-K4                           25  0   153 0
2004    ctx-rh-K5                           128 128 128 0
2005    ctx-rh-K6aa                         39  20  161 0
2006    ctx-rh-K6ab_1                       53  40  168 0
2007    ctx-rh-K6ab_2                       66  59  176 0
2008    ctx-rh-K7                           57  140 32  0
2009    ctx-rh-K8_1                         80  78  184 0
2010    ctx-rh-K8_2                         94  98  192 0
2011    ctx-rh-K9                           108 118 200 0
2012    ctx-rh-K10                          122 137 208 0
2013    ctx-rh-K11_12                       135 156 216 0
2014    ctx-rh-K13                          148 148 148 0
2015    ctx-rh-K16                          168 168 168 0
2016    ctx-rh-K17_1                        179 0   0   0
2017    ctx-rh-K17_2                        188 29  32  0
2018    ctx-rh-K17_3                        197 57  63  0
2019    ctx-rh-K18_1                        207 86  96  0
2020    ctx-rh-K18_2                        217 115 128 0
2021    ctx-rh-K18_3                        226 143 159 0
2022    ctx-rh-K19_1                        236 172 191 0
2023    ctx-rh-K19_2                        245 201 223 0
2024    ctx-rh-K19_3                        255 229 255 0
2025    ctx-rh-K20                          102 0   128 0
2026    ctx-rh-K21                          118 26  144 0
2027    ctx-rh-K22a_1                       134 51  159 0
2028    ctx-rh-K22a_2                       150 77  175 0
2029    ctx-rh-K22b_1                       166 102 191 0
2030    ctx-rh-K22b_2                       181 128 207 0
2031    ctx-rh-K23_24_26_29_30_31_32_33     250 200 90  0
2032    ctx-rh-K25                          189 189 189 0	
2033    ctx-rh-K27                          209 209 209 0
2034    ctx-rh-K28_34                       197 153 223 0
2035    ctx-rh-K35_36                       150 90  180 0
2036    ctx-rh-K37                          213 178 239 0
2037    ctx-rh-K38                          230 230 230 0
2038    ctx-rh-K39_1                        86  159 48  0
2039    ctx-rh-K39_40                       115 179 64  0
2040    ctx-rh-K40_1                        143 198 80  0
2041    ctx-rh-K40_2                        172 217 96  0
2042    ctx-rh-K40_3                        200 236 112 0
2043    ctx-rh-K41_42_52                    230 204 255 0
2044    ctx-rh-K43                          229 255 127 0
2045    ctx-rh-K44a                         149 176 224 0
2046    ctx-rh-K44b                         162 196 231 0
2047    ctx-rh-K45                          176 216 239 0
2048    ctx-rh-K46                          190 235 247 0
2049    ctx-rh-K47                          204 255 255 0