0	unknown		50	50	50	0
1	K1_3a_3b	0	102	0	0
2	K2		29	121	16	0
3	K4		25	0	153	0
4	K5		128	128	128	0
5	K6aa		39	20	161	0
6	K6ab_1		53	40	168	0
7	K6ab_2		66	59	176	0
8	K7		57	140	32	0
9	K8_1		80	78	184	0
10	K8_2		94	98	192	0
11	K9		108	118	200	0
12	K10		122	137	208	0
13	K11_12		135	156	216	0
14	K13		148	148	148	0
15	K16		168	168	168	0
16	K17_1		179	0	0	0
17	K17_2		188	29	32	0
18	K17_3		197	57	63	0
19	K18_1		207	86	96	0
20	K18_2		217	115	128	0
21	K18_3		226	143	159	0
22	K19_1		236	172	191	0
23	K19_2		245	201	223	0
24	K19_3		255	229	255	0
25	K20		102	0	128	0
26	K21		118	26	144	0
27	K22a_1		134	51	159	0
28	K22a_2		150	77	175	0
29	K22b_1		166	102	191	0
30	K22b_2		181	128	207	0
31	K23_24_26_29_30_31_32_33	250	200	90	0
32	K25		189	189	189	0	
33	K27		209	209	209	0
34	K28_34		197	153	223	0
35	K35_36		150	90	180	0
36	K37		213	178	239	0
37	K38		230	230	230	0
38	K39_1		86	159	48	0
39	K39_40		115	179	64	0
40	K40_1		143	198	80	0
41	K40_2		172	217	96	0
42	K40_3		200	236	112	0
43	K41_42_52	230	204	255	0
44	K43		229	255	127	0
45	K44a		149	176	224	0
46	K44b		162	196	231	0
47	K45		176	216	239	0
48	K46		190	235	247	0
49	K47		204	255	255	0