0.000000000000000000e+00
-1.183557827593224587e-01
-1.189920806481497284e-01
-7.986824049965486616e-02
-3.748763590732224343e-02
0.000000000000000000e+00
0.000000000000000000e+00
0.000000000000000000e+00
-1.682593068233719513e-01
0.000000000000000000e+00
-4.652142349275371902e-02
-8.114599646655305809e-02
-4.266335131580617501e-02
-8.443873907309155935e-02
0.000000000000000000e+00
0.000000000000000000e+00
-1.383251265057872936e-01
-1.436154871654556353e-01
0.000000000000000000e+00
0.000000000000000000e+00
-9.656564892100627517e-02
0.000000000000000000e+00
0.000000000000000000e+00
0.000000000000000000e+00
0.000000000000000000e+00
0.000000000000000000e+00
0.000000000000000000e+00
0.000000000000000000e+00
0.000000000000000000e+00
0.000000000000000000e+00
0.000000000000000000e+00
0.000000000000000000e+00
0.000000000000000000e+00
-1.036689299604209996e-01
-1.225181177679701139e-01
0.000000000000000000e+00
0.000000000000000000e+00
0.000000000000000000e+00
0.000000000000000000e+00
0.000000000000000000e+00
-2.009445086178465734e-01
0.000000000000000000e+00
0.000000000000000000e+00
-1.929390321440897504e-01
-1.538045700144575478e-01
0.000000000000000000e+00
0.000000000000000000e+00
0.000000000000000000e+00
0.000000000000000000e+00
0.000000000000000000e+00
0.000000000000000000e+00
-1.197457020366945873e-01
0.000000000000000000e+00
0.000000000000000000e+00
-1.235010202802781787e-01
0.000000000000000000e+00
0.000000000000000000e+00
0.000000000000000000e+00
0.000000000000000000e+00
0.000000000000000000e+00
0.000000000000000000e+00
0.000000000000000000e+00
-4.984256125744171428e-02
0.000000000000000000e+00
0.000000000000000000e+00
0.000000000000000000e+00
0.000000000000000000e+00
-1.813408923626770863e-01
-3.655376819946851846e-02
0.000000000000000000e+00
-7.644280055372397464e-02
0.000000000000000000e+00
-1.068482640078975282e-01
0.000000000000000000e+00
-1.608909423791247129e-01
0.000000000000000000e+00
0.000000000000000000e+00
-1.547728980582399883e-01
-1.185276675253488232e-01
-1.873901275003710398e-01
-1.716800938036819602e-01
-1.203181903435160960e-01
0.000000000000000000e+00
0.000000000000000000e+00
-1.709648579444348060e-01
-1.839747480141449287e-01
